#!ascii label  , from subject 3385 vox2ras=TkReg
852
41432  -14.702  -47.788  48.541 0.0000000000
54591  -40.552  -37.240  44.014 0.0000000000
65344  -41.415  -28.629  42.606 0.0000000000
72826  -46.192  -22.046  37.732 0.0000000000
51173  -38.632  -41.167  42.319 0.0000000000
67809  -45.077  -26.610  40.021 0.0000000000
76209  -47.042  -18.671  31.628 0.0000000000
78364  -52.092  -18.025  31.551 0.0000000000
54608  -43.343  -37.282  43.036 0.0000000000
60242  -43.976  -32.553  43.996 0.0000000000
60223  -41.150  -32.531  44.157 0.0000000000
43805  -17.342  -46.513  51.017 0.0000000000
138878  -22.299  -47.898  49.788 0.0000000000
42675  -27.474  -47.488  48.154 0.0000000000
42696  -31.559  -47.347  46.030 0.0000000000
41526  -35.480  -48.528  44.225 0.0000000000
45186  -38.663  -45.318  42.796 0.0000000000
49955  -40.977  -41.073  42.736 0.0000000000
64079  -45.722  -28.867  42.720 0.0000000000
78380  -54.023  -17.440  30.683 0.0000000000
53427  -42.081  -37.959  45.625 0.0000000000
56710  -42.328  -35.616  44.727 0.0000000000
56725  -41.106  -35.460  43.829 0.0000000000
43843  -17.708  -46.046  48.453 0.0000000000
43807  -19.319  -47.185  50.255 0.0000000000
43953  -36.457  -46.217  43.636 0.0000000000
42731  -37.396  -47.418  43.050 0.0000000000
45159  -37.447  -45.142  43.537 0.0000000000
52339  -40.305  -39.288  42.707 0.0000000000
49916  -40.371  -41.284  43.754 0.0000000000
52321  -41.213  -39.442  44.299 0.0000000000
53478  -42.611  -39.014  42.723 0.0000000000
64003  -42.214  -29.863  45.167 0.0000000000
62802  -44.094  -30.041  43.068 0.0000000000
66561  -44.024  -27.362  44.435 0.0000000000
70350  -46.200  -24.967  38.450 0.0000000000
70303  -47.463  -24.719  41.858 0.0000000000
70338  -48.611  -24.694  39.349 0.0000000000
70390  -47.804  -24.067  37.205 0.0000000000
76172  -48.261  -19.761  34.666 0.0000000000
76195  -45.681  -19.464  32.770 0.0000000000
48690  -37.715  -42.848  42.317 0.0000000000
70406  -45.134  -24.421  35.787 0.0000000000
77248  -49.796  -19.471  32.328 0.0000000000
75105  -51.169  -20.402  33.708 0.0000000000
76248  -52.286  -19.404  29.866 0.0000000000
56742  -45.854  -36.028  41.162 0.0000000000
56721  -44.180  -35.125  43.406 0.0000000000
60206  -42.067  -32.634  45.115 0.0000000000
41399  -16.410  -48.186  50.369 0.0000000000
40279  -23.563  -49.102  47.405 0.0000000000
41421  -24.883  -48.189  49.653 0.0000000000
40299  -26.175  -48.655  46.700 0.0000000000
40301  -28.156  -48.175  46.260 0.0000000000
40324  -30.274  -48.154  45.507 0.0000000000
40344  -32.431  -48.444  44.601 0.0000000000
41502  -33.975  -48.345  45.111 0.0000000000
40375  -36.916  -48.833  42.305 0.0000000000
47453  -38.783  -43.403  43.129 0.0000000000
47489  -39.757  -43.192  42.184 0.0000000000
47520  -41.723  -43.445  40.262 0.0000000000
51247  -43.405  -41.069  39.724 0.0000000000
52408  -44.709  -38.776  40.214 0.0000000000
67751  -45.426  -26.361  43.344 0.0000000000
73996  -44.706  -21.477  32.732 0.0000000000
72843  -45.944  -21.561  35.042 0.0000000000
41397  -14.359  -48.409  50.545 0.0000000000
53435  -41.492  -38.011  44.991 0.0000000000
55639  -41.483  -36.351  44.634 0.0000000000
55647  -40.920  -36.316  44.191 0.0000000000
45229  -36.271  -45.454  41.798 0.0000000000
45184  -37.018  -45.229  43.508 0.0000000000
46326  -37.119  -44.354  42.985 0.0000000000
53463  -40.471  -38.372  43.312 0.0000000000
52320  -40.550  -39.429  44.218 0.0000000000
52305  -41.083  -38.578  44.656 0.0000000000
52306  -41.849  -38.470  44.947 0.0000000000
65283  -42.830  -28.570  45.340 0.0000000000
66572  -42.579  -27.833  43.715 0.0000000000
71637  -45.985  -23.297  38.175 0.0000000000
71617  -47.699  -23.833  38.940 0.0000000000
72805  -47.909  -23.069  38.462 0.0000000000
69058  -48.749  -25.032  38.026 0.0000000000
72827  -47.560  -22.459  37.553 0.0000000000
73985  -48.846  -21.278  33.769 0.0000000000
75115  -47.558  -20.377  33.497 0.0000000000
74014  -48.349  -22.410  32.003 0.0000000000
76246  -50.364  -19.414  30.187 0.0000000000
77238  -51.350  -18.932  32.613 0.0000000000
77225  -50.945  -19.358  33.373 0.0000000000
77226  -51.638  -19.143  33.203 0.0000000000
75117  -52.065  -20.240  32.915 0.0000000000
77240  -53.008  -18.794  32.285 0.0000000000
77259  -54.012  -18.575  30.535 0.0000000000
55664  -45.204  -36.469  41.862 0.0000000000
55656  -45.047  -35.920  42.508 0.0000000000
56727  -44.125  -35.807  43.327 0.0000000000
58988  -41.143  -33.727  45.347 0.0000000000
58990  -42.125  -33.594  45.097 0.0000000000
60205  -41.750  -32.496  44.992 0.0000000000
61457  -41.333  -31.523  44.853 0.0000000000
61472  -40.749  -31.463  44.106 0.0000000000
41400  -17.307  -48.165  50.174 0.0000000000
41375  -17.852  -47.790  50.521 0.0000000000
43808  -20.614  -47.552  49.477 0.0000000000
43834  -26.413  -47.355  48.496 0.0000000000
41423  -26.537  -47.578  48.809 0.0000000000
40261  -25.710  -48.668  48.391 0.0000000000
41461  -26.565  -48.441  48.169 0.0000000000
40300  -27.124  -48.110  46.480 0.0000000000
40283  -27.804  -47.852  46.967 0.0000000000
40304  -30.957  -48.191  45.913 0.0000000000
40343  -31.379  -48.365  44.812 0.0000000000
40326  -32.118  -48.426  45.303 0.0000000000
42729  -34.956  -47.559  44.245 0.0000000000
43913  -33.966  -47.329  44.771 0.0000000000
41503  -34.656  -48.479  44.689 0.0000000000
40328  -34.158  -48.637  44.772 0.0000000000
40347  -35.157  -49.019  44.124 0.0000000000
40373  -35.423  -48.662  42.470 0.0000000000
40349  -36.180  -48.463  43.152 0.0000000000
43955  -38.139  -46.340  42.866 0.0000000000
42744  -38.013  -47.507  42.157 0.0000000000
43972  -38.732  -46.458  42.251 0.0000000000
45211  -39.610  -45.655  41.712 0.0000000000
48660  -38.022  -42.981  43.085 0.0000000000
49892  -38.372  -42.332  43.224 0.0000000000
49938  -41.041  -41.168  43.813 0.0000000000
48663  -40.159  -42.027  43.103 0.0000000000
49954  -40.536  -41.914  42.232 0.0000000000
47503  -41.139  -43.492  40.907 0.0000000000
49970  -41.194  -41.695  41.320 0.0000000000
51225  -42.367  -41.025  40.486 0.0000000000
53479  -43.169  -38.380  42.347 0.0000000000
53494  -43.549  -38.840  41.615 0.0000000000
53480  -43.947  -37.888  42.013 0.0000000000
54645  -45.035  -37.680  40.620 0.0000000000
45048  -16.443  -46.144  49.835 0.0000000000
43803  -16.112  -46.426  51.816 0.0000000000
43792  -15.686  -46.827  52.375 0.0000000000
59042  -44.075  -33.461  43.427 0.0000000000
60241  -43.621  -32.405  43.395 0.0000000000
64078  -45.062  -29.417  42.998 0.0000000000
66615  -44.040  -27.084  41.254 0.0000000000
67761  -44.098  -26.537  42.721 0.0000000000
68937  -45.456  -26.007  41.938 0.0000000000
67811  -48.478  -26.360  40.352 0.0000000000
67779  -47.732  -26.156  42.172 0.0000000000
73997  -45.228  -21.285  32.574 0.0000000000
75125  -44.902  -20.492  32.328 0.0000000000
73984  -45.193  -21.539  33.551 0.0000000000
73983  -44.863  -21.529  33.878 0.0000000000
72853  -45.758  -22.176  34.298 0.0000000000
71677  -46.392  -23.076  34.744 0.0000000000
78378  -52.244  -17.669  30.579 0.0000000000
78365  -52.865  -17.702  31.510 0.0000000000
78400  -52.555  -17.134  29.862 0.0000000000
79558  -53.828  -16.252  29.647 0.0000000000
54593  -42.786  -37.308  43.886 0.0000000000
55642  -42.875  -36.519  44.102 0.0000000000
55640  -41.888  -36.607  44.745 0.0000000000
56719  -41.949  -34.993  44.913 0.0000000000
57886  -41.423  -34.356  43.951 0.0000000000
45049  -17.279  -46.413  49.951 0.0000000000
43806  -18.061  -46.969  50.263 0.0000000000
45043  -20.994  -47.108  49.100 0.0000000000
43933  -36.071  -46.974  44.049 0.0000000000
42730  -36.793  -47.811  43.376 0.0000000000
43934  -36.861  -46.156  44.057 0.0000000000
43935  -37.376  -45.819  43.657 0.0000000000
45160  -37.998  -45.109  43.543 0.0000000000
51150  -39.411  -40.216  43.149 0.0000000000
51123  -38.906  -40.982  43.442 0.0000000000
51124  -39.811  -40.555  43.725 0.0000000000
51125  -40.608  -40.570  44.112 0.0000000000
51151  -41.264  -40.636  43.470 0.0000000000
51176  -41.634  -40.135  41.998 0.0000000000
52342  -41.653  -39.230  43.675 0.0000000000
53451  -42.033  -38.247  43.970 0.0000000000
45064  -16.405  -46.130  48.605 0.0000000000
62758  -43.137  -30.734  44.756 0.0000000000
61486  -43.785  -31.780  43.687 0.0000000000
64031  -43.623  -29.254  44.906 0.0000000000
64055  -44.484  -28.846  43.886 0.0000000000
65324  -45.363  -27.932  44.072 0.0000000000
69006  -45.956  -25.982  39.567 0.0000000000
68986  -46.531  -25.334  40.738 0.0000000000
70336  -46.716  -24.369  39.900 0.0000000000
70324  -48.124  -24.706  40.297 0.0000000000
77246  -47.494  -18.543  32.527 0.0000000000
76208  -46.101  -19.292  32.170 0.0000000000
77221  -46.749  -18.999  33.455 0.0000000000
75127  -46.457  -20.595  32.332 0.0000000000
54621  -40.621  -37.608  42.533 0.0000000000
52340  -40.468  -38.671  42.371 0.0000000000
65345  -42.193  -28.189  42.674 0.0000000000
66647  -44.526  -27.559  37.856 0.0000000000
69056  -45.317  -26.225  37.540 0.0000000000
70389  -45.486  -24.319  36.823 0.0000000000
71658  -45.154  -23.534  36.021 0.0000000000
76210  -48.074  -19.196  32.055 0.0000000000
77223  -49.031  -19.150  33.762 0.0000000000
75103  -49.575  -20.173  34.583 0.0000000000
73987  -49.999  -21.904  33.086 0.0000000000
77251  -53.469  -18.729  31.635 0.0000000000
75156  -52.404  -19.682  30.665 0.0000000000
56741  -45.060  -35.781  41.241 0.0000000000
57887  -44.309  -34.484  43.145 0.0000000000
59020  -43.986  -33.577  44.338 0.0000000000
57859  -42.987  -34.700  44.874 0.0000000000
59019  -43.530  -33.997  44.836 0.0000000000
60208  -43.328  -32.646  45.016 0.0000000000
62737  -42.547  -30.703  45.245 0.0000000000
64029  -41.298  -29.869  44.555 0.0000000000
56733  -40.650  -35.439  42.939 0.0000000000
57894  -40.587  -34.530  42.591 0.0000000000
60239  -40.439  -31.902  43.060 0.0000000000
41398  -15.424  -48.255  50.462 0.0000000000
41415  -17.066  -48.244  49.417 0.0000000000
40297  -23.930  -49.078  46.634 0.0000000000
45087  -21.299  -46.392  47.981 0.0000000000
42671  -22.270  -47.439  48.853 0.0000000000
41404  -23.510  -48.095  50.161 0.0000000000
40280  -24.606  -48.885  47.636 0.0000000000
40340  -28.522  -48.199  45.070 0.0000000000
41522  -29.557  -47.979  44.206 0.0000000000
42704  -31.796  -47.189  45.724 0.0000000000
43912  -33.281  -46.984  45.101 0.0000000000
42705  -32.488  -47.525  45.587 0.0000000000
40327  -33.173  -48.506  45.145 0.0000000000
40358  -33.657  -48.772  43.702 0.0000000000
41554  -37.139  -48.420  42.691 0.0000000000
47473  -37.592  -43.779  42.817 0.0000000000
46307  -37.992  -44.147  43.200 0.0000000000
46309  -38.589  -44.040  43.237 0.0000000000
48650  -39.519  -42.097  43.240 0.0000000000
47464  -39.024  -43.229  43.189 0.0000000000
47474  -39.016  -44.330  42.251 0.0000000000
47501  -40.130  -44.267  41.322 0.0000000000
46406  -41.427  -44.059  40.522 0.0000000000
51270  -44.365  -40.726  38.785 0.0000000000
51203  -42.586  -40.064  40.805 0.0000000000
51227  -43.452  -39.903  40.001 0.0000000000
52430  -44.432  -39.949  39.405 0.0000000000
53535  -45.061  -38.121  39.446 0.0000000000
41372  -15.360  -48.046  52.088 0.0000000000
66573  -43.321  -27.275  43.592 0.0000000000
67739  -45.007  -26.661  44.132 0.0000000000
66586  -45.665  -27.345  43.697 0.0000000000
68939  -46.789  -25.140  42.611 0.0000000000
66588  -46.691  -26.874  42.434 0.0000000000
64080  -46.132  -28.695  42.084 0.0000000000
70431  -44.085  -24.342  33.965 0.0000000000
72834  -44.882  -22.005  36.173 0.0000000000
76207  -45.268  -19.923  31.839 0.0000000000
75138  -44.323  -20.629  31.709 0.0000000000
72868  -44.541  -21.933  33.422 0.0000000000
73969  -44.939  -21.464  34.813 0.0000000000
75083  -45.796  -21.116  36.146 0.0000000000
71660  -47.287  -23.028  36.366 0.0000000000
54592  -40.851  -37.213  44.477 0.0000000000
45228  -35.747  -46.075  41.568 0.0000000000
45209  -36.737  -45.324  42.888 0.0000000000
46350  -37.152  -44.348  42.102 0.0000000000
53449  -40.263  -38.044  43.866 0.0000000000
53450  -40.511  -38.198  44.367 0.0000000000
53434  -40.930  -37.828  44.742 0.0000000000
65321  -41.420  -28.732  43.620 0.0000000000
66558  -42.004  -28.501  44.538 0.0000000000
65322  -41.924  -28.304  43.391 0.0000000000
72815  -46.003  -22.509  38.003 0.0000000000
71626  -47.259  -22.955  38.377 0.0000000000
72816  -46.693  -22.129  37.961 0.0000000000
72828  -47.956  -22.553  37.969 0.0000000000
73951  -47.090  -21.658  37.492 0.0000000000
72870  -49.209  -22.220  33.044 0.0000000000
74000  -48.259  -21.569  32.770 0.0000000000
77257  -51.533  -18.376  30.694 0.0000000000
77250  -51.409  -18.563  31.673 0.0000000000
77239  -52.222  -18.843  32.753 0.0000000000
78355  -52.599  -18.206  32.152 0.0000000000
55663  -44.502  -36.901  42.196 0.0000000000
55655  -44.321  -36.442  42.722 0.0000000000
55649  -43.533  -36.468  43.496 0.0000000000
59017  -41.545  -33.485  44.620 0.0000000000
59018  -41.909  -33.097  44.850 0.0000000000
60224  -41.506  -32.512  44.704 0.0000000000
61473  -41.239  -31.962  44.433 0.0000000000
43793  -16.890  -46.985  51.454 0.0000000000
43794  -17.653  -47.124  50.641 0.0000000000
138879  -20.889  -47.806  49.061 0.0000000000
42664  -26.990  -47.345  48.560 0.0000000000
41443  -27.033  -47.882  48.638 0.0000000000
41462  -27.534  -48.167  47.827 0.0000000000
41444  -27.796  -47.782  47.678 0.0000000000
41466  -31.295  -47.409  46.242 0.0000000000
41465  -30.804  -47.566  46.431 0.0000000000
41481  -31.469  -47.852  46.113 0.0000000000
40305  -31.827  -48.322  45.798 0.0000000000
42697  -31.942  -47.725  45.879 0.0000000000
42718  -35.118  -47.821  44.460 0.0000000000
40329  -34.818  -48.788  44.508 0.0000000000
40348  -35.738  -48.718  43.694 0.0000000000
41527  -36.285  -48.274  43.496 0.0000000000
45210  -39.157  -45.649  42.169 0.0000000000
43973  -39.395  -46.149  42.025 0.0000000000
49914  -38.037  -42.176  42.966 0.0000000000
49936  -38.329  -41.658  42.879 0.0000000000
49937  -40.332  -41.516  43.126 0.0000000000
49969  -40.676  -42.389  41.602 0.0000000000
49971  -41.921  -41.376  40.617 0.0000000000
51201  -41.432  -40.764  42.019 0.0000000000
54622  -43.993  -37.394  42.391 0.0000000000
54623  -44.462  -37.407  41.871 0.0000000000
45039  -16.493  -46.085  50.863 0.0000000000
45033  -16.479  -46.290  51.341 0.0000000000
43804  -16.524  -46.509  51.506 0.0000000000
59041  -43.550  -32.909  43.044 0.0000000000
62817  -44.399  -29.717  41.863 0.0000000000
64100  -45.332  -29.363  42.198 0.0000000000
64101  -45.840  -29.106  41.776 0.0000000000
66616  -44.445  -26.725  40.948 0.0000000000
67777  -44.626  -26.090  41.495 0.0000000000
68961  -45.221  -25.768  41.021 0.0000000000
76222  -46.474  -19.742  30.857 0.0000000000
54579  -42.306  -37.445  44.548 0.0000000000
55633  -42.006  -37.115  44.837 0.0000000000
56717  -41.122  -35.805  44.183 0.0000000000
56708  -41.644  -35.789  44.600 0.0000000000
56726  -41.492  -34.935  44.269 0.0000000000
45065  -17.384  -45.916  48.987 0.0000000000
45052  -20.642  -46.786  48.768 0.0000000000
43971  -36.118  -46.314  42.823 0.0000000000
43952  -35.426  -47.140  43.711 0.0000000000
51126  -41.141  -40.592  44.071 0.0000000000
52341  -41.339  -39.957  43.579 0.0000000000
52295  -42.171  -38.326  45.450 0.0000000000
52322  -41.812  -38.555  44.447 0.0000000000
52308  -42.395  -38.559  45.108 0.0000000000
53452  -42.185  -38.126  44.546 0.0000000000
62757  -43.024  -30.190  45.212 0.0000000000
64030  -43.249  -29.912  45.152 0.0000000000
66545  -43.552  -27.719  44.818 0.0000000000
65284  -43.418  -28.292  45.143 0.0000000000
65303  -44.247  -27.979  44.531 0.0000000000
65323  -44.887  -28.056  44.325 0.0000000000
65304  -45.021  -27.557  44.372 0.0000000000
69031  -46.150  -25.685  38.864 0.0000000000
69007  -46.310  -25.350  39.780 0.0000000000
71604  -48.118  -24.120  39.539 0.0000000000
71603  -47.699  -24.037  40.063 0.0000000000
69008  -48.454  -25.507  39.877 0.0000000000
70340  -49.634  -25.186  39.012 0.0000000000
77222  -48.146  -19.409  33.843 0.0000000000
77234  -47.156  -18.603  33.152 0.0000000000
76185  -47.908  -19.622  34.215 0.0000000000
73998  -45.837  -21.090  32.226 0.0000000000
53477  -40.561  -38.184  42.091 0.0000000000
67843  -45.260  -26.660  38.254 0.0000000000
69122  -44.676  -25.586  35.107 0.0000000000
70388  -45.251  -25.052  36.326 0.0000000000
76212  -49.813  -19.716  31.653 0.0000000000
76225  -49.333  -19.948  30.907 0.0000000000
76224  -48.517  -19.906  31.168 0.0000000000
76211  -49.013  -19.802  32.072 0.0000000000
76197  -48.365  -19.030  32.706 0.0000000000
77236  -49.174  -19.175  32.914 0.0000000000
76175  -51.093  -19.684  33.830 0.0000000000
77212  -50.376  -19.345  33.941 0.0000000000
75104  -50.585  -20.313  34.122 0.0000000000
73973  -50.027  -20.969  33.833 0.0000000000
73974  -50.763  -20.902  33.677 0.0000000000
72872  -50.280  -22.272  32.893 0.0000000000
72856  -50.767  -21.232  33.491 0.0000000000
74003  -51.677  -20.606  32.461 0.0000000000
78366  -53.616  -17.946  31.289 0.0000000000
78356  -53.167  -18.241  31.849 0.0000000000
77252  -53.794  -18.450  31.105 0.0000000000
76229  -53.844  -18.869  29.991 0.0000000000
76228  -53.140  -19.198  30.614 0.0000000000
56751  -45.015  -36.084  40.719 0.0000000000
56750  -44.618  -35.994  40.459 0.0000000000
56728  -44.495  -35.404  42.809 0.0000000000
57875  -44.293  -34.494  43.895 0.0000000000
56711  -42.952  -35.626  44.435 0.0000000000
58991  -43.029  -33.674  45.262 0.0000000000
60207  -42.758  -32.692  45.247 0.0000000000
58992  -43.481  -33.292  44.733 0.0000000000
61460  -43.176  -31.827  45.213 0.0000000000
61459  -42.562  -31.791  45.358 0.0000000000
62734  -40.918  -30.573  44.505 0.0000000000
62735  -41.271  -30.566  44.720 0.0000000000
41386  -15.833  -48.102  51.301 0.0000000000
41414  -16.096  -48.123  49.509 0.0000000000
41401  -18.189  -48.273  49.981 0.0000000000
42644  -19.436  -47.536  50.434 0.0000000000
40278  -22.618  -49.105  47.266 0.0000000000
40296  -22.901  -49.224  46.570 0.0000000000
43847  -22.314  -46.855  48.497 0.0000000000
43830  -21.946  -46.655  48.763 0.0000000000
41405  -24.272  -47.852  50.088 0.0000000000
41420  -24.187  -48.292  49.763 0.0000000000
40281  -25.835  -48.856  47.787 0.0000000000
40260  -25.117  -48.815  48.673 0.0000000000
40298  -25.075  -48.805  46.775 0.0000000000
40319  -25.468  -48.629  45.924 0.0000000000
40321  -27.547  -48.138  45.760 0.0000000000
40339  -27.933  -48.233  45.268 0.0000000000
40322  -28.419  -48.234  45.645 0.0000000000
40303  -30.044  -48.114  46.149 0.0000000000
40341  -29.445  -48.056  44.956 0.0000000000
40342  -30.435  -48.095  44.922 0.0000000000
41524  -31.484  -48.044  44.076 0.0000000000
41525  -32.248  -48.264  43.893 0.0000000000
42706  -33.953  -47.742  45.141 0.0000000000
41501  -33.134  -48.158  45.517 0.0000000000
40346  -34.360  -49.167  44.142 0.0000000000
40359  -34.538  -48.978  43.575 0.0000000000
40374  -36.170  -48.661  42.299 0.0000000000
40385  -35.667  -48.685  41.885 0.0000000000
40386  -36.451  -48.801  41.872 0.0000000000
41553  -36.947  -48.103  43.082 0.0000000000
47485  -37.473  -43.781  42.398 0.0000000000
48648  -38.549  -42.830  43.269 0.0000000000
47452  -38.269  -43.449  43.032 0.0000000000
46287  -38.431  -43.732  43.022 0.0000000000
46308  -38.368  -44.161  43.079 0.0000000000
47463  -38.846  -43.533  43.521 0.0000000000
51103  -39.537  -41.046  43.799 0.0000000000
51102  -38.917  -41.306  43.479 0.0000000000
49895  -39.938  -41.544  43.457 0.0000000000
48677  -39.995  -42.338  42.626 0.0000000000
47465  -39.471  -42.526  42.963 0.0000000000
47476  -39.465  -42.911  42.777 0.0000000000
47475  -39.058  -43.700  42.567 0.0000000000
47488  -39.480  -44.127  41.743 0.0000000000
47502  -40.440  -43.549  41.345 0.0000000000
46381  -40.900  -43.903  40.912 0.0000000000
46407  -41.840  -43.719  40.121 0.0000000000
49986  -43.132  -41.400  39.760 0.0000000000
51248  -43.760  -40.561  39.540 0.0000000000
52362  -41.905  -39.540  42.617 0.0000000000
52383  -42.021  -39.813  41.697 0.0000000000
52384  -42.944  -39.519  41.351 0.0000000000
52385  -43.760  -39.061  41.260 0.0000000000
52407  -44.082  -39.363  40.430 0.0000000000
52431  -44.799  -39.041  39.571 0.0000000000
54632  -45.616  -37.014  40.843 0.0000000000
54646  -45.373  -37.413  40.309 0.0000000000
55688  -45.422  -36.729  40.245 0.0000000000
41373  -16.099  -48.012  51.887 0.0000000000
42632  -15.603  -47.583  52.274 0.0000000000
61501  -43.893  -30.978  43.592 0.0000000000
61500  -43.902  -31.385  42.906 0.0000000000
65369  -42.582  -28.062  41.770 0.0000000000
66584  -42.818  -27.526  42.750 0.0000000000
67762  -44.800  -26.136  42.563 0.0000000000
67750  -44.624  -26.535  43.453 0.0000000000
66574  -45.425  -27.049  44.174 0.0000000000
66575  -45.734  -26.796  43.486 0.0000000000
70302  -46.999  -24.728  41.947 0.0000000000
68963  -46.718  -25.277  41.751 0.0000000000
70279  -47.132  -24.737  42.423 0.0000000000
67778  -47.203  -26.456  42.259 0.0000000000
66603  -46.917  -27.306  41.842 0.0000000000
66602  -46.519  -27.566  42.396 0.0000000000
65370  -46.575  -28.217  41.978 0.0000000000
71657  -44.694  -23.075  35.668 0.0000000000
72842  -44.589  -22.032  35.182 0.0000000000
76196  -45.788  -18.934  32.789 0.0000000000
75124  -44.144  -20.973  32.162 0.0000000000
75137  -43.932  -20.998  31.437 0.0000000000
73995  -44.210  -21.473  32.254 0.0000000000
72879  -44.181  -22.235  32.287 0.0000000000
72880  -44.487  -22.049  32.870 0.0000000000
73970  -45.301  -21.514  34.532 0.0000000000
73964  -45.490  -21.161  35.379 0.0000000000
75092  -45.387  -21.011  35.768 0.0000000000
73965  -46.143  -21.211  35.841 0.0000000000
72836  -46.809  -21.823  36.329 0.0000000000
72844  -46.624  -22.260  35.619 0.0000000000
53426  -41.842  -37.859  45.387 0.0000000000
54577  -41.581  -37.270  44.905 0.0000000000
54576  -40.976  -37.197  44.716 0.0000000000
55648  -41.124  -36.533  44.536 0.0000000000
52319  -40.300  -39.204  43.715 0.0000000000
65282  -42.337  -29.024  45.261 0.0000000000
66543  -42.395  -28.368  45.092 0.0000000000
66544  -42.910  -27.833  45.204 0.0000000000
66560  -43.227  -27.528  44.433 0.0000000000
70351  -46.661  -24.233  38.550 0.0000000000
70352  -47.148  -23.723  38.510 0.0000000000
71618  -48.232  -23.861  38.763 0.0000000000
70353  -48.833  -24.630  38.550 0.0000000000
71627  -48.316  -23.561  38.279 0.0000000000
71639  -48.222  -23.018  37.913 0.0000000000
71638  -47.985  -23.378  37.586 0.0000000000
75102  -48.718  -20.447  34.329 0.0000000000
75101  -47.854  -20.212  34.232 0.0000000000
75116  -48.108  -20.834  33.753 0.0000000000
73999  -47.708  -21.374  32.427 0.0000000000
77249  -50.541  -19.136  31.848 0.0000000000
77237  -50.338  -19.355  32.828 0.0000000000
76186  -51.438  -19.408  33.439 0.0000000000
76176  -51.483  -20.015  33.598 0.0000000000
75106  -51.496  -20.403  33.369 0.0000000000
76187  -51.837  -19.611  33.286 0.0000000000
76199  -52.587  -19.475  32.599 0.0000000000
75130  -52.655  -19.941  32.082 0.0000000000
78367  -54.203  -18.015  30.953 0.0000000000
78381  -54.551  -17.706  30.263 0.0000000000
76266  -52.437  -18.908  29.231 0.0000000000
55665  -45.673  -36.207  41.455 0.0000000000
56735  -45.602  -35.932  41.618 0.0000000000
56720  -43.675  -35.522  43.873 0.0000000000
57857  -41.645  -34.266  45.034 0.0000000000
57858  -42.245  -34.568  45.104 0.0000000000
58989  -41.456  -33.647  45.093 0.0000000000
61458  -41.901  -31.637  45.382 0.0000000000
61456  -40.915  -30.923  44.544 0.0000000000
62754  -40.458  -30.779  43.831 0.0000000000
41387  -16.730  -48.031  51.151 0.0000000000
42642  -17.138  -47.846  51.199 0.0000000000
41388  -17.490  -47.988  50.687 0.0000000000
40258  -23.137  -48.824  48.028 0.0000000000
41441  -25.184  -48.497  49.118 0.0000000000
41442  -25.830  -48.362  48.791 0.0000000000
41460  -26.018  -48.628  48.307 0.0000000000
40282  -26.870  -48.439  47.337 0.0000000000
40325  -31.211  -48.398  45.444 0.0000000000
43932  -34.248  -47.330  44.322 0.0000000000
43931  -33.673  -46.955  44.322 0.0000000000
42717  -34.504  -47.601  44.574 0.0000000000
42707  -34.475  -47.923  45.094 0.0000000000
40360  -35.247  -48.800  43.301 0.0000000000
40361  -35.787  -48.549  42.911 0.0000000000
40362  -36.511  -48.547  42.685 0.0000000000
42732  -38.052  -46.969  42.539 0.0000000000
43991  -38.683  -46.945  41.784 0.0000000000
45230  -40.035  -45.381  41.043 0.0000000000
48676  -37.840  -42.750  42.826 0.0000000000
48651  -40.173  -42.081  43.475 0.0000000000
48691  -40.355  -42.726  41.952 0.0000000000
48703  -40.992  -42.853  41.226 0.0000000000
48712  -41.490  -42.795  40.620 0.0000000000
49984  -41.808  -42.103  40.460 0.0000000000
49985  -42.488  -41.719  40.040 0.0000000000
52363  -42.669  -39.101  42.268 0.0000000000
53495  -44.100  -38.365  41.452 0.0000000000
53516  -44.641  -38.317  40.667 0.0000000000
54630  -44.822  -37.402  41.195 0.0000000000
55673  -45.329  -36.843  41.291 0.0000000000
45047  -15.502  -46.215  49.660 0.0000000000
45038  -15.566  -46.166  50.757 0.0000000000
45032  -15.642  -46.317  51.769 0.0000000000
42633  -16.489  -47.585  51.661 0.0000000000
66614  -43.613  -27.378  41.398 0.0000000000
66600  -43.724  -26.769  41.921 0.0000000000
67776  -44.216  -26.325  42.036 0.0000000000
67763  -45.535  -25.740  42.800 0.0000000000
68987  -48.390  -25.476  40.962 0.0000000000
68965  -47.703  -25.510  41.890 0.0000000000
75126  -45.587  -20.340  32.559 0.0000000000
76194  -45.209  -20.041  32.194 0.0000000000
72854  -46.082  -22.261  34.978 0.0000000000
78379  -53.202  -17.293  30.644 0.0000000000
79557  -53.229  -16.749  29.810 0.0000000000
79535  -53.771  -16.889  30.270 0.0000000000
79536  -54.283  -16.890  30.162 0.0000000000
55641  -42.258  -36.762  44.640 0.0000000000
56709  -41.824  -35.457  44.765 0.0000000000
57872  -41.650  -34.298  44.870 0.0000000000
59040  -41.102  -33.489  43.506 0.0000000000
45040  -17.171  -46.110  50.952 0.0000000000
43815  -17.620  -46.724  50.355 0.0000000000
43816  -18.577  -46.858  50.011 0.0000000000
43817  -19.811  -46.766  49.685 0.0000000000
43818  -20.689  -47.190  49.189 0.0000000000
43809  -21.875  -47.694  49.294 0.0000000000
43876  -31.309  -46.979  46.397 0.0000000000
42728  -34.707  -47.432  44.103 0.0000000000
42719  -36.381  -47.474  43.892 0.0000000000
42720  -37.235  -46.615  43.952 0.0000000000
43954  -37.608  -46.110  43.259 0.0000000000
45185  -38.230  -45.555  43.232 0.0000000000
51149  -38.906  -41.086  43.229 0.0000000000
51104  -40.096  -41.072  43.847 0.0000000000
49917  -40.901  -41.030  44.191 0.0000000000
52361  -41.384  -40.147  43.107 0.0000000000
53465  -42.246  -38.717  43.354 0.0000000000
53466  -42.520  -37.954  43.507 0.0000000000
61474  -43.554  -31.866  44.846 0.0000000000
61487  -43.667  -31.541  44.214 0.0000000000
62781  -43.530  -30.129  43.931 0.0000000000
64005  -43.235  -28.858  45.322 0.0000000000
64056  -45.372  -28.683  43.519 0.0000000000
67810  -45.512  -26.377  39.779 0.0000000000
68985  -45.854  -25.998  40.415 0.0000000000
70322  -47.144  -24.863  41.084 0.0000000000
71616  -47.280  -23.976  39.752 0.0000000000
71602  -47.247  -24.300  40.358 0.0000000000
70304  -47.941  -24.885  41.240 0.0000000000
77245  -46.699  -18.454  32.537 0.0000000000
77233  -46.029  -18.614  33.087 0.0000000000
76182  -45.816  -19.133  33.310 0.0000000000
76184  -47.417  -19.729  33.762 0.0000000000
76183  -46.332  -19.370  33.497 0.0000000000
75113  -45.876  -19.835  33.213 0.0000000000
54606  -40.609  -37.355  43.253 0.0000000000
54620  -40.679  -37.042  42.658 0.0000000000
51174  -39.682  -40.309  42.138 0.0000000000
54607  -40.611  -37.922  42.999 0.0000000000
65367  -40.840  -29.019  41.592 0.0000000000
65390  -42.295  -28.593  40.669 0.0000000000
65413  -43.892  -27.714  39.900 0.0000000000
66630  -44.566  -27.059  39.980 0.0000000000
67827  -45.033  -26.698  39.302 0.0000000000
67828  -45.626  -26.284  39.023 0.0000000000
67844  -45.725  -26.091  38.484 0.0000000000
69057  -45.720  -25.614  37.926 0.0000000000
69077  -45.309  -25.743  36.857 0.0000000000
70367  -45.983  -24.427  37.830 0.0000000000
71636  -45.764  -23.216  37.790 0.0000000000
72825  -45.719  -22.144  37.341 0.0000000000
76223  -47.579  -19.746  31.101 0.0000000000
77247  -47.981  -18.791  32.637 0.0000000000
77235  -48.185  -18.800  33.108 0.0000000000
77210  -48.977  -19.272  34.547 0.0000000000
77224  -49.932  -19.279  33.594 0.0000000000
77211  -49.631  -19.296  34.206 0.0000000000
75096  -49.262  -19.767  35.119 0.0000000000
73972  -49.312  -20.945  34.127 0.0000000000
73986  -49.598  -21.652  33.421 0.0000000000
72871  -49.794  -22.852  33.122 0.0000000000
73989  -51.010  -20.967  33.062 0.0000000000
76200  -53.177  -19.360  32.033 0.0000000000
75131  -53.032  -19.524  31.730 0.0000000000
77258  -53.489  -18.842  31.040 0.0000000000
76213  -53.273  -19.259  31.413 0.0000000000
56734  -45.153  -35.474  42.092 0.0000000000
57896  -44.017  -34.614  42.396 0.0000000000
59063  -44.146  -33.949  42.853 0.0000000000
60225  -43.651  -32.584  44.497 0.0000000000
57874  -43.653  -34.660  44.428 0.0000000000
62738  -42.873  -31.272  45.111 0.0000000000
62736  -41.751  -30.704  45.226 0.0000000000
55654  -40.747  -36.373  43.488 0.0000000000
57885  -41.098  -34.613  43.209 0.0000000000
59039  -41.127  -34.065  42.829 0.0000000000
59060  -40.811  -33.023  43.120 0.0000000000
60240  -40.705  -32.377  43.375 0.0000000000
61485  -40.527  -31.615  43.412 0.0000000000
65343  -40.674  -29.173  42.529 0.0000000000
41413  -15.009  -48.133  49.544 0.0000000000
41433  -15.822  -47.752  48.591 0.0000000000
41434  -16.881  -47.925  48.595 0.0000000000
42635  -18.051  -47.523  50.396 0.0000000000
41376  -18.473  -47.846  50.472 0.0000000000
45069  -21.336  -46.596  48.502 0.0000000000
43829  -21.670  -47.150  48.816 0.0000000000
138876  -22.721  -47.735  49.970 0.0000000000
138875  -22.896  -47.877  50.226 0.0000000000
40259  -24.063  -48.951  48.408 0.0000000000
40320  -26.493  -48.209  45.961 0.0000000000
41463  -28.501  -47.748  47.106 0.0000000000
40284  -28.851  -47.747  46.721 0.0000000000
40302  -29.074  -48.001  46.094 0.0000000000
41523  -30.532  -47.951  44.147 0.0000000000
41549  -30.623  -48.140  43.301 0.0000000000
43910  -31.377  -46.411  45.812 0.0000000000
43893  -31.476  -46.915  46.004 0.0000000000
43930  -32.784  -46.355  44.484 0.0000000000
43911  -32.065  -46.622  45.382 0.0000000000
40306  -32.521  -48.278  45.549 0.0000000000
40345  -33.499  -48.682  44.493 0.0000000000
40357  -32.929  -48.545  44.049 0.0000000000
41528  -36.629  -48.394  42.972 0.0000000000
42743  -37.516  -48.102  42.536 0.0000000000
41582  -37.460  -48.443  42.176 0.0000000000
46306  -37.516  -44.290  43.156 0.0000000000
48675  -37.793  -43.260  42.949 0.0000000000
47461  -37.722  -43.658  42.963 0.0000000000
45161  -38.431  -44.798  43.230 0.0000000000
45187  -38.630  -44.743  42.850 0.0000000000
49915  -38.570  -41.732  43.233 0.0000000000
49893  -38.876  -42.032  43.423 0.0000000000
48649  -38.964  -42.752  43.466 0.0000000000
48662  -39.401  -42.369  43.234 0.0000000000
48661  -39.111  -42.800  43.346 0.0000000000
46328  -38.580  -44.073  42.963 0.0000000000
46327  -38.715  -44.492  42.640 0.0000000000
47487  -39.139  -44.579  41.988 0.0000000000
46379  -39.877  -44.863  41.398 0.0000000000
46380  -40.569  -44.445  40.905 0.0000000000
51202  -41.975  -40.438  41.059 0.0000000000
51226  -42.952  -40.531  40.269 0.0000000000
52406  -43.366  -39.766  40.481 0.0000000000
52457  -44.945  -38.762  38.605 0.0000000000
53517  -45.079  -38.279  40.160 0.0000000000
41385  -14.872  -48.238  51.407 0.0000000000
67737  -43.817  -27.152  44.071 0.0000000000
66585  -43.474  -26.977  42.750 0.0000000000
67749  -43.934  -26.780  43.534 0.0000000000
66562  -44.773  -27.159  44.435 0.0000000000
65346  -45.609  -27.968  43.244 0.0000000000
68962  -46.150  -26.000  41.357 0.0000000000
68938  -46.229  -25.772  42.304 0.0000000000
68925  -46.087  -25.516  43.092 0.0000000000
68927  -47.121  -25.746  43.252 0.0000000000
67752  -46.208  -26.160  43.270 0.0000000000
66587  -46.128  -27.010  42.951 0.0000000000
65347  -46.115  -28.120  42.597 0.0000000000
70432  -44.532  -24.350  34.792 0.0000000000
71649  -44.908  -22.610  36.115 0.0000000000
72835  -45.207  -22.066  36.784 0.0000000000
76221  -45.366  -19.836  30.911 0.0000000000
76220  -44.487  -20.508  30.943 0.0000000000
76206  -44.735  -20.236  31.872 0.0000000000
75150  -44.180  -20.774  31.202 0.0000000000
72867  -44.224  -22.522  33.079 0.0000000000
71690  -44.393  -22.552  33.700 0.0000000000
72852  -44.500  -21.953  34.234 0.0000000000
73957  -45.080  -21.337  36.215 0.0000000000
73958  -45.584  -21.576  36.674 0.0000000000
73960  -47.161  -21.762  36.942 0.0000000000
72837  -47.299  -22.320  36.755 0.0000000000
71659  -47.000  -23.276  35.600 0.0000000000
70409  -47.561  -23.985  36.011 0.0000000000
69080  -47.801  -25.069  36.369 0.0000000000
40223  -23.943  -48.329  49.720 0.0000000000
40241  -24.914  -48.593  49.272 0.0000000000
41374  -17.569  -47.759  50.744 0.0000000000
41389  -18.385  -48.039  50.337 0.0000000000
41392  -23.167  -47.984  50.319 0.0000000000
41482  -32.278  -48.077  45.828 0.0000000000
42674  -27.177  -47.496  48.474 0.0000000000
42687  -31.132  -47.182  46.440 0.0000000000
43819  -21.164  -47.245  48.795 0.0000000000
45034  -16.904  -46.269  51.211 0.0000000000
45053  -21.256  -46.863  48.650 0.0000000000
45054  -21.753  -46.559  48.832 0.0000000000
45070  -21.842  -46.497  48.686 0.0000000000
45088  -21.815  -46.557  48.348 0.0000000000
45162  -38.540  -44.630  43.020 0.0000000000
46288  -38.677  -43.882  43.086 0.0000000000
46352  -38.903  -44.898  42.245 0.0000000000
46353  -39.316  -44.988  41.823 0.0000000000
47462  -37.899  -43.688  43.014 0.0000000000
48659  -37.949  -43.348  43.074 0.0000000000
48689  -37.682  -43.234  42.717 0.0000000000
48702  -40.614  -42.888  41.507 0.0000000000
49894  -39.186  -41.844  43.519 0.0000000000
51175  -41.410  -40.402  42.716 0.0000000000
52294  -41.904  -38.205  45.469 0.0000000000
52296  -42.288  -38.510  45.334 0.0000000000
52307  -42.241  -38.687  45.187 0.0000000000
52323  -42.278  -38.612  44.923 0.0000000000
52360  -40.414  -38.813  41.916 0.0000000000
53428  -42.156  -38.187  45.636 0.0000000000
53436  -42.132  -37.820  45.431 0.0000000000
53437  -42.210  -38.110  45.277 0.0000000000
53464  -40.560  -38.360  42.703 0.0000000000
54569  -41.957  -37.475  45.178 0.0000000000
54570  -42.058  -37.599  45.317 0.0000000000
54578  -42.085  -37.594  45.021 0.0000000000
54631  -45.398  -37.140  40.919 0.0000000000
54647  -45.642  -36.887  40.655 0.0000000000
55634  -42.018  -37.355  44.968 0.0000000000
55674  -45.749  -36.548  41.182 0.0000000000
55675  -45.924  -36.626  40.894 0.0000000000
55689  -45.684  -36.624  40.718 0.0000000000
56718  -41.524  -35.532  44.489 0.0000000000
56743  -46.090  -36.334  41.035 0.0000000000
56752  -45.794  -36.350  40.818 0.0000000000
57856  -41.212  -33.971  45.267 0.0000000000
57873  -41.876  -34.698  44.891 0.0000000000
62755  -40.647  -30.521  44.247 0.0000000000
64002  -41.734  -30.070  44.882 0.0000000000
64004  -42.920  -29.513  45.359 0.0000000000
66559  -42.480  -27.936  44.636 0.0000000000
66571  -42.053  -28.189  44.080 0.0000000000
66601  -44.198  -26.565  41.558 0.0000000000
66629  -44.205  -27.293  40.606 0.0000000000
67738  -44.401  -26.864  44.129 0.0000000000
67753  -46.833  -25.979  43.321 0.0000000000
67764  -46.606  -26.359  43.188 0.0000000000
67765  -47.142  -26.311  43.075 0.0000000000
67790  -44.883  -26.298  40.635 0.0000000000
67791  -45.334  -26.314  40.324 0.0000000000
67792  -47.517  -26.696  41.764 0.0000000000
67830  -49.274  -25.711  38.896 0.0000000000
68926  -46.750  -25.489  43.228 0.0000000000
68964  -47.452  -25.029  42.256 0.0000000000
68984  -45.297  -26.074  40.646 0.0000000000
69010  -49.458  -25.442  39.138 0.0000000000
69032  -46.603  -24.984  39.069 0.0000000000
69035  -49.425  -25.395  38.890 0.0000000000
69078  -45.677  -25.037  37.325 0.0000000000
70280  -47.340  -24.846  42.368 0.0000000000
70323  -47.586  -24.622  40.820 0.0000000000
70337  -47.280  -24.196  38.989 0.0000000000
70339  -49.362  -24.961  39.084 0.0000000000
70354  -49.398  -25.184  38.846 0.0000000000
70355  -49.644  -25.279  38.912 0.0000000000
70368  -46.204  -23.640  38.083 0.0000000000
70369  -48.056  -23.854  37.591 0.0000000000
70407  -45.339  -23.791  36.249 0.0000000000
71624  -45.912  -22.899  38.158 0.0000000000
71625  -46.332  -23.117  38.299 0.0000000000
71650  -45.270  -22.934  36.533 0.0000000000
71651  -47.602  -23.028  37.124 0.0000000000
72806  -48.174  -23.252  38.432 0.0000000000
72817  -47.510  -22.281  38.020 0.0000000000
72818  -48.099  -22.847  38.193 0.0000000000
72845  -47.065  -22.304  36.243 0.0000000000
72855  -50.684  -21.498  33.394 0.0000000000
72857  -50.914  -21.201  33.246 0.0000000000
72873  -50.881  -21.520  33.159 0.0000000000
72874  -50.890  -21.312  33.347 0.0000000000
72883  -49.433  -22.981  32.841 0.0000000000
73939  -46.715  -21.613  37.815 0.0000000000
73940  -46.947  -21.610  37.898 0.0000000000
73949  -45.924  -21.775  37.145 0.0000000000
73950  -46.406  -21.705  37.452 0.0000000000
73959  -46.353  -21.553  36.606 0.0000000000
73963  -45.039  -21.300  35.685 0.0000000000
73971  -48.936  -20.919  34.177 0.0000000000
73975  -50.991  -20.910  33.369 0.0000000000
73988  -50.986  -21.372  33.009 0.0000000000
75082  -45.371  -21.083  36.073 0.0000000000
75084  -46.013  -21.083  36.079 0.0000000000
75093  -45.702  -20.951  35.875 0.0000000000
75094  -45.947  -20.883  35.971 0.0000000000
75095  -48.872  -19.919  35.148 0.0000000000
75129  -47.883  -20.821  33.138 0.0000000000
75157  -52.834  -19.557  31.082 0.0000000000
76167  -48.731  -19.438  35.102 0.0000000000
76168  -49.070  -19.401  35.141 0.0000000000
76171  -47.821  -19.834  34.317 0.0000000000
76173  -49.398  -19.528  34.699 0.0000000000
76174  -50.155  -19.627  34.349 0.0000000000
76198  -48.641  -19.338  32.502 0.0000000000
76226  -50.160  -19.623  30.843 0.0000000000
77202  -49.079  -19.485  35.074 0.0000000000
77203  -48.900  -19.146  34.970 0.0000000000
77209  -48.675  -19.340  34.783 0.0000000000
77219  -45.808  -18.976  33.308 0.0000000000
77220  -45.957  -18.933  33.345 0.0000000000
77232  -45.738  -18.907  33.195 0.0000000000
78354  -51.932  -18.364  32.239 0.0000000000
138873  -22.371  -47.740  49.146 0.0000000000
138874  -22.494  -47.789  49.954 0.0000000000
