#!ascii label  , from subject 3385 vox2ras=TkReg
915
41242  30.402  -48.516  43.226 0.0000000000
69493  48.283  -24.612  29.680 0.0000000000
77430  52.586  -17.981  28.920 0.0000000000
62695  47.070  -30.849  35.910 0.0000000000
49813  34.944  -42.150  40.065 0.0000000000
44823  33.113  -45.116  43.365 0.0000000000
72964  51.542  -20.906  29.748 0.0000000000
68349  53.472  -25.038  32.444 0.0000000000
61383  43.511  -32.321  39.712 0.0000000000
53101  37.687  -38.051  41.312 0.0000000000
83052  57.223  -13.558  23.582 0.0000000000
82971  51.353  -13.395  28.670 0.0000000000
63853  45.169  -29.588  35.961 0.0000000000
68312  49.486  -26.821  35.003 0.0000000000
46011  31.524  -44.111  42.451 0.0000000000
43645  31.229  -46.640  42.900 0.0000000000
70576  50.435  -23.145  29.790 0.0000000000
72888  53.523  -22.205  31.600 0.0000000000
70547  51.788  -23.917  32.502 0.0000000000
55412  43.764  -34.892  38.476 0.0000000000
49755  36.022  -42.077  42.385 0.0000000000
52062  36.791  -39.850  40.776 0.0000000000
50946  37.680  -41.127  42.116 0.0000000000
83027  55.434  -13.383  25.133 0.0000000000
79730  56.181  -15.206  24.461 0.0000000000
81860  54.722  -13.519  27.288 0.0000000000
77417  50.600  -17.006  28.915 0.0000000000
80764  48.987  -15.216  27.721 0.0000000000
78549  51.124  -15.735  28.981 0.0000000000
79683  51.032  -15.003  27.759 0.0000000000
77439  50.428  -17.489  27.582 0.0000000000
60170  46.038  -31.822  38.413 0.0000000000
62647  44.520  -30.927  37.773 0.0000000000
64945  47.181  -28.929  38.340 0.0000000000
67178  46.792  -27.575  36.325 0.0000000000
64985  48.430  -28.577  36.235 0.0000000000
65006  50.829  -27.827  33.959 0.0000000000
62733  48.986  -29.858  32.895 0.0000000000
48425  33.511  -43.301  42.144 0.0000000000
75254  49.734  -19.254  28.351 0.0000000000
76279  52.682  -18.769  29.661 0.0000000000
75212  54.875  -20.660  31.055 0.0000000000
69472  54.074  -24.160  30.528 0.0000000000
58996  40.061  -34.505  40.627 0.0000000000
57820  42.843  -34.536  41.294 0.0000000000
57863  44.997  -33.968  38.855 0.0000000000
59065  46.459  -33.426  36.273 0.0000000000
60253  47.488  -32.775  33.560 0.0000000000
56695  38.210  -35.873  39.226 0.0000000000
56632  39.530  -36.862  41.979 0.0000000000
79768  57.513  -15.281  21.304 0.0000000000
82994  52.377  -12.557  27.581 0.0000000000
80773  53.525  -14.473  27.531 0.0000000000
79735  51.143  -15.714  24.961 0.0000000000
68362  49.407  -26.027  32.833 0.0000000000
69427  51.464  -25.344  34.723 0.0000000000
65035  52.363  -27.706  32.110 0.0000000000
40010  30.804  -49.202  43.236 0.0000000000
42453  30.870  -47.645  43.059 0.0000000000
41228  31.664  -48.911  43.602 0.0000000000
70565  49.410  -23.844  30.081 0.0000000000
70555  51.236  -23.723  31.166 0.0000000000
69485  49.893  -24.241  30.635 0.0000000000
49754  36.686  -41.401  42.124 0.0000000000
83028  54.747  -13.288  25.448 0.0000000000
82990  55.428  -13.366  26.230 0.0000000000
83006  54.397  -12.991  26.280 0.0000000000
77415  52.231  -17.844  29.296 0.0000000000
78550  50.811  -15.723  29.087 0.0000000000
77431  51.608  -17.132  28.990 0.0000000000
78568  51.179  -16.840  28.634 0.0000000000
61426  46.696  -31.257  37.126 0.0000000000
62624  46.750  -30.028  37.917 0.0000000000
63833  47.465  -29.780  37.436 0.0000000000
64972  47.945  -28.984  36.997 0.0000000000
63851  48.023  -29.290  36.252 0.0000000000
63866  48.582  -28.777  34.761 0.0000000000
63904  47.549  -29.905  34.478 0.0000000000
47192  32.822  -43.706  42.724 0.0000000000
45993  33.376  -44.454  43.263 0.0000000000
47175  34.628  -43.876  42.878 0.0000000000
72966  49.748  -21.468  28.948 0.0000000000
74177  48.861  -20.264  27.792 0.0000000000
74159  50.743  -20.021  28.985 0.0000000000
75244  51.017  -19.153  29.278 0.0000000000
74142  52.582  -20.175  30.389 0.0000000000
76248  53.734  -19.548  30.586 0.0000000000
74110  53.070  -20.466  31.037 0.0000000000
70527  53.266  -23.883  32.276 0.0000000000
70545  54.083  -23.029  31.380 0.0000000000
69463  53.708  -24.232  31.341 0.0000000000
68391  53.531  -25.628  29.864 0.0000000000
67231  53.258  -25.928  31.525 0.0000000000
56664  40.704  -35.022  41.206 0.0000000000
58978  41.196  -34.295  40.909 0.0000000000
56663  42.922  -35.346  41.677 0.0000000000
56683  44.034  -34.696  38.995 0.0000000000
57870  45.825  -33.771  37.797 0.0000000000
53102  37.106  -38.633  41.030 0.0000000000
54217  37.677  -37.987  39.452 0.0000000000
55401  37.897  -36.457  39.888 0.0000000000
56677  38.462  -35.949  40.642 0.0000000000
55346  38.564  -37.218  41.947 0.0000000000
84147  56.672  -12.943  23.517 0.0000000000
81935  57.497  -14.252  22.829 0.0000000000
79732  54.858  -15.310  24.860 0.0000000000
81854  50.360  -14.118  28.559 0.0000000000
81874  48.895  -14.229  26.496 0.0000000000
81872  50.316  -13.484  27.743 0.0000000000
83010  50.755  -13.111  26.850 0.0000000000
82983  51.333  -12.970  28.321 0.0000000000
82968  53.382  -12.840  28.478 0.0000000000
81852  52.413  -13.307  28.733 0.0000000000
78577  50.152  -16.423  26.914 0.0000000000
79700  50.942  -15.527  26.271 0.0000000000
60172  42.168  -32.990  39.133 0.0000000000
61417  43.101  -32.377  38.453 0.0000000000
63854  44.991  -30.297  36.588 0.0000000000
62681  44.554  -31.226  36.276 0.0000000000
67186  48.274  -27.152  35.418 0.0000000000
66090  47.079  -27.243  35.112 0.0000000000
68322  48.232  -26.612  34.769 0.0000000000
67217  48.143  -27.055  33.061 0.0000000000
68333  49.406  -26.032  34.446 0.0000000000
69444  50.204  -25.438  34.286 0.0000000000
68318  50.951  -25.967  35.070 0.0000000000
63900  50.659  -28.905  32.568 0.0000000000
65020  51.688  -27.693  32.887 0.0000000000
63921  51.536  -29.261  31.841 0.0000000000
63936  52.689  -29.248  31.138 0.0000000000
44826  31.581  -45.321  43.363 0.0000000000
43629  32.304  -45.525  43.344 0.0000000000
43652  32.415  -46.226  42.478 0.0000000000
42450  31.755  -47.608  42.427 0.0000000000
72944  51.312  -21.936  30.076 0.0000000000
72922  52.725  -21.402  31.064 0.0000000000
71689  52.203  -23.006  31.023 0.0000000000
71672  52.365  -23.361  31.796 0.0000000000
70529  52.334  -24.050  33.226 0.0000000000
50963  35.257  -41.595  41.485 0.0000000000
50972  35.932  -41.224  40.146 0.0000000000
50949  35.708  -41.086  41.702 0.0000000000
52050  37.014  -39.842  41.351 0.0000000000
53083  37.903  -39.242  41.710 0.0000000000
53082  38.515  -38.727  41.891 0.0000000000
50929  38.451  -39.936  41.446 0.0000000000
83025  56.431  -13.559  24.564 0.0000000000
80806  56.699  -14.670  24.140 0.0000000000
81881  56.591  -13.443  25.711 0.0000000000
79695  55.529  -14.503  26.209 0.0000000000
79696  54.786  -14.860  26.198 0.0000000000
77433  48.991  -17.239  27.617 0.0000000000
78563  49.972  -16.554  27.925 0.0000000000
79658  50.696  -15.126  28.695 0.0000000000
80721  51.046  -14.418  29.439 0.0000000000
80747  51.863  -14.125  28.804 0.0000000000
79671  51.116  -15.029  28.470 0.0000000000
78569  50.487  -16.543  28.057 0.0000000000
60152  44.993  -32.005  39.572 0.0000000000
61401  44.538  -31.387  38.991 0.0000000000
61399  45.411  -31.289  38.234 0.0000000000
63797  45.842  -30.031  37.756 0.0000000000
64958  46.024  -28.297  37.952 0.0000000000
66080  45.738  -28.147  36.073 0.0000000000
67150  46.772  -27.891  37.650 0.0000000000
67162  47.740  -27.990  37.184 0.0000000000
66076  49.150  -27.897  35.482 0.0000000000
67174  50.595  -27.008  35.169 0.0000000000
64994  49.541  -28.253  34.827 0.0000000000
63880  49.663  -28.748  33.270 0.0000000000
62732  50.004  -29.633  32.442 0.0000000000
48461  32.087  -43.349  40.865 0.0000000000
49778  33.007  -42.686  41.245 0.0000000000
49777  33.787  -42.372  41.454 0.0000000000
49757  34.577  -42.254  42.094 0.0000000000
47173  35.623  -43.343  42.662 0.0000000000
76282  50.209  -18.060  28.661 0.0000000000
76280  51.703  -18.286  29.355 0.0000000000
77414  53.234  -18.551  29.499 0.0000000000
76277  53.961  -18.890  29.575 0.0000000000
74141  54.397  -20.469  29.990 0.0000000000
72962  54.794  -22.129  29.554 0.0000000000
74074  54.034  -21.174  31.585 0.0000000000
71686  54.664  -22.660  30.707 0.0000000000
59043  38.757  -34.417  38.539 0.0000000000
60156  40.290  -33.998  39.591 0.0000000000
60137  41.859  -33.489  40.356 0.0000000000
61362  42.947  -32.805  40.521 0.0000000000
55384  43.255  -35.028  40.467 0.0000000000
57837  44.079  -33.860  39.745 0.0000000000
58991  44.270  -33.165  39.646 0.0000000000
60171  45.852  -32.646  38.941 0.0000000000
60186  46.229  -32.333  37.917 0.0000000000
61435  46.688  -31.516  36.495 0.0000000000
61455  46.580  -31.794  34.686 0.0000000000
60222  46.557  -32.708  35.465 0.0000000000
57864  38.772  -35.094  39.569 0.0000000000
56666  39.681  -35.502  41.278 0.0000000000
56630  40.457  -36.321  41.428 0.0000000000
54166  39.709  -37.959  42.219 0.0000000000
54181  40.149  -37.617  41.640 0.0000000000
81962  57.567  -13.587  20.615 0.0000000000
83030  52.957  -12.856  25.681 0.0000000000
82993  53.303  -12.501  27.442 0.0000000000
80759  54.538  -13.777  27.608 0.0000000000
79682  53.446  -14.774  26.790 0.0000000000
80762  51.693  -14.578  27.932 0.0000000000
80787  52.239  -15.020  26.420 0.0000000000
78592  52.583  -15.871  24.827 0.0000000000
62667  43.874  -32.132  37.486 0.0000000000
67249  47.770  -26.448  31.219 0.0000000000
68377  49.095  -25.585  31.217 0.0000000000
69457  50.732  -24.823  33.326 0.0000000000
69456  51.509  -24.507  33.533 0.0000000000
68330  52.651  -25.370  33.472 0.0000000000
67183  51.510  -26.688  35.136 0.0000000000
66098  52.090  -26.443  33.521 0.0000000000
66111  52.685  -26.131  32.119 0.0000000000
66134  53.181  -27.057  31.105 0.0000000000
62734  47.988  -30.713  33.225 0.0000000000
61484  49.118  -31.602  32.542 0.0000000000
42454  30.278  -47.526  42.838 0.0000000000
41241  31.322  -48.752  43.256 0.0000000000
69486  48.963  -24.530  30.461 0.0000000000
83029  53.916  -13.156  25.594 0.0000000000
77416  51.299  -16.903  29.147 0.0000000000
77437  52.323  -18.032  28.476 0.0000000000
62679  47.156  -30.636  36.674 0.0000000000
62665  47.114  -30.460  37.284 0.0000000000
63852  47.611  -29.922  36.857 0.0000000000
63868  47.448  -29.934  36.105 0.0000000000
63867  48.020  -29.323  35.454 0.0000000000
63883  47.387  -30.080  35.171 0.0000000000
44824  32.732  -45.039  43.530 0.0000000000
47177  33.023  -43.948  43.149 0.0000000000
46010  33.535  -44.791  43.120 0.0000000000
72965  50.985  -21.496  29.500 0.0000000000
74145  50.539  -20.725  29.148 0.0000000000
74144  51.269  -20.307  29.432 0.0000000000
74143  52.091  -20.397  29.881 0.0000000000
74128  52.691  -20.356  30.720 0.0000000000
74129  52.340  -20.688  30.510 0.0000000000
70536  53.255  -24.299  32.597 0.0000000000
70535  53.427  -23.835  31.944 0.0000000000
69453  53.478  -24.482  32.250 0.0000000000
68374  53.615  -25.166  30.966 0.0000000000
68361  53.625  -25.090  31.934 0.0000000000
55357  41.543  -35.693  41.145 0.0000000000
56646  42.193  -35.127  41.068 0.0000000000
55373  42.077  -35.443  41.011 0.0000000000
53115  37.237  -38.807  40.152 0.0000000000
54205  37.494  -37.897  40.361 0.0000000000
54216  37.723  -37.176  39.735 0.0000000000
54204  37.820  -37.161  40.441 0.0000000000
54194  38.011  -37.187  41.088 0.0000000000
54183  38.284  -37.584  41.614 0.0000000000
84145  57.260  -12.805  23.357 0.0000000000
84161  57.293  -12.309  23.120 0.0000000000
83051  57.549  -13.055  23.221 0.0000000000
83066  57.882  -12.889  22.883 0.0000000000
81919  57.529  -13.561  23.083 0.0000000000
82972  50.979  -13.378  28.437 0.0000000000
81863  50.219  -13.617  27.904 0.0000000000
82984  50.823  -13.267  27.952 0.0000000000
82996  50.534  -13.273  27.519 0.0000000000
82970  52.136  -12.816  28.737 0.0000000000
81853  51.839  -13.468  28.832 0.0000000000
78578  49.658  -16.772  26.189 0.0000000000
78593  50.195  -16.123  25.780 0.0000000000
61403  42.948  -32.413  39.548 0.0000000000
62696  44.848  -30.063  35.200 0.0000000000
68313  48.884  -26.894  35.234 0.0000000000
67187  47.723  -26.951  35.073 0.0000000000
68321  48.652  -26.587  34.926 0.0000000000
68334  48.572  -26.529  34.267 0.0000000000
68320  49.464  -26.410  34.827 0.0000000000
68332  49.949  -25.903  34.675 0.0000000000
68319  50.253  -26.104  34.861 0.0000000000
62730  51.158  -29.947  32.239 0.0000000000
63899  51.181  -29.064  32.298 0.0000000000
62751  51.496  -30.141  31.741 0.0000000000
63920  52.047  -29.746  31.421 0.0000000000
43631  31.254  -45.920  43.111 0.0000000000
44841  30.962  -45.459  43.046 0.0000000000
43630  31.706  -45.804  43.249 0.0000000000
43644  31.771  -46.395  42.843 0.0000000000
43653  31.877  -46.795  42.580 0.0000000000
42451  31.532  -47.540  42.695 0.0000000000
70577  49.747  -23.353  29.424 0.0000000000
71725  49.218  -22.593  28.929 0.0000000000
71724  50.168  -22.431  29.392 0.0000000000
71708  50.905  -22.472  29.963 0.0000000000
71707  51.629  -22.441  30.490 0.0000000000
70563  50.870  -23.365  30.554 0.0000000000
69473  51.323  -24.054  31.472 0.0000000000
70554  51.743  -23.694  31.562 0.0000000000
71638  52.637  -23.739  32.537 0.0000000000
71639  52.242  -23.765  33.054 0.0000000000
50933  35.594  -41.618  42.073 0.0000000000
50947  37.353  -41.317  42.090 0.0000000000
50932  36.525  -40.926  41.849 0.0000000000
50931  37.328  -40.844  42.031 0.0000000000
52037  37.432  -39.962  41.733 0.0000000000
52036  37.936  -39.778  41.914 0.0000000000
83042  55.040  -13.277  24.617 0.0000000000
83041  55.615  -13.167  24.061 0.0000000000
83026  56.118  -13.368  24.531 0.0000000000
83003  56.489  -13.313  25.651 0.0000000000
81870  55.864  -13.584  26.180 0.0000000000
81883  55.520  -14.040  26.532 0.0000000000
79679  55.051  -14.463  26.634 0.0000000000
80771  55.101  -14.172  26.878 0.0000000000
77418  49.982  -17.174  28.384 0.0000000000
78564  49.465  -16.462  27.702 0.0000000000
79657  51.017  -15.153  29.178 0.0000000000
80748  50.992  -15.049  28.884 0.0000000000
79656  51.211  -15.271  28.968 0.0000000000
78561  51.085  -16.011  28.919 0.0000000000
77438  51.520  -17.592  28.366 0.0000000000
76301  50.270  -18.291  26.985 0.0000000000
60150  45.793  -31.560  38.553 0.0000000000
61380  45.556  -31.315  38.470 0.0000000000
63795  47.133  -29.446  38.198 0.0000000000
62605  46.522  -29.918  38.004 0.0000000000
64935  46.346  -29.439  38.140 0.0000000000
63796  46.008  -28.956  37.996 0.0000000000
64957  46.087  -28.350  38.144 0.0000000000
66053  46.402  -27.903  37.994 0.0000000000
66041  46.921  -28.255  38.089 0.0000000000
66064  48.204  -28.256  36.787 0.0000000000
66077  48.576  -28.076  36.166 0.0000000000
67176  48.473  -27.558  35.963 0.0000000000
66089  49.730  -27.903  35.202 0.0000000000
64984  49.057  -28.229  35.233 0.0000000000
63881  48.790  -29.226  33.813 0.0000000000
63865  49.293  -28.497  34.309 0.0000000000
62710  49.269  -29.253  33.219 0.0000000000
63901  50.196  -28.743  32.727 0.0000000000
62709  49.489  -29.281  32.875 0.0000000000
47212  31.434  -43.689  42.200 0.0000000000
48445  31.415  -43.382  41.641 0.0000000000
48427  32.010  -43.375  42.167 0.0000000000
48412  33.187  -43.561  42.613 0.0000000000
48426  32.855  -43.291  42.235 0.0000000000
49759  33.175  -42.854  41.690 0.0000000000
49758  33.786  -42.769  41.735 0.0000000000
49776  34.460  -41.986  41.773 0.0000000000
49740  34.044  -43.043  41.859 0.0000000000
75255  49.224  -19.821  28.038 0.0000000000
75266  49.423  -18.851  27.888 0.0000000000
75243  52.003  -19.449  29.431 0.0000000000
76278  53.270  -18.749  30.006 0.0000000000
77413  53.708  -18.649  29.433 0.0000000000
77398  53.417  -18.717  30.240 0.0000000000
75213  54.198  -20.383  31.140 0.0000000000
75231  54.094  -19.930  30.517 0.0000000000
74127  54.415  -20.668  30.334 0.0000000000
72963  54.483  -21.233  29.722 0.0000000000
72940  54.654  -21.718  30.423 0.0000000000
72905  53.227  -21.920  31.474 0.0000000000
72904  53.764  -21.493  31.579 0.0000000000
72887  53.856  -21.931  31.628 0.0000000000
70553  54.309  -23.386  30.860 0.0000000000
70552  54.241  -23.023  31.204 0.0000000000
70561  54.954  -23.451  30.214 0.0000000000
70560  55.292  -23.288  29.821 0.0000000000
69482  54.989  -23.659  29.604 0.0000000000
59015  39.906  -34.265  39.859 0.0000000000
59029  39.348  -34.201  39.109 0.0000000000
58976  42.333  -34.247  40.776 0.0000000000
58994  41.183  -33.657  40.395 0.0000000000
60123  42.121  -33.764  40.572 0.0000000000
60136  42.522  -33.156  40.456 0.0000000000
60121  42.742  -33.706  40.598 0.0000000000
55396  43.423  -34.834  39.627 0.0000000000
56682  44.633  -34.422  38.554 0.0000000000
56674  44.228  -34.355  39.154 0.0000000000
57855  44.462  -33.960  39.257 0.0000000000
57854  45.071  -33.619  39.118 0.0000000000
59011  45.378  -33.017  39.222 0.0000000000
59027  45.573  -33.323  38.812 0.0000000000
59052  46.321  -33.252  37.098 0.0000000000
59039  46.309  -33.228  37.868 0.0000000000
60199  46.407  -32.759  37.399 0.0000000000
60211  46.385  -32.461  37.131 0.0000000000
60210  46.451  -32.539  36.579 0.0000000000
52077  36.398  -40.368  40.417 0.0000000000
52091  36.484  -40.460  39.475 0.0000000000
56696  37.921  -35.926  38.486 0.0000000000
57874  37.734  -35.563  38.101 0.0000000000
57873  38.054  -35.205  38.550 0.0000000000
59031  38.351  -34.864  39.095 0.0000000000
57865  38.471  -35.291  39.449 0.0000000000
56667  38.886  -35.937  41.208 0.0000000000
56649  39.525  -36.260  41.564 0.0000000000
56648  40.152  -35.884  41.443 0.0000000000
56631  39.994  -36.610  41.589 0.0000000000
53081  38.984  -38.625  42.163 0.0000000000
54192  40.610  -37.045  41.194 0.0000000000
81948  57.675  -13.586  21.639 0.0000000000
80846  57.713  -14.522  21.220 0.0000000000
79783  57.481  -15.385  20.628 0.0000000000
80807  56.193  -14.703  24.783 0.0000000000
79685  48.828  -15.739  27.268 0.0000000000
79686  48.596  -16.031  26.747 0.0000000000
79701  48.636  -15.454  26.807 0.0000000000
83009  51.704  -12.815  26.827 0.0000000000
83032  51.003  -13.270  26.091 0.0000000000
83031  51.979  -13.016  25.921 0.0000000000
83008  52.646  -12.540  26.659 0.0000000000
80745  53.329  -13.439  28.535 0.0000000000
81862  53.824  -13.190  28.505 0.0000000000
80760  53.715  -13.713  28.274 0.0000000000
79681  54.214  -14.761  26.887 0.0000000000
80775  51.211  -14.790  27.095 0.0000000000
79720  50.900  -15.754  25.368 0.0000000000
80788  51.631  -15.017  26.531 0.0000000000
79699  52.060  -15.458  26.062 0.0000000000
79718  52.679  -15.515  25.351 0.0000000000
79719  51.739  -15.649  25.252 0.0000000000
62627  45.025  -31.428  37.986 0.0000000000
62648  44.396  -31.816  38.047 0.0000000000
66065  46.397  -27.917  36.635 0.0000000000
67201  46.576  -27.363  34.126 0.0000000000
68363  48.820  -26.590  32.672 0.0000000000
67233  48.374  -26.725  32.059 0.0000000000
67232  49.110  -26.309  32.014 0.0000000000
68378  48.476  -25.855  30.976 0.0000000000
68376  49.494  -25.713  31.895 0.0000000000
69466  50.027  -25.312  32.543 0.0000000000
69443  51.099  -24.983  34.197 0.0000000000
69442  51.947  -24.712  33.801 0.0000000000
68331  52.262  -25.523  34.187 0.0000000000
66087  50.830  -27.364  34.681 0.0000000000
66074  51.152  -27.024  35.193 0.0000000000
64993  51.270  -27.461  34.269 0.0000000000
66099  51.773  -27.045  33.780 0.0000000000
66112  52.116  -26.800  32.647 0.0000000000
67216  52.485  -25.703  32.951 0.0000000000
66124  52.508  -26.852  31.942 0.0000000000
66123  52.854  -26.583  31.562 0.0000000000
65034  52.716  -27.233  31.481 0.0000000000
63953  53.368  -28.498  30.198 0.0000000000
61469  47.169  -31.781  33.718 0.0000000000
61468  47.933  -31.958  32.916 0.0000000000
43646  30.795  -46.534  42.878 0.0000000000
42452  31.183  -47.671  43.014 0.0000000000
41230  31.598  -48.972  43.831 0.0000000000
70578  48.731  -23.638  29.324 0.0000000000
69484  50.391  -23.897  30.652 0.0000000000
69474  50.732  -24.250  31.206 0.0000000000
69464  51.443  -24.383  31.896 0.0000000000
49775  36.437  -42.100  42.361 0.0000000000
49774  36.867  -41.747  42.243 0.0000000000
49773  37.455  -41.593  41.988 0.0000000000
83004  55.877  -13.363  25.795 0.0000000000
83005  55.110  -13.171  25.919 0.0000000000
82991  54.696  -13.135  26.649 0.0000000000
61414  46.465  -31.263  37.719 0.0000000000
61398  46.415  -30.752  37.933 0.0000000000
62646  47.041  -30.094  37.750 0.0000000000
63811  47.517  -29.335  37.684 0.0000000000
64956  47.559  -28.988  37.830 0.0000000000
63832  47.813  -29.306  36.961 0.0000000000
63850  48.508  -28.665  35.474 0.0000000000
63882  48.015  -29.430  34.609 0.0000000000
63903  47.855  -29.794  33.878 0.0000000000
47193  32.169  -44.025  42.631 0.0000000000
48411  33.855  -43.582  42.453 0.0000000000
47176  33.928  -43.883  43.071 0.0000000000
72983  49.082  -21.335  28.401 0.0000000000
72982  49.579  -20.938  28.531 0.0000000000
74160  50.074  -20.367  28.646 0.0000000000
75253  50.433  -19.508  28.818 0.0000000000
75242  52.628  -19.590  30.030 0.0000000000
76264  52.914  -18.908  30.193 0.0000000000
75232  52.987  -19.779  30.625 0.0000000000
75215  53.541  -19.918  30.846 0.0000000000
75194  54.206  -20.504  31.431 0.0000000000
71637  53.179  -23.461  32.018 0.0000000000
71652  53.704  -22.900  31.598 0.0000000000
70546  53.850  -23.320  31.456 0.0000000000
68390  53.700  -24.878  30.125 0.0000000000
68375  53.479  -25.583  30.357 0.0000000000
67245  53.418  -26.319  30.576 0.0000000000
57841  40.622  -34.657  41.032 0.0000000000
58995  40.750  -34.157  40.648 0.0000000000
57822  41.375  -34.673  41.034 0.0000000000
57821  42.352  -34.664  41.082 0.0000000000
56645  43.017  -34.888  41.839 0.0000000000
57871  45.340  -34.067  38.249 0.0000000000
59040  45.815  -33.487  38.312 0.0000000000
57881  45.447  -34.239  37.676 0.0000000000
57880  45.740  -34.064  37.271 0.0000000000
52076  36.894  -39.683  39.811 0.0000000000
54237  37.310  -37.710  38.383 0.0000000000
54236  37.691  -37.206  39.000 0.0000000000
55416  37.868  -36.519  39.118 0.0000000000
56686  38.205  -35.915  39.988 0.0000000000
55389  38.062  -36.483  40.561 0.0000000000
55376  38.330  -36.496  41.100 0.0000000000
55360  38.698  -36.726  41.756 0.0000000000
84177  57.937  -12.129  22.660 0.0000000000
81934  57.656  -13.553  22.448 0.0000000000
80847  57.666  -14.937  21.899 0.0000000000
79731  55.544  -15.425  24.554 0.0000000000
80763  49.615  -14.753  28.056 0.0000000000
80778  48.927  -14.747  27.083 0.0000000000
80777  49.532  -14.257  27.631 0.0000000000
81873  49.669  -13.761  27.222 0.0000000000
81884  49.513  -13.715  26.546 0.0000000000
83011  49.892  -13.454  26.715 0.0000000000
82995  51.445  -12.777  27.652 0.0000000000
82981  53.002  -12.671  28.198 0.0000000000
82982  52.134  -12.689  28.340 0.0000000000
82969  52.720  -12.905  28.593 0.0000000000
80746  52.905  -13.613  28.581 0.0000000000
79684  50.838  -15.377  26.980 0.0000000000
80776  50.877  -15.153  26.797 0.0000000000
60173  41.175  -33.573  39.060 0.0000000000
63815  45.202  -30.514  37.490 0.0000000000
63836  44.964  -30.926  37.307 0.0000000000
62697  44.379  -30.817  35.267 0.0000000000
67177  47.495  -27.459  36.115 0.0000000000
66078  46.979  -27.374  35.609 0.0000000000
67200  47.634  -26.845  34.108 0.0000000000
67199  48.272  -26.706  33.722 0.0000000000
68352  48.801  -26.545  33.413 0.0000000000
69445  49.645  -25.641  34.050 0.0000000000
69458  49.850  -25.462  33.511 0.0000000000
69428  50.725  -25.480  34.821 0.0000000000
68317  51.526  -26.118  34.850 0.0000000000
63878  51.106  -28.268  33.212 0.0000000000
65005  51.402  -27.526  33.855 0.0000000000
65036  51.655  -28.578  31.994 0.0000000000
65052  52.234  -28.629  31.586 0.0000000000
63937  51.992  -29.138  31.568 0.0000000000
46028  31.108  -44.131  42.257 0.0000000000
46012  31.307  -44.578  42.758 0.0000000000
47194  31.846  -44.526  43.114 0.0000000000
45995  31.998  -44.837  43.433 0.0000000000
44825  32.160  -45.180  43.472 0.0000000000
43643  32.637  -45.648  43.142 0.0000000000
42463  31.946  -47.069  42.420 0.0000000000
41239  31.492  -48.279  42.903 0.0000000000
72923  52.329  -21.120  30.680 0.0000000000
71706  52.025  -21.883  30.510 0.0000000000
71688  52.347  -22.152  30.742 0.0000000000
71671  52.682  -22.467  31.333 0.0000000000
70562  51.585  -23.303  30.906 0.0000000000
71654  52.952  -22.978  31.821 0.0000000000
70528  52.988  -24.006  32.736 0.0000000000
69454  53.230  -24.666  32.775 0.0000000000
50973  35.333  -41.545  40.862 0.0000000000
49812  35.643  -41.639  39.546 0.0000000000
50962  35.792  -40.696  41.042 0.0000000000
50961  36.310  -40.348  41.044 0.0000000000
50948  36.351  -40.460  41.314 0.0000000000
53091  37.587  -39.033  41.448 0.0000000000
53090  38.185  -38.422  41.640 0.0000000000
52035  38.389  -39.399  41.759 0.0000000000
84140  56.444  -13.309  23.986 0.0000000000
83039  56.836  -13.531  24.020 0.0000000000
81907  56.889  -14.027  24.262 0.0000000000
81897  56.533  -13.849  24.835 0.0000000000
80801  56.312  -14.335  25.042 0.0000000000
79713  56.203  -14.308  25.692 0.0000000000
82989  56.367  -13.218  26.066 0.0000000000
80769  56.734  -13.534  26.019 0.0000000000
79714  55.986  -14.604  25.378 0.0000000000
79715  55.365  -15.014  25.343 0.0000000000
79716  54.516  -15.050  25.523 0.0000000000
78570  48.821  -16.473  27.496 0.0000000000
79674  49.209  -15.716  27.818 0.0000000000
78551  50.742  -16.212  28.158 0.0000000000
79673  49.876  -15.760  27.915 0.0000000000
80749  50.504  -14.711  28.651 0.0000000000
81827  50.774  -14.127  28.873 0.0000000000
81825  51.334  -13.964  28.943 0.0000000000
80720  51.164  -14.541  29.252 0.0000000000
79672  51.042  -15.427  27.980 0.0000000000
78562  51.041  -16.045  28.162 0.0000000000
77446  49.811  -17.466  26.740 0.0000000000
61359  44.585  -32.017  39.584 0.0000000000
61382  44.208  -31.845  39.484 0.0000000000
61381  44.985  -31.615  39.327 0.0000000000
61400  45.167  -31.392  38.501 0.0000000000
61379  46.161  -30.806  38.214 0.0000000000
62607  45.906  -30.327  38.017 0.0000000000
63798  45.491  -30.763  37.791 0.0000000000
63835  44.980  -29.429  37.103 0.0000000000
64974  45.345  -28.781  37.034 0.0000000000
64987  45.316  -28.746  36.352 0.0000000000
64986  45.733  -28.561  36.780 0.0000000000
67165  46.356  -28.089  37.086 0.0000000000
67164  46.825  -27.839  37.055 0.0000000000
67148  47.302  -28.287  37.683 0.0000000000
67163  47.377  -27.753  37.003 0.0000000000
67175  49.648  -27.254  35.122 0.0000000000
68311  50.422  -26.614  35.020 0.0000000000
66075  49.946  -27.541  35.141 0.0000000000
66088  50.035  -27.805  34.818 0.0000000000
66101  50.247  -27.676  34.431 0.0000000000
63849  49.059  -28.360  34.924 0.0000000000
65007  49.884  -27.841  34.004 0.0000000000
63879  50.452  -28.381  33.302 0.0000000000
48444  32.425  -43.161  41.708 0.0000000000
49796  33.759  -42.316  40.769 0.0000000000
49795  34.584  -41.986  41.164 0.0000000000
50950  35.099  -41.692  41.960 0.0000000000
49756  35.146  -42.121  42.287 0.0000000000
48410  34.592  -43.484  42.598 0.0000000000
49738  35.144  -42.742  42.589 0.0000000000
49737  35.529  -42.779  42.697 0.0000000000
76293  49.622  -18.156  27.899 0.0000000000
75245  50.411  -18.777  28.950 0.0000000000
76281  50.858  -18.006  29.144 0.0000000000
77429  53.477  -18.479  29.152 0.0000000000
76291  53.104  -18.637  28.545 0.0000000000
76290  53.880  -18.747  28.794 0.0000000000
75251  54.109  -19.430  29.196 0.0000000000
76262  53.984  -19.213  30.259 0.0000000000
75241  54.239  -19.674  29.889 0.0000000000
72921  53.480  -21.057  31.349 0.0000000000
74089  53.749  -20.802  31.713 0.0000000000
74087  54.816  -20.969  31.258 0.0000000000
71651  54.145  -22.364  31.474 0.0000000000
72920  54.748  -21.949  30.987 0.0000000000
71704  55.315  -22.757  30.023 0.0000000000
59042  39.249  -34.189  38.828 0.0000000000
60174  40.345  -33.888  39.100 0.0000000000
59014  40.599  -33.800  40.093 0.0000000000
59013  40.966  -33.504  40.088 0.0000000000
60154  41.471  -33.345  39.884 0.0000000000
60153  42.274  -32.851  40.055 0.0000000000
61384  42.889  -32.524  40.262 0.0000000000
61361  43.353  -32.624  40.284 0.0000000000
55372  43.105  -35.291  41.131 0.0000000000
56662  43.288  -35.088  41.425 0.0000000000
57839  43.110  -34.743  41.167 0.0000000000
56675  43.651  -34.667  39.772 0.0000000000
56660  43.837  -34.376  39.772 0.0000000000
57838  43.476  -34.345  40.334 0.0000000000
58992  43.645  -33.653  40.233 0.0000000000
60134  43.815  -32.901  40.062 0.0000000000
61360  43.974  -32.385  39.699 0.0000000000
60132  45.093  -32.445  39.466 0.0000000000
60151  45.493  -32.124  39.305 0.0000000000
59026  46.181  -32.865  38.513 0.0000000000
61427  46.351  -31.794  37.473 0.0000000000
61445  46.506  -31.863  35.602 0.0000000000
60237  46.534  -32.436  34.958 0.0000000000
60236  46.724  -32.723  34.424 0.0000000000
59078  46.614  -33.502  35.222 0.0000000000
59090  47.243  -33.590  34.203 0.0000000000
50982  36.099  -41.194  39.062 0.0000000000
52090  36.927  -39.781  38.731 0.0000000000
57872  38.246  -34.820  38.356 0.0000000000
59030  38.889  -34.690  39.411 0.0000000000
59016  39.532  -34.782  40.214 0.0000000000
57857  38.524  -35.687  39.991 0.0000000000
57856  38.974  -35.475  40.084 0.0000000000
58997  39.767  -34.792  40.689 0.0000000000
56665  40.319  -35.188  41.259 0.0000000000
56647  40.953  -35.494  41.188 0.0000000000
55358  40.736  -36.630  41.298 0.0000000000
54168  38.606  -37.825  42.088 0.0000000000
54167  38.993  -37.951  42.456 0.0000000000
55344  39.391  -37.367  42.278 0.0000000000
54182  39.983  -38.007  41.983 0.0000000000
55343  40.037  -37.242  41.830 0.0000000000
55359  40.281  -37.223  41.540 0.0000000000
41255  29.540  -48.381  42.808 0.0000000000
80859  57.542  -14.501  20.240 0.0000000000
83007  53.584  -12.653  26.506 0.0000000000
82992  54.132  -12.676  27.159 0.0000000000
82979  54.423  -13.066  27.439 0.0000000000
82980  53.852  -12.698  28.084 0.0000000000
81861  54.221  -13.216  28.137 0.0000000000
80772  54.388  -14.301  27.421 0.0000000000
79717  53.588  -15.156  25.234 0.0000000000
80761  52.727  -14.259  28.189 0.0000000000
80774  52.396  -14.631  27.055 0.0000000000
79698  52.890  -14.939  26.083 0.0000000000
68406  48.437  -25.150  30.228 0.0000000000
61402  43.752  -31.760  39.035 0.0000000000
62649  43.685  -32.226  37.875 0.0000000000
67234  47.443  -27.189  32.165 0.0000000000
68393  48.073  -25.794  30.521 0.0000000000
68392  48.668  -25.275  30.752 0.0000000000
69476  49.078  -25.029  30.965 0.0000000000
69475  49.737  -24.930  31.390 0.0000000000
69465  50.749  -24.830  32.171 0.0000000000
70548  51.228  -24.399  32.690 0.0000000000
70539  51.399  -24.211  33.139 0.0000000000
70537  52.040  -24.212  33.456 0.0000000000
69441  52.788  -24.745  33.220 0.0000000000
68350  53.169  -25.053  32.857 0.0000000000
68310  51.112  -26.589  35.199 0.0000000000
68309  51.480  -26.826  35.339 0.0000000000
64992  51.476  -27.346  34.221 0.0000000000
67198  51.980  -26.437  34.349 0.0000000000
67197  52.466  -25.940  33.818 0.0000000000
67215  53.226  -25.420  32.355 0.0000000000
67244  53.440  -27.192  30.479 0.0000000000
65051  52.838  -28.071  31.076 0.0000000000
65061  53.383  -28.084  30.175 0.0000000000
62735  47.112  -30.610  34.244 0.0000000000
63902  48.404  -29.832  33.419 0.0000000000
61467  48.606  -32.183  32.854 0.0000000000
62754  48.666  -30.913  32.578 0.0000000000
62753  49.393  -30.591  32.447 0.0000000000
39992  31.653  -49.035  43.713 0.0000000000
39993  31.494  -49.103  43.652 0.0000000000
41229  31.776  -48.855  43.958 0.0000000000
41240  31.564  -48.652  43.242 0.0000000000
42462  32.155  -47.150  42.119 0.0000000000
43628  32.707  -45.303  43.406 0.0000000000
44840  33.276  -45.197  42.769 0.0000000000
45992  34.065  -44.168  43.104 0.0000000000
45996  31.554  -44.859  43.310 0.0000000000
47179  31.908  -44.664  43.280 0.0000000000
48408  35.289  -43.006  43.025 0.0000000000
48424  35.835  -42.877  42.534 0.0000000000
49739  34.594  -42.944  42.255 0.0000000000
50934  35.097  -41.872  42.142 0.0000000000
52063  36.349  -40.337  40.814 0.0000000000
54165  40.025  -37.635  41.995 0.0000000000
54180  40.446  -37.129  41.362 0.0000000000
54195  37.506  -37.742  40.919 0.0000000000
55342  40.311  -36.777  41.498 0.0000000000
55345  38.893  -37.217  42.258 0.0000000000
55361  38.390  -36.905  41.537 0.0000000000
55371  43.373  -35.103  40.996 0.0000000000
55375  38.542  -36.435  41.376 0.0000000000
56633  39.165  -36.992  42.185 0.0000000000
56650  39.079  -36.674  41.892 0.0000000000
56661  43.295  -34.787  40.583 0.0000000000
56668  38.508  -36.178  41.141 0.0000000000
56676  38.749  -35.784  40.661 0.0000000000
57823  40.981  -34.405  40.944 0.0000000000
57840  40.927  -34.908  41.160 0.0000000000
57842  39.931  -34.857  41.049 0.0000000000
57843  39.487  -35.201  40.748 0.0000000000
57862  45.235  -33.596  38.991 0.0000000000
57869  46.065  -33.604  37.390 0.0000000000
58975  42.695  -34.039  40.659 0.0000000000
58977  41.629  -34.106  40.805 0.0000000000
58990  44.964  -32.784  39.418 0.0000000000
58993  42.999  -34.153  40.623 0.0000000000
59012  44.718  -33.426  39.349 0.0000000000
59028  45.313  -33.644  38.794 0.0000000000
59041  45.411  -33.683  38.570 0.0000000000
59044  38.363  -34.716  38.859 0.0000000000
59101  47.852  -33.401  33.554 0.0000000000
60122  42.511  -33.720  40.596 0.0000000000
60133  44.642  -32.454  39.555 0.0000000000
60135  43.040  -33.368  40.573 0.0000000000
60155  40.775  -33.656  39.685 0.0000000000
60175  39.867  -34.145  39.240 0.0000000000
60187  46.243  -32.112  37.682 0.0000000000
60192  39.205  -34.212  38.590 0.0000000000
60200  46.315  -32.294  37.463 0.0000000000
60223  46.546  -32.537  35.182 0.0000000000
61415  46.241  -31.870  37.741 0.0000000000
61416  43.738  -31.934  38.603 0.0000000000
61436  46.363  -31.979  37.024 0.0000000000
61446  46.494  -32.371  35.361 0.0000000000
61456  46.456  -32.228  35.145 0.0000000000
61485  48.542  -31.599  32.704 0.0000000000
62606  46.011  -30.462  38.202 0.0000000000
62623  47.251  -29.530  37.999 0.0000000000
62625  45.680  -30.974  38.212 0.0000000000
62626  45.618  -30.832  38.008 0.0000000000
62628  44.378  -31.489  38.604 0.0000000000
62645  47.284  -29.664  37.847 0.0000000000
62711  46.702  -30.939  35.132 0.0000000000
62750  51.933  -30.064  31.351 0.0000000000
62755  48.274  -31.298  32.803 0.0000000000
62770  52.207  -30.009  31.213 0.0000000000
63779  47.190  -29.675  38.199 0.0000000000
63780  46.611  -29.867  38.067 0.0000000000
63781  46.087  -29.873  37.929 0.0000000000
63794  47.428  -29.152  38.119 0.0000000000
63812  47.352  -29.651  37.731 0.0000000000
63813  45.999  -28.677  38.030 0.0000000000
63814  45.732  -29.143  37.581 0.0000000000
63816  44.293  -30.530  37.937 0.0000000000
63834  45.439  -28.924  37.259 0.0000000000
63922  51.667  -28.937  32.054 0.0000000000
63935  53.154  -28.659  30.658 0.0000000000
63938  51.773  -29.122  31.773 0.0000000000
63952  53.409  -28.303  30.056 0.0000000000
64933  47.147  -29.240  38.339 0.0000000000
64934  46.783  -29.284  38.293 0.0000000000
64944  47.442  -28.883  38.115 0.0000000000
64946  46.445  -28.786  38.238 0.0000000000
64947  45.754  -29.297  37.959 0.0000000000
64973  45.897  -28.594  37.363 0.0000000000
64983  49.308  -28.299  34.998 0.0000000000
64995  49.564  -28.116  35.154 0.0000000000
65019  52.098  -27.427  32.580 0.0000000000
65037  51.552  -28.928  31.832 0.0000000000
65050  53.175  -27.943  30.719 0.0000000000
65053  51.768  -28.948  31.698 0.0000000000
65054  51.640  -29.166  31.812 0.0000000000
65062  53.250  -28.234  30.561 0.0000000000
66040  47.301  -28.589  37.973 0.0000000000
66042  46.343  -28.149  38.119 0.0000000000
66051  47.624  -28.545  37.438 0.0000000000
66052  46.860  -27.997  37.959 0.0000000000
66054  46.281  -28.094  37.617 0.0000000000
66066  46.228  -28.269  36.916 0.0000000000
66073  51.308  -26.855  35.158 0.0000000000
66086  51.507  -27.109  34.491 0.0000000000
66100  50.426  -27.685  34.256 0.0000000000
66113  51.693  -26.893  33.203 0.0000000000
66133  53.331  -27.522  30.657 0.0000000000
66143  53.403  -27.723  30.304 0.0000000000
67137  47.069  -28.264  38.037 0.0000000000
67138  47.013  -28.096  37.917 0.0000000000
67149  47.069  -27.973  37.637 0.0000000000
67151  46.486  -27.959  37.626 0.0000000000
67172  51.569  -26.917  35.611 0.0000000000
67173  51.202  -26.832  35.393 0.0000000000
67184  50.917  -27.087  35.156 0.0000000000
67185  50.449  -27.296  34.965 0.0000000000
67188  47.101  -27.174  34.697 0.0000000000
67247  49.232  -26.042  31.535 0.0000000000
67248  48.738  -26.228  31.422 0.0000000000
67261  53.479  -27.397  30.202 0.0000000000
67264  47.568  -26.228  30.610 0.0000000000
68335  48.029  -26.660  34.594 0.0000000000
68351  49.299  -26.015  33.788 0.0000000000
69429  50.335  -25.722  34.690 0.0000000000
69455  51.845  -24.341  33.522 0.0000000000
70530  52.147  -23.885  33.221 0.0000000000
70538  51.922  -23.910  33.244 0.0000000000
70564  50.118  -23.677  30.177 0.0000000000
71636  53.358  -23.589  31.885 0.0000000000
71653  53.471  -22.715  31.644 0.0000000000
71655  52.329  -23.692  32.520 0.0000000000
71669  54.290  -22.599  31.306 0.0000000000
71670  54.025  -22.776  31.473 0.0000000000
71687  54.802  -23.100  30.528 0.0000000000
71705  55.090  -22.984  30.368 0.0000000000
71723  55.121  -22.681  29.283 0.0000000000
72885  54.279  -22.122  31.429 0.0000000000
72886  54.092  -22.009  31.583 0.0000000000
72902  54.480  -22.010  31.293 0.0000000000
72903  54.321  -21.307  31.409 0.0000000000
72941  54.463  -20.989  30.230 0.0000000000
72942  52.261  -21.578  30.636 0.0000000000
72943  51.793  -21.366  30.268 0.0000000000
72980  54.902  -22.276  29.096 0.0000000000
74075  53.917  -21.232  31.542 0.0000000000
74088  54.345  -20.854  31.509 0.0000000000
74108  54.662  -21.250  31.057 0.0000000000
74109  53.711  -20.432  31.209 0.0000000000
74111  52.584  -20.764  30.850 0.0000000000
74126  54.457  -20.878  30.717 0.0000000000
74140  54.355  -20.419  30.447 0.0000000000
74161  49.324  -20.439  28.251 0.0000000000
75192  55.246  -20.895  31.392 0.0000000000
75193  54.506  -20.733  31.369 0.0000000000
75214  53.928  -20.135  31.099 0.0000000000
75230  54.285  -20.402  30.784 0.0000000000
75240  54.256  -20.139  30.316 0.0000000000
76247  54.130  -19.987  30.869 0.0000000000
76249  53.416  -19.387  30.516 0.0000000000
76263  53.572  -18.948  30.267 0.0000000000
76294  49.288  -17.720  27.633 0.0000000000
77397  53.720  -18.748  29.846 0.0000000000
77428  53.991  -18.455  29.069 0.0000000000
77432  49.511  -17.215  27.892 0.0000000000
79634  51.347  -15.229  29.462 0.0000000000
79635  51.130  -14.779  29.350 0.0000000000
79680  54.834  -14.535  26.718 0.0000000000
79693  56.482  -14.297  26.009 0.0000000000
79694  56.103  -14.322  25.921 0.0000000000
79697  53.948  -14.891  26.149 0.0000000000
79702  48.286  -15.723  26.279 0.0000000000
79734  51.374  -15.747  24.747 0.0000000000
79767  57.686  -15.081  20.690 0.0000000000
80722  50.922  -13.971  29.264 0.0000000000
80758  54.879  -13.834  27.206 0.0000000000
80770  56.527  -13.451  26.096 0.0000000000
80784  56.393  -13.998  25.728 0.0000000000
80785  56.174  -13.962  26.139 0.0000000000
80786  55.673  -14.152  26.377 0.0000000000
80789  51.105  -15.072  26.646 0.0000000000
80790  48.509  -15.143  26.623 0.0000000000
80802  56.092  -14.635  25.016 0.0000000000
80830  57.646  -14.327  22.092 0.0000000000
80860  57.418  -14.121  20.006 0.0000000000
81826  51.002  -13.991  28.987 0.0000000000
81850  53.796  -12.937  28.525 0.0000000000
81851  53.301  -13.170  28.590 0.0000000000
81859  55.162  -13.543  26.637 0.0000000000
81864  49.955  -13.876  28.020 0.0000000000
81869  56.884  -13.081  26.130 0.0000000000
81871  55.153  -13.863  26.873 0.0000000000
81882  55.864  -13.943  26.229 0.0000000000
81963  57.427  -13.994  20.229 0.0000000000
82949  51.222  -13.713  28.782 0.0000000000
82950  50.884  -13.787  28.736 0.0000000000
82951  50.755  -13.758  28.945 0.0000000000
82973  50.568  -13.633  28.381 0.0000000000
82978  54.830  -13.362  26.830 0.0000000000
82985  50.509  -13.491  28.092 0.0000000000
82997  49.998  -13.429  27.181 0.0000000000
83012  49.435  -13.645  26.286 0.0000000000
83038  57.238  -13.053  23.445 0.0000000000
84139  56.657  -13.398  24.037 0.0000000000
84146  56.947  -13.050  23.639 0.0000000000
