#!ascii label  , from subject 3385 vox2ras=TkReg
537
82591  16.149  -13.127  -28.080 0.0000000000
88073  23.276  -7.567  -30.287 0.0000000000
102352  22.179  4.697  -29.296 0.0000000000
99048  15.592  1.118  -29.700 0.0000000000
77023  18.537  -18.325  -28.973 0.0000000000
79365  20.942  -16.339  -30.382 0.0000000000
85892  18.733  -10.390  -29.806 0.0000000000
92618  17.159  -4.930  -30.735 0.0000000000
95892  22.265  -1.476  -29.279 0.0000000000
99130  23.674  1.634  -34.026 0.0000000000
106530  21.400  8.810  -31.101 0.0000000000
80429  16.882  -15.748  -28.619 0.0000000000
78174  19.864  -17.445  -29.678 0.0000000000
81496  18.275  -14.551  -29.469 0.0000000000
90308  15.336  -6.394  -28.688 0.0000000000
92585  15.464  -4.359  -28.373 0.0000000000
100131  18.772  2.376  -30.194 0.0000000000
96965  18.858  -0.680  -30.555 0.0000000000
99043  22.377  0.818  -29.552 0.0000000000
96962  24.811  0.384  -30.506 0.0000000000
101267  24.871  3.587  -31.451 0.0000000000
107417  19.404  9.865  -29.065 0.0000000000
105588  18.661  8.114  -29.851 0.0000000000
108297  19.507  10.205  -32.575 0.0000000000
86964  20.691  -9.300  -29.335 0.0000000000
84843  21.398  -11.259  -31.042 0.0000000000
85927  23.085  -9.742  -32.031 0.0000000000
102355  18.945  4.485  -30.227 0.0000000000
91515  24.195  -5.634  -32.404 0.0000000000
85859  15.249  -10.993  -27.200 0.0000000000
84824  16.857  -11.948  -29.239 0.0000000000
86949  16.353  -9.023  -29.008 0.0000000000
89219  18.140  -7.484  -30.530 0.0000000000
90331  19.999  -6.473  -29.359 0.0000000000
95906  16.390  -1.973  -30.396 0.0000000000
93700  19.470  -3.571  -29.985 0.0000000000
92600  22.636  -4.491  -29.275 0.0000000000
93711  24.971  -3.405  -30.364 0.0000000000
104638  19.505  6.284  -30.803 0.0000000000
104635  22.751  6.745  -30.600 0.0000000000
108314  20.941  10.665  -35.063 0.0000000000
141018  23.559  8.749  -33.931 0.0000000000
104655  24.485  6.240  -32.806 0.0000000000
102423  23.619  4.224  -35.095 0.0000000000
83757  19.952  -12.923  -30.292 0.0000000000
83686  15.360  -12.102  -26.819 0.0000000000
81461  15.466  -14.112  -27.156 0.0000000000
81498  16.786  -14.414  -28.675 0.0000000000
80447  17.987  -15.465  -29.429 0.0000000000
82611  16.697  -13.732  -28.936 0.0000000000
101221  20.389  3.548  -29.750 0.0000000000
99045  20.250  1.349  -29.391 0.0000000000
100105  21.896  2.499  -29.146 0.0000000000
100103  23.796  2.527  -29.871 0.0000000000
101218  23.667  3.560  -29.882 0.0000000000
109084  18.892  11.014  -31.375 0.0000000000
108266  19.667  10.146  -31.177 0.0000000000
109096  18.675  10.817  -32.443 0.0000000000
88075  22.018  -8.087  -29.570 0.0000000000
85888  22.376  -9.677  -30.097 0.0000000000
86983  23.252  -8.589  -31.179 0.0000000000
101223  18.196  3.768  -30.121 0.0000000000
102356  18.119  4.793  -29.919 0.0000000000
78162  16.872  -17.569  -28.323 0.0000000000
75942  17.217  -19.190  -28.173 0.0000000000
75926  18.632  -19.630  -28.202 0.0000000000
77006  19.339  -19.005  -28.367 0.0000000000
79352  20.470  -16.789  -29.789 0.0000000000
78173  20.447  -17.499  -29.283 0.0000000000
86950  15.540  -9.514  -28.309 0.0000000000
88057  15.084  -8.852  -28.073 0.0000000000
91484  16.387  -5.466  -29.826 0.0000000000
89207  16.541  -7.306  -29.936 0.0000000000
90345  17.915  -6.421  -30.711 0.0000000000
90332  19.207  -6.842  -29.654 0.0000000000
91498  18.429  -5.297  -30.584 0.0000000000
95896  15.486  -1.409  -29.017 0.0000000000
96978  16.339  -0.594  -30.770 0.0000000000
95893  21.145  -1.563  -29.350 0.0000000000
95895  19.349  -1.826  -30.309 0.0000000000
94813  20.658  -2.559  -29.368 0.0000000000
92601  21.520  -4.512  -29.299 0.0000000000
93697  22.225  -3.474  -29.222 0.0000000000
92598  24.722  -4.027  -29.854 0.0000000000
94810  24.116  -2.163  -29.530 0.0000000000
98048  25.087  1.040  -31.777 0.0000000000
96992  24.744  -0.329  -31.944 0.0000000000
106521  20.733  8.510  -30.818 0.0000000000
105608  18.648  7.112  -30.395 0.0000000000
105606  21.148  7.567  -30.830 0.0000000000
104637  20.644  6.669  -30.823 0.0000000000
105605  22.298  7.649  -30.913 0.0000000000
105623  24.039  7.780  -33.444 0.0000000000
104676  23.986  6.774  -35.020 0.0000000000
103560  24.400  5.372  -34.120 0.0000000000
84822  18.501  -11.391  -29.695 0.0000000000
83737  18.444  -12.415  -29.715 0.0000000000
83736  19.232  -12.197  -29.916 0.0000000000
84862  22.726  -11.725  -32.079 0.0000000000
82645  22.328  -13.466  -31.743 0.0000000000
79339  16.502  -16.415  -28.086 0.0000000000
78161  17.959  -17.429  -28.897 0.0000000000
77036  19.080  -18.255  -29.368 0.0000000000
79354  18.545  -16.365  -29.494 0.0000000000
80446  18.959  -15.473  -29.704 0.0000000000
80462  19.439  -15.162  -30.164 0.0000000000
90286  15.322  -6.323  -27.659 0.0000000000
91461  15.497  -5.387  -28.420 0.0000000000
92604  16.276  -4.589  -29.731 0.0000000000
100150  17.122  1.543  -31.125 0.0000000000
98031  17.203  0.383  -30.905 0.0000000000
98009  19.063  0.350  -30.196 0.0000000000
97995  20.863  0.296  -29.190 0.0000000000
96952  22.705  -0.496  -29.347 0.0000000000
95890  24.400  -0.988  -29.431 0.0000000000
97992  23.883  0.708  -29.343 0.0000000000
99067  24.718  1.573  -30.592 0.0000000000
100163  24.800  2.466  -32.697 0.0000000000
106495  19.001  8.844  -28.445 0.0000000000
106505  18.873  9.044  -29.395 0.0000000000
107439  20.219  9.477  -30.991 0.0000000000
107449  20.393  9.738  -32.108 0.0000000000
86965  19.642  -9.521  -29.563 0.0000000000
84820  20.277  -11.185  -29.779 0.0000000000
84819  21.202  -10.999  -29.947 0.0000000000
85929  21.986  -11.048  -31.296 0.0000000000
101251  15.645  2.354  -30.011 0.0000000000
100133  17.408  2.402  -31.012 0.0000000000
101222  19.137  3.492  -29.951 0.0000000000
102353  21.084  4.691  -29.572 0.0000000000
77021  20.229  -18.114  -28.703 0.0000000000
90342  23.567  -6.346  -30.805 0.0000000000
88107  23.593  -7.965  -31.782 0.0000000000
83702  15.636  -12.158  -27.611 0.0000000000
83718  16.337  -12.238  -28.786 0.0000000000
84801  16.322  -11.389  -28.842 0.0000000000
85894  16.651  -10.856  -29.429 0.0000000000
85893  17.752  -10.401  -29.967 0.0000000000
88055  16.276  -8.014  -29.225 0.0000000000
88080  16.919  -8.466  -30.005 0.0000000000
86986  18.868  -9.501  -30.018 0.0000000000
88093  19.132  -8.642  -29.931 0.0000000000
89205  20.511  -7.409  -29.483 0.0000000000
89204  21.519  -7.312  -29.394 0.0000000000
93716  16.033  -3.019  -29.976 0.0000000000
93729  17.137  -3.366  -30.736 0.0000000000
96976  17.604  -1.136  -30.987 0.0000000000
94824  18.187  -2.548  -30.810 0.0000000000
92617  18.425  -4.256  -30.669 0.0000000000
92603  19.590  -4.441  -29.610 0.0000000000
91482  20.842  -5.546  -29.139 0.0000000000
90328  23.008  -6.367  -29.618 0.0000000000
91496  23.968  -5.447  -30.656 0.0000000000
92627  24.492  -4.350  -31.636 0.0000000000
95913  24.749  -1.322  -31.131 0.0000000000
103515  19.401  5.561  -30.576 0.0000000000
103500  20.683  5.517  -30.008 0.0000000000
103499  21.901  5.817  -29.649 0.0000000000
108305  19.872  10.305  -33.497 0.0000000000
108295  21.659  10.012  -33.083 0.0000000000
108309  22.788  9.760  -34.852 0.0000000000
107458  23.286  9.098  -32.630 0.0000000000
105615  23.167  7.654  -31.473 0.0000000000
104646  23.907  6.343  -31.448 0.0000000000
103512  24.507  5.102  -30.590 0.0000000000
102399  25.394  4.672  -31.754 0.0000000000
101281  24.613  3.427  -32.624 0.0000000000
101298  23.904  3.272  -34.652 0.0000000000
83738  17.625  -12.681  -29.431 0.0000000000
82608  19.287  -14.022  -29.951 0.0000000000
81514  20.453  -14.616  -30.518 0.0000000000
83756  20.826  -12.727  -30.614 0.0000000000
82629  20.704  -13.714  -30.604 0.0000000000
82576  15.770  -13.106  -27.308 0.0000000000
82575  16.101  -13.977  -27.748 0.0000000000
82590  16.437  -13.905  -28.389 0.0000000000
82612  16.359  -13.435  -28.589 0.0000000000
101220  21.506  3.617  -29.430 0.0000000000
100106  20.804  2.448  -29.402 0.0000000000
101219  22.600  3.656  -29.391 0.0000000000
88074  22.853  -7.890  -29.787 0.0000000000
86962  22.468  -8.708  -30.020 0.0000000000
88091  23.024  -8.320  -30.438 0.0000000000
77024  17.618  -18.377  -28.509 0.0000000000
77025  17.001  -18.449  -28.071 0.0000000000
75941  18.071  -19.241  -28.498 0.0000000000
75940  18.882  -19.099  -28.559 0.0000000000
79366  20.214  -16.194  -30.509 0.0000000000
79351  21.401  -16.455  -29.692 0.0000000000
80445  21.417  -16.059  -30.310 0.0000000000
86911  14.866  -8.971  -27.354 0.0000000000
88026  15.187  -8.339  -27.113 0.0000000000
91500  16.927  -5.503  -30.377 0.0000000000
90346  17.172  -6.381  -30.324 0.0000000000
91499  17.614  -5.309  -30.832 0.0000000000
96969  15.517  -0.553  -29.845 0.0000000000
98013  15.649  0.414  -30.110 0.0000000000
94812  21.715  -2.492  -29.163 0.0000000000
94811  22.908  -2.393  -29.178 0.0000000000
93696  23.421  -3.405  -29.325 0.0000000000
99118  24.399  1.291  -33.240 0.0000000000
98062  24.447  0.361  -32.695 0.0000000000
106520  21.567  8.251  -30.946 0.0000000000
106529  22.165  8.622  -31.313 0.0000000000
103572  24.315  5.757  -34.941 0.0000000000
84821  19.390  -11.305  -29.655 0.0000000000
83771  23.285  -12.440  -32.154 0.0000000000
83772  22.326  -12.706  -31.812 0.0000000000
80430  16.348  -15.526  -28.037 0.0000000000
79338  17.042  -16.736  -28.795 0.0000000000
79355  17.630  -16.327  -29.251 0.0000000000
78176  18.297  -16.898  -29.190 0.0000000000
79367  19.605  -15.776  -30.233 0.0000000000
81495  19.039  -14.560  -29.870 0.0000000000
92569  15.190  -4.148  -27.514 0.0000000000
92605  15.781  -4.558  -29.163 0.0000000000
99090  17.911  1.679  -31.248 0.0000000000
99070  17.927  1.034  -30.820 0.0000000000
99069  18.450  1.377  -30.560 0.0000000000
99044  20.927  0.887  -28.977 0.0000000000
96953  21.574  -0.602  -29.329 0.0000000000
97994  21.916  0.269  -29.270 0.0000000000
97993  22.982  0.368  -29.484 0.0000000000
101217  23.950  2.914  -30.180 0.0000000000
100102  24.219  2.243  -30.098 0.0000000000
100130  24.684  2.587  -30.928 0.0000000000
99089  24.801  2.042  -31.216 0.0000000000
100147  24.799  2.447  -31.862 0.0000000000
107424  19.703  9.733  -30.083 0.0000000000
108281  19.682  10.117  -31.742 0.0000000000
107440  19.787  10.031  -30.744 0.0000000000
85890  20.480  -10.282  -29.574 0.0000000000
85889  21.481  -10.066  -29.668 0.0000000000
85910  23.132  -10.114  -30.815 0.0000000000
85911  22.088  -10.626  -30.579 0.0000000000
85928  22.699  -10.833  -31.674 0.0000000000
100088  15.383  2.280  -28.798 0.0000000000
101226  15.709  2.573  -29.646 0.0000000000
101250  16.079  2.564  -30.236 0.0000000000
101249  16.762  2.941  -30.543 0.0000000000
102354  19.992  4.575  -30.167 0.0000000000
78175  18.894  -17.482  -29.371 0.0000000000
77035  19.621  -18.089  -29.409 0.0000000000
77034  20.110  -17.899  -29.411 0.0000000000
77020  21.159  -18.043  -28.306 0.0000000000
91507  23.801  -5.846  -31.516 0.0000000000
85838  15.234  -10.997  -26.889 0.0000000000
84786  15.488  -11.246  -27.753 0.0000000000
84802  15.955  -11.695  -28.275 0.0000000000
86969  16.152  -10.082  -29.058 0.0000000000
86968  16.923  -9.681  -29.539 0.0000000000
89162  15.315  -7.338  -27.863 0.0000000000
89183  15.536  -7.450  -28.970 0.0000000000
89220  17.342  -7.385  -30.430 0.0000000000
88095  17.615  -8.142  -30.405 0.0000000000
88079  17.585  -8.623  -30.195 0.0000000000
88094  18.249  -8.634  -30.270 0.0000000000
89218  18.831  -7.665  -29.901 0.0000000000
89206  19.595  -7.485  -29.612 0.0000000000
90330  21.083  -6.518  -29.030 0.0000000000
95908  15.567  -1.638  -29.969 0.0000000000
94816  15.576  -2.433  -29.109 0.0000000000
94826  16.174  -2.587  -30.258 0.0000000000
93715  16.440  -3.503  -30.245 0.0000000000
93714  16.841  -2.941  -30.566 0.0000000000
98010  18.284  0.312  -30.555 0.0000000000
96966  17.916  -0.656  -30.811 0.0000000000
94815  19.314  -2.849  -30.304 0.0000000000
94823  18.792  -2.640  -30.606 0.0000000000
93713  18.344  -3.416  -30.753 0.0000000000
93712  18.894  -3.525  -30.443 0.0000000000
92616  18.981  -4.411  -30.208 0.0000000000
91481  21.836  -5.527  -29.092 0.0000000000
90306  21.711  -6.061  -28.863 0.0000000000
91480  22.857  -5.481  -29.429 0.0000000000
91479  23.695  -5.573  -29.767 0.0000000000
92614  24.445  -4.415  -30.560 0.0000000000
93727  24.641  -3.456  -31.449 0.0000000000
96963  24.502  -0.013  -30.045 0.0000000000
95903  24.648  -1.192  -30.155 0.0000000000
105572  17.788  7.751  -29.206 0.0000000000
105609  17.941  6.748  -30.111 0.0000000000
104639  18.438  6.288  -30.377 0.0000000000
103516  18.760  5.707  -30.475 0.0000000000
104636  21.765  6.732  -30.461 0.0000000000
104621  21.010  6.285  -30.137 0.0000000000
103514  22.438  6.237  -30.283 0.0000000000
108312  19.637  10.585  -34.086 0.0000000000
108311  20.255  10.553  -34.495 0.0000000000
108304  21.021  9.919  -33.705 0.0000000000
108310  21.503  10.352  -34.560 0.0000000000
141023  22.918  9.560  -33.606 0.0000000000
141020  23.360  9.283  -33.089 0.0000000000
106537  23.221  8.592  -32.151 0.0000000000
106550  23.598  8.513  -32.949 0.0000000000
105622  24.456  7.018  -33.130 0.0000000000
105618  24.285  6.788  -32.616 0.0000000000
104650  24.255  6.431  -32.046 0.0000000000
103529  23.764  6.082  -31.076 0.0000000000
103528  24.445  5.680  -31.223 0.0000000000
103527  25.232  5.125  -30.753 0.0000000000
103539  24.836  5.486  -32.104 0.0000000000
103561  24.006  5.030  -34.825 0.0000000000
102410  24.516  4.417  -33.432 0.0000000000
102422  24.243  4.275  -34.387 0.0000000000
101290  24.351  3.382  -33.791 0.0000000000
83739  16.757  -12.905  -29.202 0.0000000000
83758  19.178  -13.078  -30.035 0.0000000000
82631  19.220  -13.609  -29.964 0.0000000000
81515  19.659  -14.589  -30.254 0.0000000000
82630  19.786  -13.795  -30.231 0.0000000000
84844  20.843  -11.743  -30.470 0.0000000000
84845  20.059  -12.018  -30.145 0.0000000000
82627  22.416  -13.946  -31.615 0.0000000000
82628  21.705  -13.541  -31.249 0.0000000000
81513  21.356  -14.577  -30.869 0.0000000000
81478  16.475  -14.784  -28.265 0.0000000000
81477  17.033  -14.992  -28.658 0.0000000000
80448  17.419  -15.421  -28.956 0.0000000000
81497  17.430  -14.601  -29.002 0.0000000000
100107  19.707  2.459  -29.632 0.0000000000
99068  19.232  1.384  -29.738 0.0000000000
99042  23.259  1.126  -29.584 0.0000000000
100104  23.000  2.686  -29.374 0.0000000000
101245  24.373  3.410  -30.558 0.0000000000
108251  19.646  10.680  -29.932 0.0000000000
108267  19.403  10.474  -30.811 0.0000000000
108282  19.076  10.332  -31.606 0.0000000000
108298  19.038  10.154  -32.081 0.0000000000
86963  21.673  -9.031  -29.613 0.0000000000
86984  22.992  -9.177  -30.571 0.0000000000
85909  23.317  -9.370  -31.251 0.0000000000
78145  16.362  -17.069  -27.515 0.0000000000
78146  15.995  -17.431  -27.007 0.0000000000
74842  18.788  -20.352  -27.808 0.0000000000
75925  19.333  -19.508  -27.973 0.0000000000
79353  19.518  -16.495  -29.804 0.0000000000
85858  15.288  -10.240  -27.628 0.0000000000
86929  15.051  -9.492  -27.735 0.0000000000
86951  14.991  -9.245  -28.013 0.0000000000
88056  15.774  -8.492  -28.486 0.0000000000
90334  15.821  -6.363  -29.443 0.0000000000
89208  16.051  -6.978  -29.556 0.0000000000
90333  16.512  -6.336  -29.868 0.0000000000
90344  18.667  -6.460  -30.149 0.0000000000
90343  19.308  -6.102  -29.644 0.0000000000
96979  15.863  -0.967  -30.330 0.0000000000
95916  16.222  -1.380  -30.421 0.0000000000
96955  19.627  -0.676  -29.939 0.0000000000
95894  20.119  -1.644  -29.568 0.0000000000
94814  19.812  -2.657  -29.783 0.0000000000
93699  20.157  -3.530  -29.484 0.0000000000
93698  21.107  -3.508  -29.201 0.0000000000
92599  23.806  -4.473  -29.733 0.0000000000
93695  24.458  -3.340  -29.723 0.0000000000
94822  24.887  -2.331  -30.200 0.0000000000
98029  25.119  0.700  -31.264 0.0000000000
96975  25.035  -0.160  -30.885 0.0000000000
98049  24.837  0.615  -31.986 0.0000000000
97006  24.310  -0.559  -33.032 0.0000000000
105587  19.402  8.363  -30.170 0.0000000000
105607  19.813  7.677  -30.632 0.0000000000
141017  23.483  8.224  -35.195 0.0000000000
141016  24.162  7.680  -34.334 0.0000000000
105632  24.481  7.186  -33.806 0.0000000000
104664  24.725  6.362  -33.714 0.0000000000
103549  24.634  5.421  -33.118 0.0000000000
104675  24.556  6.234  -34.500 0.0000000000
84823  17.613  -11.615  -29.587 0.0000000000
84863  22.141  -11.683  -31.486 0.0000000000
83755  21.538  -12.307  -31.116 0.0000000000
79319  16.283  -16.394  -27.441 0.0000000000
78160  18.460  -17.775  -29.148 0.0000000000
80461  20.040  -15.345  -30.518 0.0000000000
91485  15.768  -5.459  -29.264 0.0000000000
92619  16.770  -4.534  -30.500 0.0000000000
99071  16.534  1.003  -30.686 0.0000000000
98032  16.726  0.276  -30.868 0.0000000000
99091  17.441  1.199  -30.997 0.0000000000
97996  19.924  0.352  -29.647 0.0000000000
96954  20.532  -0.636  -29.465 0.0000000000
95891  23.451  -1.301  -29.276 0.0000000000
96951  23.913  -0.185  -29.222 0.0000000000
98008  24.382  0.622  -29.489 0.0000000000
99041  23.939  1.321  -29.414 0.0000000000
97991  24.124  0.987  -29.410 0.0000000000
98006  24.899  0.842  -30.704 0.0000000000
99088  25.001  1.520  -31.506 0.0000000000
100146  25.143  1.835  -32.053 0.0000000000
100176  24.932  1.958  -33.031 0.0000000000
106504  19.287  8.909  -30.006 0.0000000000
107423  19.773  9.225  -30.317 0.0000000000
106522  19.969  8.714  -30.293 0.0000000000
107438  20.986  9.099  -31.048 0.0000000000
107448  21.385  9.264  -31.712 0.0000000000
86966  19.196  -9.979  -29.737 0.0000000000
85891  19.601  -10.461  -29.612 0.0000000000
99072  15.962  1.298  -30.254 0.0000000000
100134  16.668  1.901  -30.774 0.0000000000
100148  17.767  2.111  -31.395 0.0000000000
100132  18.111  2.339  -30.983 0.0000000000
101248  17.641  3.076  -30.580 0.0000000000
101247  18.377  3.027  -30.436 0.0000000000
77022  19.376  -18.621  -28.860 0.0000000000
89201  23.387  -6.893  -30.315 0.0000000000
88090  23.121  -7.779  -31.111 0.0000000000
89227  23.367  -7.189  -31.758 0.0000000000
83703  15.313  -11.920  -27.181 0.0000000000
83719  16.098  -12.437  -28.289 0.0000000000
83740  16.214  -13.016  -28.790 0.0000000000
85878  15.860  -10.718  -28.487 0.0000000000
85877  16.288  -10.892  -28.902 0.0000000000
85913  18.274  -10.121  -30.141 0.0000000000
88037  15.315  -8.188  -27.964 0.0000000000
89182  16.080  -7.435  -29.429 0.0000000000
86967  17.621  -9.230  -29.977 0.0000000000
86987  18.193  -9.657  -30.215 0.0000000000
85912  18.495  -9.928  -30.108 0.0000000000
88092  19.468  -8.952  -29.727 0.0000000000
88077  19.892  -8.461  -29.525 0.0000000000
88078  19.328  -8.068  -29.722 0.0000000000
88076  21.041  -8.275  -29.374 0.0000000000
89203  22.490  -7.217  -29.490 0.0000000000
93683  15.343  -3.308  -28.276 0.0000000000
93702  15.749  -3.490  -29.402 0.0000000000
93730  16.800  -3.872  -30.676 0.0000000000
92629  17.394  -4.300  -30.978 0.0000000000
96977  17.170  -0.630  -31.070 0.0000000000
95914  17.433  -1.617  -30.766 0.0000000000
95904  18.525  -1.668  -30.724 0.0000000000
95905  17.903  -1.683  -30.862 0.0000000000
94834  17.638  -2.499  -30.761 0.0000000000
93728  17.811  -3.377  -30.929 0.0000000000
92628  18.033  -4.123  -31.099 0.0000000000
91509  17.800  -4.635  -31.076 0.0000000000
91497  19.052  -5.345  -29.857 0.0000000000
91483  19.799  -5.389  -29.369 0.0000000000
92602  20.477  -4.484  -29.325 0.0000000000
90307  21.542  -6.277  -28.899 0.0000000000
90329  22.022  -6.369  -29.188 0.0000000000
89202  23.214  -7.100  -29.797 0.0000000000
90327  23.662  -6.362  -30.001 0.0000000000
92615  24.038  -5.003  -30.121 0.0000000000
91495  24.316  -4.859  -31.103 0.0000000000
91506  24.279  -5.153  -31.637 0.0000000000
94833  24.802  -2.428  -31.292 0.0000000000
105589  17.905  7.356  -29.790 0.0000000000
102373  18.835  5.167  -30.358 0.0000000000
102372  19.436  5.061  -30.342 0.0000000000
104622  20.358  5.881  -30.757 0.0000000000
103501  19.979  5.393  -30.468 0.0000000000
109095  19.000  10.474  -32.878 0.0000000000
109108  19.289  10.438  -33.069 0.0000000000
108306  19.370  10.692  -33.846 0.0000000000
107461  20.364  9.774  -32.940 0.0000000000
107460  21.204  9.673  -32.689 0.0000000000
107447  22.193  9.130  -31.830 0.0000000000
108303  22.148  10.094  -33.662 0.0000000000
107459  22.467  9.517  -32.573 0.0000000000
106528  22.770  8.367  -31.634 0.0000000000
105616  22.585  8.036  -31.364 0.0000000000
105604  22.991  7.253  -30.892 0.0000000000
105619  23.870  7.466  -32.439 0.0000000000
104651  23.785  6.945  -31.654 0.0000000000
104647  23.484  6.741  -30.971 0.0000000000
103513  23.284  5.653  -30.442 0.0000000000
102351  23.187  4.630  -29.560 0.0000000000
102371  23.913  4.556  -30.250 0.0000000000
102370  24.686  4.416  -30.679 0.0000000000
101266  25.406  4.182  -31.567 0.0000000000
102400  24.886  4.578  -32.517 0.0000000000
101280  25.283  4.033  -32.064 0.0000000000
100177  24.530  2.420  -33.363 0.0000000000
100186  24.054  2.474  -34.093 0.0000000000
102434  22.740  4.134  -35.641 0.0000000000
101299  22.992  3.194  -35.165 0.0000000000
100187  23.320  2.295  -34.622 0.0000000000
82610  17.546  -13.670  -29.283 0.0000000000
82609  18.584  -13.566  -29.698 0.0000000000
80460  21.059  -15.584  -30.726 0.0000000000
86999  23.511  -8.828  -31.922 0.0000000000
75943  16.789  -18.836  -27.858 0.0000000000
78159  20.799  -17.573  -28.737 0.0000000000
84766  15.350  -11.131  -26.626 0.0000000000
85895  16.248  -10.631  -28.952 0.0000000000
86930  14.883  -9.086  -27.634 0.0000000000
86985  19.281  -9.162  -29.871 0.0000000000
88027  14.952  -8.806  -27.230 0.0000000000
88038  14.994  -8.707  -27.539 0.0000000000
89217  23.302  -7.050  -30.973 0.0000000000
91459  21.639  -5.822  -28.867 0.0000000000
91460  21.405  -5.956  -28.781 0.0000000000
91508  18.117  -4.752  -31.020 0.0000000000
91516  23.813  -6.153  -31.938 0.0000000000
92630  16.952  -4.033  -30.893 0.0000000000
93701  16.151  -4.021  -29.585 0.0000000000
94825  16.647  -2.489  -30.477 0.0000000000
94827  15.748  -2.538  -29.933 0.0000000000
94835  17.127  -2.405  -30.625 0.0000000000
95907  15.946  -1.941  -30.263 0.0000000000
95915  16.806  -1.552  -30.615 0.0000000000
95917  15.889  -1.458  -30.246 0.0000000000
96950  24.625  -0.053  -29.484 0.0000000000
96956  15.436  -0.423  -28.912 0.0000000000
96964  24.486  0.283  -29.314 0.0000000000
96967  17.439  -0.129  -30.799 0.0000000000
96968  15.815  -0.268  -30.435 0.0000000000
96974  25.043  0.429  -30.832 0.0000000000
98007  24.594  0.901  -29.958 0.0000000000
98011  17.661  0.381  -30.734 0.0000000000
98012  16.141  0.361  -30.571 0.0000000000
98030  24.997  0.205  -31.508 0.0000000000
99040  24.303  1.325  -29.567 0.0000000000
99066  25.032  1.148  -31.012 0.0000000000
99092  16.949  1.081  -30.983 0.0000000000
99103  24.949  1.334  -32.324 0.0000000000
99104  24.632  0.908  -32.553 0.0000000000
99117  24.868  1.628  -32.794 0.0000000000
99129  24.250  1.930  -33.765 0.0000000000
100110  15.317  1.926  -29.650 0.0000000000
100135  15.807  2.088  -30.291 0.0000000000
100149  17.413  1.838  -31.277 0.0000000000
100162  25.104  1.964  -32.516 0.0000000000
101246  24.131  3.981  -30.370 0.0000000000
102369  25.199  4.763  -30.734 0.0000000000
102374  18.425  5.343  -30.232 0.0000000000
102386  25.447  4.479  -31.004 0.0000000000
102387  24.876  3.978  -30.906 0.0000000000
103498  22.669  5.278  -29.553 0.0000000000
103511  25.006  4.902  -30.640 0.0000000000
103538  25.400  5.223  -31.294 0.0000000000
104623  19.838  5.758  -30.722 0.0000000000
104665  24.473  6.876  -34.312 0.0000000000
106538  22.598  8.879  -31.894 0.0000000000
107472  20.873  9.729  -33.197 0.0000000000
107473  20.532  9.862  -33.357 0.0000000000
108296  21.232  9.796  -33.181 0.0000000000
