#!ascii label  , from subject 3955 vox2ras=TkReg
1067
117969  48.896  30.175  22.855 0.0000000000
121582  46.691  35.663  22.269 0.0000000000
115215  55.679  26.673  24.261 0.0000000000
115885  45.441  27.295  25.675 0.0000000000
113890  47.348  24.435  24.968 0.0000000000
117350  51.556  28.816  16.457 0.0000000000
123410  43.938  38.415  26.508 0.0000000000
125211  45.643  41.547  21.884 0.0000000000
111729  55.524  21.870  27.406 0.0000000000
111049  52.677  19.574  18.699 0.0000000000
120215  53.668  33.956  19.309 0.0000000000
117251  54.256  29.306  23.202 0.0000000000
120163  54.223  34.256  25.529 0.0000000000
117931  52.010  30.737  27.747 0.0000000000
125266  48.381  41.378  17.124 0.0000000000
120250  45.841  33.711  17.486 0.0000000000
112508  50.448  22.496  21.638 0.0000000000
117231  47.357  28.957  24.088 0.0000000000
114553  46.432  25.616  25.885 0.0000000000
115897  48.533  27.807  24.809 0.0000000000
118044  49.978  29.867  19.948 0.0000000000
117277  47.386  29.423  21.693 0.0000000000
125152  46.945  41.647  27.381 0.0000000000
110950  53.668  20.840  27.441 0.0000000000
110213  52.597  19.716  23.872 0.0000000000
110203  50.397  19.720  25.064 0.0000000000
122290  48.015  36.381  12.697 0.0000000000
121603  51.351  35.743  20.517 0.0000000000
120918  54.549  35.268  21.924 0.0000000000
121564  50.949  35.755  23.169 0.0000000000
122181  51.184  37.388  30.373 0.0000000000
120122  52.329  34.405  28.648 0.0000000000
119379  49.830  33.350  29.459 0.0000000000
115840  50.286  27.547  28.152 0.0000000000
122840  42.587  37.546  21.353 0.0000000000
123430  43.386  38.517  19.121 0.0000000000
120937  45.761  34.807  20.067 0.0000000000
120230  50.255  33.906  18.327 0.0000000000
116559  55.379  28.429  22.414 0.0000000000
114569  52.714  25.510  23.225 0.0000000000
113912  54.095  24.298  21.502 0.0000000000
113185  45.195  23.399  25.112 0.0000000000
112498  45.292  22.537  22.557 0.0000000000
117369  49.924  29.073  13.874 0.0000000000
116621  48.308  27.673  15.413 0.0000000000
122234  42.859  36.203  23.735 0.0000000000
120893  47.149  34.352  24.521 0.0000000000
128234  47.587  47.088  24.403 0.0000000000
126503  49.274  44.148  22.309 0.0000000000
124595  44.418  40.705  23.865 0.0000000000
113877  55.458  24.456  25.440 0.0000000000
112519  54.561  21.911  20.864 0.0000000000
111008  54.695  19.786  22.254 0.0000000000
109503  51.752  18.115  19.794 0.0000000000
118730  51.355  31.938  21.015 0.0000000000
117966  51.449  30.759  23.572 0.0000000000
120194  54.126  33.397  21.741 0.0000000000
119422  55.514  31.958  23.116 0.0000000000
117937  55.426  30.829  25.163 0.0000000000
120862  52.001  35.353  26.740 0.0000000000
119402  54.137  32.751  27.153 0.0000000000
116500  54.814  28.677  26.895 0.0000000000
115183  54.262  26.529  27.833 0.0000000000
113138  53.653  23.161  28.549 0.0000000000
124043  50.173  40.304  15.344 0.0000000000
122269  46.469  36.854  14.482 0.0000000000
123449  45.225  37.921  16.986 0.0000000000
119514  46.079  32.973  15.193 0.0000000000
118798  50.257  31.716  15.774 0.0000000000
118075  52.653  30.948  18.214 0.0000000000
115218  50.904  26.515  24.479 0.0000000000
112479  49.163  23.283  23.156 0.0000000000
111788  46.597  22.211  20.864 0.0000000000
111800  51.682  21.581  19.918 0.0000000000
117254  48.744  29.619  23.512 0.0000000000
115898  48.038  28.021  24.818 0.0000000000
117229  49.006  29.067  24.208 0.0000000000
118024  49.931  30.469  20.702 0.0000000000
117285  48.401  29.572  20.747 0.0000000000
117276  48.230  29.682  21.877 0.0000000000
117268  47.510  29.449  22.656 0.0000000000
110952  51.750  20.457  27.792 0.0000000000
110979  52.105  20.459  25.644 0.0000000000
110968  50.850  20.629  26.687 0.0000000000
111777  42.652  22.399  21.711 0.0000000000
121592  48.664  35.531  21.510 0.0000000000
121590  50.792  35.931  21.384 0.0000000000
121566  48.899  35.487  22.966 0.0000000000
121491  50.733  36.040  31.655 0.0000000000
120804  51.399  35.506  30.293 0.0000000000
121596  44.913  35.842  21.670 0.0000000000
122252  43.260  36.392  20.330 0.0000000000
121607  47.133  35.217  20.830 0.0000000000
120934  48.517  34.825  20.162 0.0000000000
115902  55.740  27.713  22.605 0.0000000000
114575  54.527  25.621  21.997 0.0000000000
114567  55.473  25.816  22.608 0.0000000000
115871  43.580  26.908  26.344 0.0000000000
115198  44.892  26.056  26.379 0.0000000000
114552  47.317  25.633  25.527 0.0000000000
113881  45.514  24.232  25.775 0.0000000000
113183  46.667  23.955  24.891 0.0000000000
112483  44.542  22.663  23.507 0.0000000000
112465  47.232  23.411  24.078 0.0000000000
116617  51.451  28.897  15.148 0.0000000000
115940  50.699  27.401  14.457 0.0000000000
116603  50.078  28.115  16.023 0.0000000000
116552  45.580  28.593  24.393 0.0000000000
116534  44.106  28.090  25.385 0.0000000000
122231  42.516  36.629  24.634 0.0000000000
121557  43.559  35.126  24.935 0.0000000000
121547  42.898  35.880  26.660 0.0000000000
124559  45.572  39.831  26.719 0.0000000000
125179  45.747  41.450  25.547 0.0000000000
124573  44.242  40.009  25.109 0.0000000000
123418  42.560  38.330  23.954 0.0000000000
112451  55.719  22.593  26.175 0.0000000000
111757  55.608  21.906  24.447 0.0000000000
111758  55.474  21.164  24.763 0.0000000000
110237  51.213  18.529  22.832 0.0000000000
109478  52.398  18.472  21.469 0.0000000000
109504  50.627  17.696  20.281 0.0000000000
119445  52.916  33.109  19.883 0.0000000000
119433  52.069  32.474  22.058 0.0000000000
120210  53.580  33.788  20.278 0.0000000000
120886  54.644  34.533  23.712 0.0000000000
120903  54.923  34.527  22.630 0.0000000000
120178  54.770  33.587  24.567 0.0000000000
118697  55.604  30.978  24.235 0.0000000000
119419  54.902  32.489  25.185 0.0000000000
120165  48.380  33.943  26.378 0.0000000000
120875  49.431  34.208  25.915 0.0000000000
120864  49.776  34.643  27.106 0.0000000000
119405  51.405  32.304  28.237 0.0000000000
120134  52.561  34.054  28.420 0.0000000000
118691  52.583  31.855  27.696 0.0000000000
117929  54.033  30.542  27.356 0.0000000000
117191  53.493  29.597  27.450 0.0000000000
115851  54.634  27.564  27.337 0.0000000000
116502  53.009  28.616  27.565 0.0000000000
115170  49.849  26.499  28.398 0.0000000000
114518  51.475  25.500  28.185 0.0000000000
124630  49.319  40.914  16.147 0.0000000000
123457  48.310  38.938  15.216 0.0000000000
124045  47.735  39.288  15.929 0.0000000000
125840  47.769  42.905  22.329 0.0000000000
125862  47.682  43.000  21.254 0.0000000000
125864  46.192  41.930  20.399 0.0000000000
122259  43.524  36.400  17.951 0.0000000000
123434  44.345  38.511  18.167 0.0000000000
121628  44.256  35.884  16.971 0.0000000000
120970  44.864  34.892  16.020 0.0000000000
119503  46.686  32.681  16.137 0.0000000000
118800  48.478  31.776  15.866 0.0000000000
119501  48.910  32.203  16.401 0.0000000000
120228  52.591  33.717  17.864 0.0000000000
119484  52.004  32.492  17.228 0.0000000000
119458  53.154  32.659  18.909 0.0000000000
118765  52.036  31.251  19.316 0.0000000000
117945  52.787  29.922  24.049 0.0000000000
116546  51.267  28.360  24.519 0.0000000000
116545  52.400  28.308  24.234 0.0000000000
113200  51.749  23.903  22.682 0.0000000000
113898  51.700  24.656  23.306 0.0000000000
112494  49.788  22.868  22.445 0.0000000000
112495  48.655  22.743  22.560 0.0000000000
112509  49.287  22.398  21.697 0.0000000000
111021  54.283  20.610  19.863 0.0000000000
111798  53.877  21.535  19.944 0.0000000000
111815  52.208  21.043  19.234 0.0000000000
116532  45.981  28.028  25.120 0.0000000000
115210  45.748  26.260  25.991 0.0000000000
115884  46.432  27.262  25.500 0.0000000000
115208  47.885  26.457  25.220 0.0000000000
115207  48.750  26.439  24.979 0.0000000000
117312  50.776  29.238  18.308 0.0000000000
116562  46.277  28.872  23.903 0.0000000000
111742  54.511  21.104  27.138 0.0000000000
110977  54.050  20.686  25.286 0.0000000000
110978  53.109  20.436  25.528 0.0000000000
110214  51.620  19.540  24.125 0.0000000000
120942  52.718  35.158  19.117 0.0000000000
120929  54.551  35.044  20.175 0.0000000000
121588  53.157  36.204  21.089 0.0000000000
121576  52.595  36.342  22.185 0.0000000000
120888  53.194  35.632  24.220 0.0000000000
121517  50.127  36.734  29.195 0.0000000000
120841  49.859  35.645  28.245 0.0000000000
121531  51.853  36.462  28.895 0.0000000000
120124  50.636  33.870  29.292 0.0000000000
118681  50.562  31.717  28.274 0.0000000000
116504  51.204  28.559  27.749 0.0000000000
117925  49.602  30.546  28.326 0.0000000000
117187  48.789  29.408  28.599 0.0000000000
115837  48.212  27.314  29.209 0.0000000000
125902  49.377  43.076  18.187 0.0000000000
124603  43.909  40.174  21.275 0.0000000000
124605  44.544  40.649  20.746 0.0000000000
124013  42.880  38.934  20.322 0.0000000000
122256  43.142  36.540  19.132 0.0000000000
120955  45.467  34.260  18.732 0.0000000000
119472  48.177  33.051  17.712 0.0000000000
120218  48.405  33.939  18.874 0.0000000000
120944  50.178  34.515  19.027 0.0000000000
116560  54.782  28.362  22.377 0.0000000000
115904  53.854  27.571  22.982 0.0000000000
115226  54.271  26.736  22.281 0.0000000000
113896  53.540  25.069  22.402 0.0000000000
112491  52.802  23.386  21.732 0.0000000000
110272  50.631  18.827  17.263 0.0000000000
111051  51.175  19.683  17.937 0.0000000000
113174  43.312  23.274  25.942 0.0000000000
114544  45.379  25.406  26.243 0.0000000000
113159  44.656  23.935  25.971 0.0000000000
112468  43.788  22.813  24.468 0.0000000000
112484  43.347  22.754  23.353 0.0000000000
112499  44.111  22.631  22.335 0.0000000000
112514  44.203  22.500  21.424 0.0000000000
115967  50.212  27.351  12.911 0.0000000000
115955  49.350  26.474  14.104 0.0000000000
121584  44.748  35.805  22.756 0.0000000000
121568  46.584  35.384  23.102 0.0000000000
120911  45.395  34.721  24.031 0.0000000000
120878  45.780  34.151  25.292 0.0000000000
120137  47.070  33.772  27.565 0.0000000000
120825  47.475  34.795  29.207 0.0000000000
122183  49.497  37.076  30.414 0.0000000000
127704  48.963  45.945  23.610 0.0000000000
126483  48.320  43.651  23.961 0.0000000000
125809  46.944  42.583  23.926 0.0000000000
125203  44.988  41.170  23.413 0.0000000000
124006  43.298  39.666  22.834 0.0000000000
122240  42.642  36.803  22.758 0.0000000000
114550  55.455  25.579  24.909 0.0000000000
113196  55.212  23.807  22.674 0.0000000000
112489  55.263  22.912  23.147 0.0000000000
111007  54.974  20.540  21.805 0.0000000000
110252  54.038  19.231  19.725 0.0000000000
110223  53.842  19.535  22.613 0.0000000000
110245  53.356  18.657  21.053 0.0000000000
109517  52.487  18.641  18.881 0.0000000000
118717  50.251  31.151  22.316 0.0000000000
117967  50.374  30.432  23.445 0.0000000000
118716  51.365  31.942  22.109 0.0000000000
118708  52.223  31.750  22.924 0.0000000000
118707  53.405  31.548  23.160 0.0000000000
120923  54.821  34.285  21.430 0.0000000000
119430  55.169  33.023  21.960 0.0000000000
117963  54.796  30.444  22.818 0.0000000000
117962  55.375  30.427  22.930 0.0000000000
117223  55.779  29.424  23.935 0.0000000000
116530  55.783  28.548  24.365 0.0000000000
120908  48.640  34.993  23.710 0.0000000000
120890  50.965  35.210  24.303 0.0000000000
120860  53.619  34.848  26.131 0.0000000000
120851  52.103  35.748  27.834 0.0000000000
120849  53.494  34.745  27.234 0.0000000000
120147  54.094  33.811  26.650 0.0000000000
118689  54.547  31.537  26.850 0.0000000000
117196  55.309  29.367  26.122 0.0000000000
115880  55.692  27.600  24.907 0.0000000000
115195  55.461  26.450  26.697 0.0000000000
114531  55.477  25.791  27.212 0.0000000000
113149  55.624  23.220  27.682 0.0000000000
115185  51.836  26.982  27.876 0.0000000000
113858  54.113  24.593  28.107 0.0000000000
113137  54.668  22.962  28.508 0.0000000000
112424  53.925  22.055  28.883 0.0000000000
123475  49.571  38.337  14.216 0.0000000000
122886  47.201  37.025  13.816 0.0000000000
121648  46.080  35.351  13.687 0.0000000000
124610  44.867  40.497  19.423 0.0000000000
124027  46.439  39.930  17.501 0.0000000000
122863  45.974  37.341  15.640 0.0000000000
120979  45.442  35.046  14.717 0.0000000000
118820  46.393  31.925  14.014 0.0000000000
118110  48.110  30.387  14.465 0.0000000000
118097  50.506  30.555  14.906 0.0000000000
118095  51.827  30.267  15.795 0.0000000000
119485  50.666  32.450  16.731 0.0000000000
118790  51.568  31.846  16.613 0.0000000000
117329  51.989  29.535  17.053 0.0000000000
118060  52.124  30.656  18.699 0.0000000000
118747  50.820  31.128  20.515 0.0000000000
117228  49.882  29.110  24.332 0.0000000000
115895  50.487  27.458  24.666 0.0000000000
114562  49.257  25.493  24.634 0.0000000000
115217  51.974  26.586  24.063 0.0000000000
113888  49.686  24.660  24.078 0.0000000000
113181  48.964  24.207  24.033 0.0000000000
112480  47.989  23.267  23.513 0.0000000000
112512  45.988  22.407  21.706 0.0000000000
113197  54.923  23.773  21.841 0.0000000000
112522  52.262  22.174  20.602 0.0000000000
111784  51.077  22.093  20.737 0.0000000000
111037  49.464  20.635  18.218 0.0000000000
111785  49.922  21.948  20.877 0.0000000000
110204  49.493  19.407  25.231 0.0000000000
109471  49.402  17.622  24.101 0.0000000000
117968  49.483  30.253  23.206 0.0000000000
118006  49.448  30.570  21.685 0.0000000000
118007  48.972  30.072  21.315 0.0000000000
117988  48.823  30.204  22.152 0.0000000000
117267  48.310  29.743  22.756 0.0000000000
121593  47.715  35.495  21.513 0.0000000000
121579  49.270  35.669  22.236 0.0000000000
121580  48.262  35.624  22.215 0.0000000000
121595  45.883  35.588  21.517 0.0000000000
121594  46.826  35.546  21.499 0.0000000000
121606  48.085  35.198  20.851 0.0000000000
115224  55.745  26.772  23.058 0.0000000000
115886  44.432  27.351  25.866 0.0000000000
115870  44.368  26.647  26.313 0.0000000000
115211  44.974  26.720  26.054 0.0000000000
113879  47.673  25.049  25.167 0.0000000000
113891  46.853  24.323  25.171 0.0000000000
112466  46.194  23.240  24.299 0.0000000000
116601  51.556  28.797  15.596 0.0000000000
116602  51.059  28.248  15.796 0.0000000000
116588  50.663  28.535  16.706 0.0000000000
116533  45.045  28.049  25.262 0.0000000000
123411  43.145  37.875  25.981 0.0000000000
122228  42.592  36.413  25.344 0.0000000000
122825  43.158  37.404  26.607 0.0000000000
123994  44.924  39.508  26.355 0.0000000000
124572  44.988  40.275  25.763 0.0000000000
123414  43.655  38.775  25.667 0.0000000000
123415  43.035  38.317  25.233 0.0000000000
112442  55.675  22.540  27.100 0.0000000000
111748  55.704  21.848  25.497 0.0000000000
111749  55.343  21.267  25.810 0.0000000000
109479  51.442  18.213  21.942 0.0000000000
119435  52.800  33.162  20.913 0.0000000000
120179  54.317  34.575  24.623 0.0000000000
120150  47.725  33.816  26.970 0.0000000000
120164  49.092  34.287  26.695 0.0000000000
120865  49.412  34.741  27.455 0.0000000000
118692  51.743  31.766  28.002 0.0000000000
117930  53.004  30.679  27.488 0.0000000000
117192  52.435  29.640  27.549 0.0000000000
114520  49.429  25.533  28.761 0.0000000000
125250  48.709  41.770  17.419 0.0000000000
125249  49.558  42.170  17.070 0.0000000000
125265  49.037  41.443  16.836 0.0000000000
124036  48.562  40.416  16.259 0.0000000000
124037  47.911  40.035  16.387 0.0000000000
125821  46.277  42.013  22.375 0.0000000000
125841  46.946  42.492  21.824 0.0000000000
125842  46.228  42.021  21.362 0.0000000000
120961  44.038  35.249  17.898 0.0000000000
121625  43.968  35.642  17.546 0.0000000000
120251  45.116  34.192  17.404 0.0000000000
120265  44.909  34.427  16.624 0.0000000000
120263  46.310  33.316  16.931 0.0000000000
119502  47.887  32.273  16.481 0.0000000000
119488  47.387  32.861  17.258 0.0000000000
120227  53.341  33.712  18.430 0.0000000000
117944  53.486  29.615  23.746 0.0000000000
117225  52.971  29.104  24.054 0.0000000000
117224  53.547  29.119  23.667 0.0000000000
112493  50.956  23.281  22.415 0.0000000000
111033  53.788  20.334  19.447 0.0000000000
111022  53.488  20.880  19.528 0.0000000000
111034  52.926  20.328  18.992 0.0000000000
116551  46.533  28.649  24.389 0.0000000000
116531  46.837  28.012  25.075 0.0000000000
115882  48.535  27.087  24.994 0.0000000000
117296  50.332  29.574  19.192 0.0000000000
117313  49.669  29.005  18.588 0.0000000000
117256  46.819  29.124  23.547 0.0000000000
111731  54.260  21.131  28.125 0.0000000000
110965  53.832  20.873  26.344 0.0000000000
110966  52.938  20.530  26.564 0.0000000000
110980  51.074  20.401  25.712 0.0000000000
110992  51.340  19.978  24.899 0.0000000000
110215  50.704  19.304  24.347 0.0000000000
110226  50.979  18.910  23.616 0.0000000000
110227  50.216  18.542  23.953 0.0000000000
122893  49.001  37.071  13.046 0.0000000000
122289  49.687  36.447  12.510 0.0000000000
120931  51.909  35.443  19.741 0.0000000000
121615  53.092  35.719  19.651 0.0000000000
121602  52.546  35.924  20.253 0.0000000000
121577  51.393  36.228  22.232 0.0000000000
121563  52.048  36.189  23.127 0.0000000000
121553  52.991  35.887  23.769 0.0000000000
121555  51.743  35.708  23.784 0.0000000000
122194  50.527  37.008  29.491 0.0000000000
122204  51.321  36.732  28.990 0.0000000000
121516  51.825  36.401  29.882 0.0000000000
120117  50.332  34.076  29.706 0.0000000000
120823  51.082  34.836  29.995 0.0000000000
119390  50.184  33.043  29.049 0.0000000000
117924  50.471  30.288  28.087 0.0000000000
118682  49.436  31.646  28.543 0.0000000000
117921  48.163  30.146  29.126 0.0000000000
117182  48.104  29.351  29.093 0.0000000000
116498  48.695  28.047  28.644 0.0000000000
117183  47.556  29.305  29.665 0.0000000000
124010  42.821  38.999  21.308 0.0000000000
124012  43.364  39.605  20.730 0.0000000000
123425  42.607  38.258  20.880 0.0000000000
121609  45.000  35.379  20.416 0.0000000000
121617  43.845  35.756  19.756 0.0000000000
120949  45.169  34.655  19.398 0.0000000000
121616  44.382  35.100  19.184 0.0000000000
120948  46.080  34.316  19.356 0.0000000000
120219  47.447  33.895  18.964 0.0000000000
120947  47.021  34.300  19.563 0.0000000000
120933  49.577  35.057  19.941 0.0000000000
120932  50.759  35.218  19.829 0.0000000000
120943  51.439  34.888  19.097 0.0000000000
116569  55.188  28.161  22.066 0.0000000000
115910  55.097  27.786  21.887 0.0000000000
113913  53.862  24.294  21.576 0.0000000000
113199  52.992  23.789  22.083 0.0000000000
113205  53.658  23.854  21.471 0.0000000000
113161  43.072  23.542  26.326 0.0000000000
115197  45.349  25.908  26.253 0.0000000000
114554  45.898  25.601  26.067 0.0000000000
113882  45.094  24.064  25.857 0.0000000000
113172  44.921  23.637  25.583 0.0000000000
112453  44.222  23.133  25.257 0.0000000000
112482  45.724  22.749  23.546 0.0000000000
117370  48.679  29.523  13.904 0.0000000000
116634  50.179  28.462  13.524 0.0000000000
116620  49.481  27.596  15.397 0.0000000000
115942  48.882  27.114  14.721 0.0000000000
115943  47.869  27.175  14.763 0.0000000000
121585  43.788  36.024  23.052 0.0000000000
121569  45.540  35.301  23.340 0.0000000000
121570  44.372  35.208  23.917 0.0000000000
120879  44.990  34.312  25.352 0.0000000000
120151  46.681  33.564  26.780 0.0000000000
121519  48.055  35.416  29.656 0.0000000000
128250  48.476  46.767  23.028 0.0000000000
128233  48.412  46.799  24.186 0.0000000000
126469  48.867  44.229  24.577 0.0000000000
125819  47.750  42.946  23.403 0.0000000000
125180  44.997  40.908  25.194 0.0000000000
125189  44.954  41.164  24.496 0.0000000000
125188  45.552  41.687  24.051 0.0000000000
124599  44.469  40.652  22.851 0.0000000000
124596  43.888  40.193  23.333 0.0000000000
122235  42.549  36.668  23.718 0.0000000000
122833  42.437  37.501  23.318 0.0000000000
122239  42.993  36.249  23.225 0.0000000000
122243  43.227  36.411  22.358 0.0000000000
113885  55.445  24.639  24.249 0.0000000000
113179  55.452  23.591  24.769 0.0000000000
111767  55.450  21.239  23.654 0.0000000000
111766  55.405  22.097  23.422 0.0000000000
110233  54.601  19.746  21.243 0.0000000000
110990  53.329  20.231  24.533 0.0000000000
110989  54.306  20.357  24.276 0.0000000000
111000  53.597  19.886  23.574 0.0000000000
110235  53.142  18.957  22.035 0.0000000000
109488  52.539  18.389  20.446 0.0000000000
110253  53.406  18.630  20.025 0.0000000000
109518  51.977  18.232  18.848 0.0000000000
109534  51.400  18.214  17.908 0.0000000000
109519  51.120  17.811  18.912 0.0000000000
118731  50.630  31.400  21.419 0.0000000000
119432  53.041  32.752  22.091 0.0000000000
118715  52.130  32.273  22.351 0.0000000000
119428  53.171  32.121  22.759 0.0000000000
119427  54.046  32.285  22.687 0.0000000000
121587  54.294  35.835  20.842 0.0000000000
120924  54.668  34.775  21.123 0.0000000000
120917  54.946  34.430  21.789 0.0000000000
120186  55.229  33.530  23.216 0.0000000000
120192  55.219  33.618  22.155 0.0000000000
119426  55.326  32.379  22.541 0.0000000000
118706  54.516  31.437  22.858 0.0000000000
118705  55.308  31.310  22.708 0.0000000000
118701  55.565  31.345  23.366 0.0000000000
117936  55.686  30.160  24.585 0.0000000000
117943  55.665  30.320  23.619 0.0000000000
117207  55.666  29.319  25.099 0.0000000000
120909  47.461  34.900  23.741 0.0000000000
120892  48.381  34.410  24.599 0.0000000000
120874  50.894  34.742  25.671 0.0000000000
120873  52.031  35.236  25.557 0.0000000000
120861  52.948  35.397  26.534 0.0000000000
120840  51.276  35.822  28.531 0.0000000000
120852  51.130  35.565  27.850 0.0000000000
120839  52.255  36.027  29.120 0.0000000000
119403  53.178  32.985  27.691 0.0000000000
120133  53.066  34.398  28.257 0.0000000000
120132  53.621  33.788  27.470 0.0000000000
119413  54.513  32.538  26.397 0.0000000000
119401  54.425  32.283  26.867 0.0000000000
117189  54.850  29.434  26.801 0.0000000000
117928  54.776  30.169  26.814 0.0000000000
116515  55.235  28.389  26.283 0.0000000000
116514  55.545  28.551  25.512 0.0000000000
115868  55.409  27.508  26.099 0.0000000000
115205  55.521  26.540  25.547 0.0000000000
115869  55.032  27.845  26.688 0.0000000000
115182  55.138  26.487  27.338 0.0000000000
114532  55.013  25.616  27.895 0.0000000000
113856  55.522  24.508  27.440 0.0000000000
113857  54.791  24.658  28.171 0.0000000000
116496  50.472  28.719  27.961 0.0000000000
115854  51.567  27.862  27.779 0.0000000000
115186  51.103  27.375  27.964 0.0000000000
113843  51.978  24.515  28.298 0.0000000000
114517  52.565  25.499  28.112 0.0000000000
113842  53.287  24.463  28.286 0.0000000000
113841  54.342  23.910  28.290 0.0000000000
112423  55.009  22.250  28.537 0.0000000000
124640  50.230  41.143  15.634 0.0000000000
125960  50.502  42.225  15.224 0.0000000000
124639  51.017  41.026  15.085 0.0000000000
124051  50.035  39.541  14.952 0.0000000000
123469  47.207  38.107  15.137 0.0000000000
123468  47.769  38.311  14.812 0.0000000000
122873  46.947  37.503  14.615 0.0000000000
122277  46.705  36.400  13.720 0.0000000000
122278  46.090  35.928  14.160 0.0000000000
124017  43.689  39.392  19.556 0.0000000000
125223  45.092  41.123  20.370 0.0000000000
124016  44.364  39.837  19.319 0.0000000000
123439  44.729  37.973  17.445 0.0000000000
124029  44.990  38.792  17.859 0.0000000000
124028  45.771  39.496  17.763 0.0000000000
124039  46.064  38.761  16.982 0.0000000000
123447  46.446  38.481  16.363 0.0000000000
123448  45.718  37.986  16.513 0.0000000000
120280  45.625  33.566  15.481 0.0000000000
120980  45.271  34.735  15.138 0.0000000000
120293  45.665  33.434  14.679 0.0000000000
119524  46.059  32.588  14.207 0.0000000000
119513  46.542  32.294  14.904 0.0000000000
118818  47.452  31.095  14.766 0.0000000000
118812  47.176  31.780  15.232 0.0000000000
118799  49.414  31.755  15.806 0.0000000000
118810  49.058  31.197  15.389 0.0000000000
118809  49.959  31.225  15.297 0.0000000000
118096  51.276  30.249  15.154 0.0000000000
118807  51.424  30.955  15.609 0.0000000000
120231  48.973  33.465  18.178 0.0000000000
120247  48.971  32.934  17.510 0.0000000000
120246  49.884  33.113  17.520 0.0000000000
119483  52.633  31.959  17.383 0.0000000000
118789  52.276  31.379  17.008 0.0000000000
118088  52.145  30.344  16.615 0.0000000000
118076  52.442  30.471  17.619 0.0000000000
117311  51.817  29.624  18.064 0.0000000000
118746  51.666  31.700  20.147 0.0000000000
118766  51.362  31.156  19.905 0.0000000000
118748  50.307  31.015  21.031 0.0000000000
117947  50.958  30.055  23.927 0.0000000000
117252  50.346  29.724  24.008 0.0000000000
115219  49.575  26.488  24.806 0.0000000000
114561  50.276  25.594  24.383 0.0000000000
115227  53.213  26.584  23.148 0.0000000000
115216  52.599  26.641  23.675 0.0000000000
114559  52.329  26.041  23.658 0.0000000000
113899  50.433  24.393  23.620 0.0000000000
113887  50.787  24.972  23.879 0.0000000000
113900  49.928  24.331  23.772 0.0000000000
113192  48.652  23.674  23.728 0.0000000000
113193  48.187  23.577  23.820 0.0000000000
112511  47.061  22.397  21.739 0.0000000000
112496  47.525  22.637  22.632 0.0000000000
112513  44.971  22.464  21.606 0.0000000000
111789  45.578  22.298  20.837 0.0000000000
112490  55.148  22.846  22.292 0.0000000000
112504  54.746  22.615  21.278 0.0000000000
111799  52.843  21.401  19.818 0.0000000000
112521  53.381  22.225  20.467 0.0000000000
111052  50.004  19.595  17.303 0.0000000000
111036  50.604  20.464  18.373 0.0000000000
116550  47.570  28.391  24.666 0.0000000000
117230  48.141  29.022  24.153 0.0000000000
116549  48.423  28.439  24.545 0.0000000000
116548  49.234  28.382  24.566 0.0000000000
117284  49.322  29.798  20.365 0.0000000000
118025  49.151  29.944  20.783 0.0000000000
117255  47.799  29.341  23.468 0.0000000000
110951  52.797  20.469  27.679 0.0000000000
110967  51.924  20.608  26.660 0.0000000000
121604  50.187  35.529  20.643 0.0000000000
121591  49.700  35.651  21.465 0.0000000000
121578  50.316  35.831  22.243 0.0000000000
121565  49.908  35.574  22.968 0.0000000000
122169  51.193  37.593  31.446 0.0000000000
121502  51.280  36.540  30.890 0.0000000000
121503  50.866  35.575  30.905 0.0000000000
120118  49.484  33.626  29.983 0.0000000000
122248  43.322  36.442  21.370 0.0000000000
122249  42.811  36.910  20.875 0.0000000000
121610  44.045  36.010  20.917 0.0000000000
120936  46.584  34.719  20.182 0.0000000000
120935  47.527  34.716  20.244 0.0000000000
121605  49.087  35.358  20.748 0.0000000000
115909  55.364  27.648  22.016 0.0000000000
115231  55.467  26.816  22.185 0.0000000000
114574  55.048  25.803  22.000 0.0000000000
113905  54.537  24.662  21.891 0.0000000000
114543  46.033  25.125  26.011 0.0000000000
113880  46.535  24.636  25.582 0.0000000000
113171  45.946  24.016  25.379 0.0000000000
113184  45.652  23.546  25.002 0.0000000000
112467  45.002  23.094  24.691 0.0000000000
117368  50.845  29.071  14.313 0.0000000000
115953  50.819  27.332  13.943 0.0000000000
116618  51.161  28.181  14.700 0.0000000000
116619  50.529  27.670  15.208 0.0000000000
116553  44.621  28.509  24.703 0.0000000000
116554  43.701  28.540  24.938 0.0000000000
115887  43.488  27.646  25.847 0.0000000000
121572  42.749  36.209  24.134 0.0000000000
121571  43.264  35.808  23.938 0.0000000000
121558  42.783  35.903  24.741 0.0000000000
121551  42.810  35.767  25.667 0.0000000000
125168  46.404  41.056  26.788 0.0000000000
125167  46.631  41.830  26.440 0.0000000000
124571  45.790  40.564  26.434 0.0000000000
124585  44.521  40.594  24.824 0.0000000000
124002  43.381  39.681  23.854 0.0000000000
124000  43.063  39.058  24.427 0.0000000000
122830  42.437  37.467  24.409 0.0000000000
113169  55.613  23.453  25.826 0.0000000000
112463  55.653  22.654  25.162 0.0000000000
110988  55.119  20.546  24.004 0.0000000000
110225  51.877  19.177  23.285 0.0000000000
110224  52.859  19.376  22.947 0.0000000000
110236  52.154  18.785  22.416 0.0000000000
109489  51.613  18.047  20.905 0.0000000000
119446  52.163  32.466  20.508 0.0000000000
119436  52.040  32.548  21.462 0.0000000000
120202  53.679  33.615  21.190 0.0000000000
120904  54.179  35.533  23.071 0.0000000000
119423  55.424  32.331  23.817 0.0000000000
118698  55.353  31.627  24.703 0.0000000000
120876  47.894  33.970  25.417 0.0000000000
120863  50.932  34.934  26.895 0.0000000000
119388  51.966  33.655  28.436 0.0000000000
119404  52.223  33.209  28.200 0.0000000000
118690  53.615  31.726  27.475 0.0000000000
117190  54.393  29.513  27.226 0.0000000000
115196  55.205  27.175  26.883 0.0000000000
116501  54.066  28.618  27.559 0.0000000000
115852  53.598  27.583  27.778 0.0000000000
115169  50.989  26.517  28.126 0.0000000000
125938  50.222  42.768  16.341 0.0000000000
125264  49.953  41.724  16.221 0.0000000000
124641  49.685  40.578  15.673 0.0000000000
124052  49.173  39.152  14.921 0.0000000000
124044  48.978  39.915  15.631 0.0000000000
123458  47.457  38.563  15.481 0.0000000000
123459  46.709  38.052  15.580 0.0000000000
126504  48.478  43.529  22.881 0.0000000000
126524  48.485  43.519  21.772 0.0000000000
125863  46.889  42.490  20.765 0.0000000000
122848  43.361  37.169  18.345 0.0000000000
124022  43.917  38.806  18.766 0.0000000000
122852  44.137  37.291  17.563 0.0000000000
122261  44.546  36.402  16.743 0.0000000000
122265  45.017  36.361  16.154 0.0000000000
121627  44.628  35.635  16.434 0.0000000000
120281  45.181  34.157  15.777 0.0000000000
119504  45.992  33.212  15.810 0.0000000000
118801  47.633  31.926  15.830 0.0000000000
119500  49.854  32.192  16.249 0.0000000000
120229  51.497  33.929  17.931 0.0000000000
120245  51.050  33.259  17.488 0.0000000000
119471  52.490  33.042  17.547 0.0000000000
119470  53.087  32.556  17.729 0.0000000000
118779  52.692  31.472  18.529 0.0000000000
118764  52.664  31.867  19.088 0.0000000000
119459  52.434  32.192  19.628 0.0000000000
117946  51.773  30.023  24.054 0.0000000000
117226  52.011  29.191  24.317 0.0000000000
115894  51.661  27.434  24.390 0.0000000000
113908  51.988  24.284  22.885 0.0000000000
113189  51.428  24.114  23.020 0.0000000000
113190  50.885  23.837  23.046 0.0000000000
112478  50.189  23.416  22.939 0.0000000000
112510  48.162  22.320  21.757 0.0000000000
111787  47.666  22.067  20.887 0.0000000000
111797  54.430  21.376  20.516 0.0000000000
112520  54.241  22.181  20.504 0.0000000000
111814  52.770  20.959  19.319 0.0000000000
115209  46.929  26.463  25.647 0.0000000000
115883  47.604  27.442  25.133 0.0000000000
114551  48.204  25.635  25.010 0.0000000000
113878  48.094  25.187  24.946 0.0000000000
117330  51.241  28.989  17.397 0.0000000000
117297  49.161  29.358  19.631 0.0000000000
117269  46.590  29.344  22.619 0.0000000000
117257  45.821  28.954  23.610 0.0000000000
125153  46.519  41.006  27.806 0.0000000000
124558  46.138  40.341  27.274 0.0000000000
123984  45.237  39.095  26.954 0.0000000000
111741  55.208  21.359  26.822 0.0000000000
111750  54.727  20.940  26.105 0.0000000000
110991  52.328  20.123  24.738 0.0000000000
120941  53.635  34.781  18.947 0.0000000000
120940  54.298  34.911  19.356 0.0000000000
121614  53.664  35.578  19.324 0.0000000000
121601  53.629  36.174  19.999 0.0000000000
121589  51.944  36.270  21.233 0.0000000000
121575  53.765  36.058  22.170 0.0000000000
121562  53.228  36.058  23.249 0.0000000000
120905  53.651  35.628  23.668 0.0000000000
120871  53.749  35.042  25.040 0.0000000000
121533  49.378  35.841  28.733 0.0000000000
120822  51.802  35.140  29.530 0.0000000000
120123  51.386  34.464  29.169 0.0000000000
119389  51.408  33.278  28.524 0.0000000000
118693  51.202  31.658  28.135 0.0000000000
117932  51.175  30.951  27.967 0.0000000000
117193  51.249  29.622  27.779 0.0000000000
117185  50.494  29.508  27.998 0.0000000000
117186  49.866  29.467  28.200 0.0000000000
116497  49.526  28.415  28.288 0.0000000000
115841  49.287  27.366  28.473 0.0000000000
115842  48.711  27.287  28.757 0.0000000000
115171  48.847  26.472  28.874 0.0000000000
125922  49.058  42.419  17.872 0.0000000000
124602  44.489  40.649  21.828 0.0000000000
125215  45.048  41.129  21.361 0.0000000000
124018  43.070  38.654  19.666 0.0000000000
122843  42.642  37.554  20.469 0.0000000000
122845  42.766  37.569  19.713 0.0000000000
122849  43.028  37.519  19.013 0.0000000000
121621  43.797  35.537  18.505 0.0000000000
120956  44.716  34.575  18.373 0.0000000000
120234  46.115  33.849  18.396 0.0000000000
120248  47.250  33.253  17.892 0.0000000000
120232  47.807  33.448  18.286 0.0000000000
120217  49.423  34.095  18.753 0.0000000000
120945  48.983  34.454  19.406 0.0000000000
120216  49.925  34.190  18.703 0.0000000000
120954  50.454  34.290  18.624 0.0000000000
120952  52.061  34.495  18.411 0.0000000000
120951  52.938  34.399  18.503 0.0000000000
116544  53.457  28.375  23.574 0.0000000000
116561  54.174  28.408  23.038 0.0000000000
115232  54.895  26.808  21.766 0.0000000000
115233  54.378  26.081  22.065 0.0000000000
113897  53.067  24.919  22.766 0.0000000000
113907  52.559  24.331  22.657 0.0000000000
112492  52.165  23.341  21.932 0.0000000000
112507  51.635  22.717  21.439 0.0000000000
110271  51.764  19.019  17.913 0.0000000000
112455  41.808  22.851  25.294 0.0000000000
113870  44.862  24.369  26.133 0.0000000000
113869  45.742  24.748  25.981 0.0000000000
113160  44.188  23.841  26.127 0.0000000000
113173  43.799  23.370  25.835 0.0000000000
112454  43.070  23.053  25.545 0.0000000000
112469  42.562  22.803  24.326 0.0000000000
112500  42.978  22.787  22.365 0.0000000000
115954  50.299  26.668  14.042 0.0000000000
115267  49.701  26.031  13.441 0.0000000000
116589  49.561  28.482  16.890 0.0000000000
116604  48.937  28.136  16.152 0.0000000000
121583  45.732  35.677  22.450 0.0000000000
121567  47.699  35.452  22.880 0.0000000000
120910  46.371  34.802  23.825 0.0000000000
120894  46.103  34.363  24.569 0.0000000000
121556  44.076  34.984  24.515 0.0000000000
120895  45.242  34.435  24.693 0.0000000000
120877  46.729  33.989  25.272 0.0000000000
120166  47.278  33.692  26.090 0.0000000000
120843  47.873  34.622  28.375 0.0000000000
120824  48.480  35.328  28.979 0.0000000000
121518  49.248  36.449  29.523 0.0000000000
122182  50.306  37.435  30.308 0.0000000000
127119  49.520  45.094  22.952 0.0000000000
127099  49.229  45.005  24.171 0.0000000000
126482  49.029  44.243  23.493 0.0000000000
125820  46.971  42.504  22.871 0.0000000000
125178  46.406  42.006  25.852 0.0000000000
125810  46.244  42.096  23.432 0.0000000000
125202  45.641  41.565  22.914 0.0000000000
124600  43.873  40.189  22.321 0.0000000000
124007  42.784  39.038  22.328 0.0000000000
124003  42.811  39.075  23.379 0.0000000000
123420  42.506  38.305  22.845 0.0000000000
122837  42.522  37.530  22.306 0.0000000000
121597  44.018  36.163  22.016 0.0000000000
114558  55.605  25.724  23.647 0.0000000000
113188  55.340  23.737  23.669 0.0000000000
111775  55.268  22.349  22.792 0.0000000000
112476  55.414  22.777  24.121 0.0000000000
111776  55.236  21.659  22.387 0.0000000000
111783  54.745  21.424  21.288 0.0000000000
111015  54.617  20.552  20.837 0.0000000000
110251  54.207  19.934  19.661 0.0000000000
110262  53.717  19.821  19.352 0.0000000000
110976  54.981  20.643  25.086 0.0000000000
110999  54.575  19.984  23.288 0.0000000000
110234  54.030  19.221  21.647 0.0000000000
110244  54.133  19.062  20.657 0.0000000000
110263  53.084  19.117  19.048 0.0000000000
109532  52.545  18.868  18.701 0.0000000000
109533  52.151  18.640  18.405 0.0000000000
117987  49.488  30.589  22.457 0.0000000000
117986  49.955  30.708  22.906 0.0000000000
118709  50.938  31.252  22.968 0.0000000000
117965  52.571  30.818  23.678 0.0000000000
117964  53.766  30.494  23.467 0.0000000000
120209  54.253  34.254  20.623 0.0000000000
120193  54.871  33.435  21.712 0.0000000000
119431  54.519  32.882  22.080 0.0000000000
117250  55.118  29.468  22.578 0.0000000000
117249  55.588  29.474  23.015 0.0000000000
116543  55.805  28.590  23.224 0.0000000000
115891  55.819  27.684  23.670 0.0000000000
120907  49.735  35.219  23.675 0.0000000000
120891  49.697  34.650  24.599 0.0000000000
120889  52.250  35.495  24.517 0.0000000000
120872  53.017  35.443  25.397 0.0000000000
120853  50.115  35.249  27.799 0.0000000000
120838  52.794  35.339  28.546 0.0000000000
120850  52.958  35.488  27.663 0.0000000000
120162  54.455  33.320  25.827 0.0000000000
118695  54.975  31.590  25.755 0.0000000000
117934  55.135  30.588  26.077 0.0000000000
117208  55.520  30.054  25.452 0.0000000000
117195  55.515  29.082  25.595 0.0000000000
114542  55.526  25.362  26.285 0.0000000000
113867  55.600  24.217  26.403 0.0000000000
113158  55.675  23.399  26.807 0.0000000000
116503  51.973  28.651  27.630 0.0000000000
115853  52.482  27.671  27.723 0.0000000000
115184  52.926  26.386  27.917 0.0000000000
115168  52.035  26.144  28.001 0.0000000000
114534  53.144  25.649  28.066 0.0000000000
114533  53.861  25.385  27.975 0.0000000000
113840  55.211  23.704  28.242 0.0000000000
112434  55.594  22.422  27.850 0.0000000000
111717  55.334  21.922  28.130 0.0000000000
111718  54.625  21.648  28.448 0.0000000000
110934  53.494  20.689  28.539 0.0000000000
122884  49.309  37.808  13.793 0.0000000000
123467  48.839  38.432  14.471 0.0000000000
122885  47.954  37.284  13.601 0.0000000000
121647  46.591  35.488  13.220 0.0000000000
121004  46.138  34.339  13.088 0.0000000000
119535  46.117  32.690  13.326 0.0000000000
125923  48.232  42.051  17.920 0.0000000000
125251  47.779  41.370  17.483 0.0000000000
125214  45.599  41.567  20.910 0.0000000000
125222  45.601  41.470  20.044 0.0000000000
124021  44.695  39.503  18.646 0.0000000000
124621  46.924  40.627  17.566 0.0000000000
124620  47.570  40.946  17.293 0.0000000000
124038  46.875  39.482  16.861 0.0000000000
124046  47.056  38.745  16.077 0.0000000000
122862  46.537  37.627  15.289 0.0000000000
122864  45.365  36.848  15.995 0.0000000000
121630  45.591  35.831  15.112 0.0000000000
122270  46.074  36.387  14.782 0.0000000000
120991  45.503  34.604  14.214 0.0000000000
120305  45.681  33.516  13.784 0.0000000000
118826  46.505  31.432  13.709 0.0000000000
118111  47.309  30.716  14.236 0.0000000000
118109  49.245  30.052  14.431 0.0000000000
118811  48.067  31.212  15.287 0.0000000000
118098  49.649  30.643  14.878 0.0000000000
118108  50.217  29.884  14.511 0.0000000000
117361  51.309  29.271  14.864 0.0000000000
117360  51.650  29.468  15.414 0.0000000000
117349  51.962  29.464  16.125 0.0000000000
119487  48.444  32.596  17.088 0.0000000000
119486  49.444  32.595  16.909 0.0000000000
119499  50.449  32.031  16.172 0.0000000000
118797  51.026  31.679  16.000 0.0000000000
118796  51.769  31.106  16.230 0.0000000000
118061  51.250  29.877  18.811 0.0000000000
118043  51.017  30.528  19.668 0.0000000000
118042  51.745  30.789  19.236 0.0000000000
118023  50.583  30.694  20.303 0.0000000000
118732  50.003  30.962  21.521 0.0000000000
117253  49.638  29.693  23.796 0.0000000000
117227  50.910  29.285  24.344 0.0000000000
116547  50.189  28.367  24.605 0.0000000000
115896  49.372  27.503  24.806 0.0000000000
115206  49.130  26.599  24.928 0.0000000000
115220  48.894  25.907  24.876 0.0000000000
113889  48.429  24.872  24.674 0.0000000000
115893  52.899  27.372  23.704 0.0000000000
113886  51.281  25.060  23.734 0.0000000000
114560  51.408  25.586  23.948 0.0000000000
113182  47.924  23.834  24.221 0.0000000000
112481  46.851  22.936  23.460 0.0000000000
112497  46.409  22.585  22.611 0.0000000000
113904  55.095  24.801  22.301 0.0000000000
113204  54.368  23.760  21.324 0.0000000000
112505  53.957  23.100  20.722 0.0000000000
112506  52.916  22.982  21.282 0.0000000000
111035  51.737  20.453  18.603 0.0000000000
111816  51.140  21.089  19.182 0.0000000000
111817  50.006  21.147  19.140 0.0000000000
111801  50.537  21.576  19.988 0.0000000000
111786  48.779  22.034  20.870 0.0000000000
110981  50.072  20.155  25.813 0.0000000000
110217  49.143  18.536  24.871 0.0000000000
110216  49.864  18.993  24.563 0.0000000000
109461  49.578  18.172  24.287 0.0000000000
109502  52.564  18.502  19.493 0.0000000000
110243  54.450  19.797  20.301 0.0000000000
110261  54.010  20.079  19.474 0.0000000000
110270  52.427  19.141  18.492 0.0000000000
110998  55.206  20.502  22.893 0.0000000000
111023  53.024  20.919  19.389 0.0000000000
111032  54.131  20.257  19.598 0.0000000000
111050  52.156  19.714  18.384 0.0000000000
111730  55.046  21.397  27.764 0.0000000000
111740  55.630  21.865  26.497 0.0000000000
112422  55.380  22.332  28.216 0.0000000000
112443  42.805  23.198  26.038 0.0000000000
112452  44.717  23.263  25.197 0.0000000000
112464  47.717  23.488  23.941 0.0000000000
112477  50.660  23.497  22.801 0.0000000000
113136  55.353  22.804  28.252 0.0000000000
113170  46.387  24.183  25.308 0.0000000000
113180  49.441  24.272  23.904 0.0000000000
113191  49.701  23.979  23.607 0.0000000000
113198  53.500  24.110  21.808 0.0000000000
113201  51.178  23.659  22.716 0.0000000000
113206  53.120  23.482  21.632 0.0000000000
113868  46.112  24.825  25.899 0.0000000000
113895  55.455  24.759  23.120 0.0000000000
113906  53.719  24.678  22.004 0.0000000000
114516  53.216  25.262  28.136 0.0000000000
114563  48.686  25.480  24.797 0.0000000000
114568  53.651  25.646  22.441 0.0000000000
114570  52.034  25.429  23.576 0.0000000000
114576  54.126  25.522  22.075 0.0000000000
115167  52.501  26.012  28.012 0.0000000000
115181  55.433  26.247  27.135 0.0000000000
115225  54.672  27.019  21.894 0.0000000000
115266  50.311  26.579  13.371 0.0000000000
115276  50.261  26.589  12.863 0.0000000000
115855  50.903  27.999  27.888 0.0000000000
115881  49.075  26.841  24.957 0.0000000000
115892  53.396  27.778  23.417 0.0000000000
115903  54.670  27.405  22.061 0.0000000000
115905  53.319  27.177  23.265 0.0000000000
115939  50.956  27.623  14.333 0.0000000000
115941  49.956  27.074  14.690 0.0000000000
115966  50.490  27.197  13.250 0.0000000000
115978  50.310  26.939  12.818 0.0000000000
116493  48.099  28.563  29.091 0.0000000000
116563  46.048  28.762  24.048 0.0000000000
116568  55.304  27.981  22.019 0.0000000000
116633  50.700  28.137  13.630 0.0000000000
116642  50.379  27.648  13.256 0.0000000000
117378  49.842  28.569  13.499 0.0000000000
118059  52.534  31.010  18.464 0.0000000000
118099  48.816  30.681  14.936 0.0000000000
118107  50.876  29.813  14.736 0.0000000000
118702  55.575  31.576  24.019 0.0000000000
118710  50.344  30.924  22.946 0.0000000000
118718  49.734  30.893  22.003 0.0000000000
118780  52.330  31.104  18.844 0.0000000000
118788  52.831  31.417  17.694 0.0000000000
118808  50.794  31.155  15.340 0.0000000000
118819  46.804  31.493  14.355 0.0000000000
118827  46.298  31.948  13.440 0.0000000000
119380  49.081  32.959  29.735 0.0000000000
119414  54.282  33.094  26.721 0.0000000000
119425  55.453  31.764  22.909 0.0000000000
119473  47.630  33.157  17.793 0.0000000000
119489  46.725  33.040  16.999 0.0000000000
119523  46.442  32.097  14.362 0.0000000000
120116  51.263  34.561  29.491 0.0000000000
120121  52.841  34.811  28.673 0.0000000000
120135  48.578  34.488  27.543 0.0000000000
120146  54.337  33.206  26.448 0.0000000000
120148  49.189  34.418  26.972 0.0000000000
120149  48.776  34.369  27.170 0.0000000000
120152  45.707  33.695  26.688 0.0000000000
120167  46.241  33.750  25.962 0.0000000000
120200  55.004  33.941  21.605 0.0000000000
120201  54.521  33.953  21.317 0.0000000000
120214  54.150  34.427  19.888 0.0000000000
120220  46.691  33.960  18.954 0.0000000000
120233  46.951  33.562  18.395 0.0000000000
120235  45.424  34.098  18.077 0.0000000000
120244  51.969  33.324  17.551 0.0000000000
120249  46.622  33.345  17.635 0.0000000000
120264  45.652  33.619  16.456 0.0000000000
120294  45.370  34.009  15.030 0.0000000000
120306  45.405  33.954  14.459 0.0000000000
120842  48.810  35.155  28.337 0.0000000000
120880  44.374  34.509  25.576 0.0000000000
120887  54.002  35.221  24.091 0.0000000000
120896  44.389  34.680  24.780 0.0000000000
120897  44.011  34.727  25.259 0.0000000000
120906  50.375  35.433  23.526 0.0000000000
120912  44.834  34.703  24.308 0.0000000000
120930  52.594  35.591  19.673 0.0000000000
120946  47.963  34.294  19.585 0.0000000000
120953  50.969  34.394  18.524 0.0000000000
120957  44.178  35.023  18.143 0.0000000000
120960  44.401  34.887  17.445 0.0000000000
120963  44.533  35.000  16.679 0.0000000000
120992  45.375  34.316  14.706 0.0000000000
121532  50.555  36.532  28.797 0.0000000000
121550  43.316  35.231  26.167 0.0000000000
121554  52.567  35.852  23.788 0.0000000000
121561  53.746  35.950  22.838 0.0000000000
121581  47.430  35.678  22.087 0.0000000000
121600  54.259  35.643  19.695 0.0000000000
121608  46.174  35.205  20.777 0.0000000000
121613  54.107  35.348  19.162 0.0000000000
121620  44.231  35.046  18.546 0.0000000000
121624  44.320  35.388  17.005 0.0000000000
121631  45.159  35.595  15.619 0.0000000000
121635  45.716  35.499  14.523 0.0000000000
121636  45.446  35.333  15.032 0.0000000000
121663  46.367  35.039  13.138 0.0000000000
122193  51.418  36.886  29.381 0.0000000000
122195  49.891  37.095  29.850 0.0000000000
122205  51.039  36.848  29.099 0.0000000000
122225  42.704  36.564  26.177 0.0000000000
122244  42.760  36.875  21.815 0.0000000000
122253  42.811  36.965  19.984 0.0000000000
122257  42.855  37.125  19.444 0.0000000000
122262  44.103  36.407  17.282 0.0000000000
122264  45.506  36.400  15.535 0.0000000000
122276  47.444  36.759  13.474 0.0000000000
122291  47.111  35.718  12.926 0.0000000000
122827  42.631  37.276  25.519 0.0000000000
122851  44.633  37.502  17.243 0.0000000000
122854  45.561  37.536  16.276 0.0000000000
122855  45.014  37.278  16.681 0.0000000000
122856  44.447  36.838  17.070 0.0000000000
122871  48.762  38.067  14.157 0.0000000000
122872  48.209  37.962  14.192 0.0000000000
122874  46.352  37.024  14.882 0.0000000000
122892  50.217  37.089  13.009 0.0000000000
123423  42.567  38.280  21.829 0.0000000000
123427  42.687  38.200  20.042 0.0000000000
123431  42.975  38.100  19.402 0.0000000000
123435  43.618  38.016  18.420 0.0000000000
123436  43.199  38.059  18.962 0.0000000000
123438  45.420  38.481  17.267 0.0000000000
123440  44.179  37.960  17.879 0.0000000000
123460  46.200  37.971  16.023 0.0000000000
123466  49.807  38.798  14.523 0.0000000000
123985  44.616  39.015  26.481 0.0000000000
123995  44.197  39.321  25.735 0.0000000000
123996  43.496  39.027  25.183 0.0000000000
123999  43.676  39.582  24.794 0.0000000000
124009  43.305  39.639  21.800 0.0000000000
124042  50.700  40.651  15.212 0.0000000000
124586  43.968  40.175  24.309 0.0000000000
124606  44.024  40.125  20.201 0.0000000000
124611  44.229  39.963  19.629 0.0000000000
124629  49.849  41.298  15.968 0.0000000000
124631  48.061  40.847  16.846 0.0000000000
124632  47.421  40.244  16.905 0.0000000000
125212  45.040  41.123  22.374 0.0000000000
125232  45.237  41.113  19.746 0.0000000000
125252  47.188  41.256  17.875 0.0000000000
125278  50.600  41.798  15.400 0.0000000000
125279  50.372  41.755  15.775 0.0000000000
128235  47.008  46.859  24.313 0.0000000000
