#!ascii label  , from subject 3955 vox2ras=TkReg
1280
66900  27.025  -24.897  68.710 0.0000000000
66784  38.243  -24.860  77.722 0.0000000000
78181  42.608  -14.809  47.678 0.0000000000
70106  38.081  -21.266  62.444 0.0000000000
69032  45.921  -22.120  68.024 0.0000000000
87253  52.679  -6.731  36.558 0.0000000000
76988  44.167  -16.115  52.249 0.0000000000
73568  39.144  -18.902  53.462 0.0000000000
61114  23.502  -29.032  70.153 0.0000000000
62179  30.990  -26.687  74.055 0.0000000000
62219  35.264  -28.386  71.198 0.0000000000
64507  30.310  -26.635  66.454 0.0000000000
82914  47.601  -10.937  42.110 0.0000000000
67945  31.259  -23.623  73.935 0.0000000000
68986  25.577  -22.380  73.533 0.0000000000
79375  48.045  -13.217  46.114 0.0000000000
64402  24.254  -26.469  75.694 0.0000000000
59951  19.351  -29.931  77.103 0.0000000000
75828  39.525  -17.252  59.038 0.0000000000
71239  42.215  -20.809  65.297 0.0000000000
65700  43.875  -25.600  66.021 0.0000000000
66881  39.976  -25.008  69.422 0.0000000000
75866  43.795  -17.369  54.456 0.0000000000
74724  41.147  -17.942  52.870 0.0000000000
73552  41.320  -18.407  54.991 0.0000000000
76980  46.789  -15.854  53.591 0.0000000000
64533  25.459  -26.689  65.962 0.0000000000
61145  23.681  -28.919  67.121 0.0000000000
64472  24.464  -26.830  68.771 0.0000000000
65623  29.063  -26.024  71.838 0.0000000000
64447  30.917  -26.407  70.148 0.0000000000
65709  28.736  -25.576  67.461 0.0000000000
64550  27.326  -26.733  64.584 0.0000000000
78201  42.938  -14.569  45.629 0.0000000000
78158  46.309  -14.464  49.420 0.0000000000
78188  45.663  -13.723  46.621 0.0000000000
79382  45.848  -13.149  44.883 0.0000000000
71146  25.176  -20.815  75.585 0.0000000000
67935  23.506  -22.990  74.235 0.0000000000
68954  23.024  -22.421  77.113 0.0000000000
63211  21.959  -27.285  81.215 0.0000000000
62147  21.666  -27.887  78.885 0.0000000000
59942  19.090  -29.951  80.025 0.0000000000
58861  17.914  -32.187  80.733 0.0000000000
58828  18.425  -31.971  83.403 0.0000000000
74610  42.853  -17.457  67.928 0.0000000000
71223  44.837  -20.772  66.752 0.0000000000
69047  44.137  -22.473  65.356 0.0000000000
66923  45.075  -23.979  66.848 0.0000000000
63322  34.563  -27.464  68.500 0.0000000000
65636  37.715  -25.803  71.162 0.0000000000
65686  36.418  -25.499  67.687 0.0000000000
65704  38.793  -25.529  67.013 0.0000000000
73516  37.373  -18.475  60.746 0.0000000000
72356  36.420  -19.702  57.955 0.0000000000
69088  36.501  -22.585  59.446 0.0000000000
88243  55.329  -5.993  34.945 0.0000000000
87263  53.450  -7.053  34.813 0.0000000000
77006  43.236  -15.528  50.197 0.0000000000
75888  41.120  -16.871  51.071 0.0000000000
78145  45.894  -15.055  51.583 0.0000000000
63251  33.348  -26.892  75.902 0.0000000000
64419  35.915  -27.093  74.097 0.0000000000
59983  32.998  -30.066  72.473 0.0000000000
62243  33.170  -28.027  68.503 0.0000000000
62272  31.952  -28.182  65.396 0.0000000000
82902  50.779  -10.596  43.486 0.0000000000
84013  51.154  -9.539  41.560 0.0000000000
85086  50.711  -8.543  39.331 0.0000000000
86188  50.738  -7.929  36.989 0.0000000000
66848  27.811  -24.973  72.379 0.0000000000
67975  26.054  -23.780  72.077 0.0000000000
68983  28.084  -22.898  73.704 0.0000000000
66813  30.412  -25.249  75.429 0.0000000000
81761  48.085  -11.958  44.144 0.0000000000
66860  24.310  -24.981  71.401 0.0000000000
63284  23.867  -27.764  72.567 0.0000000000
61079  21.779  -29.237  73.756 0.0000000000
65550  23.420  -25.941  77.902 0.0000000000
62170  21.726  -28.518  76.311 0.0000000000
57596  17.679  -32.643  87.657 0.0000000000
74658  41.561  -17.287  57.821 0.0000000000
75765  38.745  -17.445  63.818 0.0000000000
74615  40.632  -17.493  66.304 0.0000000000
72337  39.688  -20.714  63.832 0.0000000000
69060  41.808  -21.941  64.176 0.0000000000
66946  43.564  -24.727  64.624 0.0000000000
63359  42.570  -27.393  65.483 0.0000000000
65608  38.235  -25.991  73.484 0.0000000000
65604  41.755  -25.438  72.550 0.0000000000
65645  43.887  -25.024  69.559 0.0000000000
65681  42.792  -25.753  67.753 0.0000000000
64502  40.881  -26.416  66.266 0.0000000000
73533  39.134  -18.578  56.544 0.0000000000
72369  36.970  -19.985  55.340 0.0000000000
74696  43.785  -17.604  55.615 0.0000000000
74709  43.211  -17.840  54.485 0.0000000000
74697  42.800  -17.945  55.535 0.0000000000
75864  45.323  -16.935  54.810 0.0000000000
65691  26.446  -25.326  67.465 0.0000000000
64489  25.200  -26.262  67.429 0.0000000000
66902  25.512  -25.408  68.355 0.0000000000
65654  28.408  -25.181  69.799 0.0000000000
65668  28.944  -25.363  69.294 0.0000000000
65670  27.702  -24.989  68.474 0.0000000000
65711  27.068  -25.489  66.849 0.0000000000
78191  42.826  -14.668  46.645 0.0000000000
78171  44.364  -14.631  48.565 0.0000000000
78170  45.487  -14.385  48.458 0.0000000000
78179  44.655  -14.288  47.446 0.0000000000
78189  44.856  -13.794  46.307 0.0000000000
62133  20.536  -28.127  81.589 0.0000000000
62143  20.405  -28.692  80.526 0.0000000000
59939  19.337  -30.189  81.000 0.0000000000
59943  18.750  -30.984  80.573 0.0000000000
59940  18.973  -31.093  81.542 0.0000000000
58847  17.970  -32.165  81.809 0.0000000000
72306  44.966  -19.903  67.362 0.0000000000
70071  45.560  -21.457  67.163 0.0000000000
69038  45.349  -22.230  66.585 0.0000000000
68004  45.764  -22.799  67.651 0.0000000000
66797  39.505  -25.077  76.748 0.0000000000
63347  33.849  -27.285  66.521 0.0000000000
63333  35.048  -26.694  67.755 0.0000000000
64505  34.626  -26.547  66.400 0.0000000000
65707  35.738  -25.598  66.340 0.0000000000
72346  37.048  -19.593  61.341 0.0000000000
71265  36.333  -20.639  59.906 0.0000000000
87247  52.536  -6.758  37.607 0.0000000000
87240  54.165  -6.158  38.127 0.0000000000
87245  54.220  -6.031  37.033 0.0000000000
87251  54.392  -6.120  36.034 0.0000000000
87258  53.052  -6.875  35.519 0.0000000000
77000  43.437  -15.816  50.889 0.0000000000
77002  42.115  -16.046  50.414 0.0000000000
75886  42.609  -16.405  51.222 0.0000000000
73578  40.378  -18.373  53.251 0.0000000000
74735  39.901  -18.007  51.921 0.0000000000
73580  39.078  -18.782  52.668 0.0000000000
75874  45.075  -15.995  52.898 0.0000000000
76992  45.172  -15.412  51.930 0.0000000000
78153  44.899  -15.058  50.712 0.0000000000
61128  23.581  -28.920  69.182 0.0000000000
61115  22.673  -29.410  70.505 0.0000000000
63262  32.354  -26.862  74.956 0.0000000000
63273  33.822  -27.362  74.542 0.0000000000
61076  31.917  -27.594  73.034 0.0000000000
64487  30.477  -26.260  67.717 0.0000000000
63299  32.249  -27.273  69.310 0.0000000000
63325  31.895  -27.128  68.270 0.0000000000
62252  32.553  -27.648  66.850 0.0000000000
63348  31.296  -27.464  66.074 0.0000000000
63366  29.490  -27.160  64.787 0.0000000000
66972  41.213  -24.171  63.052 0.0000000000
82912  49.357  -10.336  42.729 0.0000000000
84008  50.716  -9.861  42.179 0.0000000000
82917  49.098  -10.190  41.791 0.0000000000
84026  49.473  -9.201  39.748 0.0000000000
85088  49.020  -9.111  38.392 0.0000000000
85092  50.261  -8.397  38.439 0.0000000000
66835  29.456  -24.034  74.394 0.0000000000
67948  28.228  -23.722  73.883 0.0000000000
67961  30.008  -23.321  73.091 0.0000000000
66823  30.774  -24.106  75.084 0.0000000000
65598  29.060  -25.263  74.238 0.0000000000
81760  48.976  -11.893  44.440 0.0000000000
80583  48.400  -12.454  44.834 0.0000000000
80587  45.180  -13.085  43.691 0.0000000000
67965  25.543  -23.338  72.602 0.0000000000
69015  24.783  -23.717  71.098 0.0000000000
67966  24.865  -23.352  72.443 0.0000000000
65581  23.954  -25.442  75.060 0.0000000000
64423  24.204  -26.023  73.735 0.0000000000
64422  24.194  -26.854  74.134 0.0000000000
61078  22.281  -28.923  73.562 0.0000000000
62182  23.108  -28.118  74.845 0.0000000000
65544  23.795  -25.825  79.200 0.0000000000
61047  20.496  -28.534  77.998 0.0000000000
62156  21.347  -28.232  77.647 0.0000000000
61050  20.773  -28.780  77.097 0.0000000000
61060  20.063  -29.719  75.800 0.0000000000
75773  38.953  -16.472  62.574 0.0000000000
72309  42.041  -19.154  66.743 0.0000000000
74611  41.796  -17.486  67.424 0.0000000000
73492  40.928  -18.600  66.003 0.0000000000
72328  39.888  -19.381  64.870 0.0000000000
72332  40.757  -20.630  64.535 0.0000000000
70098  40.857  -21.701  64.049 0.0000000000
71243  41.965  -21.202  64.852 0.0000000000
66935  44.383  -24.545  65.641 0.0000000000
68032  43.752  -23.694  64.844 0.0000000000
65731  44.016  -25.202  65.422 0.0000000000
64520  43.562  -26.398  65.203 0.0000000000
63344  43.084  -26.737  65.558 0.0000000000
63280  35.097  -27.677  72.779 0.0000000000
64426  37.390  -26.397  73.840 0.0000000000
64437  36.581  -26.846  72.167 0.0000000000
66870  38.954  -25.343  70.549 0.0000000000
65621  39.544  -25.500  72.202 0.0000000000
65633  41.035  -25.297  70.860 0.0000000000
65616  43.383  -25.053  70.892 0.0000000000
65632  42.002  -25.447  70.376 0.0000000000
65662  43.376  -25.490  68.609 0.0000000000
65649  41.797  -25.459  68.798 0.0000000000
64525  38.381  -26.191  65.475 0.0000000000
65703  40.037  -25.946  66.858 0.0000000000
75826  40.793  -17.014  58.485 0.0000000000
74674  40.779  -17.704  57.204 0.0000000000
73527  38.774  -18.378  57.704 0.0000000000
71272  36.349  -20.714  56.816 0.0000000000
72361  36.743  -19.928  56.177 0.0000000000
87260  55.776  -6.462  33.738 0.0000000000
75870  44.409  -16.636  53.748 0.0000000000
75877  42.693  -16.926  52.464 0.0000000000
74714  42.872  -17.411  53.315 0.0000000000
74716  41.314  -18.295  53.506 0.0000000000
73566  40.402  -18.518  54.001 0.0000000000
75863  46.654  -16.447  54.478 0.0000000000
75869  45.492  -16.273  53.554 0.0000000000
62262  24.178  -28.315  66.723 0.0000000000
63326  24.334  -27.645  68.264 0.0000000000
63314  24.222  -27.756  69.298 0.0000000000
62204  29.762  -26.811  73.023 0.0000000000
61098  31.221  -27.127  72.092 0.0000000000
64448  29.787  -26.260  70.963 0.0000000000
64471  29.690  -25.727  68.592 0.0000000000
64488  29.554  -25.878  67.485 0.0000000000
63367  28.981  -26.963  64.988 0.0000000000
64509  27.709  -25.874  66.122 0.0000000000
64532  26.066  -26.501  65.421 0.0000000000
81783  46.602  -11.587  41.219 0.0000000000
68995  31.789  -22.679  72.290 0.0000000000
78168  47.552  -14.033  48.371 0.0000000000
79354  47.071  -13.725  47.322 0.0000000000
79367  47.485  -13.492  46.750 0.0000000000
79381  46.486  -12.995  45.215 0.0000000000
79369  45.600  -13.504  46.171 0.0000000000
79379  44.583  -13.689  44.977 0.0000000000
71168  25.808  -21.489  74.140 0.0000000000
68987  24.644  -22.289  73.731 0.0000000000
70015  23.931  -21.714  74.736 0.0000000000
68963  23.154  -22.567  75.269 0.0000000000
66804  23.409  -24.836  76.359 0.0000000000
64370  23.403  -27.037  79.591 0.0000000000
63215  21.927  -27.562  80.169 0.0000000000
62148  20.940  -28.274  79.252 0.0000000000
59945  19.113  -29.930  79.007 0.0000000000
59946  18.612  -30.891  79.553 0.0000000000
72307  44.217  -19.821  67.190 0.0000000000
71225  43.424  -20.726  66.027 0.0000000000
70084  42.851  -21.264  65.219 0.0000000000
70082  44.307  -21.680  65.902 0.0000000000
68021  44.699  -23.128  65.774 0.0000000000
66924  44.691  -24.470  66.296 0.0000000000
62232  34.792  -28.031  69.675 0.0000000000
63287  35.878  -27.225  71.401 0.0000000000
63309  35.911  -27.009  69.229 0.0000000000
65652  36.851  -25.544  69.510 0.0000000000
66883  37.955  -25.051  69.277 0.0000000000
66910  39.733  -25.063  67.890 0.0000000000
66912  37.962  -24.898  67.663 0.0000000000
65721  37.389  -25.694  65.958 0.0000000000
74637  38.521  -17.375  60.163 0.0000000000
73524  38.174  -18.397  58.528 0.0000000000
73520  37.120  -18.883  59.278 0.0000000000
71268  36.054  -20.627  58.806 0.0000000000
88238  55.142  -5.811  35.706 0.0000000000
87262  54.113  -6.878  34.424 0.0000000000
78172  43.314  -14.907  48.604 0.0000000000
78174  41.676  -15.241  48.323 0.0000000000
77015  42.079  -15.415  49.349 0.0000000000
75883  41.235  -17.124  51.687 0.0000000000
74742  40.474  -17.282  51.068 0.0000000000
78133  47.570  -15.093  52.910 0.0000000000
78137  47.823  -14.748  52.217 0.0000000000
78143  48.053  -14.468  51.218 0.0000000000
78152  46.065  -14.687  50.499 0.0000000000
78159  45.178  -14.694  49.566 0.0000000000
64389  35.772  -26.255  76.414 0.0000000000
64397  36.726  -26.362  75.651 0.0000000000
63259  35.240  -27.150  74.929 0.0000000000
62188  35.299  -28.163  74.274 0.0000000000
59981  35.258  -30.141  71.899 0.0000000000
61097  32.091  -27.897  71.876 0.0000000000
60008  32.297  -29.652  70.443 0.0000000000
60020  34.650  -29.320  69.167 0.0000000000
62242  34.061  -28.014  68.558 0.0000000000
62259  33.488  -27.606  66.878 0.0000000000
62271  32.698  -27.860  65.528 0.0000000000
85076  51.896  -9.188  41.154 0.0000000000
84015  49.315  -9.769  41.021 0.0000000000
84018  50.923  -9.282  40.890 0.0000000000
85084  52.208  -8.523  40.267 0.0000000000
86178  51.466  -8.143  39.233 0.0000000000
86182  51.400  -7.670  38.548 0.0000000000
86195  51.582  -7.440  36.554 0.0000000000
86203  51.642  -7.992  35.178 0.0000000000
66858  27.913  -24.995  71.273 0.0000000000
67993  26.774  -24.223  70.661 0.0000000000
66849  27.164  -24.351  72.969 0.0000000000
67963  26.779  -23.811  73.347 0.0000000000
68984  27.357  -22.589  73.617 0.0000000000
69012  30.414  -22.011  71.893 0.0000000000
70023  27.179  -21.728  73.644 0.0000000000
71155  26.898  -20.743  74.627 0.0000000000
66785  37.169  -24.955  78.130 0.0000000000
64379  34.760  -26.059  76.949 0.0000000000
63231  32.667  -26.377  76.944 0.0000000000
64399  30.999  -26.762  76.624 0.0000000000
65569  31.215  -25.961  76.372 0.0000000000
64411  29.814  -26.119  74.475 0.0000000000
64421  29.202  -25.949  73.640 0.0000000000
65610  28.555  -25.587  72.645 0.0000000000
81765  50.439  -11.058  44.076 0.0000000000
81766  49.459  -11.243  44.002 0.0000000000
81768  47.592  -11.454  43.358 0.0000000000
80585  46.547  -12.719  44.464 0.0000000000
81769  46.588  -11.874  43.214 0.0000000000
81776  46.892  -11.473  42.304 0.0000000000
67996  25.087  -24.692  69.795 0.0000000000
66873  24.609  -25.143  70.246 0.0000000000
64449  24.269  -27.136  70.868 0.0000000000
67968  23.725  -24.406  73.012 0.0000000000
65611  24.219  -25.913  72.506 0.0000000000
62214  23.700  -28.545  71.216 0.0000000000
61102  22.094  -29.630  71.856 0.0000000000
61089  21.814  -29.780  72.539 0.0000000000
66792  23.138  -24.567  77.466 0.0000000000
64393  23.970  -26.578  76.474 0.0000000000
63235  23.066  -27.311  77.341 0.0000000000
62159  22.709  -27.998  76.229 0.0000000000
61067  21.450  -28.651  75.020 0.0000000000
58821  18.319  -32.321  85.510 0.0000000000
74672  42.918  -17.416  57.323 0.0000000000
75797  39.500  -16.653  60.161 0.0000000000
75784  38.587  -16.751  61.276 0.0000000000
74630  38.007  -17.884  62.263 0.0000000000
73509  37.874  -18.872  62.655 0.0000000000
74621  39.124  -17.422  64.759 0.0000000000
73504  38.668  -18.837  64.129 0.0000000000
71251  38.745  -20.648  63.159 0.0000000000
70099  39.898  -21.600  63.216 0.0000000000
68051  40.570  -22.570  63.167 0.0000000000
68049  42.157  -23.417  63.966 0.0000000000
69058  43.391  -22.529  64.760 0.0000000000
68033  42.955  -23.525  64.320 0.0000000000
66958  43.108  -24.704  64.103 0.0000000000
65749  43.733  -25.758  64.089 0.0000000000
63376  43.246  -28.221  65.115 0.0000000000
69028  46.403  -22.227  68.850 0.0000000000
65587  38.091  -25.976  75.021 0.0000000000
65574  40.428  -25.672  75.023 0.0000000000
66821  41.339  -25.403  74.401 0.0000000000
65622  38.296  -25.817  72.347 0.0000000000
65606  40.155  -25.487  72.996 0.0000000000
66831  43.307  -24.732  72.998 0.0000000000
66843  44.313  -24.533  71.738 0.0000000000
67983  44.930  -24.306  70.352 0.0000000000
67992  45.553  -23.652  68.886 0.0000000000
66893  44.625  -24.715  68.159 0.0000000000
65679  43.945  -25.412  67.709 0.0000000000
64480  43.252  -25.753  67.209 0.0000000000
65684  40.521  -25.411  67.495 0.0000000000
65701  41.794  -26.111  67.148 0.0000000000
64500  42.648  -26.443  66.259 0.0000000000
64522  41.622  -26.977  65.889 0.0000000000
74685  41.214  -17.839  56.466 0.0000000000
73542  40.610  -18.296  55.642 0.0000000000
73544  39.014  -18.796  55.424 0.0000000000
73528  38.049  -18.748  57.363 0.0000000000
72360  37.472  -19.440  55.731 0.0000000000
72377  37.982  -19.742  54.277 0.0000000000
86212  52.078  -8.219  34.536 0.0000000000
74682  44.397  -17.547  56.551 0.0000000000
74683  43.350  -17.591  56.432 0.0000000000
74695  44.898  -17.402  55.689 0.0000000000
66914  26.591  -25.054  68.063 0.0000000000
66915  25.970  -25.245  67.952 0.0000000000
66901  26.182  -25.013  68.593 0.0000000000
66885  27.941  -24.942  69.527 0.0000000000
65669  28.254  -25.116  68.921 0.0000000000
65690  27.308  -25.113  67.768 0.0000000000
78180  43.589  -14.569  47.566 0.0000000000
78190  43.782  -14.309  46.464 0.0000000000
62134  19.933  -28.728  82.049 0.0000000000
62138  20.256  -28.778  81.097 0.0000000000
61036  19.703  -29.437  81.478 0.0000000000
59935  19.364  -30.360  82.035 0.0000000000
71212  46.257  -20.633  67.968 0.0000000000
71213  45.794  -20.430  67.614 0.0000000000
70069  45.877  -21.438  67.711 0.0000000000
69034  45.683  -22.250  67.168 0.0000000000
67895  39.645  -23.935  78.290 0.0000000000
66798  38.813  -25.197  77.059 0.0000000000
63363  33.682  -27.280  65.457 0.0000000000
63346  34.059  -26.999  66.130 0.0000000000
64527  33.872  -27.149  65.332 0.0000000000
64526  34.180  -26.883  65.419 0.0000000000
71258  37.504  -20.671  62.141 0.0000000000
71259  36.944  -20.701  61.542 0.0000000000
87241  53.255  -6.651  38.466 0.0000000000
87246  53.373  -6.391  37.356 0.0000000000
87252  53.569  -6.408  36.306 0.0000000000
76994  43.695  -16.111  51.644 0.0000000000
76995  43.034  -16.272  51.341 0.0000000000
75880  43.156  -16.427  51.861 0.0000000000
73567  39.748  -18.648  53.773 0.0000000000
73579  39.743  -18.502  52.910 0.0000000000
72389  38.589  -19.322  53.092 0.0000000000
76987  44.796  -15.836  52.407 0.0000000000
76993  44.428  -15.700  51.761 0.0000000000
61129  22.857  -29.236  69.498 0.0000000000
60010  22.262  -29.737  69.684 0.0000000000
62178  31.933  -26.869  74.282 0.0000000000
62191  31.885  -27.212  73.532 0.0000000000
64486  31.275  -26.676  67.971 0.0000000000
64506  31.154  -26.812  67.043 0.0000000000
63337  31.946  -27.394  67.188 0.0000000000
63349  30.671  -27.156  65.816 0.0000000000
64528  30.337  -27.002  65.695 0.0000000000
66960  41.888  -24.352  63.490 0.0000000000
82913  48.262  -10.704  42.638 0.0000000000
82918  48.061  -10.455  41.627 0.0000000000
85093  49.525  -8.771  37.969 0.0000000000
67947  29.178  -23.632  73.894 0.0000000000
67960  31.014  -23.461  72.967 0.0000000000
67934  30.688  -23.896  74.605 0.0000000000
66824  30.048  -24.380  74.857 0.0000000000
79366  48.459  -13.470  46.894 0.0000000000
80577  48.749  -12.890  45.635 0.0000000000
80578  47.782  -12.820  45.349 0.0000000000
69001  25.744  -22.961  73.238 0.0000000000
69002  25.130  -22.857  73.092 0.0000000000
64403  24.236  -26.159  75.147 0.0000000000
64414  24.204  -26.094  74.528 0.0000000000
64413  24.170  -26.779  75.020 0.0000000000
62181  23.355  -27.955  74.595 0.0000000000
63268  23.434  -27.655  75.317 0.0000000000
65543  24.265  -25.436  79.750 0.0000000000
61048  19.919  -29.205  77.538 0.0000000000
61051  20.056  -29.409  76.598 0.0000000000
72321  41.891  -19.909  65.941 0.0000000000
73491  41.563  -19.019  66.389 0.0000000000
72322  41.148  -19.418  65.603 0.0000000000
72326  41.673  -20.467  65.275 0.0000000000
71244  41.215  -21.038  64.558 0.0000000000
65717  44.172  -25.201  65.884 0.0000000000
65718  43.777  -25.699  65.552 0.0000000000
64499  43.411  -25.957  66.224 0.0000000000
62209  35.277  -28.309  72.067 0.0000000000
63279  35.831  -27.334  72.412 0.0000000000
63288  35.346  -27.759  71.738 0.0000000000
66869  39.578  -25.240  70.400 0.0000000000
66868  40.577  -25.140  70.112 0.0000000000
66867  41.454  -25.313  69.787 0.0000000000
66879  41.661  -25.392  69.197 0.0000000000
66880  41.129  -25.188  69.031 0.0000000000
75827  39.951  -17.107  58.718 0.0000000000
74660  40.269  -17.479  57.975 0.0000000000
74661  39.171  -17.891  58.508 0.0000000000
75871  43.655  -17.167  53.851 0.0000000000
74710  42.087  -18.299  54.815 0.0000000000
74715  42.051  -18.268  53.660 0.0000000000
73564  41.675  -18.407  54.441 0.0000000000
73565  41.165  -18.453  54.108 0.0000000000
73553  40.504  -18.500  54.804 0.0000000000
75862  47.485  -16.244  54.712 0.0000000000
74707  44.658  -17.233  54.992 0.0000000000
75865  44.301  -17.094  54.490 0.0000000000
65672  24.976  -25.862  68.303 0.0000000000
64490  24.819  -26.745  67.664 0.0000000000
64439  29.228  -26.237  72.390 0.0000000000
63291  29.767  -26.490  72.064 0.0000000000
64438  29.144  -26.348  72.059 0.0000000000
65688  28.883  -25.470  68.316 0.0000000000
64460  29.632  -25.714  69.820 0.0000000000
64508  28.974  -25.918  66.385 0.0000000000
64511  25.867  -26.168  66.296 0.0000000000
64510  26.668  -25.975  66.116 0.0000000000
78169  46.560  -14.192  48.436 0.0000000000
78178  45.863  -13.987  47.358 0.0000000000
78177  46.805  -13.920  47.761 0.0000000000
79355  46.520  -13.806  47.267 0.0000000000
79368  46.399  -13.600  46.627 0.0000000000
78199  44.590  -13.713  45.499 0.0000000000
78200  43.899  -14.128  45.206 0.0000000000
71156  25.824  -21.058  74.677 0.0000000000
71157  24.964  -21.192  74.764 0.0000000000
70005  23.143  -21.989  75.706 0.0000000000
68955  22.710  -22.734  76.359 0.0000000000
67923  22.919  -23.695  75.729 0.0000000000
67912  22.782  -23.830  76.826 0.0000000000
63214  22.736  -27.069  80.584 0.0000000000
61038  20.357  -28.808  80.017 0.0000000000
62142  20.677  -28.502  80.036 0.0000000000
61042  19.796  -29.247  79.410 0.0000000000
61044  20.432  -28.658  78.884 0.0000000000
58872  18.135  -31.926  80.101 0.0000000000
58836  18.463  -31.914  82.496 0.0000000000
58837  18.033  -32.263  82.850 0.0000000000
57633  18.065  -32.296  83.574 0.0000000000
72317  45.126  -20.468  67.124 0.0000000000
72318  44.588  -20.428  66.860 0.0000000000
72319  43.773  -20.366  66.549 0.0000000000
71224  44.173  -20.764  66.430 0.0000000000
71237  43.789  -21.115  65.962 0.0000000000
71236  44.534  -21.142  66.371 0.0000000000
69035  45.507  -22.771  66.764 0.0000000000
68011  45.131  -23.275  66.375 0.0000000000
63311  34.755  -27.651  69.264 0.0000000000
63310  35.225  -27.502  69.565 0.0000000000
64484  35.601  -26.309  67.712 0.0000000000
64467  36.207  -26.371  68.897 0.0000000000
65667  36.586  -25.530  68.551 0.0000000000
66884  37.261  -25.066  68.792 0.0000000000
66897  38.041  -24.774  68.381 0.0000000000
66898  37.200  -25.011  68.080 0.0000000000
65722  36.443  -25.592  65.699 0.0000000000
74638  38.138  -17.584  60.370 0.0000000000
73519  37.691  -18.330  59.702 0.0000000000
73517  37.101  -18.824  60.104 0.0000000000
70119  36.322  -21.623  59.603 0.0000000000
70121  36.184  -21.644  58.555 0.0000000000
87257  53.843  -6.564  35.360 0.0000000000
87256  54.616  -6.253  35.102 0.0000000000
86210  53.553  -7.338  34.317 0.0000000000
78161  42.998  -15.327  49.390 0.0000000000
78162  42.486  -15.349  49.342 0.0000000000
77007  42.477  -15.599  49.917 0.0000000000
75894  41.576  -16.340  50.486 0.0000000000
77008  41.640  -15.833  49.803 0.0000000000
75895  40.824  -16.407  50.056 0.0000000000
75889  40.389  -17.004  50.590 0.0000000000
74723  42.227  -17.446  52.565 0.0000000000
74732  41.995  -17.122  52.034 0.0000000000
74733  41.481  -17.314  52.122 0.0000000000
73598  39.416  -18.260  51.575 0.0000000000
74743  39.693  -17.712  50.756 0.0000000000
76975  47.359  -16.043  54.186 0.0000000000
76979  47.673  -15.499  53.668 0.0000000000
76984  47.043  -15.352  53.077 0.0000000000
78139  46.226  -15.202  52.237 0.0000000000
78138  46.830  -15.002  52.338 0.0000000000
78144  46.955  -14.593  51.395 0.0000000000
78151  47.175  -14.415  50.333 0.0000000000
78154  44.190  -15.255  50.491 0.0000000000
78160  43.997  -15.107  49.742 0.0000000000
63250  34.348  -26.797  75.789 0.0000000000
63249  35.327  -26.613  75.756 0.0000000000
63260  34.159  -27.095  75.093 0.0000000000
61074  33.624  -28.891  74.348 0.0000000000
62189  34.314  -28.070  73.965 0.0000000000
61073  34.270  -29.566  74.325 0.0000000000
59969  35.850  -30.039  73.664 0.0000000000
59982  34.210  -30.256  72.207 0.0000000000
62223  30.834  -26.777  71.547 0.0000000000
61112  31.618  -27.250  71.467 0.0000000000
62222  31.659  -27.041  70.776 0.0000000000
62233  32.797  -27.848  69.082 0.0000000000
61110  32.628  -27.852  69.835 0.0000000000
61126  32.831  -28.338  69.256 0.0000000000
60007  33.346  -30.201  69.978 0.0000000000
61138  33.252  -28.554  68.762 0.0000000000
61137  33.924  -28.613  68.799 0.0000000000
62261  32.242  -27.807  66.238 0.0000000000
62260  32.900  -27.708  66.412 0.0000000000
62270  33.293  -27.529  65.908 0.0000000000
64549  27.945  -26.843  64.506 0.0000000000
63384  28.580  -27.130  64.300 0.0000000000
63385  27.547  -27.153  64.059 0.0000000000
82901  51.794  -10.718  43.709 0.0000000000
84007  51.600  -9.842  42.200 0.0000000000
84012  51.961  -9.458  41.602 0.0000000000
84017  51.545  -9.271  41.155 0.0000000000
82926  47.839  -10.320  40.632 0.0000000000
82925  48.603  -10.065  41.079 0.0000000000
85082  50.143  -8.896  39.763 0.0000000000
85081  50.867  -8.912  40.168 0.0000000000
85085  51.576  -8.583  39.867 0.0000000000
85100  50.117  -8.421  37.455 0.0000000000
86183  50.716  -7.928  38.011 0.0000000000
86187  51.273  -7.514  37.664 0.0000000000
66859  27.230  -24.555  71.927 0.0000000000
68982  28.699  -23.121  73.659 0.0000000000
67949  27.364  -23.563  73.685 0.0000000000
67950  26.759  -23.212  73.564 0.0000000000
68996  30.731  -22.758  72.304 0.0000000000
70046  29.096  -21.572  72.514 0.0000000000
70036  27.785  -21.611  73.408 0.0000000000
71178  27.908  -21.292  73.441 0.0000000000
71167  26.561  -21.262  74.101 0.0000000000
65555  35.372  -25.710  77.347 0.0000000000
63243  31.484  -27.056  76.833 0.0000000000
66802  31.048  -25.591  75.843 0.0000000000
64401  30.333  -25.999  75.293 0.0000000000
63266  29.408  -26.205  73.811 0.0000000000
65588  29.400  -25.779  74.252 0.0000000000
66836  28.899  -24.532  74.223 0.0000000000
65599  28.793  -25.538  73.719 0.0000000000
77019  41.202  -15.448  48.001 0.0000000000
81767  48.550  -11.403  43.764 0.0000000000
80579  47.048  -12.803  45.095 0.0000000000
80595  45.511  -12.536  43.198 0.0000000000
80594  46.241  -12.419  43.656 0.0000000000
81770  46.063  -12.169  43.207 0.0000000000
81777  46.031  -12.006  42.685 0.0000000000
67985  26.149  -23.802  71.092 0.0000000000
67995  25.580  -24.351  69.984 0.0000000000
67986  25.439  -23.809  70.730 0.0000000000
67978  24.350  -24.257  71.580 0.0000000000
67988  24.460  -24.646  70.935 0.0000000000
65641  24.364  -25.540  70.962 0.0000000000
65640  24.404  -26.183  70.406 0.0000000000
64450  24.314  -26.320  71.156 0.0000000000
67951  23.642  -23.187  73.798 0.0000000000
68988  24.061  -22.880  73.412 0.0000000000
67952  23.466  -23.976  73.607 0.0000000000
64432  24.201  -26.747  73.081 0.0000000000
64433  24.209  -25.848  73.132 0.0000000000
63294  23.897  -27.869  71.876 0.0000000000
62215  23.558  -28.537  71.906 0.0000000000
61101  22.789  -29.195  71.678 0.0000000000
61087  23.025  -28.849  72.484 0.0000000000
59974  21.319  -30.114  72.931 0.0000000000
61080  21.097  -29.818  73.691 0.0000000000
66779  23.351  -24.971  78.409 0.0000000000
66780  23.151  -24.398  78.046 0.0000000000
66791  23.471  -25.368  77.288 0.0000000000
65561  23.756  -26.026  76.936 0.0000000000
63220  22.979  -27.425  79.436 0.0000000000
62146  22.463  -27.729  78.637 0.0000000000
62161  21.557  -28.420  76.839 0.0000000000
62155  22.083  -27.983  77.353 0.0000000000
62154  22.625  -27.669  76.974 0.0000000000
63246  23.159  -27.432  76.486 0.0000000000
62169  21.963  -28.464  75.763 0.0000000000
61058  21.513  -28.691  75.602 0.0000000000
58812  18.854  -31.842  85.726 0.0000000000
57603  17.839  -32.534  86.853 0.0000000000
75812  41.278  -16.617  59.066 0.0000000000
76916  39.688  -16.021  61.582 0.0000000000
75783  39.198  -16.429  60.988 0.0000000000
76917  38.990  -16.350  61.843 0.0000000000
75769  38.658  -17.190  63.301 0.0000000000
75774  38.482  -16.900  62.295 0.0000000000
74629  38.332  -17.598  62.887 0.0000000000
74626  38.160  -18.227  62.962 0.0000000000
74612  41.155  -17.397  66.804 0.0000000000
75759  39.755  -17.227  65.565 0.0000000000
72329  39.394  -19.022  64.771 0.0000000000
72338  38.977  -20.060  63.783 0.0000000000
71250  39.432  -21.010  63.348 0.0000000000
70100  39.358  -21.361  63.000 0.0000000000
70097  41.503  -21.825  64.190 0.0000000000
69070  41.565  -22.311  63.945 0.0000000000
68050  41.098  -23.150  63.480 0.0000000000
69048  43.594  -22.075  65.076 0.0000000000
70090  43.295  -21.890  64.963 0.0000000000
63358  43.547  -27.341  65.064 0.0000000000
63377  42.137  -28.098  65.032 0.0000000000
64407  36.786  -26.646  75.093 0.0000000000
64406  37.408  -26.312  75.292 0.0000000000
64417  37.449  -26.412  74.665 0.0000000000
65597  38.180  -26.031  74.337 0.0000000000
65596  39.029  -25.712  74.073 0.0000000000
65573  40.911  -25.688  74.706 0.0000000000
65595  39.895  -25.590  73.827 0.0000000000
64445  36.595  -26.513  71.076 0.0000000000
64444  37.307  -26.333  71.951 0.0000000000
65620  40.550  -25.360  71.999 0.0000000000
65605  40.974  -25.264  72.827 0.0000000000
66847  41.075  -25.400  73.414 0.0000000000
65592  42.292  -25.364  72.638 0.0000000000
66844  43.582  -24.824  72.105 0.0000000000
66857  43.238  -24.975  71.683 0.0000000000
65629  43.855  -24.945  69.919 0.0000000000
66866  43.925  -24.876  70.552 0.0000000000
66864  45.036  -24.283  69.539 0.0000000000
66877  44.969  -24.337  68.756 0.0000000000
66892  45.156  -24.058  68.219 0.0000000000
66878  44.451  -24.773  69.104 0.0000000000
65663  42.797  -25.606  68.520 0.0000000000
65680  43.297  -25.632  67.873 0.0000000000
64479  43.531  -25.615  67.456 0.0000000000
66895  40.412  -25.108  68.390 0.0000000000
65685  39.604  -25.382  67.393 0.0000000000
65702  41.157  -25.859  66.834 0.0000000000
64501  41.848  -26.483  66.525 0.0000000000
64482  42.297  -26.273  66.961 0.0000000000
64521  42.292  -26.780  65.909 0.0000000000
75836  42.462  -17.302  57.717 0.0000000000
74684  42.203  -17.739  56.310 0.0000000000
74673  41.801  -17.422  57.401 0.0000000000
74687  39.691  -18.303  56.693 0.0000000000
74686  40.405  -18.109  56.398 0.0000000000
73532  39.978  -18.334  56.100 0.0000000000
73543  39.820  -18.510  55.505 0.0000000000
73525  37.113  -18.962  58.175 0.0000000000
73529  37.173  -19.203  57.159 0.0000000000
72368  37.782  -19.615  54.990 0.0000000000
72378  37.323  -20.059  54.536 0.0000000000
88247  56.502  -6.202  33.583 0.0000000000
87268  56.652  -6.429  32.916 0.0000000000
88246  57.321  -5.893  33.096 0.0000000000
74708  44.088  -17.397  54.974 0.0000000000
74698  42.035  -18.122  55.522 0.0000000000
65713  25.718  -25.995  66.857 0.0000000000
64512  25.293  -26.459  66.832 0.0000000000
65692  25.563  -25.729  67.576 0.0000000000
65671  25.346  -25.654  68.062 0.0000000000
66903  25.188  -25.539  68.583 0.0000000000
65638  29.058  -25.615  70.942 0.0000000000
65653  28.868  -25.413  70.135 0.0000000000
65689  28.169  -25.230  68.001 0.0000000000
65710  28.017  -25.483  67.082 0.0000000000
65712  26.205  -25.727  66.824 0.0000000000
71145  26.312  -20.640  75.422 0.0000000000
71137  25.029  -20.803  76.801 0.0000000000
61039  19.983  -29.134  80.355 0.0000000000
58860  18.379  -31.676  81.119 0.0000000000
58846  18.631  -31.696  81.911 0.0000000000
59936  19.027  -31.333  82.616 0.0000000000
72305  45.638  -20.154  67.520 0.0000000000
71222  45.355  -20.823  67.142 0.0000000000
71235  45.037  -21.134  66.666 0.0000000000
69037  45.504  -21.851  66.880 0.0000000000
68005  45.563  -23.282  67.095 0.0000000000
63335  34.078  -27.506  67.492 0.0000000000
63321  35.352  -26.912  68.405 0.0000000000
63334  34.559  -27.010  67.321 0.0000000000
64485  34.940  -26.534  67.269 0.0000000000
64504  35.178  -26.017  66.890 0.0000000000
65687  35.868  -25.674  67.092 0.0000000000
65708  35.076  -25.962  66.128 0.0000000000
65724  34.842  -26.318  65.486 0.0000000000
72350  37.021  -19.102  60.598 0.0000000000
72347  36.681  -20.127  61.042 0.0000000000
71262  36.572  -20.698  60.840 0.0000000000
87242  52.200  -7.185  38.591 0.0000000000
87237  53.086  -7.263  39.575 0.0000000000
77001  42.731  -16.040  50.708 0.0000000000
75887  42.094  -16.535  51.031 0.0000000000
74725  40.275  -18.067  52.549 0.0000000000
74726  39.868  -18.233  52.429 0.0000000000
73589  38.951  -18.656  51.892 0.0000000000
76981  46.082  -15.874  53.288 0.0000000000
76985  46.334  -15.459  52.794 0.0000000000
76991  45.828  -15.351  52.252 0.0000000000
78146  45.172  -15.224  51.376 0.0000000000
76998  44.743  -15.359  51.355 0.0000000000
76999  44.131  -15.477  51.056 0.0000000000
61139  23.488  -28.744  68.132 0.0000000000
60011  21.704  -30.215  70.210 0.0000000000
59998  21.655  -30.007  71.197 0.0000000000
63261  33.238  -26.938  75.199 0.0000000000
62190  33.029  -27.324  74.036 0.0000000000
61075  32.585  -28.248  73.384 0.0000000000
59973  32.148  -29.050  73.317 0.0000000000
64469  31.249  -26.596  68.901 0.0000000000
63300  31.665  -26.836  69.908 0.0000000000
63312  32.413  -27.488  68.686 0.0000000000
63324  32.499  -27.626  67.867 0.0000000000
63364  31.338  -27.873  65.375 0.0000000000
62273  31.407  -28.179  64.955 0.0000000000
63365  30.598  -27.493  65.019 0.0000000000
68066  40.831  -23.505  63.118 0.0000000000
82903  49.856  -10.635  43.449 0.0000000000
82911  50.293  -10.194  42.835 0.0000000000
82916  49.895  -9.964  42.204 0.0000000000
84014  50.141  -9.649  41.449 0.0000000000
84021  48.120  -9.989  39.752 0.0000000000
84027  48.729  -9.415  39.199 0.0000000000
85087  49.675  -8.816  38.996 0.0000000000
66837  27.845  -24.560  73.532 0.0000000000
67962  29.312  -23.033  73.272 0.0000000000
66814  29.846  -25.531  74.819 0.0000000000
66825  29.552  -25.109  74.652 0.0000000000
80582  49.317  -12.468  45.054 0.0000000000
80586  45.754  -12.945  44.034 0.0000000000
67976  25.383  -23.588  71.633 0.0000000000
67977  24.739  -23.714  71.578 0.0000000000
66826  23.417  -24.642  74.334 0.0000000000
66839  23.643  -24.786  73.558 0.0000000000
65590  23.840  -25.401  74.091 0.0000000000
63277  23.797  -27.619  73.631 0.0000000000
62205  23.382  -28.428  73.088 0.0000000000
62195  23.313  -28.065  74.120 0.0000000000
62197  22.206  -28.761  73.922 0.0000000000
62183  22.193  -28.450  74.642 0.0000000000
66770  24.020  -24.960  79.410 0.0000000000
64374  23.466  -26.523  78.373 0.0000000000
62152  21.133  -28.160  78.462 0.0000000000
62151  21.917  -27.874  78.127 0.0000000000
61059  21.106  -29.027  75.895 0.0000000000
76903  39.421  -16.078  62.529 0.0000000000
76893  40.217  -15.512  63.041 0.0000000000
76894  39.579  -16.074  63.558 0.0000000000
75764  39.137  -16.908  64.050 0.0000000000
73485  42.469  -18.480  67.313 0.0000000000
73486  41.512  -18.316  66.805 0.0000000000
74616  40.122  -17.837  65.870 0.0000000000
73496  40.822  -19.174  65.511 0.0000000000
72327  40.952  -20.002  65.058 0.0000000000
72333  40.062  -20.348  64.348 0.0000000000
71249  40.201  -21.174  63.907 0.0000000000
71245  40.636  -20.989  64.310 0.0000000000
70093  41.128  -21.452  64.354 0.0000000000
70092  41.683  -21.597  64.391 0.0000000000
68022  44.322  -23.640  65.344 0.0000000000
69057  43.996  -23.060  64.992 0.0000000000
66945  44.012  -24.632  65.157 0.0000000000
65732  43.812  -25.676  64.931 0.0000000000
64428  35.677  -27.339  73.252 0.0000000000
64418  36.692  -26.681  74.311 0.0000000000
64427  36.496  -26.878  73.270 0.0000000000
64436  37.370  -26.397  72.867 0.0000000000
65650  38.437  -25.448  70.622 0.0000000000
65635  38.941  -25.479  71.232 0.0000000000
65634  40.066  -25.370  71.149 0.0000000000
65619  41.430  -25.392  71.687 0.0000000000
65618  42.243  -25.355  71.371 0.0000000000
65631  42.819  -25.267  70.340 0.0000000000
65646  43.391  -25.277  69.469 0.0000000000
65661  43.965  -25.200  68.755 0.0000000000
65647  42.769  -25.453  69.399 0.0000000000
65648  42.135  -25.523  69.198 0.0000000000
65664  42.258  -25.629  68.348 0.0000000000
65720  38.360  -25.997  66.132 0.0000000000
65719  39.265  -26.124  66.418 0.0000000000
64503  39.969  -26.445  66.211 0.0000000000
64523  40.457  -27.062  65.600 0.0000000000
74659  41.148  -17.327  57.838 0.0000000000
74675  39.936  -17.990  57.307 0.0000000000
74688  39.385  -18.393  56.784 0.0000000000
71270  36.209  -20.667  57.755 0.0000000000
72358  36.536  -19.821  57.005 0.0000000000
87261  55.071  -6.463  34.222 0.0000000000
88242  56.045  -5.988  34.419 0.0000000000
75876  43.394  -16.605  52.681 0.0000000000
74722  42.766  -17.076  52.747 0.0000000000
73577  40.876  -18.338  53.523 0.0000000000
75868  46.277  -16.166  53.697 0.0000000000
75875  44.535  -16.216  52.918 0.0000000000
64513  24.842  -27.130  66.871 0.0000000000
63338  24.490  -27.654  67.298 0.0000000000
62253  23.991  -28.273  67.745 0.0000000000
62244  23.999  -28.386  68.775 0.0000000000
62234  24.013  -28.524  69.766 0.0000000000
62193  30.128  -26.978  73.490 0.0000000000
62202  30.673  -26.994  73.093 0.0000000000
62203  29.978  -27.047  73.003 0.0000000000
63302  30.266  -26.530  71.328 0.0000000000
64459  30.574  -26.205  69.716 0.0000000000
64470  30.525  -26.128  68.795 0.0000000000
64529  29.595  -26.806  65.504 0.0000000000
64530  28.303  -26.515  65.185 0.0000000000
64531  27.108  -26.290  65.316 0.0000000000
82919  47.296  -10.945  41.399 0.0000000000
67959  32.057  -23.225  73.107 0.0000000000
68994  32.976  -22.311  72.494 0.0000000000
78156  48.170  -14.121  49.109 0.0000000000
79345  48.095  -13.953  48.318 0.0000000000
78176  47.338  -13.857  47.791 0.0000000000
79353  47.968  -13.765  47.714 0.0000000000
79376  47.032  -13.179  45.837 0.0000000000
79377  46.063  -13.257  45.719 0.0000000000
79378  45.199  -13.463  45.440 0.0000000000
79384  44.207  -13.691  44.288 0.0000000000
70025  25.371  -21.843  73.883 0.0000000000
70026  24.907  -21.793  74.033 0.0000000000
68971  24.269  -22.136  74.158 0.0000000000
68972  23.698  -22.419  74.384 0.0000000000
70003  24.313  -21.277  75.112 0.0000000000
70004  23.557  -21.802  75.314 0.0000000000
67936  23.286  -23.417  74.564 0.0000000000
66815  23.334  -24.582  75.265 0.0000000000
65571  23.748  -25.144  75.674 0.0000000000
65570  24.105  -25.736  76.071 0.0000000000
64365  23.345  -26.830  80.100 0.0000000000
63221  22.094  -27.685  79.323 0.0000000000
62141  21.389  -27.930  79.623 0.0000000000
61045  19.811  -29.189  78.481 0.0000000000
59948  19.266  -29.917  78.018 0.0000000000
59949  18.571  -30.721  78.491 0.0000000000
73484  43.735  -18.639  67.797 0.0000000000
72308  43.018  -19.621  66.841 0.0000000000
72320  43.002  -20.323  66.169 0.0000000000
71226  42.748  -20.588  65.711 0.0000000000
71238  43.004  -20.981  65.479 0.0000000000
70081  44.939  -21.650  66.385 0.0000000000
69046  44.826  -22.390  66.037 0.0000000000
68012  44.743  -23.843  65.847 0.0000000000
62231  35.077  -28.215  70.334 0.0000000000
63298  35.411  -27.726  70.748 0.0000000000
63297  35.856  -27.093  70.310 0.0000000000
64457  36.312  -26.417  69.914 0.0000000000
63320  35.899  -26.851  68.666 0.0000000000
65637  36.999  -25.939  70.403 0.0000000000
65651  37.765  -25.448  70.182 0.0000000000
66882  38.832  -25.170  69.894 0.0000000000
66896  39.135  -24.892  68.702 0.0000000000
66911  38.846  -24.942  67.722 0.0000000000
66925  38.413  -25.092  67.389 0.0000000000
65706  36.762  -25.363  66.711 0.0000000000
66927  37.451  -25.274  67.013 0.0000000000
65705  37.790  -25.474  66.681 0.0000000000
65733  37.860  -26.065  65.493 0.0000000000
74646  38.693  -17.508  59.704 0.0000000000
74662  38.625  -18.180  58.770 0.0000000000
74647  38.454  -18.046  59.288 0.0000000000
72351  36.669  -19.624  60.274 0.0000000000
72353  36.369  -19.594  59.067 0.0000000000
87271  54.564  -7.031  33.734 0.0000000000
78173  42.296  -15.117  48.684 0.0000000000
75881  42.531  -16.715  51.871 0.0000000000
75882  41.742  -16.942  51.642 0.0000000000
74734  40.634  -17.477  51.803 0.0000000000
65566  36.673  -25.882  76.686 0.0000000000
65565  37.515  -25.771  76.198 0.0000000000
64398  36.131  -26.443  75.525 0.0000000000
63271  35.427  -27.309  74.219 0.0000000000
63272  34.933  -27.538  74.105 0.0000000000
64420  35.466  -27.385  73.780 0.0000000000
62201  35.422  -27.680  73.485 0.0000000000
62200  35.457  -28.521  73.026 0.0000000000
61095  35.494  -29.150  71.734 0.0000000000
61077  31.405  -27.264  72.987 0.0000000000
61096  32.038  -28.620  72.298 0.0000000000
59996  32.205  -29.282  71.595 0.0000000000
62221  32.199  -27.334  70.088 0.0000000000
60009  32.310  -28.800  70.860 0.0000000000
59995  33.197  -30.176  71.259 0.0000000000
59993  35.330  -29.942  70.719 0.0000000000
61109  35.355  -28.986  70.593 0.0000000000
61123  35.067  -28.656  69.866 0.0000000000
62241  34.483  -27.934  69.119 0.0000000000
63323  34.110  -27.700  68.081 0.0000000000
62251  32.993  -27.776  67.340 0.0000000000
62250  33.674  -27.815  67.795 0.0000000000
62287  33.209  -27.781  64.887 0.0000000000
70110  38.539  -21.953  62.361 0.0000000000
85075  52.375  -9.045  41.286 0.0000000000
84020  48.830  -9.674  40.292 0.0000000000
84019  49.953  -9.289  40.490 0.0000000000
85080  51.763  -8.952  40.678 0.0000000000
85079  52.679  -8.536  40.902 0.0000000000
86174  52.699  -8.190  40.387 0.0000000000
86177  52.294  -8.029  39.709 0.0000000000
86181  51.904  -7.703  39.116 0.0000000000
86179  50.899  -8.132  38.745 0.0000000000
87248  51.847  -7.129  37.606 0.0000000000
87254  52.132  -6.979  36.959 0.0000000000
86194  52.167  -7.097  36.465 0.0000000000
66886  27.237  -24.579  69.782 0.0000000000
66872  27.370  -24.530  70.866 0.0000000000
67984  26.688  -24.167  71.507 0.0000000000
66838  27.170  -24.080  73.534 0.0000000000
67974  26.617  -24.065  72.524 0.0000000000
67964  26.206  -23.440  73.062 0.0000000000
68985  26.398  -22.614  73.599 0.0000000000
68997  29.803  -22.656  72.552 0.0000000000
69013  29.583  -22.033  72.244 0.0000000000
68998  28.944  -22.395  73.077 0.0000000000
69000  27.752  -21.934  73.418 0.0000000000
70024  26.143  -21.881  73.830 0.0000000000
66772  38.870  -24.103  78.562 0.0000000000
65554  36.382  -25.518  77.567 0.0000000000
64378  35.284  -26.053  76.889 0.0000000000
63240  34.480  -26.467  76.486 0.0000000000
63230  33.567  -26.308  77.006 0.0000000000
63241  33.476  -26.666  76.506 0.0000000000
63252  32.384  -26.878  75.957 0.0000000000
63253  31.532  -26.609  75.906 0.0000000000
63263  31.105  -26.432  74.959 0.0000000000
64392  30.843  -26.623  77.063 0.0000000000
64410  30.457  -26.169  75.208 0.0000000000
63264  30.152  -26.502  74.373 0.0000000000
63265  29.627  -26.555  73.887 0.0000000000
63276  29.480  -26.350  73.486 0.0000000000
64430  29.010  -26.454  72.385 0.0000000000
65589  29.178  -25.910  73.901 0.0000000000
65624  28.452  -25.496  71.632 0.0000000000
66871  27.947  -24.927  70.278 0.0000000000
78182  41.766  -15.060  47.762 0.0000000000
81764  51.100  -10.897  43.985 0.0000000000
81759  50.115  -11.890  44.740 0.0000000000
82904  48.933  -10.825  43.351 0.0000000000
82905  48.311  -11.061  43.294 0.0000000000
81775  47.546  -11.091  42.616 0.0000000000
80584  47.487  -12.453  44.515 0.0000000000
80593  47.021  -12.232  43.815 0.0000000000
81762  47.554  -12.062  43.936 0.0000000000
66887  26.338  -24.667  69.408 0.0000000000
66888  25.630  -24.915  69.206 0.0000000000
66889  25.044  -25.322  69.096 0.0000000000
67987  24.779  -24.055  70.660 0.0000000000
65655  24.586  -26.028  69.416 0.0000000000
64461  24.347  -26.988  69.838 0.0000000000
63303  24.168  -27.870  70.292 0.0000000000
62224  23.829  -28.533  70.642 0.0000000000
69003  24.466  -23.006  73.072 0.0000000000
67967  24.029  -23.579  72.700 0.0000000000
66850  24.114  -24.861  72.359 0.0000000000
66851  23.914  -24.918  73.049 0.0000000000
65625  24.276  -25.753  71.707 0.0000000000
64441  24.188  -27.017  71.817 0.0000000000
63293  23.970  -27.915  71.239 0.0000000000
61100  23.421  -28.982  71.050 0.0000000000
61116  22.181  -29.666  71.103 0.0000000000
61088  22.464  -29.164  72.834 0.0000000000
61103  21.632  -29.998  71.803 0.0000000000
68946  22.780  -23.073  77.247 0.0000000000
66803  23.743  -25.540  76.659 0.0000000000
64369  23.607  -26.619  79.453 0.0000000000
63234  23.356  -26.982  77.767 0.0000000000
62150  22.624  -27.699  77.797 0.0000000000
64384  23.495  -26.528  77.304 0.0000000000
63245  23.452  -26.963  76.815 0.0000000000
63254  23.848  -27.270  75.844 0.0000000000
62168  22.656  -28.177  75.485 0.0000000000
61068  21.014  -29.363  74.555 0.0000000000
59966  20.527  -30.054  74.023 0.0000000000
59932  18.940  -31.193  83.857 0.0000000000
58820  18.560  -31.971  84.618 0.0000000000
57622  17.897  -32.662  84.827 0.0000000000
56342  17.291  -33.175  84.452 0.0000000000
58813  18.335  -32.207  86.357 0.0000000000
74671  43.979  -17.539  57.303 0.0000000000
75813  40.471  -16.704  59.214 0.0000000000
75814  39.784  -16.839  59.414 0.0000000000
75798  38.728  -17.016  60.364 0.0000000000
75799  38.357  -17.083  60.831 0.0000000000
75785  38.190  -17.200  61.332 0.0000000000
76904  38.943  -16.425  62.327 0.0000000000
75775  38.116  -17.418  61.819 0.0000000000
74634  37.799  -17.796  61.389 0.0000000000
73513  37.523  -18.675  61.802 0.0000000000
72343  37.613  -19.749  62.333 0.0000000000
76888  39.724  -16.169  64.489 0.0000000000
74622  38.797  -17.848  64.303 0.0000000000
74618  39.473  -17.792  65.353 0.0000000000
74619  39.087  -18.042  64.868 0.0000000000
73505  38.212  -18.977  63.445 0.0000000000
72339  38.185  -19.890  63.050 0.0000000000
71255  38.254  -20.779  62.717 0.0000000000
70105  38.978  -21.606  62.700 0.0000000000
70104  39.720  -21.811  62.871 0.0000000000
69071  40.499  -22.146  63.317 0.0000000000
69075  40.331  -22.355  62.985 0.0000000000
71242  42.485  -21.167  65.151 0.0000000000
70091  42.670  -21.617  64.842 0.0000000000
69059  42.336  -22.320  64.291 0.0000000000
68034  42.405  -22.940  64.150 0.0000000000
66959  42.581  -24.540  63.792 0.0000000000
65750  43.174  -25.345  63.552 0.0000000000
64560  44.029  -26.780  63.714 0.0000000000
64540  43.833  -26.727  64.514 0.0000000000
63375  43.996  -27.903  64.290 0.0000000000
65564  38.576  -25.467  76.222 0.0000000000
65563  39.285  -25.417  75.956 0.0000000000
66810  39.886  -25.296  76.106 0.0000000000
65586  38.891  -25.659  74.799 0.0000000000
66809  40.446  -25.213  75.770 0.0000000000
66819  42.993  -24.478  73.893 0.0000000000
65607  39.193  -25.632  73.210 0.0000000000
65594  40.614  -25.520  73.575 0.0000000000
66820  42.086  -24.827  74.113 0.0000000000
67941  43.784  -24.088  73.568 0.0000000000
66830  44.193  -24.371  72.775 0.0000000000
66856  43.665  -24.959  71.162 0.0000000000
67973  45.049  -24.092  71.208 0.0000000000
67982  45.886  -23.478  70.281 0.0000000000
67981  46.282  -23.005  69.847 0.0000000000
67991  46.166  -22.964  69.336 0.0000000000
67999  45.901  -22.845  68.398 0.0000000000
68000  45.543  -23.457  67.913 0.0000000000
66908  45.118  -24.054  67.528 0.0000000000
66909  44.593  -24.687  67.166 0.0000000000
65699  44.072  -25.337  66.599 0.0000000000
66894  41.098  -25.242  68.396 0.0000000000
65665  41.609  -25.467  68.231 0.0000000000
65683  41.430  -25.631  67.514 0.0000000000
65682  42.177  -25.889  67.596 0.0000000000
64481  42.784  -26.002  66.985 0.0000000000
63345  42.657  -26.812  65.707 0.0000000000
63360  41.440  -27.548  65.371 0.0000000000
74699  41.364  -18.137  55.690 0.0000000000
74700  40.868  -18.063  56.009 0.0000000000
73541  41.082  -18.293  55.434 0.0000000000
73554  39.745  -18.635  54.643 0.0000000000
73555  38.995  -18.934  54.428 0.0000000000
73523  38.728  -18.265  58.229 0.0000000000
73534  38.045  -19.058  56.262 0.0000000000
73535  37.114  -19.359  56.422 0.0000000000
73545  38.322  -19.203  55.255 0.0000000000
73556  38.396  -19.382  54.598 0.0000000000
72376  38.570  -19.389  53.900 0.0000000000
86202  52.282  -7.257  35.773 0.0000000000
86211  52.779  -7.718  34.480 0.0000000000
85123  52.302  -8.377  34.211 0.0000000000
57621  18.121  -32.312  84.001 0.0000000000
58829  18.049  -32.283  83.326 0.0000000000
59963  35.508  -30.074  73.896 0.0000000000
59964  34.845  -30.110  73.934 0.0000000000
59965  34.444  -29.923  74.135 0.0000000000
59970  35.285  -30.186  73.172 0.0000000000
59971  34.012  -30.049  73.571 0.0000000000
59972  32.850  -29.417  73.386 0.0000000000
59984  32.264  -29.311  72.654 0.0000000000
59985  21.282  -30.268  72.043 0.0000000000
59994  34.329  -30.253  70.970 0.0000000000
59997  32.288  -28.433  71.277 0.0000000000
60005  35.286  -29.432  69.764 0.0000000000
60006  34.558  -30.191  69.713 0.0000000000
60019  34.914  -28.936  69.534 0.0000000000
60021  33.703  -29.449  69.022 0.0000000000
60022  32.680  -29.166  69.544 0.0000000000
60023  32.489  -28.748  70.327 0.0000000000
60032  33.528  -28.852  68.766 0.0000000000
60033  33.112  -28.894  68.955 0.0000000000
61041  20.378  -28.767  79.662 0.0000000000
61054  35.602  -30.071  74.326 0.0000000000
61055  35.472  -29.956  74.484 0.0000000000
61056  35.175  -29.637  74.882 0.0000000000
61057  34.891  -29.437  75.191 0.0000000000
61063  35.714  -30.047  74.215 0.0000000000
61064  35.163  -30.031  74.272 0.0000000000
61065  34.730  -29.706  74.561 0.0000000000
61066  34.484  -29.258  74.928 0.0000000000
61071  36.090  -29.954  74.092 0.0000000000
61072  36.015  -29.669  73.694 0.0000000000
61083  35.629  -29.427  72.908 0.0000000000
61084  31.997  -28.538  72.914 0.0000000000
61085  32.035  -27.786  72.638 0.0000000000
61086  31.429  -27.245  72.606 0.0000000000
61099  30.906  -26.912  71.907 0.0000000000
61111  32.470  -27.884  70.796 0.0000000000
61113  31.164  -26.975  71.732 0.0000000000
61124  34.601  -28.551  69.270 0.0000000000
61125  34.244  -28.992  69.005 0.0000000000
61127  32.631  -28.365  69.982 0.0000000000
61136  34.298  -28.257  68.978 0.0000000000
62160  22.158  -28.178  76.615 0.0000000000
62164  35.813  -29.980  74.401 0.0000000000
62165  35.705  -29.593  74.919 0.0000000000
62166  35.424  -29.325  75.457 0.0000000000
62167  34.881  -29.032  75.302 0.0000000000
62173  36.034  -29.686  74.596 0.0000000000
62174  36.300  -29.224  75.145 0.0000000000
62175  35.574  -28.583  75.234 0.0000000000
62176  34.556  -28.571  75.245 0.0000000000
62177  32.470  -26.953  74.409 0.0000000000
62180  30.135  -26.962  73.845 0.0000000000
62186  36.303  -29.466  74.351 0.0000000000
62187  36.330  -28.754  74.012 0.0000000000
62192  30.874  -27.005  73.348 0.0000000000
62194  29.932  -26.913  73.288 0.0000000000
62196  22.694  -28.555  73.742 0.0000000000
62206  22.902  -28.781  73.022 0.0000000000
62210  32.332  -27.361  69.532 0.0000000000
62211  32.240  -27.306  69.743 0.0000000000
62212  30.739  -26.955  72.713 0.0000000000
62213  30.442  -26.834  72.339 0.0000000000
62220  32.439  -27.521  69.624 0.0000000000
63219  23.425  -27.107  79.306 0.0000000000
63229  34.148  -26.243  76.999 0.0000000000
63239  35.156  -26.417  76.263 0.0000000000
63242  32.483  -26.744  76.553 0.0000000000
63255  23.195  -27.786  75.741 0.0000000000
63267  23.641  -27.546  74.716 0.0000000000
63274  33.163  -27.045  74.664 0.0000000000
63275  29.715  -26.655  73.577 0.0000000000
63281  34.980  -27.601  73.359 0.0000000000
63282  29.997  -26.820  72.885 0.0000000000
63283  29.417  -26.341  72.869 0.0000000000
63289  32.131  -27.184  69.596 0.0000000000
63290  31.933  -27.050  69.935 0.0000000000
63292  29.877  -26.880  72.779 0.0000000000
63301  30.873  -26.530  70.798 0.0000000000
63313  31.827  -26.940  69.093 0.0000000000
63336  32.528  -27.620  67.277 0.0000000000
63362  33.892  -27.090  65.576 0.0000000000
64380  33.823  -25.856  77.350 0.0000000000
64387  37.238  -26.030  75.911 0.0000000000
64388  36.876  -26.104  76.036 0.0000000000
64390  35.035  -26.312  76.502 0.0000000000
64396  37.305  -26.138  75.698 0.0000000000
64400  30.931  -26.219  76.134 0.0000000000
64408  36.003  -26.614  74.896 0.0000000000
64409  31.032  -26.138  75.905 0.0000000000
64412  29.270  -25.982  74.076 0.0000000000
64429  35.204  -27.500  73.388 0.0000000000
64431  29.133  -26.063  72.854 0.0000000000
64440  24.179  -27.408  71.309 0.0000000000
64446  31.278  -26.570  69.874 0.0000000000
64458  31.255  -26.572  69.596 0.0000000000
64468  35.914  -26.642  68.326 0.0000000000
64483  36.141  -26.104  68.219 0.0000000000
64498  43.635  -25.625  67.028 0.0000000000
64548  33.894  -27.221  65.043 0.0000000000
65552  38.153  -25.412  76.848 0.0000000000
65553  37.391  -25.463  77.173 0.0000000000
65567  36.057  -25.946  77.007 0.0000000000
65568  31.491  -25.558  76.498 0.0000000000
65575  39.645  -25.540  75.370 0.0000000000
65576  38.725  -25.583  75.456 0.0000000000
65577  37.916  -25.833  75.593 0.0000000000
65578  30.679  -25.865  75.670 0.0000000000
65579  30.059  -25.847  74.989 0.0000000000
65580  24.227  -25.962  75.483 0.0000000000
65583  40.916  -25.720  74.443 0.0000000000
65584  40.526  -25.686  74.270 0.0000000000
65585  39.747  -25.638  74.565 0.0000000000
65593  41.994  -25.410  73.025 0.0000000000
65600  24.036  -25.339  73.420 0.0000000000
65603  42.435  -25.355  72.021 0.0000000000
65609  28.901  -25.990  72.133 0.0000000000
65612  24.117  -25.341  72.899 0.0000000000
65617  42.997  -25.122  71.245 0.0000000000
65630  43.551  -25.046  70.321 0.0000000000
65639  28.442  -25.327  70.668 0.0000000000
65666  41.065  -25.299  67.970 0.0000000000
65693  25.124  -26.134  67.714 0.0000000000
66783  39.231  -24.595  77.653 0.0000000000
66790  31.616  -25.345  76.640 0.0000000000
66822  40.935  -25.704  74.197 0.0000000000
66832  42.434  -25.111  73.243 0.0000000000
66833  41.573  -25.284  73.500 0.0000000000
66834  41.007  -25.600  73.884 0.0000000000
66845  42.860  -25.071  72.271 0.0000000000
66846  41.300  -25.335  73.124 0.0000000000
66855  44.333  -24.612  70.817 0.0000000000
66865  44.206  -24.723  69.988 0.0000000000
66874  24.411  -25.037  70.879 0.0000000000
66899  27.649  -24.928  69.057 0.0000000000
66913  37.292  -25.158  67.384 0.0000000000
66916  25.687  -25.453  67.947 0.0000000000
66926  37.966  -25.184  67.188 0.0000000000
67900  22.986  -23.775  77.805 0.0000000000
67946  30.192  -23.788  73.980 0.0000000000
67994  26.268  -24.203  70.245 0.0000000000
68048  42.682  -24.051  64.091 0.0000000000
68067  40.393  -22.925  62.878 0.0000000000
68962  23.419  -22.234  74.967 0.0000000000
68973  23.342  -22.787  74.715 0.0000000000
68999  28.184  -22.196  73.359 0.0000000000
69004  24.157  -23.128  73.043 0.0000000000
69014  24.998  -23.577  71.065 0.0000000000
69022  25.034  -23.713  70.759 0.0000000000
69023  24.842  -23.736  70.891 0.0000000000
69069  42.132  -22.685  64.072 0.0000000000
69995  22.882  -22.159  75.928 0.0000000000
70013  25.204  -21.469  74.274 0.0000000000
70014  24.475  -21.751  74.379 0.0000000000
70035  28.298  -21.559  73.155 0.0000000000
70072  45.313  -21.502  66.782 0.0000000000
70083  43.456  -21.576  65.332 0.0000000000
70112  36.893  -21.291  61.330 0.0000000000
71221  45.817  -21.062  67.574 0.0000000000
71240  41.608  -20.802  64.965 0.0000000000
71248  40.792  -21.329  64.264 0.0000000000
71254  38.980  -21.142  62.956 0.0000000000
72334  39.320  -19.410  64.445 0.0000000000
73487  41.024  -17.933  66.495 0.0000000000
73493  40.401  -18.364  65.808 0.0000000000
73497  40.203  -18.755  65.510 0.0000000000
73498  39.444  -18.620  65.061 0.0000000000
73501  39.050  -18.632  64.635 0.0000000000
73531  40.306  -18.235  56.012 0.0000000000
73551  41.696  -18.380  54.735 0.0000000000
73588  39.510  -18.393  52.253 0.0000000000
74625  38.416  -17.964  63.588 0.0000000000
74676  39.348  -18.275  57.224 0.0000000000
74711  41.700  -18.277  55.252 0.0000000000
75768  39.012  -16.566  63.070 0.0000000000
75815  39.215  -17.179  59.526 0.0000000000
77005  43.786  -15.422  50.474 0.0000000000
78167  48.137  -14.019  48.599 0.0000000000
87238  52.338  -7.530  39.285 0.0000000000
87243  51.636  -7.322  38.139 0.0000000000
