#!ascii label  , from subject 3516 vox2ras=TkReg
1433
103320  -50.330  14.339  22.357 0.0000000000
115725  -41.938  33.504  10.267 0.0000000000
111791  -43.194  28.365  20.289 0.0000000000
111261  -49.895  27.081  12.676 0.0000000000
112610  -49.505  29.609  5.424 0.0000000000
115739  -46.006  34.041  8.950 0.0000000000
111919  -48.709  28.917  7.682 0.0000000000
110033  -44.128  25.242  13.651 0.0000000000
101210  -40.095  10.744  25.151 0.0000000000
103313  -43.295  14.293  22.444 0.0000000000
115017  -35.289  32.848  7.917 0.0000000000
112630  -41.677  29.410  4.317 0.0000000000
110179  -47.790  25.592  2.787 0.0000000000
106732  -45.744  20.307  18.938 0.0000000000
116964  -41.232  35.906  14.970 0.0000000000
111842  -46.598  28.609  15.864 0.0000000000
106157  -49.986  19.323  15.720 0.0000000000
105610  -47.294  18.253  15.012 0.0000000000
104501  -41.415  17.198  16.744 0.0000000000
102845  -51.179  13.479  20.769 0.0000000000
109542  -51.296  24.172  5.954 0.0000000000
112592  -52.329  29.411  5.944 0.0000000000
110100  -50.220  25.326  7.938 0.0000000000
110680  -45.727  26.516  8.250 0.0000000000
102278  -42.657  12.521  24.200 0.0000000000
102808  -40.719  13.828  22.714 0.0000000000
118212  -34.457  37.505  8.275 0.0000000000
111374  -44.667  27.646  3.089 0.0000000000
106125  -42.652  20.117  18.770 0.0000000000
108743  -43.272  24.144  17.282 0.0000000000
117599  -37.670  36.651  12.562 0.0000000000
118750  -41.717  38.395  12.898 0.0000000000
114141  -48.640  31.864  11.271 0.0000000000
114137  -44.586  31.053  11.272 0.0000000000
112515  -48.641  29.076  13.629 0.0000000000
108091  -48.702  22.963  15.264 0.0000000000
108108  -50.897  22.466  13.517 0.0000000000
105612  -49.485  18.037  14.932 0.0000000000
107438  -49.231  21.210  12.794 0.0000000000
107423  -42.965  21.494  14.083 0.0000000000
115042  -44.760  33.008  6.697 0.0000000000
117042  -44.549  36.316  9.778 0.0000000000
115780  -48.674  34.482  5.888 0.0000000000
115006  -50.072  32.831  7.583 0.0000000000
113328  -48.517  30.514  10.542 0.0000000000
110641  -47.688  26.132  12.929 0.0000000000
112571  -45.937  29.386  10.230 0.0000000000
111265  -42.433  27.602  10.665 0.0000000000
101214  -43.905  10.764  25.355 0.0000000000
102262  -45.593  12.408  24.990 0.0000000000
103317  -46.881  14.671  22.789 0.0000000000
117608  -31.798  36.222  10.193 0.0000000000
117026  -34.837  35.149  11.310 0.0000000000
114148  -38.340  31.983  10.108 0.0000000000
115038  -41.479  32.136  6.843 0.0000000000
112607  -44.757  28.882  6.192 0.0000000000
110140  -47.407  25.398  5.551 0.0000000000
108902  -48.174  22.785  5.259 0.0000000000
109581  -48.701  24.406  2.006 0.0000000000
104420  -41.313  16.452  21.077 0.0000000000
104439  -45.053  16.881  20.825 0.0000000000
104441  -47.241  16.948  20.923 0.0000000000
114086  -42.566  31.802  17.061 0.0000000000
116398  -43.933  35.274  12.248 0.0000000000
114115  -42.396  31.556  14.439 0.0000000000
111815  -45.208  28.949  17.919 0.0000000000
108757  -46.072  23.807  16.522 0.0000000000
106735  -48.474  20.300  18.592 0.0000000000
104454  -49.845  16.166  19.471 0.0000000000
103930  -50.896  14.936  17.465 0.0000000000
103905  -48.235  15.337  18.152 0.0000000000
103902  -44.727  15.390  18.336 0.0000000000
107435  -45.753  21.645  13.808 0.0000000000
105062  -44.465  18.038  15.778 0.0000000000
103379  -42.120  14.621  18.666 0.0000000000
102799  -49.768  13.547  23.625 0.0000000000
102814  -51.097  13.295  22.776 0.0000000000
103334  -51.200  14.140  21.229 0.0000000000
108217  -51.106  22.217  6.979 0.0000000000
109502  -52.545  24.653  7.366 0.0000000000
108204  -49.825  22.359  7.700 0.0000000000
108860  -47.378  23.304  7.766 0.0000000000
111164  -44.311  27.457  20.023 0.0000000000
116396  -40.428  35.187  12.209 0.0000000000
113306  -49.367  30.213  11.934 0.0000000000
114116  -48.676  30.798  12.512 0.0000000000
111870  -49.977  27.657  13.095 0.0000000000
110021  -50.171  25.460  13.746 0.0000000000
109451  -50.728  24.719  12.675 0.0000000000
107449  -50.790  21.631  12.403 0.0000000000
109450  -49.878  24.685  12.419 0.0000000000
113360  -47.053  30.881  6.311 0.0000000000
115767  -46.192  33.896  6.540 0.0000000000
114224  -48.716  32.015  6.068 0.0000000000
111921  -51.022  28.642  7.358 0.0000000000
113349  -51.246  31.071  6.801 0.0000000000
113346  -49.298  30.968  7.915 0.0000000000
114172  -49.049  31.380  9.129 0.0000000000
113345  -48.545  30.921  8.600 0.0000000000
113338  -47.139  30.071  10.297 0.0000000000
111913  -47.139  29.766  8.585 0.0000000000
111283  -44.398  27.260  8.757 0.0000000000
102793  -43.245  13.197  23.651 0.0000000000
102279  -43.718  12.663  24.325 0.0000000000
102794  -44.476  13.284  23.795 0.0000000000
102796  -46.764  13.572  23.924 0.0000000000
103315  -44.989  14.611  22.435 0.0000000000
116452  -34.831  34.518  8.433 0.0000000000
117622  -33.898  36.322  9.358 0.0000000000
115733  -35.391  33.044  9.475 0.0000000000
115722  -37.028  33.158  10.998 0.0000000000
114166  -36.786  32.009  9.378 0.0000000000
113366  -39.554  30.776  4.946 0.0000000000
114215  -39.445  31.680  6.452 0.0000000000
113368  -41.068  30.155  5.813 0.0000000000
113356  -42.700  30.705  6.376 0.0000000000
111958  -42.708  28.828  5.335 0.0000000000
110762  -46.399  26.333  3.062 0.0000000000
110749  -45.902  26.078  5.018 0.0000000000
109564  -47.233  24.670  4.099 0.0000000000
109539  -48.129  23.998  5.523 0.0000000000
109565  -47.942  24.098  3.806 0.0000000000
108927  -47.906  23.670  3.704 0.0000000000
110180  -48.872  25.086  2.557 0.0000000000
106710  -39.176  20.102  21.243 0.0000000000
105531  -38.263  18.821  21.824 0.0000000000
104986  -38.852  18.197  20.744 0.0000000000
104419  -40.353  16.562  21.043 0.0000000000
105537  -40.773  18.439  19.887 0.0000000000
106126  -43.712  19.923  18.837 0.0000000000
105550  -43.313  18.639  19.609 0.0000000000
106110  -45.059  19.210  19.450 0.0000000000
104440  -46.114  16.967  20.971 0.0000000000
105553  -46.555  18.887  19.951 0.0000000000
116361  -40.177  35.007  14.624 0.0000000000
114103  -40.581  32.485  15.152 0.0000000000
115660  -41.516  33.951  15.514 0.0000000000
117044  -46.028  36.402  9.194 0.0000000000
117613  -44.584  36.823  11.006 0.0000000000
116416  -44.499  35.130  10.897 0.0000000000
113286  -45.525  29.919  13.518 0.0000000000
114128  -42.948  30.696  12.392 0.0000000000
112529  -44.379  29.541  14.357 0.0000000000
112493  -43.668  29.671  16.785 0.0000000000
111827  -45.815  28.681  17.075 0.0000000000
110586  -45.709  27.057  16.959 0.0000000000
110587  -46.656  26.814  16.153 0.0000000000
107395  -49.257  21.144  15.531 0.0000000000
107393  -47.881  21.994  16.644 0.0000000000
106142  -49.225  19.777  17.630 0.0000000000
105565  -48.912  18.682  18.752 0.0000000000
105021  -49.830  17.537  18.079 0.0000000000
104467  -50.869  15.455  18.496 0.0000000000
105036  -50.115  17.467  16.895 0.0000000000
105611  -48.469  18.020  14.857 0.0000000000
104508  -49.273  16.415  16.278 0.0000000000
104507  -47.921  16.614  16.385 0.0000000000
103926  -46.591  16.037  17.803 0.0000000000
104488  -46.105  16.544  17.282 0.0000000000
110621  -45.852  25.931  13.419 0.0000000000
109436  -46.599  24.182  13.532 0.0000000000
108793  -44.950  23.430  13.692 0.0000000000
106168  -42.081  19.663  15.063 0.0000000000
106169  -43.247  19.322  14.974 0.0000000000
105049  -42.952  17.797  16.317 0.0000000000
104485  -42.818  16.525  17.250 0.0000000000
104484  -41.768  16.593  17.216 0.0000000000
103378  -41.131  14.414  18.639 0.0000000000
101218  -48.075  10.606  24.989 0.0000000000
102824  -49.969  12.899  21.138 0.0000000000
111339  -50.707  27.432  5.217 0.0000000000
112611  -50.748  29.615  5.224 0.0000000000
110721  -52.661  26.317  6.031 0.0000000000
111291  -52.171  27.073  7.234 0.0000000000
111289  -50.276  27.584  7.590 0.0000000000
111287  -48.021  27.816  7.908 0.0000000000
110074  -48.138  25.730  8.172 0.0000000000
101759  -41.301  11.491  25.163 0.0000000000
102276  -40.557  12.571  23.900 0.0000000000
103312  -42.339  14.336  22.375 0.0000000000
116468  -34.755  34.582  6.556 0.0000000000
111997  -43.209  28.292  3.997 0.0000000000
111387  -47.482  27.499  1.751 0.0000000000
111388  -49.045  27.522  1.145 0.0000000000
106106  -40.901  19.915  19.160 0.0000000000
107385  -42.492  22.454  17.782 0.0000000000
107387  -44.629  22.179  17.781 0.0000000000
118133  -41.569  37.870  14.664 0.0000000000
114974  -47.205  32.398  10.046 0.0000000000
114972  -44.791  32.650  9.918 0.0000000000
114139  -46.703  31.518  11.366 0.0000000000
113288  -47.265  30.361  13.220 0.0000000000
111844  -48.093  27.909  14.961 0.0000000000
110008  -48.005  25.564  15.378 0.0000000000
110599  -48.965  26.375  14.531 0.0000000000
108768  -49.785  23.107  14.422 0.0000000000
106770  -50.616  20.557  14.264 0.0000000000
105613  -50.020  18.503  15.222 0.0000000000
106189  -50.387  19.562  13.766 0.0000000000
106188  -49.559  19.408  13.727 0.0000000000
106187  -48.314  19.581  13.819 0.0000000000
108792  -43.949  23.483  13.717 0.0000000000
111180  -41.510  28.271  18.224 0.0000000000
115748  -43.419  33.675  8.467 0.0000000000
116431  -43.323  35.169  9.979 0.0000000000
116453  -44.516  34.939  8.370 0.0000000000
117075  -46.395  35.978  7.192 0.0000000000
117069  -47.943  35.865  7.411 0.0000000000
114233  -50.552  31.753  5.756 0.0000000000
115761  -49.874  33.796  6.659 0.0000000000
115751  -48.381  34.151  8.013 0.0000000000
114977  -49.246  32.417  9.551 0.0000000000
113315  -49.113  30.587  11.184 0.0000000000
112555  -49.263  29.234  11.808 0.0000000000
111246  -48.939  26.773  12.406 0.0000000000
111900  -47.688  28.510  11.767 0.0000000000
111899  -46.670  28.651  11.649 0.0000000000
111242  -45.148  27.611  12.552 0.0000000000
111916  -45.764  28.012  8.752 0.0000000000
111906  -44.565  28.575  10.186 0.0000000000
101761  -42.839  11.312  25.313 0.0000000000
101743  -44.455  11.217  25.489 0.0000000000
101745  -46.512  11.321  25.491 0.0000000000
102264  -47.642  12.597  25.069 0.0000000000
102797  -47.778  13.637  23.927 0.0000000000
103318  -47.885  14.692  22.780 0.0000000000
118196  -32.776  36.870  11.477 0.0000000000
117024  -33.470  36.618  10.502 0.0000000000
117596  -34.494  37.240  11.809 0.0000000000
117010  -35.760  35.644  11.900 0.0000000000
116410  -38.617  34.320  11.882 0.0000000000
114969  -40.026  32.371  10.374 0.0000000000
114212  -36.796  31.735  7.104 0.0000000000
114202  -38.329  31.516  7.570 0.0000000000
114188  -40.011  31.729  8.339 0.0000000000
115003  -41.897  32.509  8.214 0.0000000000
115040  -42.996  32.459  6.775 0.0000000000
113358  -44.779  30.911  6.516 0.0000000000
111938  -46.846  29.036  6.042 0.0000000000
111984  -44.392  27.483  5.082 0.0000000000
111335  -46.126  27.038  5.562 0.0000000000
111337  -48.270  27.313  5.604 0.0000000000
110142  -49.545  25.129  5.839 0.0000000000
108904  -49.772  23.133  6.152 0.0000000000
108252  -47.357  22.374  4.965 0.0000000000
108925  -46.861  23.363  3.314 0.0000000000
110789  -50.602  25.933  1.068 0.0000000000
103328  -41.006  15.151  21.820 0.0000000000
103858  -42.643  15.610  21.534 0.0000000000
105004  -41.974  18.443  19.750 0.0000000000
104437  -42.976  16.886  20.687 0.0000000000
103859  -43.671  15.497  21.626 0.0000000000
103861  -45.979  15.655  21.830 0.0000000000
103862  -46.966  15.756  21.848 0.0000000000
103864  -48.818  15.610  21.437 0.0000000000
113228  -42.962  30.019  18.714 0.0000000000
117601  -43.363  37.071  11.327 0.0000000000
118159  -43.664  37.662  12.880 0.0000000000
116967  -43.478  35.677  14.810 0.0000000000
114958  -43.156  32.477  11.169 0.0000000000
115673  -42.934  33.573  14.276 0.0000000000
115662  -43.230  33.978  15.422 0.0000000000
114095  -43.145  32.039  16.599 0.0000000000
113249  -43.373  30.592  17.857 0.0000000000
112467  -44.335  29.492  19.215 0.0000000000
110572  -44.801  27.032  17.831 0.0000000000
108755  -44.662  24.471  16.748 0.0000000000
107388  -45.728  22.040  17.841 0.0000000000
108759  -47.556  23.530  15.828 0.0000000000
108084  -46.997  22.252  17.330 0.0000000000
106733  -46.821  20.641  18.935 0.0000000000
106113  -47.835  19.538  19.529 0.0000000000
104996  -48.512  17.156  19.966 0.0000000000
103874  -50.172  15.411  20.443 0.0000000000
103875  -50.952  14.735  20.274 0.0000000000
103365  -51.218  13.944  19.112 0.0000000000
102857  -50.014  13.625  19.530 0.0000000000
104517  -49.792  16.791  16.039 0.0000000000
103906  -49.176  14.950  17.869 0.0000000000
103362  -47.886  14.442  19.556 0.0000000000
103361  -46.700  14.448  19.550 0.0000000000
103360  -45.515  14.258  19.597 0.0000000000
109438  -48.410  24.231  12.892 0.0000000000
108124  -47.654  22.301  13.296 0.0000000000
106782  -46.512  20.168  14.079 0.0000000000
107424  -44.058  21.224  14.082 0.0000000000
106184  -44.886  19.681  14.567 0.0000000000
105063  -45.555  17.973  15.672 0.0000000000
104487  -44.949  16.533  17.307 0.0000000000
103901  -43.676  15.332  18.283 0.0000000000
103304  -50.031  13.988  23.108 0.0000000000
102800  -50.516  13.146  23.506 0.0000000000
102813  -50.423  13.713  23.101 0.0000000000
103321  -51.110  13.718  22.039 0.0000000000
107529  -49.578  21.640  7.122 0.0000000000
108205  -50.937  22.433  7.410 0.0000000000
107511  -49.184  21.833  7.457 0.0000000000
110551  -43.724  26.722  20.438 0.0000000000
111793  -44.165  28.145  20.501 0.0000000000
116412  -41.049  34.720  11.757 0.0000000000
116397  -40.902  35.297  12.162 0.0000000000
116413  -42.277  34.840  10.897 0.0000000000
111884  -49.593  28.415  12.459 0.0000000000
111869  -49.685  28.410  12.863 0.0000000000
111885  -49.867  27.745  12.772 0.0000000000
110624  -50.425  26.262  13.078 0.0000000000
110058  -50.318  25.494  12.662 0.0000000000
108810  -50.577  24.481  12.549 0.0000000000
110057  -49.889  25.467  12.501 0.0000000000
113371  -47.916  30.427  6.052 0.0000000000
113361  -48.023  31.212  6.116 0.0000000000
113372  -48.924  30.717  5.853 0.0000000000
111920  -49.901  28.800  7.471 0.0000000000
112579  -50.796  29.888  7.259 0.0000000000
112578  -49.562  29.973  7.532 0.0000000000
112577  -48.474  30.058  7.923 0.0000000000
112576  -47.694  30.187  8.485 0.0000000000
111918  -47.449  29.044  8.212 0.0000000000
101211  -41.015  10.756  25.220 0.0000000000
102811  -43.734  13.774  23.023 0.0000000000
103299  -45.328  13.982  23.149 0.0000000000
103314  -44.141  14.365  22.507 0.0000000000
115757  -35.047  33.525  7.855 0.0000000000
115746  -34.832  33.739  8.881 0.0000000000
115747  -35.225  33.114  8.503 0.0000000000
114982  -36.182  32.480  9.569 0.0000000000
114199  -35.869  32.160  8.094 0.0000000000
113401  -40.135  30.534  3.697 0.0000000000
113385  -39.756  30.552  4.352 0.0000000000
113386  -40.362  30.166  4.242 0.0000000000
113367  -40.152  30.563  5.376 0.0000000000
112602  -40.866  29.768  4.848 0.0000000000
113369  -41.919  29.941  6.141 0.0000000000
112631  -42.258  29.000  4.840 0.0000000000
110178  -46.994  26.094  2.839 0.0000000000
110168  -46.656  25.558  3.645 0.0000000000
110169  -47.898  24.827  3.345 0.0000000000
110170  -48.433  24.471  3.141 0.0000000000
107346  -40.170  21.141  21.135 0.0000000000
106711  -39.453  20.453  20.741 0.0000000000
106101  -39.012  19.693  20.787 0.0000000000
105535  -39.241  18.914  20.368 0.0000000000
104987  -39.578  18.030  20.442 0.0000000000
106731  -44.463  20.548  18.560 0.0000000000
106127  -44.758  19.775  18.996 0.0000000000
106128  -45.411  19.707  19.211 0.0000000000
105552  -45.585  18.714  19.850 0.0000000000
106717  -46.114  19.983  19.254 0.0000000000
116362  -40.973  34.998  14.985 0.0000000000
115672  -40.775  33.845  14.981 0.0000000000
116363  -41.952  34.981  15.622 0.0000000000
116434  -45.764  35.394  9.391 0.0000000000
116433  -45.151  35.370  9.940 0.0000000000
115729  -45.425  34.546  9.487 0.0000000000
112512  -46.181  29.328  14.966 0.0000000000
113285  -44.816  29.744  13.722 0.0000000000
112511  -45.167  29.355  15.050 0.0000000000
112495  -44.914  29.094  15.801 0.0000000000
111828  -46.316  28.200  16.987 0.0000000000
110596  -47.035  27.270  15.938 0.0000000000
106753  -49.364  20.256  16.365 0.0000000000
106143  -49.585  19.297  17.084 0.0000000000
106130  -49.531  18.918  17.710 0.0000000000
105580  -49.782  18.335  17.360 0.0000000000
105596  -50.047  18.358  16.343 0.0000000000
105065  -47.893  17.533  15.399 0.0000000000
105053  -47.339  17.240  16.004 0.0000000000
104506  -46.760  16.917  16.632 0.0000000000
105052  -46.178  17.452  16.160 0.0000000000
110620  -44.792  26.082  13.490 0.0000000000
109435  -45.576  24.258  13.687 0.0000000000
109434  -44.545  24.330  13.735 0.0000000000
105593  -41.360  18.283  16.065 0.0000000000
105594  -42.270  18.319  15.940 0.0000000000
105048  -41.901  17.738  16.376 0.0000000000
104502  -42.376  17.141  16.761 0.0000000000
103921  -41.169  15.955  17.688 0.0000000000
104483  -40.591  16.789  17.097 0.0000000000
101747  -48.515  11.340  25.116 0.0000000000
102825  -50.777  12.868  21.315 0.0000000000
102844  -50.647  13.295  20.490 0.0000000000
110736  -51.289  26.325  5.381 0.0000000000
110737  -52.195  26.335  5.528 0.0000000000
110145  -52.450  25.341  5.984 0.0000000000
109501  -51.879  24.517  7.735 0.0000000000
110102  -52.182  25.466  7.485 0.0000000000
110101  -51.301  25.405  7.755 0.0000000000
110685  -50.747  26.436  7.712 0.0000000000
110684  -49.435  26.387  7.972 0.0000000000
110099  -49.136  25.228  8.102 0.0000000000
109520  -46.507  24.126  7.755 0.0000000000
102257  -39.968  12.175  24.555 0.0000000000
102809  -41.745  13.763  22.857 0.0000000000
103311  -41.346  14.438  22.295 0.0000000000
117066  -35.668  36.001  7.767 0.0000000000
111386  -46.722  27.892  1.882 0.0000000000
112021  -47.976  28.444  0.954 0.0000000000
112685  -47.301  29.427  0.714 0.0000000000
109985  -42.686  25.590  18.266 0.0000000000
108079  -42.110  23.156  17.725 0.0000000000
108080  -42.950  23.192  17.481 0.0000000000
107386  -43.507  22.314  17.710 0.0000000000
118188  -36.979  37.440  12.623 0.0000000000
118713  -42.126  38.737  13.909 0.0000000000
114959  -48.154  32.353  10.918 0.0000000000
114153  -46.843  32.042  10.483 0.0000000000
114140  -47.735  31.994  11.375 0.0000000000
113269  -48.789  29.760  13.239 0.0000000000
113289  -48.257  30.454  13.121 0.0000000000
113268  -48.263  29.748  13.557 0.0000000000
112514  -47.780  29.328  14.090 0.0000000000
111859  -48.291  28.308  14.435 0.0000000000
111210  -48.520  27.044  14.781 0.0000000000
111220  -49.031  27.295  14.280 0.0000000000
109422  -50.648  24.534  13.467 0.0000000000
109421  -50.033  24.586  14.023 0.0000000000
108778  -50.437  23.497  13.860 0.0000000000
107407  -50.042  21.315  14.639 0.0000000000
107408  -50.803  21.465  13.930 0.0000000000
106174  -50.887  20.250  14.112 0.0000000000
106793  -51.145  20.732  13.084 0.0000000000
108126  -49.765  21.627  12.450 0.0000000000
106806  -50.300  20.627  12.629 0.0000000000
106792  -49.610  20.519  12.832 0.0000000000
106791  -48.788  20.574  13.162 0.0000000000
115022  -44.220  33.384  7.094 0.0000000000
115749  -44.013  34.113  8.210 0.0000000000
115760  -44.823  34.153  7.362 0.0000000000
115768  -47.059  34.044  6.192 0.0000000000
116470  -46.330  35.062  6.673 0.0000000000
116471  -47.388  35.128  6.181 0.0000000000
117662  -47.291  36.292  7.137 0.0000000000
117083  -48.526  35.392  6.192 0.0000000000
112613  -52.079  29.392  5.487 0.0000000000
113374  -51.449  30.531  5.583 0.0000000000
113363  -52.111  30.251  6.011 0.0000000000
114191  -50.695  32.065  7.277 0.0000000000
115024  -50.663  32.566  6.678 0.0000000000
115752  -48.971  34.000  7.688 0.0000000000
115743  -49.461  33.372  7.891 0.0000000000
114992  -48.726  33.033  9.013 0.0000000000
114993  -49.458  32.714  8.556 0.0000000000
113340  -48.602  30.966  9.592 0.0000000000
113341  -49.246  31.449  9.668 0.0000000000
113329  -49.117  31.177  10.310 0.0000000000
113314  -48.750  29.978  11.230 0.0000000000
112554  -48.278  29.281  11.439 0.0000000000
112568  -48.199  30.014  11.016 0.0000000000
112572  -46.563  29.796  9.736 0.0000000000
112566  -46.735  29.631  10.679 0.0000000000
112551  -46.026  29.095  11.153 0.0000000000
111880  -45.944  28.206  12.104 0.0000000000
110681  -46.699  26.543  8.211 0.0000000000
111286  -47.016  27.658  8.227 0.0000000000
111285  -46.133  27.414  8.493 0.0000000000
111272  -43.457  27.653  9.583 0.0000000000
111909  -43.981  27.881  9.614 0.0000000000
102259  -41.991  11.922  24.718 0.0000000000
101760  -42.240  11.368  25.210 0.0000000000
102261  -44.449  12.355  24.810 0.0000000000
102243  -44.017  11.629  25.273 0.0000000000
102244  -45.007  11.806  25.361 0.0000000000
101744  -45.478  11.281  25.507 0.0000000000
102245  -46.055  11.908  25.458 0.0000000000
102246  -47.094  11.973  25.472 0.0000000000
102263  -46.638  12.520  25.082 0.0000000000
103300  -46.326  14.073  23.289 0.0000000000
103301  -47.332  14.169  23.367 0.0000000000
103302  -48.366  14.219  23.357 0.0000000000
117039  -31.065  35.768  9.552 0.0000000000
117022  -30.528  34.980  10.418 0.0000000000
117023  -31.025  35.293  10.728 0.0000000000
117593  -31.824  36.079  11.296 0.0000000000
117609  -32.675  36.693  10.810 0.0000000000
118219  -32.707  37.579  7.959 0.0000000000
118211  -33.459  37.661  8.812 0.0000000000
116426  -34.418  34.599  10.329 0.0000000000
117040  -33.577  36.344  10.279 0.0000000000
117025  -34.012  36.175  10.849 0.0000000000
117611  -34.013  37.023  11.246 0.0000000000
117009  -34.695  36.276  11.660 0.0000000000
117597  -35.374  36.872  12.253 0.0000000000
117027  -35.655  34.617  11.452 0.0000000000
114967  -37.773  32.476  10.550 0.0000000000
115707  -37.349  33.636  11.417 0.0000000000
114955  -38.515  32.846  11.009 0.0000000000
115709  -39.068  33.496  11.470 0.0000000000
114213  -37.630  31.713  6.849 0.0000000000
114214  -38.472  31.799  6.481 0.0000000000
114216  -40.489  31.620  6.444 0.0000000000
114204  -40.261  31.846  7.351 0.0000000000
115018  -41.197  32.188  7.375 0.0000000000
115002  -40.978  32.138  8.283 0.0000000000
115019  -42.075  32.491  7.411 0.0000000000
115020  -42.844  32.770  7.362 0.0000000000
115039  -42.189  32.307  6.787 0.0000000000
112588  -44.281  29.895  6.447 0.0000000000
113357  -43.761  30.864  6.466 0.0000000000
112589  -45.310  29.896  6.366 0.0000000000
112590  -46.367  29.901  6.261 0.0000000000
112608  -45.827  28.894  6.122 0.0000000000
111998  -43.823  28.023  3.582 0.0000000000
111983  -43.655  27.894  4.630 0.0000000000
111366  -44.552  27.309  3.688 0.0000000000
110750  -46.404  25.597  5.122 0.0000000000
110731  -46.109  26.481  5.351 0.0000000000
110732  -46.683  26.112  5.434 0.0000000000
111336  -47.130  27.184  5.669 0.0000000000
110733  -47.752  26.202  5.702 0.0000000000
110734  -48.891  26.219  5.679 0.0000000000
110141  -48.295  25.057  5.815 0.0000000000
108918  -47.774  23.362  4.910 0.0000000000
109540  -49.084  24.028  5.951 0.0000000000
108903  -48.699  23.040  5.700 0.0000000000
108243  -49.445  22.351  6.179 0.0000000000
108242  -48.439  22.222  5.616 0.0000000000
108917  -47.736  22.866  4.703 0.0000000000
108934  -48.237  23.792  2.808 0.0000000000
108926  -47.626  23.398  3.515 0.0000000000
108939  -48.208  23.977  2.426 0.0000000000
108933  -47.583  23.760  2.585 0.0000000000
108938  -48.007  24.068  2.235 0.0000000000
111389  -50.091  26.884  1.084 0.0000000000
103854  -38.918  15.975  21.451 0.0000000000
104435  -40.934  17.181  20.637 0.0000000000
103856  -40.698  15.865  21.428 0.0000000000
103857  -41.652  15.729  21.477 0.0000000000
104421  -42.305  16.319  21.103 0.0000000000
106124  -41.689  20.321  18.776 0.0000000000
105548  -41.418  18.858  19.560 0.0000000000
106107  -41.989  19.529  19.103 0.0000000000
105007  -44.026  17.875  20.180 0.0000000000
105006  -43.441  18.004  20.018 0.0000000000
104438  -43.997  16.854  20.747 0.0000000000
104422  -43.327  16.213  21.154 0.0000000000
104423  -44.399  16.159  21.257 0.0000000000
103860  -44.844  15.290  21.861 0.0000000000
104424  -45.496  16.228  21.367 0.0000000000
104994  -46.675  17.678  20.615 0.0000000000
104425  -46.561  16.340  21.423 0.0000000000
103863  -47.873  15.655  21.706 0.0000000000
104427  -48.201  16.000  21.268 0.0000000000
114093  -41.234  31.989  15.863 0.0000000000
113237  -42.085  30.035  17.706 0.0000000000
116432  -44.082  36.012  9.736 0.0000000000
117028  -43.394  36.087  10.580 0.0000000000
117029  -44.084  36.585  10.284 0.0000000000
117002  -44.441  36.237  11.951 0.0000000000
117586  -44.163  37.176  12.242 0.0000000000
116988  -43.912  36.112  12.889 0.0000000000
117564  -43.486  37.015  13.888 0.0000000000
116386  -43.529  35.238  13.660 0.0000000000
114151  -44.707  31.703  10.506 0.0000000000
114971  -43.958  32.562  10.416 0.0000000000
114150  -43.850  31.661  10.826 0.0000000000
113299  -42.441  30.545  13.919 0.0000000000
114950  -42.470  32.270  12.583 0.0000000000
114937  -42.470  32.456  13.780 0.0000000000
114925  -42.809  32.750  15.027 0.0000000000
114916  -43.081  32.967  16.143 0.0000000000
114104  -42.791  31.853  15.637 0.0000000000
111825  -44.270  29.330  17.136 0.0000000000
112492  -43.332  30.518  17.272 0.0000000000
112476  -44.493  29.471  18.413 0.0000000000
112475  -43.850  30.038  18.590 0.0000000000
111807  -45.102  28.673  18.885 0.0000000000
111165  -44.860  28.031  19.678 0.0000000000
111808  -45.503  28.189  18.487 0.0000000000
109399  -45.654  24.930  16.300 0.0000000000
109996  -45.283  26.002  16.459 0.0000000000
108756  -45.272  24.208  16.628 0.0000000000
108082  -45.205  22.911  17.425 0.0000000000
108746  -45.540  23.456  16.958 0.0000000000
109412  -48.507  24.549  15.003 0.0000000000
109999  -47.463  25.227  15.597 0.0000000000
109402  -47.836  24.493  15.488 0.0000000000
107391  -48.454  20.953  17.652 0.0000000000
107390  -47.667  21.681  17.472 0.0000000000
107375  -47.249  21.242  18.383 0.0000000000
106734  -47.721  20.667  18.908 0.0000000000
106719  -47.342  20.154  19.353 0.0000000000
106720  -48.058  20.126  19.222 0.0000000000
105020  -49.272  18.106  18.555 0.0000000000
105009  -48.894  17.614  19.256 0.0000000000
104453  -48.889  16.820  19.778 0.0000000000
104443  -49.488  15.924  20.334 0.0000000000
103884  -50.622  15.282  19.735 0.0000000000
104493  -50.767  15.906  17.542 0.0000000000
103907  -51.122  14.605  18.456 0.0000000000
103387  -50.838  14.215  18.195 0.0000000000
103364  -50.394  13.832  18.924 0.0000000000
103396  -50.582  14.480  17.811 0.0000000000
105067  -49.817  17.339  15.728 0.0000000000
104490  -48.420  16.127  16.882 0.0000000000
104491  -49.085  15.915  16.776 0.0000000000
103928  -48.918  15.547  17.317 0.0000000000
103385  -48.690  14.684  18.662 0.0000000000
103384  -47.483  14.980  18.918 0.0000000000
103903  -45.848  15.479  18.382 0.0000000000
103383  -46.269  14.953  18.973 0.0000000000
103382  -45.121  14.839  18.919 0.0000000000
103359  -44.399  14.205  19.423 0.0000000000
103381  -44.055  14.761  18.833 0.0000000000
111245  -48.297  26.998  12.430 0.0000000000
110048  -48.453  25.220  12.819 0.0000000000
110047  -47.759  25.378  13.174 0.0000000000
108123  -46.449  22.386  13.582 0.0000000000
108795  -47.066  23.271  13.417 0.0000000000
107427  -46.620  20.668  13.848 0.0000000000
107426  -46.058  20.840  13.990 0.0000000000
107432  -43.146  22.127  13.822 0.0000000000
106779  -43.455  20.604  14.374 0.0000000000
105607  -43.744  18.599  15.418 0.0000000000
106170  -44.310  19.146  14.915 0.0000000000
106171  -45.335  19.015  14.806 0.0000000000
105051  -45.034  17.534  16.240 0.0000000000
104504  -44.464  17.045  16.767 0.0000000000
103900  -42.670  15.295  18.238 0.0000000000
103923  -43.262  15.890  17.727 0.0000000000
103380  -43.063  14.680  18.729 0.0000000000
102780  -49.133  13.091  24.323 0.0000000000
102781  -49.950  12.851  24.060 0.0000000000
102290  -51.322  12.047  22.939 0.0000000000
108906  -51.670  23.264  6.433 0.0000000000
109530  -52.631  24.511  6.460 0.0000000000
108880  -52.207  23.376  7.193 0.0000000000
108864  -51.565  23.452  7.643 0.0000000000
108863  -50.449  23.228  7.908 0.0000000000
109498  -48.708  24.174  7.976 0.0000000000
108862  -49.294  23.180  7.977 0.0000000000
110558  -43.008  26.133  19.426 0.0000000000
109986  -43.297  26.028  17.930 0.0000000000
116996  -38.950  36.082  12.606 0.0000000000
116997  -39.629  35.688  12.464 0.0000000000
118175  -41.998  37.712  12.537 0.0000000000
114132  -49.128  31.121  11.575 0.0000000000
114131  -48.532  31.429  12.038 0.0000000000
113290  -49.135  30.121  12.664 0.0000000000
112534  -49.332  29.181  13.088 0.0000000000
111860  -49.365  28.077  13.524 0.0000000000
110606  -49.693  26.363  14.057 0.0000000000
110607  -50.179  26.280  13.473 0.0000000000
110038  -50.605  25.441  13.237 0.0000000000
108797  -50.963  23.547  13.175 0.0000000000
107440  -51.115  21.537  12.702 0.0000000000
108804  -50.734  23.631  12.592 0.0000000000
108133  -50.221  22.425  12.318 0.0000000000
108132  -49.581  22.981  12.381 0.0000000000
114222  -46.365  31.943  6.457 0.0000000000
115043  -45.786  32.939  6.566 0.0000000000
115044  -46.790  32.990  6.375 0.0000000000
115045  -47.864  33.041  6.185 0.0000000000
115046  -49.003  33.093  6.062 0.0000000000
111922  -51.910  28.578  7.105 0.0000000000
113350  -51.773  30.423  6.429 0.0000000000
112583  -51.564  30.093  6.840 0.0000000000
113347  -50.314  31.014  7.497 0.0000000000
114190  -49.921  31.871  8.142 0.0000000000
114189  -49.302  31.426  8.592 0.0000000000
113327  -47.731  30.161  10.561 0.0000000000
113344  -47.848  30.662  9.072 0.0000000000
112573  -47.092  30.219  9.025 0.0000000000
111912  -46.545  29.422  8.832 0.0000000000
110679  -44.807  26.579  8.334 0.0000000000
101213  -42.924  10.756  25.294 0.0000000000
102280  -44.304  12.777  24.339 0.0000000000
102776  -45.175  12.872  24.396 0.0000000000
102777  -46.196  12.962  24.469 0.0000000000
102795  -45.716  13.449  23.838 0.0000000000
103316  -45.926  14.576  22.657 0.0000000000
117053  -31.081  36.215  8.837 0.0000000000
117055  -34.847  36.122  8.351 0.0000000000
117635  -34.159  36.880  8.927 0.0000000000
117054  -34.357  35.635  8.861 0.0000000000
116442  -34.379  34.647  9.324 0.0000000000
115720  -34.916  33.679  10.198 0.0000000000
116427  -35.246  34.081  10.886 0.0000000000
115721  -35.918  33.068  10.346 0.0000000000
114983  -37.104  32.216  9.960 0.0000000000
114167  -37.686  31.870  9.711 0.0000000000
114238  -38.512  31.533  4.606 0.0000000000
114230  -39.460  31.259  5.496 0.0000000000
113353  -40.342  31.091  5.997 0.0000000000
114217  -41.498  31.646  6.512 0.0000000000
114218  -42.387  31.683  6.485 0.0000000000
113355  -41.700  30.866  6.306 0.0000000000
113370  -42.621  29.762  6.193 0.0000000000
112606  -43.767  28.999  6.177 0.0000000000
111375  -45.275  27.343  2.903 0.0000000000
110760  -45.062  26.781  3.777 0.0000000000
110167  -45.844  26.015  3.901 0.0000000000
110156  -46.434  25.322  4.607 0.0000000000
110157  -46.837  25.056  5.216 0.0000000000
110158  -47.567  24.686  5.480 0.0000000000
109555  -47.349  24.198  4.880 0.0000000000
109572  -48.558  24.285  2.881 0.0000000000
109573  -49.220  24.736  2.203 0.0000000000
107347  -41.165  21.790  21.500 0.0000000000
106707  -40.725  21.051  21.863 0.0000000000
106098  -39.337  19.906  22.027 0.0000000000
106097  -38.953  19.702  21.523 0.0000000000
104418  -39.415  16.703  21.073 0.0000000000
104433  -39.114  17.478  20.816 0.0000000000
104434  -39.960  17.272  20.669 0.0000000000
106730  -43.323  20.735  18.424 0.0000000000
106108  -43.010  19.367  19.199 0.0000000000
106109  -44.053  19.204  19.331 0.0000000000
105551  -44.454  18.372  19.899 0.0000000000
105538  -44.757  18.047  20.167 0.0000000000
104993  -45.638  17.590  20.537 0.0000000000
105540  -46.120  18.237  20.269 0.0000000000
105541  -46.991  18.342  20.341 0.0000000000
115671  -40.133  33.807  14.603 0.0000000000
114914  -41.516  32.876  15.766 0.0000000000
114094  -42.092  32.390  16.573 0.0000000000
117043  -45.084  36.508  9.442 0.0000000000
117612  -44.506  36.900  10.696 0.0000000000
117030  -44.781  36.354  10.327 0.0000000000
117018  -44.686  36.303  11.249 0.0000000000
113302  -45.522  30.352  12.747 0.0000000000
114136  -43.387  31.093  11.583 0.0000000000
113301  -44.505  30.044  12.990 0.0000000000
112537  -43.550  29.748  13.980 0.0000000000
113284  -42.883  29.980  14.133 0.0000000000
112527  -42.838  30.090  15.679 0.0000000000
112509  -43.444  29.568  15.861 0.0000000000
111840  -44.677  29.063  16.524 0.0000000000
111826  -45.005  28.940  17.154 0.0000000000
111816  -45.729  28.305  17.877 0.0000000000
111817  -46.169  28.023  17.460 0.0000000000
111195  -46.304  27.640  16.965 0.0000000000
109997  -46.043  25.895  16.109 0.0000000000
108092  -49.266  22.312  15.051 0.0000000000
108088  -48.231  22.470  15.861 0.0000000000
108089  -48.737  21.745  15.705 0.0000000000
106752  -48.874  20.553  17.176 0.0000000000
106741  -48.877  20.277  17.859 0.0000000000
106114  -48.514  19.523  19.017 0.0000000000
106129  -49.138  19.450  18.155 0.0000000000
105566  -49.436  18.524  18.119 0.0000000000
105010  -49.726  16.933  18.743 0.0000000000
104466  -50.364  16.467  18.269 0.0000000000
104492  -50.395  16.669  17.341 0.0000000000
103937  -50.685  15.825  16.976 0.0000000000
105066  -49.051  17.235  15.472 0.0000000000
105054  -48.330  16.944  15.832 0.0000000000
103927  -47.787  15.884  17.616 0.0000000000
103904  -47.045  15.520  18.349 0.0000000000
104489  -47.294  16.394  17.108 0.0000000000
103925  -45.413  15.994  17.822 0.0000000000
110640  -46.580  26.564  13.025 0.0000000000
110036  -47.193  25.001  13.400 0.0000000000
110035  -46.210  25.065  13.581 0.0000000000
108794  -45.988  23.343  13.607 0.0000000000
108122  -45.350  22.538  13.665 0.0000000000
106181  -42.307  20.202  14.693 0.0000000000
106182  -42.903  20.022  14.655 0.0000000000
105606  -42.671  18.831  15.432 0.0000000000
105595  -43.054  18.332  15.806 0.0000000000
105061  -43.638  18.079  15.922 0.0000000000
104503  -43.408  17.097  16.776 0.0000000000
103922  -42.228  15.922  17.724 0.0000000000
103899  -41.662  15.254  18.214 0.0000000000
103898  -40.636  15.202  18.171 0.0000000000
101235  -47.284  10.421  24.780 0.0000000000
111965  -50.090  28.523  5.196 0.0000000000
111966  -51.259  28.551  5.097 0.0000000000
111986  -52.137  27.952  5.344 0.0000000000
111941  -52.593  27.879  5.978 0.0000000000
110131  -52.790  25.420  6.497 0.0000000000
111303  -52.535  27.255  6.744 0.0000000000
111302  -52.232  27.788  7.086 0.0000000000
111290  -51.477  27.509  7.405 0.0000000000
111288  -49.122  27.726  7.783 0.0000000000
110682  -47.615  26.766  8.174 0.0000000000
110097  -47.483  25.615  8.085 0.0000000000
110098  -48.266  25.097  8.050 0.0000000000
109496  -46.947  24.837  7.849 0.0000000000
101739  -40.691  11.105  25.401 0.0000000000
101758  -40.353  11.601  25.095 0.0000000000
102258  -40.956  12.088  24.665 0.0000000000
102277  -41.586  12.521  24.031 0.0000000000
102275  -39.544  12.635  23.785 0.0000000000
102792  -42.186  13.151  23.514 0.0000000000
102810  -42.751  13.724  22.951 0.0000000000
117636  -35.078  36.822  8.196 0.0000000000
117065  -35.148  35.247  8.092 0.0000000000
116461  -34.989  34.422  7.455 0.0000000000
115033  -34.977  33.059  7.252 0.0000000000
112009  -45.586  28.228  2.233 0.0000000000
111376  -46.381  27.472  2.318 0.0000000000
111377  -47.030  27.053  2.257 0.0000000000
110786  -48.459  26.755  1.803 0.0000000000
110775  -48.689  25.980  2.244 0.0000000000
112022  -48.827  28.369  0.693 0.0000000000
107384  -41.928  22.631  17.903 0.0000000000
106729  -42.242  20.948  18.426 0.0000000000
107372  -44.001  21.419  18.101 0.0000000000
107373  -45.152  21.294  18.298 0.0000000000
118132  -40.651  37.800  14.613 0.0000000000
117551  -41.434  36.901  14.853 0.0000000000
114990  -46.925  32.897  9.267 0.0000000000
115738  -45.435  33.700  9.368 0.0000000000
114171  -46.602  32.424  9.767 0.0000000000
114152  -45.757  31.854  10.355 0.0000000000
114138  -45.602  31.261  11.185 0.0000000000
114130  -47.597  31.461  12.124 0.0000000000
114129  -46.919  31.152  12.148 0.0000000000
113303  -46.503  30.667  12.560 0.0000000000
113287  -46.392  30.146  13.338 0.0000000000
112513  -46.944  29.360  14.506 0.0000000000
111843  -47.625  28.160  15.225 0.0000000000
111208  -47.279  27.684  15.733 0.0000000000
111209  -47.998  27.405  15.240 0.0000000000
110598  -48.298  26.455  15.080 0.0000000000
110020  -49.531  25.499  14.296 0.0000000000
108777  -49.753  23.870  14.304 0.0000000000
108767  -49.051  23.551  14.782 0.0000000000
106769  -49.949  20.307  15.109 0.0000000000
106173  -50.391  19.669  14.439 0.0000000000
105624  -50.145  19.186  14.425 0.0000000000
105623  -49.856  18.895  14.395 0.0000000000
106807  -50.850  20.764  12.635 0.0000000000
106201  -50.080  20.057  12.913 0.0000000000
105622  -48.983  18.744  14.339 0.0000000000
105621  -47.828  18.812  14.487 0.0000000000
109433  -43.511  24.367  13.658 0.0000000000
108791  -42.954  23.462  13.623 0.0000000000
108107  -42.283  21.757  14.079 0.0000000000
107422  -42.054  21.248  14.296 0.0000000000
105605  -41.682  18.882  15.604 0.0000000000
105047  -41.040  17.721  16.441 0.0000000000
115726  -42.665  34.025  9.847 0.0000000000
116430  -42.557  34.366  10.264 0.0000000000
116443  -43.643  34.684  9.299 0.0000000000
116444  -44.338  35.440  9.105 0.0000000000
116445  -44.909  36.253  8.884 0.0000000000
116469  -45.854  34.419  6.794 0.0000000000
116463  -45.797  35.739  7.475 0.0000000000
117056  -45.360  36.504  8.845 0.0000000000
117637  -46.473  36.509  7.989 0.0000000000
117624  -47.077  36.170  8.383 0.0000000000
116447  -47.133  34.872  8.389 0.0000000000
113373  -50.185  30.681  5.477 0.0000000000
114225  -49.699  32.329  5.915 0.0000000000
114226  -51.303  31.707  6.266 0.0000000000
115047  -50.142  32.985  6.138 0.0000000000
115771  -49.554  34.173  6.135 0.0000000000
116457  -49.068  34.624  7.227 0.0000000000
116456  -48.414  34.755  7.715 0.0000000000
115740  -46.975  33.889  8.614 0.0000000000
114991  -47.880  33.030  9.136 0.0000000000
114976  -48.680  32.662  9.865 0.0000000000
114960  -48.693  32.302  10.615 0.0000000000
114173  -49.511  31.894  9.155 0.0000000000
114155  -49.428  31.820  10.014 0.0000000000
114142  -49.136  31.607  10.766 0.0000000000
111902  -49.467  27.992  12.349 0.0000000000
111260  -49.347  27.138  12.433 0.0000000000
111901  -48.777  28.099  11.952 0.0000000000
111883  -48.516  27.581  12.211 0.0000000000
111882  -47.967  27.755  12.189 0.0000000000
112567  -47.587  29.741  10.975 0.0000000000
111244  -47.302  27.156  12.547 0.0000000000
111243  -46.245  27.413  12.600 0.0000000000
110639  -45.502  26.799  13.080 0.0000000000
110638  -44.386  26.947  13.058 0.0000000000
111917  -46.358  28.383  8.626 0.0000000000
111911  -45.468  28.691  9.379 0.0000000000
111274  -44.716  27.873  9.113 0.0000000000
111910  -44.443  28.140  9.589 0.0000000000
111907  -45.307  29.042  10.511 0.0000000000
101740  -41.614  11.058  25.444 0.0000000000
101741  -42.493  11.051  25.458 0.0000000000
101742  -43.420  11.229  25.409 0.0000000000
102260  -43.214  11.793  24.966 0.0000000000
102242  -43.554  11.517  25.260 0.0000000000
101216  -45.917  10.830  25.317 0.0000000000
101217  -46.951  10.785  25.239 0.0000000000
101746  -47.548  11.320  25.386 0.0000000000
102247  -48.098  11.993  25.350 0.0000000000
102778  -47.206  13.118  24.564 0.0000000000
102779  -48.191  13.159  24.501 0.0000000000
102798  -48.789  13.710  23.905 0.0000000000
103303  -49.408  14.146  23.223 0.0000000000
103319  -48.968  14.652  22.687 0.0000000000
117633  -31.965  37.093  9.015 0.0000000000
118204  -33.352  37.394  9.333 0.0000000000
117621  -33.414  36.885  9.853 0.0000000000
117620  -32.431  36.952  9.601 0.0000000000
118184  -33.489  37.435  11.860 0.0000000000
118185  -34.405  37.939  12.312 0.0000000000
118186  -35.210  37.863  12.348 0.0000000000
117598  -36.444  36.596  12.496 0.0000000000
117011  -37.038  35.542  12.154 0.0000000000
116408  -36.500  34.625  11.672 0.0000000000
116409  -37.530  34.376  11.766 0.0000000000
117012  -38.370  35.467  12.377 0.0000000000
117013  -39.080  34.964  12.221 0.0000000000
115710  -40.243  33.468  11.291 0.0000000000
115724  -40.967  33.077  10.683 0.0000000000
114211  -36.130  31.928  7.347 0.0000000000
114200  -36.550  31.707  8.003 0.0000000000
114186  -38.034  31.456  8.636 0.0000000000
114168  -38.646  31.625  9.413 0.0000000000
114203  -39.285  31.647  7.399 0.0000000000
114187  -39.019  31.498  8.444 0.0000000000
114169  -39.616  31.726  9.354 0.0000000000
114985  -40.637  32.051  9.312 0.0000000000
114970  -41.139  32.557  10.077 0.0000000000
115735  -42.389  33.344  9.508 0.0000000000
115004  -42.781  33.007  8.193 0.0000000000
115021  -43.631  33.208  7.336 0.0000000000
115041  -43.818  32.663  6.720 0.0000000000
114219  -43.299  31.755  6.495 0.0000000000
114220  -44.255  31.889  6.491 0.0000000000
114221  -45.276  31.942  6.500 0.0000000000
113359  -45.852  30.910  6.455 0.0000000000
112591  -47.323  29.821  6.098 0.0000000000
112609  -48.232  29.524  5.791 0.0000000000
111982  -42.909  28.504  4.661 0.0000000000
111960  -44.143  28.166  5.632 0.0000000000
111353  -45.278  26.829  5.132 0.0000000000
111334  -45.601  27.073  5.427 0.0000000000
111962  -46.451  28.041  5.828 0.0000000000
111963  -47.604  28.402  5.763 0.0000000000
111964  -48.852  28.470  5.475 0.0000000000
111338  -49.478  27.376  5.393 0.0000000000
110735  -50.114  26.276  5.510 0.0000000000
110143  -50.737  25.198  5.727 0.0000000000
109541  -50.220  24.109  6.014 0.0000000000
108905  -50.790  23.219  6.245 0.0000000000
108245  -51.060  22.613  6.560 0.0000000000
107556  -50.081  22.013  6.599 0.0000000000
108916  -47.132  22.792  4.107 0.0000000000
110776  -49.357  25.724  2.055 0.0000000000
110181  -49.727  25.242  1.819 0.0000000000
109582  -49.620  24.930  1.587 0.0000000000
103310  -40.315  14.588  22.150 0.0000000000
103855  -39.816  15.980  21.372 0.0000000000
103327  -40.068  15.317  21.683 0.0000000000
103329  -41.984  14.994  21.862 0.0000000000
103330  -42.962  14.908  21.955 0.0000000000
105547  -40.454  19.110  19.648 0.0000000000
104989  -41.589  17.941  20.110 0.0000000000
105005  -42.555  18.216  19.861 0.0000000000
104990  -42.683  17.580  20.281 0.0000000000
104436  -41.962  17.063  20.673 0.0000000000
103331  -43.887  14.846  22.083 0.0000000000
103332  -44.458  14.778  22.213 0.0000000000
103847  -45.556  15.050  22.185 0.0000000000
103848  -46.447  15.180  22.282 0.0000000000
103849  -47.400  15.231  22.299 0.0000000000
103850  -48.377  15.171  22.173 0.0000000000
103851  -49.312  15.011  22.024 0.0000000000
112482  -41.386  29.628  17.196 0.0000000000
111814  -42.066  28.971  18.310 0.0000000000
112465  -42.917  29.482  19.127 0.0000000000
116414  -42.942  35.594  10.627 0.0000000000
118176  -42.895  37.682  12.097 0.0000000000
117602  -44.143  37.280  11.228 0.0000000000
118177  -43.650  37.658  12.118 0.0000000000
118732  -42.373  38.510  13.217 0.0000000000
118147  -43.049  37.966  13.634 0.0000000000
117552  -42.307  36.982  14.871 0.0000000000
116965  -42.213  35.953  15.321 0.0000000000
115728  -44.833  34.026  9.896 0.0000000000
115712  -43.802  33.736  10.882 0.0000000000
116415  -43.831  34.507  11.490 0.0000000000
114957  -42.687  31.929  11.771 0.0000000000
115699  -42.680  33.002  12.387 0.0000000000
115685  -43.189  34.319  13.347 0.0000000000
115674  -43.391  34.481  14.548 0.0000000000
116356  -43.715  34.810  15.562 0.0000000000
116364  -43.020  34.897  15.654 0.0000000000
115661  -42.645  33.977  15.851 0.0000000000
114915  -42.495  33.028  16.307 0.0000000000
114909  -42.753  32.435  16.900 0.0000000000
113258  -43.115  31.234  16.961 0.0000000000
114087  -43.090  32.003  17.170 0.0000000000
113248  -43.112  30.943  17.558 0.0000000000
113229  -43.319  30.197  18.541 0.0000000000
112466  -43.548  29.828  19.129 0.0000000000
111799  -43.617  28.859  19.979 0.0000000000
111172  -44.672  27.499  19.332 0.0000000000
110571  -43.942  26.582  17.998 0.0000000000
110573  -45.476  27.431  17.647 0.0000000000
109995  -44.644  26.086  16.853 0.0000000000
108744  -44.093  24.285  17.012 0.0000000000
108081  -44.080  23.222  17.371 0.0000000000
110588  -47.098  26.284  15.765 0.0000000000
109998  -46.879  25.631  15.796 0.0000000000
108758  -46.815  23.699  16.195 0.0000000000
108087  -47.229  22.658  16.638 0.0000000000
108086  -46.608  23.216  16.655 0.0000000000
108083  -46.290  22.786  17.206 0.0000000000
107374  -46.256  21.253  18.418 0.0000000000
106718  -46.517  20.061  19.318 0.0000000000
105554  -47.570  18.787  19.942 0.0000000000
104995  -47.881  17.729  20.280 0.0000000000
105555  -48.328  18.770  19.412 0.0000000000
105008  -48.189  18.272  19.779 0.0000000000
104442  -48.590  16.467  20.594 0.0000000000
103873  -49.409  15.724  20.853 0.0000000000
103865  -49.960  15.139  21.399 0.0000000000
103866  -50.680  14.849  20.978 0.0000000000
103348  -51.360  14.070  20.060 0.0000000000
103885  -51.124  14.749  19.298 0.0000000000
102859  -51.116  13.642  19.972 0.0000000000
102858  -50.608  13.570  19.669 0.0000000000
105055  -50.136  17.588  16.083 0.0000000000
104509  -50.238  16.615  16.496 0.0000000000
103936  -50.169  15.685  16.814 0.0000000000
103935  -49.532  15.701  16.869 0.0000000000
103929  -49.915  15.038  17.360 0.0000000000
103386  -49.934  14.331  18.117 0.0000000000
103363  -49.219  14.002  19.438 0.0000000000
103346  -48.095  13.919  20.248 0.0000000000
103345  -47.012  13.985  20.183 0.0000000000
110049  -49.280  25.355  12.498 0.0000000000
109449  -49.177  24.447  12.488 0.0000000000
108802  -49.026  23.490  12.504 0.0000000000
109437  -47.574  24.132  13.301 0.0000000000
108796  -48.162  23.292  13.081 0.0000000000
107437  -48.256  21.336  13.197 0.0000000000
106790  -47.879  20.451  13.525 0.0000000000
106186  -47.113  19.482  14.239 0.0000000000
105620  -46.700  18.881  14.649 0.0000000000
106183  -43.861  19.853  14.633 0.0000000000
106780  -44.456  20.441  14.359 0.0000000000
106781  -45.483  20.269  14.284 0.0000000000
106185  -45.987  19.476  14.477 0.0000000000
106172  -45.999  18.936  14.726 0.0000000000
105609  -46.065  18.491  15.102 0.0000000000
104505  -45.582  17.033  16.750 0.0000000000
104486  -43.864  16.499  17.267 0.0000000000
103924  -44.310  15.923  17.774 0.0000000000
102266  -49.409  12.405  24.520 0.0000000000
102267  -50.250  12.176  24.314 0.0000000000
102775  -44.597  12.818  24.353 0.0000000000
102782  -50.519  12.589  23.844 0.0000000000
102812  -44.531  13.974  22.954 0.0000000000
102815  -51.271  12.585  23.070 0.0000000000
102843  -49.620  13.440  20.328 0.0000000000
103333  -50.610  14.624  21.486 0.0000000000
103395  -50.392  14.646  17.654 0.0000000000
103846  -45.131  14.980  22.142 0.0000000000
104426  -47.575  16.240  21.338 0.0000000000
104455  -50.704  15.400  19.230 0.0000000000
104510  -50.618  16.211  17.030 0.0000000000
104516  -49.561  16.897  15.828 0.0000000000
104988  -40.467  17.883  20.280 0.0000000000
104991  -43.617  17.474  20.389 0.0000000000
104992  -44.596  17.655  20.377 0.0000000000
105050  -43.988  17.589  16.286 0.0000000000
105064  -46.733  17.832  15.563 0.0000000000
105536  -40.017  18.568  20.037 0.0000000000
105539  -45.200  18.108  20.195 0.0000000000
105549  -42.368  18.828  19.506 0.0000000000
105608  -44.903  18.555  15.292 0.0000000000
106102  -39.427  19.771  20.160 0.0000000000
106111  -46.014  19.558  19.465 0.0000000000
106112  -46.983  19.558  19.694 0.0000000000
106123  -41.142  20.532  18.877 0.0000000000
106190  -50.833  20.145  13.624 0.0000000000
106199  -48.542  20.115  13.421 0.0000000000
106200  -49.186  19.980  13.273 0.0000000000
106202  -50.807  20.177  13.138 0.0000000000
106212  -50.590  20.406  12.790 0.0000000000
106213  -50.744  20.281  12.921 0.0000000000
106705  -39.237  20.066  21.493 0.0000000000
106706  -39.743  20.368  21.763 0.0000000000
106742  -49.213  20.040  17.265 0.0000000000
106778  -42.558  20.665  14.449 0.0000000000
106783  -47.355  20.004  13.852 0.0000000000
106784  -50.991  20.719  13.639 0.0000000000
106789  -47.045  20.488  13.770 0.0000000000
107370  -41.705  21.997  18.191 0.0000000000
107371  -42.864  21.605  18.031 0.0000000000
107376  -48.095  21.026  18.306 0.0000000000
107377  -48.495  20.663  18.155 0.0000000000
107389  -46.722  21.883  17.821 0.0000000000
107394  -48.517  21.308  16.560 0.0000000000
107428  -51.165  21.533  13.252 0.0000000000
107436  -46.946  21.247  13.611 0.0000000000
107439  -49.869  21.011  12.519 0.0000000000
107448  -50.369  21.309  12.389 0.0000000000
107512  -50.059  21.908  7.366 0.0000000000
107530  -50.439  21.858  7.088 0.0000000000
107545  -49.873  21.738  6.816 0.0000000000
107546  -50.619  21.972  6.824 0.0000000000
107557  -50.704  22.200  6.675 0.0000000000
108093  -50.291  22.352  14.242 0.0000000000
108119  -42.455  22.420  13.793 0.0000000000
108120  -43.429  22.674  13.710 0.0000000000
108125  -48.999  22.320  12.691 0.0000000000
108127  -51.147  22.496  12.887 0.0000000000
108134  -50.882  22.310  12.529 0.0000000000
108206  -51.636  22.936  7.293 0.0000000000
108218  -51.645  22.742  7.054 0.0000000000
108229  -51.086  22.345  6.773 0.0000000000
108230  -51.522  22.705  6.800 0.0000000000
108244  -50.357  22.492  6.428 0.0000000000
108246  -51.355  22.670  6.660 0.0000000000
108742  -42.322  24.094  17.651 0.0000000000
108745  -44.812  23.721  17.004 0.0000000000
108766  -48.316  23.585  15.382 0.0000000000
108803  -49.918  23.708  12.336 0.0000000000
108809  -50.357  24.283  12.449 0.0000000000
108861  -48.177  23.230  7.867 0.0000000000
108865  -52.307  23.942  7.519 0.0000000000
108881  -52.699  24.018  7.215 0.0000000000
108890  -52.101  23.229  6.799 0.0000000000
108891  -52.717  23.811  6.833 0.0000000000
108907  -52.374  23.754  6.480 0.0000000000
109388  -42.798  25.052  17.639 0.0000000000
109389  -43.542  25.164  17.191 0.0000000000
109390  -44.257  25.205  16.823 0.0000000000
109398  -44.926  25.130  16.522 0.0000000000
109400  -46.419  24.719  16.043 0.0000000000
109401  -47.144  24.528  15.762 0.0000000000
109413  -49.265  24.597  14.485 0.0000000000
109439  -51.029  24.602  12.939 0.0000000000
109456  -50.314  24.867  12.514 0.0000000000
109457  -50.546  24.872  12.598 0.0000000000
109497  -47.563  24.242  7.835 0.0000000000
109499  -49.798  24.213  8.056 0.0000000000
109500  -50.917  24.327  7.999 0.0000000000
109522  -52.887  24.616  6.931 0.0000000000
109543  -52.157  24.314  6.040 0.0000000000
109553  -46.644  25.047  4.535 0.0000000000
109554  -46.830  24.828  4.625 0.0000000000
109563  -46.721  25.034  4.300 0.0000000000
109974  -42.990  26.103  18.715 0.0000000000
109987  -44.017  26.088  17.348 0.0000000000
110007  -47.402  25.896  15.640 0.0000000000
110009  -48.718  25.513  14.726 0.0000000000
110034  -45.184  25.171  13.681 0.0000000000
110037  -47.931  24.806  13.215 0.0000000000
110050  -50.624  25.454  12.877 0.0000000000
110073  -47.877  25.831  8.191 0.0000000000
110075  -48.610  25.597  8.143 0.0000000000
110124  -52.724  25.474  7.048 0.0000000000
110144  -51.770  25.252  5.671 0.0000000000
110155  -45.993  25.845  4.293 0.0000000000
110191  -50.336  25.508  1.094 0.0000000000
110550  -43.316  26.326  19.986 0.0000000000
110559  -43.818  26.856  19.049 0.0000000000
110560  -44.697  27.327  18.799 0.0000000000
110585  -45.084  26.604  16.970 0.0000000000
110597  -47.472  26.698  15.613 0.0000000000
110622  -46.823  25.740  13.311 0.0000000000
110623  -47.373  25.586  13.233 0.0000000000
110642  -48.692  26.117  12.548 0.0000000000
110643  -49.378  26.193  12.481 0.0000000000
110644  -50.294  26.258  12.839 0.0000000000
110650  -49.863  26.266  12.582 0.0000000000
110651  -50.113  26.261  12.690 0.0000000000
110662  -48.027  26.146  8.203 0.0000000000
110663  -48.600  26.091  8.151 0.0000000000
110664  -48.941  25.830  8.123 0.0000000000
110683  -48.466  26.826  8.068 0.0000000000
110686  -51.761  26.381  7.501 0.0000000000
110687  -52.461  26.346  7.163 0.0000000000
110706  -52.698  26.330  6.623 0.0000000000
110747  -44.842  26.826  4.067 0.0000000000
110748  -45.330  26.415  4.281 0.0000000000
110761  -45.683  26.512  3.465 0.0000000000
110772  -46.053  26.850  2.833 0.0000000000
110773  -46.715  26.707  2.588 0.0000000000
110774  -47.589  26.509  2.321 0.0000000000
110787  -49.444  26.424  1.652 0.0000000000
110788  -50.237  25.924  1.419 0.0000000000
111157  -44.422  27.999  20.315 0.0000000000
111173  -45.242  27.781  18.766 0.0000000000
111174  -45.653  27.951  18.245 0.0000000000
111181  -45.455  27.638  18.069 0.0000000000
111182  -45.847  27.763  17.652 0.0000000000
111183  -46.141  27.803  17.375 0.0000000000
111194  -46.043  27.598  17.269 0.0000000000
111207  -46.800  27.747  16.342 0.0000000000
111219  -48.368  27.609  14.746 0.0000000000
111221  -49.767  27.099  13.651 0.0000000000
111227  -50.153  26.993  13.238 0.0000000000
111247  -50.228  27.037  12.921 0.0000000000
111259  -48.822  27.348  12.281 0.0000000000
111273  -44.095  27.680  9.251 0.0000000000
111284  -45.271  27.492  8.690 0.0000000000
111320  -52.669  27.144  6.224 0.0000000000
111340  -51.878  27.525  5.219 0.0000000000
111341  -52.418  27.353  5.654 0.0000000000
111351  -44.215  27.417  4.411 0.0000000000
111352  -44.720  27.024  4.565 0.0000000000
111354  -45.783  26.693  5.329 0.0000000000
111355  -52.210  27.711  5.409 0.0000000000
111356  -52.348  27.780  5.559 0.0000000000
111365  -43.973  27.577  4.057 0.0000000000
111367  -45.126  26.988  3.449 0.0000000000
111390  -50.585  26.388  1.024 0.0000000000
111792  -43.744  28.228  20.531 0.0000000000
111798  -42.948  28.881  19.576 0.0000000000
111800  -44.350  28.665  19.944 0.0000000000
111805  -41.871  28.595  18.410 0.0000000000
111813  -41.563  28.854  17.799 0.0000000000
111824  -41.121  29.002  17.235 0.0000000000
111839  -44.177  29.263  16.636 0.0000000000
111841  -45.490  28.876  16.341 0.0000000000
111857  -46.799  29.051  15.076 0.0000000000
111858  -47.353  28.822  14.885 0.0000000000
111861  -49.862  27.467  13.346 0.0000000000
111879  -44.923  28.247  11.846 0.0000000000
111881  -46.986  27.996  12.190 0.0000000000
111896  -43.937  28.252  10.741 0.0000000000
111898  -45.731  28.820  11.326 0.0000000000
111903  -49.699  27.827  12.604 0.0000000000
111905  -43.914  28.100  9.998 0.0000000000
111927  -52.373  28.351  6.430 0.0000000000
111928  -52.564  27.653  6.327 0.0000000000
111939  -47.501  29.196  5.935 0.0000000000
111940  -52.397  28.629  5.743 0.0000000000
111959  -43.308  28.505  5.452 0.0000000000
111961  -45.248  27.711  5.641 0.0000000000
111967  -52.063  28.541  5.296 0.0000000000
111968  -52.339  28.028  5.582 0.0000000000
111985  -44.860  27.221  5.161 0.0000000000
111987  -52.307  27.893  5.357 0.0000000000
111999  -44.341  27.860  3.198 0.0000000000
112010  -46.295  28.136  1.960 0.0000000000
112020  -46.821  28.476  1.502 0.0000000000
112457  -43.079  29.279  19.420 0.0000000000
112458  -43.356  29.332  19.505 0.0000000000
112459  -43.901  29.350  19.657 0.0000000000
112473  -41.847  29.551  17.752 0.0000000000
112474  -42.337  29.575  18.305 0.0000000000
112483  -43.386  30.598  17.632 0.0000000000
112484  -43.697  30.104  17.783 0.0000000000
112485  -44.542  29.334  17.739 0.0000000000
112494  -44.133  29.188  16.127 0.0000000000
112496  -45.711  29.084  15.617 0.0000000000
112508  -43.129  30.312  16.483 0.0000000000
112510  -44.215  29.339  15.302 0.0000000000
112528  -43.302  29.672  14.853 0.0000000000
112530  -45.426  29.590  14.273 0.0000000000
112531  -46.291  29.685  14.070 0.0000000000
112532  -47.091  29.802  13.808 0.0000000000
112533  -47.755  29.982  13.610 0.0000000000
112538  -44.097  29.749  13.592 0.0000000000
112539  -49.449  29.259  12.428 0.0000000000
112552  -46.389  29.148  11.204 0.0000000000
112553  -47.231  29.205  11.326 0.0000000000
112565  -45.986  29.252  10.876 0.0000000000
112580  -51.550  29.382  7.074 0.0000000000
112584  -52.020  29.537  6.552 0.0000000000
112587  -43.335  29.884  6.362 0.0000000000
112603  -41.604  29.479  5.321 0.0000000000
112604  -42.315  29.312  5.667 0.0000000000
112605  -42.975  29.157  5.944 0.0000000000
112612  -51.746  29.547  5.324 0.0000000000
112632  -51.809  29.711  5.386 0.0000000000
112633  -51.979  29.614  5.406 0.0000000000
112649  -42.673  28.941  3.740 0.0000000000
112650  -43.354  28.518  3.515 0.0000000000
113238  -42.744  30.441  18.112 0.0000000000
113239  -43.383  30.489  18.122 0.0000000000
113267  -42.811  31.020  16.118 0.0000000000
113283  -42.531  30.575  14.983 0.0000000000
113300  -43.190  30.065  13.185 0.0000000000
113304  -47.471  30.887  12.649 0.0000000000
113305  -48.148  31.101  12.577 0.0000000000
113310  -43.698  30.425  12.395 0.0000000000
113311  -44.543  30.550  12.107 0.0000000000
113312  -45.523  30.775  11.935 0.0000000000
113313  -46.267  31.062  11.849 0.0000000000
113326  -47.311  29.892  10.613 0.0000000000
113339  -47.601  30.443  9.829 0.0000000000
113354  -40.815  30.969  6.166 0.0000000000
113362  -51.727  31.045  6.133 0.0000000000
113375  -51.988  29.895  5.606 0.0000000000
113387  -51.827  29.928  5.474 0.0000000000
113388  -51.981  29.732  5.467 0.0000000000
114117  -49.122  30.806  12.182 0.0000000000
114127  -42.391  31.195  13.141 0.0000000000
114135  -42.648  31.360  12.205 0.0000000000
114147  -37.935  32.069  10.148 0.0000000000
114149  -39.117  31.893  10.027 0.0000000000
114154  -47.590  32.316  10.646 0.0000000000
114165  -36.426  32.169  9.269 0.0000000000
114170  -46.120  32.260  9.893 0.0000000000
114183  -35.962  32.208  8.594 0.0000000000
114184  -36.274  32.062  8.860 0.0000000000
114185  -37.091  31.618  8.768 0.0000000000
114201  -37.402  31.514  7.809 0.0000000000
114205  -51.048  31.977  6.650 0.0000000000
114223  -47.476  32.018  6.273 0.0000000000
114231  -40.056  31.142  5.886 0.0000000000
114232  -49.668  31.540  5.750 0.0000000000
114234  -51.246  31.593  5.909 0.0000000000
114239  -39.168  30.953  4.393 0.0000000000
114910  -42.980  32.550  16.776 0.0000000000
114924  -40.755  33.319  15.074 0.0000000000
114951  -42.706  32.700  11.929 0.0000000000
114954  -38.079  32.838  10.979 0.0000000000
114956  -39.349  32.855  10.988 0.0000000000
114961  -49.175  32.239  10.250 0.0000000000
114965  -36.262  32.687  10.088 0.0000000000
114966  -36.699  32.620  10.292 0.0000000000
114968  -38.859  32.362  10.542 0.0000000000
114973  -45.526  32.491  9.755 0.0000000000
114975  -47.915  32.624  10.143 0.0000000000
114981  -35.766  32.649  9.294 0.0000000000
114984  -37.527  32.158  10.089 0.0000000000
114986  -41.701  32.604  9.255 0.0000000000
114987  -42.421  32.988  8.883 0.0000000000
114988  -45.222  33.093  9.521 0.0000000000
114989  -45.923  32.879  9.333 0.0000000000
115000  -35.753  32.497  8.829 0.0000000000
115001  -36.062  32.312  9.092 0.0000000000
115005  -43.361  33.309  7.891 0.0000000000
115007  -50.533  32.715  7.102 0.0000000000
115016  -35.092  33.129  7.663 0.0000000000
115023  -50.303  33.196  6.869 0.0000000000
115034  -35.468  32.418  7.061 0.0000000000
115035  -36.176  32.093  6.525 0.0000000000
115048  -50.916  32.254  6.231 0.0000000000
115062  -50.878  32.162  5.963 0.0000000000
115063  -51.165  31.994  6.036 0.0000000000
115654  -43.451  34.487  15.678 0.0000000000
115655  -43.513  34.704  15.574 0.0000000000
115663  -43.443  34.634  15.273 0.0000000000
115684  -42.698  33.268  13.080 0.0000000000
115700  -43.105  33.732  12.007 0.0000000000
115708  -37.946  33.293  11.285 0.0000000000
115711  -41.328  33.866  11.044 0.0000000000
115713  -44.359  34.092  10.464 0.0000000000
115719  -34.560  33.991  10.108 0.0000000000
115723  -37.586  32.950  10.964 0.0000000000
115727  -44.274  33.415  10.234 0.0000000000
115732  -34.602  33.859  9.728 0.0000000000
115734  -35.802  32.812  9.819 0.0000000000
115736  -43.096  33.843  9.165 0.0000000000
115737  -43.711  34.338  8.855 0.0000000000
115741  -47.950  33.855  8.452 0.0000000000
115742  -48.872  33.539  8.309 0.0000000000
115750  -44.529  34.543  7.929 0.0000000000
115753  -49.698  33.734  7.268 0.0000000000
115758  -35.182  33.153  8.085 0.0000000000
115759  -44.255  33.843  7.580 0.0000000000
115766  -45.452  33.881  6.816 0.0000000000
115769  -47.994  33.926  6.094 0.0000000000
115770  -49.154  33.897  5.897 0.0000000000
115781  -49.087  34.447  5.871 0.0000000000
115782  -49.183  34.679  5.989 0.0000000000
116355  -43.411  34.734  15.535 0.0000000000
116365  -43.446  35.033  15.353 0.0000000000
116374  -39.618  34.638  14.350 0.0000000000
116375  -40.564  34.362  14.811 0.0000000000
116376  -43.565  35.153  14.698 0.0000000000
116399  -44.472  35.804  11.589 0.0000000000
116411  -39.732  34.501  11.973 0.0000000000
116428  -36.155  33.808  11.253 0.0000000000
116429  -36.903  33.878  11.463 0.0000000000
116446  -46.416  35.150  8.846 0.0000000000
116448  -47.818  34.796  8.120 0.0000000000
116454  -45.060  35.652  8.129 0.0000000000
116455  -45.631  36.193  7.929 0.0000000000
116458  -49.601  34.044  7.063 0.0000000000
116462  -45.541  34.826  7.219 0.0000000000
116464  -49.080  34.988  6.906 0.0000000000
116465  -49.622  34.235  6.953 0.0000000000
116472  -48.223  35.078  5.997 0.0000000000
116473  -49.091  35.057  6.421 0.0000000000
116474  -49.318  34.719  6.353 0.0000000000
116479  -48.716  34.906  5.918 0.0000000000
116480  -48.994  35.136  5.867 0.0000000000
116481  -49.260  34.827  6.211 0.0000000000
116966  -43.086  36.014  15.149 0.0000000000
116978  -43.307  36.319  14.465 0.0000000000
116979  -43.529  36.046  13.954 0.0000000000
116989  -44.247  36.386  12.363 0.0000000000
116998  -40.831  35.901  12.412 0.0000000000
117001  -44.201  36.022  12.374 0.0000000000
117008  -34.240  36.702  11.396 0.0000000000
117014  -41.283  35.516  12.073 0.0000000000
117016  -42.835  36.188  11.162 0.0000000000
117017  -43.586  36.743  10.854 0.0000000000
117031  -45.388  36.151  9.665 0.0000000000
117038  -30.201  34.982  9.771 0.0000000000
117041  -33.825  35.753  9.815 0.0000000000
117045  -46.782  35.893  8.707 0.0000000000
117046  -47.297  35.570  8.284 0.0000000000
117057  -45.844  36.507  8.373 0.0000000000
117058  -47.784  35.504  7.872 0.0000000000
117059  -48.409  35.325  7.454 0.0000000000
117068  -46.078  36.333  7.746 0.0000000000
117070  -48.604  35.493  7.046 0.0000000000
117072  -35.387  35.121  7.112 0.0000000000
117076  -46.940  35.894  6.702 0.0000000000
117077  -47.912  36.036  6.610 0.0000000000
117078  -48.711  35.378  6.559 0.0000000000
117084  -48.890  35.189  6.182 0.0000000000
117550  -40.434  36.860  14.609 0.0000000000
117563  -42.956  37.052  14.414 0.0000000000
117571  -43.906  36.942  13.152 0.0000000000
117572  -44.177  36.701  12.552 0.0000000000
117583  -41.398  36.880  12.530 0.0000000000
117587  -44.381  36.707  12.142 0.0000000000
117594  -32.423  36.568  11.777 0.0000000000
117595  -33.909  37.421  11.607 0.0000000000
117600  -38.544  36.431  12.618 0.0000000000
117603  -44.477  36.809  11.623 0.0000000000
117610  -33.451  36.978  11.011 0.0000000000
117619  -31.638  36.544  9.289 0.0000000000
117623  -46.520  36.434  8.502 0.0000000000
117625  -47.370  35.886  8.169 0.0000000000
117634  -33.585  37.302  9.269 0.0000000000
117638  -46.986  36.483  8.050 0.0000000000
117639  -47.499  36.098  8.178 0.0000000000
117649  -46.593  36.329  7.444 0.0000000000
117650  -46.938  36.431  7.528 0.0000000000
117651  -47.377  36.228  7.469 0.0000000000
117660  -46.727  36.177  7.072 0.0000000000
117661  -46.990  36.252  6.851 0.0000000000
118134  -42.360  37.995  14.406 0.0000000000
118148  -43.586  37.460  13.400 0.0000000000
118158  -43.106  38.145  12.731 0.0000000000
118183  -32.880  37.021  11.952 0.0000000000
118189  -43.159  37.371  11.642 0.0000000000
118190  -43.495  37.443  11.677 0.0000000000
118197  -33.039  37.084  11.397 0.0000000000
118696  -41.652  38.552  14.322 0.0000000000
118712  -41.167  38.971  14.013 0.0000000000
118731  -41.470  38.737  13.497 0.0000000000
118751  -42.460  38.205  12.678 0.0000000000
