#!ascii label  , from subject 3516 vox2ras=TkReg
592
10091  -41.576  -85.953  -12.062 0.0000000000
17358  -46.386  -77.451  -17.643 0.0000000000
15650  -40.114  -79.661  -13.988 0.0000000000
15638  -46.042  -80.545  -12.920 0.0000000000
18175  -42.993  -76.181  -13.968 0.0000000000
10997  -39.479  -84.392  -8.020 0.0000000000
15606  -34.078  -79.572  -10.607 0.0000000000
18049  -33.022  -76.333  -2.923 0.0000000000
17287  -38.034  -77.124  -12.335 0.0000000000
17291  -41.873  -77.993  -11.915 0.0000000000
18987  -39.577  -75.660  -11.660 0.0000000000
13830  -36.472  -81.730  -10.019 0.0000000000
15582  -35.869  -79.963  -7.685 0.0000000000
21709  -33.472  -72.943  -3.181 0.0000000000
19804  -31.924  -74.332  -6.024 0.0000000000
10118  -41.965  -85.935  -14.525 0.0000000000
16481  -46.594  -78.274  -15.381 0.0000000000
12984  -43.655  -82.037  -17.344 0.0000000000
14824  -45.307  -80.757  -19.085 0.0000000000
12939  -41.782  -82.932  -13.146 0.0000000000
12002  -44.617  -83.742  -11.952 0.0000000000
18165  -45.364  -77.550  -13.334 0.0000000000
19044  -47.099  -75.760  -15.680 0.0000000000
11997  -37.854  -83.595  -12.348 0.0000000000
14756  -36.515  -80.351  -13.885 0.0000000000
17286  -34.273  -77.336  -12.849 0.0000000000
15558  -34.288  -78.950  -3.862 0.0000000000
16411  -33.191  -77.819  -7.271 0.0000000000
18964  -32.363  -75.324  -10.030 0.0000000000
21846  -33.746  -72.798  -11.232 0.0000000000
12971  -41.922  -82.600  -15.585 0.0000000000
20949  -44.244  -72.908  -18.997 0.0000000000
18211  -43.233  -76.725  -18.407 0.0000000000
12999  -40.099  -81.979  -18.088 0.0000000000
18119  -37.267  -75.956  -11.522 0.0000000000
18121  -38.938  -76.570  -11.473 0.0000000000
9221  -42.507  -86.009  -13.064 0.0000000000
16495  -46.802  -77.812  -16.665 0.0000000000
15672  -46.171  -78.772  -16.638 0.0000000000
15682  -45.570  -79.577  -17.799 0.0000000000
14823  -44.595  -80.402  -18.999 0.0000000000
16493  -44.693  -78.615  -17.706 0.0000000000
13881  -40.892  -81.648  -14.027 0.0000000000
14759  -41.715  -80.440  -13.428 0.0000000000
18145  -42.020  -77.244  -12.492 0.0000000000
17292  -43.211  -78.032  -12.470 0.0000000000
18176  -44.237  -76.546  -13.945 0.0000000000
18177  -45.736  -76.933  -13.881 0.0000000000
18190  -45.112  -76.207  -14.830 0.0000000000
11035  -38.855  -84.849  -12.128 0.0000000000
11986  -38.370  -83.590  -10.227 0.0000000000
13828  -35.200  -80.975  -10.621 0.0000000000
12914  -35.925  -81.880  -11.748 0.0000000000
14748  -35.089  -80.666  -12.394 0.0000000000
16453  -35.520  -78.401  -13.671 0.0000000000
16439  -33.810  -78.253  -12.353 0.0000000000
17207  -33.526  -77.478  -3.257 0.0000000000
16398  -34.124  -78.221  -5.493 0.0000000000
17226  -33.078  -77.090  -4.582 0.0000000000
21800  -32.286  -72.577  -7.744 0.0000000000
18957  -32.191  -75.220  -8.768 0.0000000000
19856  -32.220  -74.276  -9.650 0.0000000000
19875  -32.806  -74.703  -11.378 0.0000000000
13875  -45.506  -81.952  -12.706 0.0000000000
12043  -43.803  -83.764  -13.654 0.0000000000
13883  -43.372  -81.675  -14.399 0.0000000000
12085  -42.546  -83.253  -18.153 0.0000000000
20947  -41.945  -73.980  -18.501 0.0000000000
19110  -43.520  -75.414  -19.571 0.0000000000
15667  -40.650  -79.552  -16.653 0.0000000000
15633  -38.917  -78.636  -13.554 0.0000000000
15621  -40.978  -78.994  -12.268 0.0000000000
17290  -39.956  -78.039  -11.685 0.0000000000
18123  -40.865  -76.889  -11.734 0.0000000000
18161  -41.334  -75.888  -13.509 0.0000000000
11967  -38.984  -82.869  -9.042 0.0000000000
14717  -36.443  -80.974  -8.896 0.0000000000
15588  -34.815  -79.706  -8.727 0.0000000000
19770  -32.535  -74.856  -2.842 0.0000000000
18920  -32.267  -75.503  -4.472 0.0000000000
20748  -32.495  -73.612  -4.841 0.0000000000
21782  -32.605  -72.518  -6.463 0.0000000000
23923  -32.667  -71.175  -7.084 0.0000000000
16473  -46.087  -79.214  -14.127 0.0000000000
14785  -43.969  -80.319  -15.178 0.0000000000
14786  -44.828  -79.955  -16.084 0.0000000000
13906  -45.182  -81.282  -17.639 0.0000000000
12117  -44.783  -82.277  -19.985 0.0000000000
13057  -44.138  -81.771  -20.879 0.0000000000
13056  -43.342  -81.864  -20.968 0.0000000000
13037  -41.960  -82.058  -19.975 0.0000000000
11056  -42.073  -84.270  -12.302 0.0000000000
10093  -43.367  -84.558  -12.241 0.0000000000
13860  -44.794  -82.162  -11.565 0.0000000000
15617  -45.803  -80.785  -11.450 0.0000000000
16444  -42.508  -78.822  -11.957 0.0000000000
16459  -44.852  -78.884  -12.295 0.0000000000
16447  -46.169  -79.584  -12.341 0.0000000000
17313  -47.205  -77.953  -13.668 0.0000000000
18192  -47.572  -76.451  -14.919 0.0000000000
18199  -47.640  -75.948  -17.089 0.0000000000
11036  -40.070  -85.240  -12.339 0.0000000000
12019  -40.150  -83.836  -13.392 0.0000000000
12936  -38.641  -82.377  -13.890 0.0000000000
12905  -36.917  -82.767  -11.394 0.0000000000
12935  -37.399  -82.441  -13.147 0.0000000000
14770  -37.987  -80.154  -14.403 0.0000000000
16470  -37.412  -78.706  -14.106 0.0000000000
18159  -36.604  -76.762  -13.100 0.0000000000
19002  -35.625  -75.515  -12.396 0.0000000000
16399  -34.611  -78.784  -5.171 0.0000000000
16413  -34.559  -78.914  -7.340 0.0000000000
16422  -33.391  -78.462  -9.278 0.0000000000
18939  -32.002  -75.794  -6.682 0.0000000000
17253  -32.660  -77.173  -8.985 0.0000000000
17264  -32.960  -77.387  -10.598 0.0000000000
18118  -33.000  -76.358  -11.749 0.0000000000
19891  -34.288  -74.828  -12.353 0.0000000000
11057  -43.480  -84.941  -13.206 0.0000000000
11070  -42.132  -84.882  -14.685 0.0000000000
13903  -42.309  -81.885  -16.036 0.0000000000
12096  -41.177  -84.063  -18.228 0.0000000000
19060  -45.216  -74.954  -16.646 0.0000000000
19069  -47.221  -74.674  -17.363 0.0000000000
18236  -46.853  -75.353  -18.730 0.0000000000
19088  -45.501  -75.533  -19.454 0.0000000000
18213  -45.629  -76.673  -18.336 0.0000000000
16492  -43.529  -78.490  -17.296 0.0000000000
14810  -42.186  -80.776  -17.666 0.0000000000
18984  -36.842  -75.205  -11.179 0.0000000000
18985  -37.624  -75.283  -11.149 0.0000000000
9206  -41.993  -86.338  -12.578 0.0000000000
17340  -47.016  -77.330  -17.150 0.0000000000
15683  -46.130  -78.547  -17.320 0.0000000000
16509  -46.292  -78.105  -17.420 0.0000000000
16507  -45.256  -79.057  -17.994 0.0000000000
16508  -45.661  -78.440  -17.732 0.0000000000
14773  -40.705  -80.267  -14.029 0.0000000000
13882  -41.511  -81.164  -13.736 0.0000000000
14758  -41.107  -79.738  -13.452 0.0000000000
18162  -42.098  -76.403  -13.302 0.0000000000
18163  -43.200  -77.077  -13.135 0.0000000000
18189  -43.788  -76.057  -14.849 0.0000000000
10046  -39.023  -85.596  -8.630 0.0000000000
11009  -39.174  -84.501  -9.125 0.0000000000
11021  -38.476  -84.553  -10.685 0.0000000000
11978  -38.893  -83.601  -9.547 0.0000000000
14725  -34.781  -80.417  -10.265 0.0000000000
14739  -34.805  -80.605  -11.695 0.0000000000
14738  -34.407  -80.111  -11.273 0.0000000000
15620  -34.223  -79.038  -12.495 0.0000000000
15615  -33.900  -79.127  -11.641 0.0000000000
18899  -33.063  -75.810  -1.870 0.0000000000
18038  -33.306  -76.348  -1.547 0.0000000000
18046  -33.278  -76.788  -2.252 0.0000000000
17202  -33.530  -77.523  -2.431 0.0000000000
17206  -33.185  -76.841  -3.356 0.0000000000
17216  -33.221  -77.093  -3.842 0.0000000000
18059  -32.760  -76.436  -3.934 0.0000000000
21816  -32.217  -72.669  -8.658 0.0000000000
20824  -32.182  -73.438  -8.200 0.0000000000
21824  -32.368  -72.322  -9.518 0.0000000000
13876  -45.849  -81.354  -12.562 0.0000000000
13874  -44.789  -82.011  -13.399 0.0000000000
14776  -44.464  -80.951  -13.823 0.0000000000
18257  -42.217  -76.131  -19.292 0.0000000000
16506  -41.376  -78.077  -17.072 0.0000000000
16505  -40.691  -77.980  -17.122 0.0000000000
16456  -38.757  -78.158  -13.164 0.0000000000
16457  -39.669  -78.516  -12.748 0.0000000000
16440  -38.954  -77.853  -12.490 0.0000000000
18122  -39.873  -76.745  -11.505 0.0000000000
18988  -40.212  -76.293  -11.690 0.0000000000
18144  -41.264  -76.277  -12.613 0.0000000000
19016  -40.726  -75.536  -12.936 0.0000000000
14708  -35.366  -80.218  -8.841 0.0000000000
15589  -35.467  -79.964  -8.289 0.0000000000
20707  -32.801  -74.175  -2.293 0.0000000000
20714  -33.058  -73.468  -2.762 0.0000000000
20725  -32.435  -73.820  -4.156 0.0000000000
20749  -32.879  -73.240  -4.530 0.0000000000
22833  -32.727  -71.676  -6.675 0.0000000000
10130  -41.581  -85.902  -15.286 0.0000000000
16480  -46.073  -78.765  -14.827 0.0000000000
15659  -45.137  -79.292  -14.991 0.0000000000
15660  -45.891  -78.843  -15.708 0.0000000000
14813  -45.393  -80.809  -18.251 0.0000000000
14799  -45.264  -80.526  -17.103 0.0000000000
13022  -45.109  -81.877  -19.360 0.0000000000
12133  -44.711  -82.201  -20.261 0.0000000000
14822  -43.795  -80.455  -18.799 0.0000000000
13933  -44.376  -80.634  -19.413 0.0000000000
13945  -43.383  -81.352  -20.113 0.0000000000
13038  -42.689  -81.794  -20.415 0.0000000000
13931  -42.288  -81.517  -19.204 0.0000000000
12021  -42.163  -83.812  -12.407 0.0000000000
11999  -42.675  -83.923  -12.076 0.0000000000
14740  -44.969  -81.088  -11.220 0.0000000000
15624  -44.564  -80.328  -11.613 0.0000000000
16443  -41.250  -78.538  -11.744 0.0000000000
15622  -41.886  -79.271  -12.122 0.0000000000
17293  -44.188  -78.577  -12.394 0.0000000000
16446  -45.359  -79.642  -11.909 0.0000000000
16460  -45.839  -78.817  -12.514 0.0000000000
16461  -46.816  -78.873  -13.079 0.0000000000
18191  -46.465  -76.257  -14.803 0.0000000000
18179  -47.387  -76.968  -14.272 0.0000000000
18193  -48.019  -76.262  -15.648 0.0000000000
19062  -47.589  -75.530  -16.576 0.0000000000
11998  -38.392  -84.147  -12.407 0.0000000000
12018  -38.850  -83.763  -13.150 0.0000000000
12937  -39.713  -82.919  -13.822 0.0000000000
12017  -38.125  -83.095  -13.223 0.0000000000
12897  -37.368  -82.217  -9.773 0.0000000000
11976  -37.742  -82.759  -10.135 0.0000000000
11984  -37.171  -82.719  -10.634 0.0000000000
13867  -36.186  -81.064  -13.316 0.0000000000
12934  -36.776  -81.939  -13.023 0.0000000000
13868  -36.874  -81.384  -13.568 0.0000000000
13869  -37.833  -81.375  -14.101 0.0000000000
14757  -37.247  -80.682  -14.124 0.0000000000
15647  -37.713  -79.281  -14.268 0.0000000000
15646  -36.865  -79.355  -14.199 0.0000000000
17305  -35.152  -77.383  -13.354 0.0000000000
17306  -36.093  -77.456  -13.643 0.0000000000
18158  -35.686  -76.798  -13.283 0.0000000000
18140  -36.106  -76.150  -12.770 0.0000000000
18139  -35.041  -76.412  -13.042 0.0000000000
16389  -34.519  -78.824  -4.656 0.0000000000
17235  -33.552  -77.748  -5.898 0.0000000000
16407  -33.941  -78.133  -6.200 0.0000000000
16412  -33.742  -78.160  -6.977 0.0000000000
16417  -33.594  -78.477  -8.106 0.0000000000
16416  -33.303  -78.027  -7.555 0.0000000000
18930  -31.943  -75.402  -5.773 0.0000000000
18938  -31.844  -75.249  -6.428 0.0000000000
18090  -32.316  -76.434  -8.313 0.0000000000
18099  -32.446  -76.257  -9.437 0.0000000000
17254  -33.006  -77.705  -9.625 0.0000000000
17263  -32.737  -76.973  -9.858 0.0000000000
17270  -33.101  -77.336  -11.479 0.0000000000
18107  -32.617  -76.322  -10.648 0.0000000000
20854  -32.983  -73.838  -11.311 0.0000000000
19876  -33.521  -74.541  -11.979 0.0000000000
20855  -33.896  -73.375  -11.602 0.0000000000
19877  -34.627  -74.052  -11.909 0.0000000000
11040  -43.983  -84.238  -12.099 0.0000000000
10106  -43.451  -84.746  -12.548 0.0000000000
11058  -44.147  -84.231  -12.747 0.0000000000
12960  -42.357  -82.960  -14.740 0.0000000000
12042  -42.781  -83.770  -14.345 0.0000000000
12041  -42.018  -83.665  -14.933 0.0000000000
12061  -40.752  -84.792  -15.939 0.0000000000
12072  -40.587  -84.412  -16.445 0.0000000000
13892  -43.593  -80.924  -16.145 0.0000000000
13904  -43.090  -81.604  -16.519 0.0000000000
12097  -42.073  -83.812  -18.709 0.0000000000
12084  -41.700  -83.336  -17.712 0.0000000000
19059  -43.899  -74.926  -16.518 0.0000000000
19965  -47.112  -73.778  -18.041 0.0000000000
19070  -47.480  -74.972  -18.013 0.0000000000
19966  -47.280  -73.894  -18.811 0.0000000000
18233  -43.646  -76.376  -19.042 0.0000000000
19111  -44.435  -75.267  -19.745 0.0000000000
18234  -44.855  -76.111  -19.124 0.0000000000
18212  -44.328  -76.712  -18.382 0.0000000000
17338  -44.166  -77.873  -17.422 0.0000000000
17356  -43.725  -77.167  -17.796 0.0000000000
14795  -41.321  -80.540  -17.098 0.0000000000
14809  -41.585  -80.978  -17.505 0.0000000000
13916  -41.277  -81.452  -17.936 0.0000000000
18142  -37.809  -76.722  -11.884 0.0000000000
17288  -38.725  -77.413  -12.074 0.0000000000
18120  -38.069  -76.129  -11.373 0.0000000000
18986  -38.485  -75.231  -11.289 0.0000000000
19881  -38.979  -74.921  -11.563 0.0000000000
21736  -33.504  -72.855  -4.092 0.0000000000
21759  -34.381  -72.113  -4.781 0.0000000000
9235  -42.287  -86.125  -13.513 0.0000000000
16482  -47.324  -77.609  -15.407 0.0000000000
15693  -45.325  -80.295  -18.631 0.0000000000
15692  -45.079  -79.922  -18.575 0.0000000000
14812  -44.532  -79.988  -18.566 0.0000000000
14811  -43.536  -80.218  -18.200 0.0000000000
13871  -41.402  -82.298  -13.594 0.0000000000
13872  -42.115  -81.759  -13.333 0.0000000000
14760  -42.748  -80.785  -12.648 0.0000000000
18146  -42.779  -77.442  -12.681 0.0000000000
17310  -43.910  -77.635  -12.957 0.0000000000
18164  -44.526  -77.324  -13.381 0.0000000000
19043  -45.870  -75.667  -15.744 0.0000000000
11034  -38.207  -84.279  -11.829 0.0000000000
11020  -38.059  -83.924  -11.468 0.0000000000
13843  -35.986  -81.662  -10.670 0.0000000000
12904  -36.360  -82.115  -11.029 0.0000000000
13842  -35.495  -81.383  -11.359 0.0000000000
13857  -35.789  -81.402  -12.547 0.0000000000
14755  -35.550  -80.385  -13.307 0.0000000000
15632  -35.964  -79.390  -13.863 0.0000000000
15631  -35.121  -79.350  -13.362 0.0000000000
16452  -34.587  -78.463  -13.095 0.0000000000
16376  -33.754  -78.132  -2.757 0.0000000000
16382  -33.924  -78.248  -3.525 0.0000000000
16388  -34.203  -78.365  -4.515 0.0000000000
17217  -33.621  -77.637  -4.115 0.0000000000
17227  -33.611  -77.692  -5.022 0.0000000000
17234  -32.988  -77.168  -5.562 0.0000000000
19822  -31.953  -74.062  -6.793 0.0000000000
19839  -31.926  -75.018  -7.241 0.0000000000
19840  -32.050  -74.455  -7.658 0.0000000000
19849  -32.146  -74.150  -8.702 0.0000000000
18971  -32.542  -75.351  -10.979 0.0000000000
19863  -32.478  -74.441  -10.662 0.0000000000
20839  -32.594  -73.162  -10.399 0.0000000000
20840  -33.281  -73.038  -11.162 0.0000000000
12942  -45.175  -83.080  -12.312 0.0000000000
12023  -44.679  -83.504  -13.008 0.0000000000
12941  -45.067  -82.757  -13.070 0.0000000000
12961  -43.142  -82.576  -14.249 0.0000000000
12972  -42.468  -82.375  -14.932 0.0000000000
13001  -43.257  -82.755  -17.923 0.0000000000
19982  -42.380  -74.557  -18.863 0.0000000000
19983  -43.700  -74.376  -19.263 0.0000000000
19109  -42.664  -75.725  -19.417 0.0000000000
18258  -43.065  -76.097  -19.446 0.0000000000
18210  -42.748  -76.743  -18.426 0.0000000000
17337  -43.086  -77.663  -17.356 0.0000000000
16490  -41.129  -78.652  -16.802 0.0000000000
13902  -40.387  -81.045  -17.188 0.0000000000
15649  -39.537  -79.392  -13.994 0.0000000000
15635  -40.337  -79.117  -13.155 0.0000000000
16458  -40.045  -78.695  -12.567 0.0000000000
16442  -40.156  -78.411  -11.985 0.0000000000
16436  -40.551  -78.149  -11.614 0.0000000000
17272  -39.384  -77.275  -11.583 0.0000000000
17273  -40.175  -77.732  -11.549 0.0000000000
18124  -41.426  -77.485  -11.853 0.0000000000
18174  -41.868  -75.931  -14.236 0.0000000000
11968  -39.404  -83.380  -8.504 0.0000000000
12889  -37.689  -81.951  -9.173 0.0000000000
13820  -37.515  -81.360  -8.207 0.0000000000
13824  -36.285  -81.277  -9.508 0.0000000000
14716  -35.580  -80.749  -9.444 0.0000000000
14715  -34.952  -80.186  -9.375 0.0000000000
15595  -34.364  -79.701  -9.643 0.0000000000
19765  -32.849  -75.069  -1.995 0.0000000000
18910  -32.560  -75.588  -3.399 0.0000000000
19775  -32.315  -74.681  -3.817 0.0000000000
19788  -32.150  -74.384  -4.929 0.0000000000
20768  -32.421  -73.493  -5.469 0.0000000000
21758  -33.227  -72.644  -5.256 0.0000000000
21757  -32.609  -73.033  -5.879 0.0000000000
20789  -32.252  -73.467  -6.306 0.0000000000
20809  -32.135  -73.401  -7.192 0.0000000000
22848  -32.468  -71.751  -7.387 0.0000000000
23942  -32.585  -70.935  -7.824 0.0000000000
15652  -45.639  -80.025  -13.574 0.0000000000
15651  -44.987  -80.386  -13.790 0.0000000000
15658  -44.743  -80.084  -14.236 0.0000000000
14798  -44.391  -80.558  -16.363 0.0000000000
12985  -44.394  -81.881  -17.510 0.0000000000
13021  -44.657  -82.507  -19.066 0.0000000000
13946  -44.454  -80.879  -19.835 0.0000000000
13960  -43.822  -81.540  -20.617 0.0000000000
13076  -42.973  -82.385  -21.947 0.0000000000
13075  -42.357  -82.540  -21.588 0.0000000000
12131  -42.014  -82.642  -21.394 0.0000000000
11038  -42.368  -84.541  -12.214 0.0000000000
10092  -42.755  -85.222  -12.332 0.0000000000
11039  -43.346  -84.310  -12.024 0.0000000000
12001  -44.073  -83.705  -11.677 0.0000000000
12918  -44.109  -82.896  -11.589 0.0000000000
12919  -44.806  -82.998  -11.657 0.0000000000
13861  -45.461  -81.930  -11.799 0.0000000000
13845  -46.244  -81.407  -11.858 0.0000000000
14752  -46.187  -80.870  -11.890 0.0000000000
15636  -41.405  -79.517  -12.839 0.0000000000
15637  -42.206  -79.930  -12.606 0.0000000000
16445  -43.967  -79.192  -12.032 0.0000000000
15626  -46.071  -80.299  -11.771 0.0000000000
15639  -46.331  -80.085  -12.604 0.0000000000
15653  -46.483  -79.394  -13.418 0.0000000000
16462  -47.166  -78.285  -13.804 0.0000000000
16475  -47.237  -78.044  -14.465 0.0000000000
17323  -47.095  -77.344  -13.858 0.0000000000
17324  -47.484  -77.388  -14.463 0.0000000000
16496  -47.470  -77.296  -16.070 0.0000000000
17341  -47.480  -76.812  -16.672 0.0000000000
17359  -47.005  -76.988  -17.364 0.0000000000
11037  -41.198  -85.168  -12.295 0.0000000000
11054  -40.677  -84.551  -12.780 0.0000000000
12020  -41.233  -83.789  -13.051 0.0000000000
11053  -39.688  -84.509  -12.825 0.0000000000
12959  -40.275  -82.378  -13.997 0.0000000000
12958  -39.758  -82.032  -14.199 0.0000000000
13880  -39.921  -81.101  -14.429 0.0000000000
11985  -37.782  -83.314  -10.971 0.0000000000
12916  -37.175  -82.994  -12.055 0.0000000000
12915  -36.491  -82.256  -12.290 0.0000000000
13870  -38.628  -81.411  -14.304 0.0000000000
14771  -38.922  -80.014  -14.450 0.0000000000
15648  -38.674  -78.993  -14.005 0.0000000000
16471  -38.144  -78.598  -13.884 0.0000000000
16455  -37.726  -78.057  -13.667 0.0000000000
16454  -36.641  -78.354  -13.985 0.0000000000
18160  -37.469  -76.923  -12.663 0.0000000000
18141  -36.950  -76.376  -12.258 0.0000000000
19003  -36.477  -75.697  -11.904 0.0000000000
16408  -34.608  -78.699  -6.219 0.0000000000
15581  -35.166  -79.514  -7.834 0.0000000000
16418  -34.427  -79.158  -8.186 0.0000000000
15587  -34.024  -79.119  -8.974 0.0000000000
15594  -33.755  -79.021  -9.933 0.0000000000
18068  -32.476  -76.399  -5.067 0.0000000000
18076  -32.341  -76.535  -6.151 0.0000000000
18949  -32.053  -75.559  -7.554 0.0000000000
18082  -32.292  -76.619  -7.208 0.0000000000
17243  -32.812  -77.560  -7.861 0.0000000000
17244  -32.998  -77.934  -8.776 0.0000000000
15605  -33.570  -78.841  -10.838 0.0000000000
16434  -33.515  -78.443  -11.712 0.0000000000
17285  -33.481  -77.250  -12.234 0.0000000000
18138  -33.905  -76.228  -12.599 0.0000000000
18981  -32.922  -75.379  -11.666 0.0000000000
18982  -33.467  -75.478  -12.214 0.0000000000
19001  -34.672  -75.482  -12.599 0.0000000000
18983  -36.028  -74.992  -11.507 0.0000000000
9207  -42.573  -85.746  -12.673 0.0000000000
10105  -43.004  -85.461  -12.867 0.0000000000
10119  -42.643  -85.611  -13.735 0.0000000000
11072  -43.708  -84.431  -13.383 0.0000000000
11071  -43.173  -84.618  -13.871 0.0000000000
11089  -41.051  -85.272  -15.686 0.0000000000
14784  -43.604  -81.122  -14.566 0.0000000000
13891  -42.807  -81.566  -15.303 0.0000000000
13890  -42.310  -82.006  -15.649 0.0000000000
13000  -42.425  -82.911  -17.707 0.0000000000
12983  -42.308  -82.418  -16.981 0.0000000000
12073  -41.123  -83.290  -16.589 0.0000000000
19880  -38.518  -74.275  -11.402 0.0000000000
18173  -41.283  -75.829  -14.042 0.0000000000
18187  -41.995  -75.894  -14.962 0.0000000000
18188  -42.673  -75.944  -14.887 0.0000000000
19041  -43.267  -75.666  -15.746 0.0000000000
19042  -44.513  -75.657  -15.775 0.0000000000
19948  -45.848  -74.074  -17.264 0.0000000000
19061  -46.583  -74.996  -16.693 0.0000000000
18214  -46.982  -76.294  -17.927 0.0000000000
20006  -44.742  -74.566  -19.709 0.0000000000
20007  -45.808  -73.921  -19.745 0.0000000000
19114  -46.829  -74.166  -19.477 0.0000000000
19089  -46.293  -75.167  -19.430 0.0000000000
18235  -46.049  -75.841  -18.865 0.0000000000
17357  -44.999  -77.532  -17.770 0.0000000000
15670  -43.923  -79.123  -17.612 0.0000000000
14797  -43.175  -79.825  -17.584 0.0000000000
14796  -42.524  -80.073  -17.332 0.0000000000
13917  -42.712  -80.899  -18.469 0.0000000000
13019  -41.444  -82.029  -19.281 0.0000000000
11041  -44.439  -84.078  -12.198 0.0000000000
11055  -41.634  -84.378  -12.439 0.0000000000
11059  -44.469  -84.083  -12.413 0.0000000000
11090  -41.465  -85.080  -15.250 0.0000000000
11147  -41.943  -84.619  -19.640 0.0000000000
11977  -38.359  -82.936  -9.766 0.0000000000
12022  -42.715  -83.602  -12.116 0.0000000000
12024  -44.669  -83.845  -12.399 0.0000000000
12062  -41.244  -84.199  -15.546 0.0000000000
12116  -44.370  -82.834  -20.050 0.0000000000
12132  -44.354  -82.398  -20.952 0.0000000000
12150  -42.124  -82.907  -21.997 0.0000000000
12898  -37.979  -82.515  -9.610 0.0000000000
12903  -35.919  -81.800  -11.396 0.0000000000
12917  -43.482  -82.671  -11.895 0.0000000000
12938  -40.780  -82.852  -13.651 0.0000000000
12957  -39.193  -81.576  -14.336 0.0000000000
12962  -44.319  -82.803  -13.584 0.0000000000
13039  -44.827  -82.256  -19.684 0.0000000000
13040  -45.011  -81.919  -19.936 0.0000000000
13055  -42.276  -82.322  -20.963 0.0000000000
13058  -44.716  -81.699  -20.360 0.0000000000
13825  -37.256  -81.541  -8.989 0.0000000000
13829  -35.704  -81.306  -10.237 0.0000000000
13841  -34.875  -80.748  -11.057 0.0000000000
13844  -45.770  -81.367  -11.595 0.0000000000
13858  -36.389  -81.643  -12.994 0.0000000000
13862  -46.023  -81.465  -12.142 0.0000000000
13878  -38.476  -80.773  -14.427 0.0000000000
13879  -39.129  -80.849  -14.495 0.0000000000
13884  -43.927  -81.886  -13.871 0.0000000000
13905  -44.361  -81.344  -17.035 0.0000000000
13919  -44.833  -81.745  -17.654 0.0000000000
13920  -45.212  -81.641  -18.187 0.0000000000
13932  -43.622  -80.778  -19.223 0.0000000000
13934  -45.282  -81.371  -18.914 0.0000000000
13944  -42.556  -81.640  -19.943 0.0000000000
13961  -44.267  -81.364  -20.364 0.0000000000
13962  -44.751  -81.229  -20.148 0.0000000000
14726  -35.294  -80.880  -10.144 0.0000000000
14741  -45.498  -81.279  -11.430 0.0000000000
14742  -45.990  -81.087  -11.500 0.0000000000
14747  -34.476  -79.886  -12.237 0.0000000000
14750  -44.826  -81.318  -11.426 0.0000000000
14751  -45.197  -81.688  -11.472 0.0000000000
14754  -34.882  -79.975  -12.913 0.0000000000
14761  -45.142  -81.511  -13.279 0.0000000000
14762  -45.547  -80.999  -13.097 0.0000000000
14763  -46.083  -80.906  -12.484 0.0000000000
14769  -37.223  -79.987  -14.284 0.0000000000
14772  -39.728  -80.187  -14.340 0.0000000000
14774  -41.235  -80.859  -13.903 0.0000000000
14775  -43.802  -81.392  -14.170 0.0000000000
14777  -45.178  -80.592  -13.570 0.0000000000
14837  -44.653  -80.629  -19.466 0.0000000000
14838  -44.945  -80.698  -19.503 0.0000000000
15561  -34.449  -78.859  -4.397 0.0000000000
15614  -33.531  -78.656  -11.358 0.0000000000
15616  -45.275  -80.877  -11.381 0.0000000000
15618  -46.079  -80.768  -11.579 0.0000000000
15625  -45.482  -80.392  -11.539 0.0000000000
15630  -34.591  -79.368  -12.888 0.0000000000
15634  -39.325  -78.777  -13.455 0.0000000000
15669  -42.993  -79.303  -17.245 0.0000000000
15680  -43.662  -79.608  -17.755 0.0000000000
15681  -44.630  -79.504  -18.161 0.0000000000
16429  -33.293  -78.279  -10.245 0.0000000000
16433  -33.271  -78.146  -11.171 0.0000000000
16435  -40.281  -78.123  -11.646 0.0000000000
16438  -33.343  -77.912  -11.847 0.0000000000
16441  -39.323  -78.029  -12.329 0.0000000000
16472  -38.526  -78.571  -13.704 0.0000000000
16474  -46.794  -78.718  -14.092 0.0000000000
16494  -45.115  -78.186  -17.665 0.0000000000
17238  -33.004  -77.475  -6.667 0.0000000000
17239  -33.566  -77.875  -6.437 0.0000000000
17271  -39.016  -77.125  -11.614 0.0000000000
17274  -41.021  -77.803  -11.593 0.0000000000
17289  -39.609  -77.852  -11.788 0.0000000000
17307  -37.140  -77.414  -13.438 0.0000000000
17308  -38.109  -77.453  -12.908 0.0000000000
17309  -38.550  -77.653  -12.704 0.0000000000
17314  -47.410  -77.934  -14.027 0.0000000000
17322  -46.596  -77.218  -13.747 0.0000000000
17329  -47.868  -76.866  -15.580 0.0000000000
17330  -48.022  -76.438  -15.824 0.0000000000
17339  -44.786  -78.052  -17.564 0.0000000000
17342  -47.943  -76.560  -16.039 0.0000000000
17354  -41.530  -77.492  -17.580 0.0000000000
17355  -42.588  -77.013  -17.964 0.0000000000
18020  -33.643  -76.041  -0.764 0.0000000000
18037  -33.143  -76.115  -1.845 0.0000000000
18045  -33.083  -76.178  -2.158 0.0000000000
18050  -33.334  -76.968  -2.841 0.0000000000
18108  -32.847  -76.874  -11.137 0.0000000000
18117  -32.695  -75.867  -11.290 0.0000000000
18143  -38.371  -76.739  -11.622 0.0000000000
18157  -35.263  -76.866  -13.251 0.0000000000
18178  -46.928  -76.798  -14.141 0.0000000000
18200  -47.901  -76.196  -16.223 0.0000000000
18232  -42.528  -76.563  -18.800 0.0000000000
18259  -44.039  -75.871  -19.570 0.0000000000
18260  -44.840  -75.555  -19.614 0.0000000000
18904  -32.823  -75.645  -2.524 0.0000000000
18929  -31.821  -75.223  -6.141 0.0000000000
18948  -31.890  -75.283  -6.944 0.0000000000
19000  -33.986  -75.389  -12.518 0.0000000000
19005  -40.516  -75.894  -12.036 0.0000000000
19026  -40.676  -75.640  -14.142 0.0000000000
19027  -41.279  -75.790  -14.364 0.0000000000
19045  -47.786  -75.959  -15.718 0.0000000000
19063  -47.951  -75.959  -16.002 0.0000000000
19087  -42.790  -75.174  -19.332 0.0000000000
19090  -47.019  -74.557  -19.157 0.0000000000
19112  -45.455  -74.975  -19.826 0.0000000000
19113  -46.379  -74.469  -19.648 0.0000000000
19803  -31.795  -74.986  -6.223 0.0000000000
19821  -31.854  -74.764  -6.768 0.0000000000
19890  -33.778  -75.036  -12.344 0.0000000000
19892  -35.206  -74.754  -12.095 0.0000000000
19949  -46.694  -74.173  -17.456 0.0000000000
19984  -44.928  -73.594  -19.486 0.0000000000
19986  -47.089  -73.923  -19.329 0.0000000000
20005  -44.069  -74.951  -19.736 0.0000000000
20008  -46.586  -73.975  -19.612 0.0000000000
20009  -46.933  -74.034  -19.498 0.0000000000
20713  -32.498  -73.987  -3.209 0.0000000000
20726  -32.924  -73.340  -3.655 0.0000000000
20769  -32.772  -73.259  -5.054 0.0000000000
20832  -32.204  -73.334  -9.209 0.0000000000
20971  -46.840  -73.749  -19.462 0.0000000000
21833  -33.545  -72.241  -10.760 0.0000000000
23924  -32.991  -70.466  -7.034 0.0000000000
