#!ascii label  , from subject 3516 vox2ras=TkReg
974
55442  29.981  -31.879  33.555 0.0000000000
76168  41.575  -13.500  20.495 0.0000000000
65062  33.479  -23.244  27.709 0.0000000000
48565  12.623  -38.191  46.175 0.0000000000
55355  23.913  -30.685  38.158 0.0000000000
71831  34.527  -18.244  25.848 0.0000000000
51880  17.629  -35.298  41.331 0.0000000000
47558  15.889  -39.705  43.753 0.0000000000
51899  20.705  -35.486  39.245 0.0000000000
75134  45.639  -14.565  20.255 0.0000000000
60972  31.872  -27.688  35.244 0.0000000000
62947  31.373  -25.912  32.951 0.0000000000
56555  34.430  -31.095  34.690 0.0000000000
80371  44.918  -9.823  19.823 0.0000000000
77195  48.186  -12.018  17.583 0.0000000000
76145  38.156  -13.279  22.598 0.0000000000
71887  41.458  -17.430  22.762 0.0000000000
70720  37.617  -18.286  23.696 0.0000000000
67254  37.635  -21.963  26.455 0.0000000000
51924  28.542  -35.278  38.084 0.0000000000
43410  11.111  -43.292  48.347 0.0000000000
45437  8.396  -42.230  50.802 0.0000000000
45375  6.434  -41.232  54.237 0.0000000000
56546  26.180  -31.121  35.179 0.0000000000
50864  24.130  -37.130  37.847 0.0000000000
66113  29.466  -22.301  30.889 0.0000000000
64992  34.451  -24.177  32.880 0.0000000000
80402  52.247  -9.666  16.361 0.0000000000
76166  43.703  -13.711  19.914 0.0000000000
74087  43.893  -15.585  21.650 0.0000000000
57713  31.222  -30.275  34.078 0.0000000000
58868  32.786  -29.570  32.387 0.0000000000
55439  32.395  -32.037  34.029 0.0000000000
78121  41.174  -11.131  21.574 0.0000000000
79280  43.377  -9.990  21.284 0.0000000000
78141  43.169  -11.997  19.691 0.0000000000
76196  44.531  -12.777  18.971 0.0000000000
41316  4.297  -45.879  53.063 0.0000000000
74077  37.747  -15.957  22.694 0.0000000000
74039  36.023  -15.701  24.610 0.0000000000
68367  33.641  -20.516  26.621 0.0000000000
67266  35.561  -21.104  25.320 0.0000000000
66163  36.033  -23.041  26.984 0.0000000000
63943  36.398  -24.569  29.330 0.0000000000
48588  14.166  -38.365  44.579 0.0000000000
46496  15.989  -41.383  46.017 0.0000000000
45508  13.373  -41.114  46.237 0.0000000000
44439  13.556  -42.922  48.764 0.0000000000
46467  12.069  -40.377  46.789 0.0000000000
47457  10.142  -40.057  50.640 0.0000000000
45418  7.301  -42.124  52.000 0.0000000000
56533  24.537  -30.905  37.186 0.0000000000
54212  24.460  -33.289  35.722 0.0000000000
54198  23.210  -33.339  36.982 0.0000000000
49611  20.431  -38.194  41.226 0.0000000000
49629  22.197  -38.142  40.608 0.0000000000
61989  35.605  -26.587  34.067 0.0000000000
63890  33.552  -24.878  33.585 0.0000000000
74023  35.857  -15.841  26.152 0.0000000000
70669  33.648  -18.842  27.536 0.0000000000
68356  32.596  -20.530  27.984 0.0000000000
49613  18.672  -37.987  41.401 0.0000000000
47576  18.491  -39.958  43.387 0.0000000000
49615  16.468  -37.513  42.349 0.0000000000
50790  14.836  -36.506  43.820 0.0000000000
51837  13.754  -35.260  45.404 0.0000000000
54180  22.083  -33.213  37.899 0.0000000000
54166  20.409  -33.289  39.137 0.0000000000
51889  19.026  -35.210  40.335 0.0000000000
62920  29.261  -25.772  36.826 0.0000000000
62930  28.454  -24.936  34.749 0.0000000000
60988  31.323  -27.530  33.903 0.0000000000
59932  34.657  -28.430  32.828 0.0000000000
80382  48.059  -9.358  17.832 0.0000000000
78147  46.719  -11.455  18.033 0.0000000000
76178  47.561  -13.772  18.885 0.0000000000
77159  39.883  -12.520  21.344 0.0000000000
74089  41.465  -15.946  21.353 0.0000000000
74091  39.321  -15.554  21.512 0.0000000000
71866  39.928  -17.810  22.890 0.0000000000
69563  39.559  -19.576  24.532 0.0000000000
70711  35.617  -18.460  24.610 0.0000000000
68385  37.402  -20.177  24.638 0.0000000000
54228  28.858  -33.923  34.911 0.0000000000
54210  31.956  -33.591  36.498 0.0000000000
78115  40.375  -10.940  23.085 0.0000000000
48556  11.835  -38.433  47.352 0.0000000000
46445  10.604  -40.723  48.426 0.0000000000
44428  9.691  -42.805  49.394 0.0000000000
42316  8.741  -45.132  51.195 0.0000000000
42318  6.958  -44.697  51.365 0.0000000000
43338  5.454  -43.879  52.610 0.0000000000
43299  4.736  -43.275  54.008 0.0000000000
44333  3.623  -42.573  55.809 0.0000000000
55428  27.986  -32.172  33.858 0.0000000000
53115  27.032  -34.392  35.569 0.0000000000
51927  25.732  -36.090  37.000 0.0000000000
51897  21.915  -36.045  38.487 0.0000000000
65047  31.673  -23.094  28.692 0.0000000000
62954  29.361  -25.018  32.416 0.0000000000
63930  31.394  -24.861  30.391 0.0000000000
63945  34.179  -24.883  29.672 0.0000000000
55372  34.246  -32.331  37.453 0.0000000000
78173  53.409  -11.649  14.933 0.0000000000
79315  49.863  -10.842  16.568 0.0000000000
76223  52.205  -13.063  15.999 0.0000000000
76167  42.603  -13.366  20.122 0.0000000000
75109  44.152  -14.971  20.937 0.0000000000
75110  43.027  -14.939  20.931 0.0000000000
56571  30.710  -31.321  33.478 0.0000000000
56570  31.646  -31.341  33.216 0.0000000000
55441  30.861  -32.030  33.555 0.0000000000
77157  41.180  -12.113  20.809 0.0000000000
78127  42.153  -11.315  20.610 0.0000000000
77165  42.448  -12.498  20.167 0.0000000000
76182  43.307  -13.056  19.751 0.0000000000
42280  3.375  -45.246  54.113 0.0000000000
75064  36.938  -14.261  24.558 0.0000000000
75055  36.799  -14.806  25.737 0.0000000000
66176  33.900  -22.162  26.893 0.0000000000
66175  34.486  -22.252  26.576 0.0000000000
66164  34.965  -23.089  26.832 0.0000000000
65059  36.446  -23.571  27.754 0.0000000000
65044  34.988  -24.314  28.000 0.0000000000
47535  13.374  -38.875  45.328 0.0000000000
46527  14.162  -39.943  45.204 0.0000000000
46499  13.315  -40.215  45.767 0.0000000000
45509  12.736  -40.655  46.324 0.0000000000
47510  12.274  -39.595  46.487 0.0000000000
56510  24.496  -30.473  38.076 0.0000000000
55395  23.619  -32.402  36.835 0.0000000000
55376  23.256  -32.038  37.498 0.0000000000
48628  20.332  -38.592  42.167 0.0000000000
66075  28.629  -22.733  35.286 0.0000000000
62935  35.767  -26.025  34.494 0.0000000000
69531  33.084  -19.584  27.848 0.0000000000
69496  32.648  -19.267  29.216 0.0000000000
50826  17.927  -36.242  41.073 0.0000000000
49614  17.466  -37.392  41.495 0.0000000000
50814  17.268  -36.131  41.492 0.0000000000
51858  15.949  -35.340  43.012 0.0000000000
51847  14.948  -35.454  44.119 0.0000000000
51848  14.336  -35.902  44.575 0.0000000000
55358  21.582  -32.183  38.695 0.0000000000
54158  18.532  -33.326  40.755 0.0000000000
54157  19.105  -33.304  40.129 0.0000000000
51879  18.337  -35.262  40.830 0.0000000000
50825  18.791  -36.253  40.671 0.0000000000
61984  29.908  -26.613  35.981 0.0000000000
60980  31.202  -27.471  34.634 0.0000000000
57725  33.491  -30.842  33.025 0.0000000000
58867  33.636  -29.509  32.434 0.0000000000
58848  34.771  -29.992  33.487 0.0000000000
58847  35.297  -29.379  33.817 0.0000000000
57696  35.433  -30.243  35.204 0.0000000000
79286  44.172  -9.928  20.459 0.0000000000
80384  46.250  -9.971  18.649 0.0000000000
79297  45.690  -10.578  18.613 0.0000000000
76180  45.465  -13.565  19.145 0.0000000000
76194  45.942  -13.046  18.663 0.0000000000
75152  46.067  -14.151  19.626 0.0000000000
76144  38.740  -12.882  22.153 0.0000000000
75113  39.388  -14.824  21.342 0.0000000000
76155  38.634  -14.203  21.730 0.0000000000
73007  37.389  -16.605  23.229 0.0000000000
73019  38.308  -16.405  22.485 0.0000000000
70719  38.494  -18.340  23.474 0.0000000000
70718  39.468  -18.379  23.402 0.0000000000
70708  38.111  -18.990  23.962 0.0000000000
71830  34.848  -17.299  25.813 0.0000000000
72984  35.370  -16.457  25.518 0.0000000000
70696  34.948  -18.564  25.107 0.0000000000
67265  36.472  -21.339  25.377 0.0000000000
68386  36.491  -20.153  24.626 0.0000000000
67264  37.421  -21.403  25.645 0.0000000000
68375  38.342  -20.728  25.273 0.0000000000
53095  29.007  -34.735  36.661 0.0000000000
53094  30.053  -34.535  36.673 0.0000000000
77149  38.578  -12.364  23.680 0.0000000000
77148  39.169  -11.901  23.224 0.0000000000
78123  39.775  -11.637  22.373 0.0000000000
47577  17.314  -39.816  42.868 0.0000000000
46539  17.230  -40.853  44.288 0.0000000000
44440  12.648  -43.076  48.130 0.0000000000
43407  13.321  -43.281  49.518 0.0000000000
43391  11.996  -44.005  49.552 0.0000000000
42353  11.322  -44.324  49.937 0.0000000000
49554  11.434  -38.055  49.077 0.0000000000
48557  11.365  -38.961  47.875 0.0000000000
47470  10.764  -39.352  49.293 0.0000000000
46405  9.246  -41.100  50.874 0.0000000000
45435  9.805  -41.639  49.532 0.0000000000
44409  9.235  -43.332  49.989 0.0000000000
43377  9.427  -44.137  50.157 0.0000000000
43378  8.763  -43.978  50.343 0.0000000000
42317  7.840  -44.799  51.063 0.0000000000
44411  7.736  -43.268  50.789 0.0000000000
45390  6.763  -41.535  53.504 0.0000000000
44392  6.552  -43.103  51.909 0.0000000000
44362  5.891  -42.505  53.432 0.0000000000
43320  5.054  -43.559  53.425 0.0000000000
44348  5.537  -42.257  54.002 0.0000000000
57702  27.593  -30.171  35.820 0.0000000000
57717  27.725  -30.560  34.984 0.0000000000
56561  27.039  -31.008  34.671 0.0000000000
54248  27.445  -32.900  34.244 0.0000000000
55410  25.967  -32.203  34.848 0.0000000000
51929  23.966  -35.369  36.769 0.0000000000
51944  25.422  -35.338  36.346 0.0000000000
50876  25.011  -36.672  37.300 0.0000000000
53049  20.996  -34.750  38.711 0.0000000000
51915  21.882  -35.226  38.196 0.0000000000
50851  21.522  -36.615  38.930 0.0000000000
49628  22.965  -38.302  40.526 0.0000000000
73016  41.114  -16.668  21.978 0.0000000000
74072  42.544  -16.351  22.068 0.0000000000
73005  42.814  -17.276  23.654 0.0000000000
68310  30.142  -21.204  30.595 0.0000000000
67214  30.931  -21.644  29.258 0.0000000000
66134  30.315  -22.748  29.735 0.0000000000
62948  29.960  -25.926  33.493 0.0000000000
63882  28.713  -24.661  33.784 0.0000000000
62952  30.762  -25.635  32.739 0.0000000000
64981  33.882  -24.531  33.360 0.0000000000
63901  32.238  -25.052  32.276 0.0000000000
63913  33.018  -24.775  31.617 0.0000000000
63929  32.484  -24.920  30.503 0.0000000000
63912  34.393  -24.388  31.870 0.0000000000
63911  35.569  -24.546  31.283 0.0000000000
54209  32.645  -33.148  36.464 0.0000000000
79326  52.805  -11.020  15.326 0.0000000000
79302  48.367  -10.627  17.188 0.0000000000
80405  49.254  -10.255  16.836 0.0000000000
78155  49.207  -11.698  17.097 0.0000000000
76212  51.978  -13.366  16.543 0.0000000000
75182  52.704  -13.982  16.836 0.0000000000
54145  17.502  -33.732  41.780 0.0000000000
53017  17.004  -34.271  42.215 0.0000000000
75135  44.470  -14.313  20.169 0.0000000000
74085  46.050  -15.448  21.754 0.0000000000
75108  45.263  -15.006  20.950 0.0000000000
58849  32.087  -29.156  34.117 0.0000000000
59933  31.992  -28.539  33.628 0.0000000000
58870  31.734  -29.916  33.012 0.0000000000
56583  32.436  -30.971  32.748 0.0000000000
56556  33.706  -31.603  34.655 0.0000000000
79272  43.604  -9.772  22.427 0.0000000000
79281  42.461  -10.525  21.047 0.0000000000
79287  43.413  -10.608  20.190 0.0000000000
79293  43.795  -11.156  19.497 0.0000000000
78139  44.348  -11.579  18.961 0.0000000000
78140  43.653  -11.832  19.365 0.0000000000
76181  44.322  -13.311  19.373 0.0000000000
40297  4.833  -46.769  53.022 0.0000000000
76136  37.968  -12.805  23.975 0.0000000000
76146  37.529  -14.151  22.818 0.0000000000
75075  37.058  -14.587  23.412 0.0000000000
74056  37.067  -15.561  23.203 0.0000000000
73008  36.706  -16.755  23.663 0.0000000000
69542  34.094  -19.595  26.081 0.0000000000
69555  34.577  -19.505  25.521 0.0000000000
67267  34.912  -20.697  25.514 0.0000000000
67256  35.929  -21.854  25.813 0.0000000000
66172  37.104  -22.327  26.516 0.0000000000
65058  37.129  -23.490  28.189 0.0000000000
65041  37.347  -23.741  28.850 0.0000000000
51911  27.686  -36.038  38.687 0.0000000000
47559  15.198  -39.095  44.019 0.0000000000
46540  16.084  -40.448  44.274 0.0000000000
46526  15.125  -40.485  44.927 0.0000000000
46498  14.227  -40.802  45.635 0.0000000000
45487  14.506  -41.963  47.386 0.0000000000
44456  12.500  -42.387  47.341 0.0000000000
44457  11.583  -42.032  47.393 0.0000000000
47456  10.711  -39.264  50.525 0.0000000000
46388  9.700  -40.430  51.214 0.0000000000
45416  8.654  -41.498  51.163 0.0000000000
45417  7.930  -41.991  51.529 0.0000000000
46390  8.307  -41.100  52.059 0.0000000000
46371  7.796  -40.267  53.766 0.0000000000
46372  7.045  -40.919  53.877 0.0000000000
56532  25.148  -30.820  36.509 0.0000000000
54232  24.944  -32.823  35.461 0.0000000000
55394  24.314  -31.951  36.252 0.0000000000
54213  23.724  -33.295  36.303 0.0000000000
51930  23.225  -35.212  37.167 0.0000000000
50823  20.076  -37.006  40.269 0.0000000000
49652  20.988  -37.522  40.039 0.0000000000
49610  20.918  -38.161  41.065 0.0000000000
71864  41.626  -17.923  23.602 0.0000000000
66105  28.830  -22.740  32.419 0.0000000000
61998  34.406  -26.744  33.164 0.0000000000
62946  32.725  -25.682  33.097 0.0000000000
62937  34.347  -25.545  34.061 0.0000000000
63880  34.628  -24.901  34.541 0.0000000000
80393  51.390  -9.065  16.954 0.0000000000
43302  2.319  -44.325  55.237 0.0000000000
72951  35.577  -16.479  27.227 0.0000000000
71813  35.058  -16.963  26.944 0.0000000000
70668  34.125  -18.307  27.163 0.0000000000
69543  33.641  -19.639  26.747 0.0000000000
68355  33.104  -20.582  27.291 0.0000000000
66167  32.669  -22.242  27.806 0.0000000000
48629  19.348  -38.789  42.090 0.0000000000
47575  19.549  -39.464  43.721 0.0000000000
48630  18.186  -38.894  42.025 0.0000000000
47590  17.451  -39.193  42.336 0.0000000000
48609  16.026  -38.305  42.991 0.0000000000
51870  16.366  -35.637  42.428 0.0000000000
49597  15.836  -37.298  42.969 0.0000000000
48610  15.331  -38.449  43.537 0.0000000000
49588  14.578  -37.306  43.997 0.0000000000
49589  14.057  -37.517  44.569 0.0000000000
50779  13.306  -36.773  45.590 0.0000000000
55377  22.662  -32.271  37.819 0.0000000000
55357  22.371  -31.843  38.350 0.0000000000
54182  20.971  -33.232  38.719 0.0000000000
53050  20.545  -34.307  38.967 0.0000000000
55340  19.635  -32.326  39.867 0.0000000000
53051  19.956  -34.250  39.455 0.0000000000
51887  20.246  -35.728  39.735 0.0000000000
50824  19.532  -36.722  40.475 0.0000000000
49612  19.624  -38.153  41.355 0.0000000000
64943  28.770  -23.546  37.506 0.0000000000
64952  28.467  -23.647  35.726 0.0000000000
62921  28.899  -25.278  36.158 0.0000000000
62938  29.406  -25.952  34.592 0.0000000000
62000  31.983  -26.800  32.908 0.0000000000
59943  32.319  -28.676  32.724 0.0000000000
60993  32.865  -27.861  32.355 0.0000000000
60986  33.189  -27.236  32.509 0.0000000000
60984  34.924  -27.553  33.067 0.0000000000
59916  36.269  -28.264  34.960 0.0000000000
81355  47.894  -8.737  18.659 0.0000000000
79295  47.295  -10.179  17.912 0.0000000000
78146  47.342  -11.724  17.785 0.0000000000
78148  45.666  -11.624  18.374 0.0000000000
77185  46.338  -12.368  18.243 0.0000000000
76153  40.707  -13.587  20.754 0.0000000000
75111  41.737  -14.743  20.757 0.0000000000
75112  40.429  -14.778  20.948 0.0000000000
74090  40.174  -15.837  21.285 0.0000000000
73017  39.933  -16.473  21.835 0.0000000000
74076  38.412  -15.637  22.127 0.0000000000
71889  39.483  -17.096  22.436 0.0000000000
71865  40.845  -17.876  23.081 0.0000000000
70717  40.468  -18.357  23.519 0.0000000000
69562  40.476  -19.430  24.798 0.0000000000
74040  35.751  -15.880  25.358 0.0000000000
72995  36.133  -16.804  24.094 0.0000000000
70710  36.367  -18.396  24.214 0.0000000000
69567  35.777  -19.366  24.637 0.0000000000
69566  36.830  -19.453  24.366 0.0000000000
69565  37.700  -19.568  24.347 0.0000000000
69564  38.562  -19.753  24.490 0.0000000000
54246  29.489  -33.350  34.247 0.0000000000
54245  30.532  -33.309  34.555 0.0000000000
53112  30.323  -34.157  36.017 0.0000000000
54197  31.203  -34.254  37.000 0.0000000000
79275  40.939  -10.811  22.382 0.0000000000
78130  40.297  -11.893  21.458 0.0000000000
49570  12.527  -37.225  46.646 0.0000000000
50758  12.231  -36.477  47.448 0.0000000000
49571  12.203  -37.980  46.830 0.0000000000
47494  11.749  -39.451  47.122 0.0000000000
45490  11.292  -41.126  47.378 0.0000000000
44442  10.875  -42.400  47.996 0.0000000000
47471  10.283  -40.067  49.712 0.0000000000
45456  10.120  -42.071  48.820 0.0000000000
44427  10.363  -43.149  48.751 0.0000000000
43393  10.000  -43.854  49.588 0.0000000000
42335  10.050  -44.562  50.489 0.0000000000
41330  6.839  -46.022  52.007 0.0000000000
44391  7.141  -42.831  51.319 0.0000000000
42319  6.238  -44.775  51.725 0.0000000000
42297  5.513  -44.873  52.129 0.0000000000
42298  4.787  -44.918  52.719 0.0000000000
42279  4.072  -44.935  53.501 0.0000000000
42263  3.695  -44.407  54.305 0.0000000000
45377  5.014  -41.892  55.148 0.0000000000
44350  3.927  -42.981  55.183 0.0000000000
43301  3.282  -43.847  55.092 0.0000000000
56572  29.837  -31.121  33.691 0.0000000000
57716  28.621  -30.628  34.698 0.0000000000
55427  29.135  -32.353  33.753 0.0000000000
54247  28.395  -33.163  34.167 0.0000000000
54229  27.733  -33.732  34.831 0.0000000000
53096  27.865  -34.931  36.683 0.0000000000
53116  25.864  -33.936  35.331 0.0000000000
51943  26.378  -35.496  36.678 0.0000000000
51926  26.849  -36.050  37.657 0.0000000000
54199  22.639  -33.297  37.473 0.0000000000
51914  22.580  -35.678  37.830 0.0000000000
50865  23.101  -36.744  37.949 0.0000000000
50835  21.755  -37.303  39.308 0.0000000000
49667  23.120  -37.818  39.060 0.0000000000
49666  24.114  -37.969  38.894 0.0000000000
74088  42.750  -15.718  21.451 0.0000000000
68321  31.770  -20.182  29.232 0.0000000000
67229  31.876  -21.561  28.441 0.0000000000
65063  32.794  -22.801  27.905 0.0000000000
64961  28.450  -23.777  34.752 0.0000000000
64982  28.763  -23.660  32.712 0.0000000000
64994  29.042  -23.546  31.953 0.0000000000
63902  30.991  -25.323  32.042 0.0000000000
63916  29.858  -24.502  31.071 0.0000000000
63932  30.042  -24.046  30.399 0.0000000000
63948  30.935  -24.393  29.730 0.0000000000
63967  32.716  -24.561  29.023 0.0000000000
65045  33.883  -24.139  28.136 0.0000000000
63944  35.328  -24.795  29.585 0.0000000000
54243  31.937  -32.797  35.029 0.0000000000
55408  32.849  -32.555  35.595 0.0000000000
56545  33.846  -31.729  35.685 0.0000000000
56485  35.063  -31.673  38.042 0.0000000000
56528  35.092  -31.018  36.747 0.0000000000
79335  54.438  -10.889  14.776 0.0000000000
80394  50.358  -9.384  16.965 0.0000000000
79314  50.839  -10.786  16.250 0.0000000000
77203  50.147  -12.247  16.872 0.0000000000
77202  51.339  -12.449  16.253 0.0000000000
79327  52.190  -11.421  15.606 0.0000000000
78174  52.627  -11.881  15.292 0.0000000000
77209  53.831  -13.006  15.104 0.0000000000
75137  42.317  -14.206  20.476 0.0000000000
55426  30.158  -32.654  33.861 0.0000000000
77167  41.247  -12.928  20.579 0.0000000000
77166  41.655  -12.561  20.505 0.0000000000
66165  34.100  -22.754  27.121 0.0000000000
65061  34.465  -23.598  27.480 0.0000000000
48574  13.069  -38.406  45.599 0.0000000000
47509  12.805  -39.220  45.854 0.0000000000
46500  12.623  -40.034  46.208 0.0000000000
48605  20.017  -38.919  43.264 0.0000000000
48604  21.156  -38.858  43.174 0.0000000000
66074  28.706  -22.074  36.044 0.0000000000
53031  18.055  -34.247  41.204 0.0000000000
53041  18.686  -34.278  40.478 0.0000000000
60973  31.249  -27.339  35.730 0.0000000000
56567  34.205  -31.072  34.010 0.0000000000
57724  34.138  -30.511  33.217 0.0000000000
57712  34.881  -30.427  34.240 0.0000000000
57711  35.430  -29.864  34.554 0.0000000000
80361  44.899  -9.445  20.812 0.0000000000
80377  45.056  -10.145  19.348 0.0000000000
80376  45.556  -9.892  19.152 0.0000000000
79291  45.196  -10.280  19.091 0.0000000000
75133  46.708  -14.643  20.272 0.0000000000
40303  7.161  -46.590  52.683 0.0000000000
71868  37.903  -17.593  23.245 0.0000000000
67263  38.108  -21.437  25.988 0.0000000000
53080  28.671  -35.020  37.631 0.0000000000
53064  28.865  -35.226  38.225 0.0000000000
77154  38.668  -12.494  22.708 0.0000000000
77153  39.148  -12.402  22.115 0.0000000000
47578  16.325  -39.406  43.090 0.0000000000
47557  16.711  -40.206  43.560 0.0000000000
43409  11.860  -43.575  48.579 0.0000000000
43408  12.741  -43.556  49.008 0.0000000000
42352  11.812  -44.220  50.146 0.0000000000
43392  11.005  -43.928  49.132 0.0000000000
48546  11.146  -38.713  48.740 0.0000000000
45436  9.202  -42.081  50.186 0.0000000000
44410  8.433  -43.066  50.442 0.0000000000
43379  8.061  -43.936  50.647 0.0000000000
45405  6.425  -42.132  53.219 0.0000000000
45391  6.109  -41.842  53.793 0.0000000000
45376  5.616  -41.686  54.558 0.0000000000
57703  26.637  -30.216  35.883 0.0000000000
57718  26.984  -30.532  35.222 0.0000000000
50877  24.239  -36.300  37.125 0.0000000000
51928  24.801  -35.902  36.697 0.0000000000
50863  25.313  -37.222  38.088 0.0000000000
51898  21.338  -35.569  38.711 0.0000000000
50852  21.060  -36.306  39.259 0.0000000000
73015  42.344  -16.915  22.684 0.0000000000
71886  42.146  -17.476  23.288 0.0000000000
67196  29.244  -21.847  31.525 0.0000000000
68299  30.003  -20.867  31.268 0.0000000000
67195  29.592  -21.771  30.979 0.0000000000
67206  30.056  -21.787  30.329 0.0000000000
66121  29.732  -22.636  30.420 0.0000000000
64993  34.040  -24.381  33.217 0.0000000000
63900  33.574  -24.589  32.771 0.0000000000
63899  34.128  -24.316  32.536 0.0000000000
65003  35.446  -24.185  32.027 0.0000000000
79312  53.026  -10.166  15.733 0.0000000000
78156  48.527  -11.358  17.225 0.0000000000
77194  49.277  -12.297  17.385 0.0000000000
55305  17.526  -32.809  41.897 0.0000000000
55290  17.716  -31.963  42.104 0.0000000000
54144  18.063  -33.174  41.394 0.0000000000
58858  31.663  -29.809  33.653 0.0000000000
56584  31.924  -30.719  32.796 0.0000000000
56569  32.528  -31.553  33.372 0.0000000000
56568  33.478  -31.263  33.548 0.0000000000
56557  32.988  -31.757  34.037 0.0000000000
79274  41.687  -10.483  22.097 0.0000000000
79273  42.667  -10.062  22.230 0.0000000000
79282  41.740  -10.970  21.177 0.0000000000
78135  42.649  -11.812  20.109 0.0000000000
79288  42.732  -11.097  20.315 0.0000000000
78134  43.197  -11.393  19.827 0.0000000000
76165  44.238  -13.813  19.787 0.0000000000
75154  44.507  -13.873  19.738 0.0000000000
76137  37.438  -13.591  23.855 0.0000000000
75076  36.511  -15.112  23.990 0.0000000000
74057  36.512  -16.076  23.690 0.0000000000
68366  34.215  -20.403  25.989 0.0000000000
66174  35.441  -22.420  26.351 0.0000000000
66173  36.472  -22.455  26.435 0.0000000000
66162  37.368  -22.786  27.320 0.0000000000
65042  36.666  -24.059  28.563 0.0000000000
65026  37.061  -24.184  29.182 0.0000000000
63942  37.049  -24.362  29.687 0.0000000000
47560  14.560  -38.864  44.423 0.0000000000
47533  14.731  -39.571  44.609 0.0000000000
45507  14.334  -41.479  46.364 0.0000000000
45488  13.410  -41.894  46.881 0.0000000000
45489  12.371  -41.421  46.798 0.0000000000
46379  9.585  -40.055  52.206 0.0000000000
46389  9.067  -40.752  51.741 0.0000000000
46380  8.698  -40.262  52.807 0.0000000000
56509  25.209  -30.275  37.904 0.0000000000
57687  25.629  -30.133  37.478 0.0000000000
55393  24.792  -31.509  36.046 0.0000000000
53082  23.472  -34.357  36.747 0.0000000000
49631  20.556  -37.678  40.485 0.0000000000
67173  28.843  -21.977  33.077 0.0000000000
61997  35.151  -26.860  33.469 0.0000000000
61991  34.101  -26.077  33.546 0.0000000000
61990  34.799  -26.233  33.800 0.0000000000
62926  36.097  -25.717  34.902 0.0000000000
62927  35.598  -25.654  34.661 0.0000000000
63872  35.367  -25.232  34.873 0.0000000000
42252  1.542  -44.751  55.075 0.0000000000
70686  33.824  -18.866  26.889 0.0000000000
69532  32.814  -20.152  27.862 0.0000000000
67246  33.156  -21.417  27.237 0.0000000000
67247  32.562  -21.451  27.828 0.0000000000
48606  19.040  -39.272  42.851 0.0000000000
48631  17.083  -38.430  42.084 0.0000000000
48608  16.709  -38.980  42.521 0.0000000000
51869  17.004  -35.306  41.997 0.0000000000
53018  16.452  -34.798  42.593 0.0000000000
51859  15.395  -35.882  43.387 0.0000000000
50804  15.430  -36.728  43.246 0.0000000000
49598  15.211  -37.547  43.461 0.0000000000
50791  14.282  -36.747  44.360 0.0000000000
50778  13.764  -36.496  45.042 0.0000000000
49578  13.527  -37.297  45.169 0.0000000000
55337  22.334  -31.025  38.980 0.0000000000
55359  20.952  -32.465  38.969 0.0000000000
53040  19.350  -34.269  39.953 0.0000000000
51888  19.752  -35.225  39.946 0.0000000000
50838  19.943  -36.222  40.106 0.0000000000
50839  19.398  -35.927  40.304 0.0000000000
49634  18.358  -37.060  41.026 0.0000000000
49633  19.127  -37.315  40.893 0.0000000000
63863  28.936  -24.574  36.838 0.0000000000
61992  30.587  -27.070  35.198 0.0000000000
61993  29.954  -26.517  34.862 0.0000000000
62001  30.756  -26.921  33.809 0.0000000000
62002  30.011  -26.309  34.168 0.0000000000
58869  32.149  -29.682  32.716 0.0000000000
59941  33.968  -28.665  32.368 0.0000000000
59942  33.171  -28.750  32.302 0.0000000000
60992  33.492  -28.206  32.303 0.0000000000
62006  32.684  -27.155  32.596 0.0000000000
60985  33.905  -27.592  32.519 0.0000000000
58839  35.859  -29.240  35.047 0.0000000000
59924  35.846  -28.392  34.171 0.0000000000
79271  44.520  -9.540  22.598 0.0000000000
81342  47.945  -8.483  19.584 0.0000000000
80374  47.149  -8.714  19.376 0.0000000000
79296  46.888  -10.479  18.103 0.0000000000
79304  47.232  -11.061  17.801 0.0000000000
77187  44.723  -12.334  18.777 0.0000000000
78149  45.010  -11.819  18.619 0.0000000000
77186  45.436  -12.379  18.538 0.0000000000
76179  46.497  -13.707  18.989 0.0000000000
76193  46.957  -13.128  18.430 0.0000000000
77184  47.462  -12.346  17.927 0.0000000000
73026  40.509  -16.331  21.605 0.0000000000
75091  37.562  -15.063  22.636 0.0000000000
75090  38.089  -14.540  22.174 0.0000000000
71867  38.873  -17.625  22.888 0.0000000000
71890  38.755  -16.915  22.514 0.0000000000
70706  40.072  -18.958  24.045 0.0000000000
74022  36.419  -15.265  25.848 0.0000000000
71849  35.532  -17.493  24.678 0.0000000000
71848  36.185  -17.571  24.116 0.0000000000
68378  35.294  -20.177  25.056 0.0000000000
69554  35.102  -19.413  25.020 0.0000000000
68376  37.032  -20.771  25.036 0.0000000000
68384  38.003  -20.086  24.645 0.0000000000
54227  29.946  -33.909  35.128 0.0000000000
53113  29.413  -34.387  35.803 0.0000000000
53062  30.704  -34.905  38.455 0.0000000000
53078  31.015  -34.594  37.443 0.0000000000
79266  41.184  -10.537  23.292 0.0000000000
77158  40.816  -12.539  20.855 0.0000000000
47555  19.286  -40.073  44.573 0.0000000000
47556  18.571  -40.344  44.156 0.0000000000
46525  16.239  -41.128  45.152 0.0000000000
51826  12.811  -35.713  46.461 0.0000000000
48545  11.581  -38.111  48.236 0.0000000000
50750  11.931  -36.336  48.079 0.0000000000
49563  11.938  -37.297  47.516 0.0000000000
49562  12.299  -36.799  47.123 0.0000000000
47484  10.972  -39.547  48.366 0.0000000000
47495  11.249  -39.721  47.692 0.0000000000
46444  10.966  -40.474  47.954 0.0000000000
45491  11.035  -41.378  47.674 0.0000000000
45473  10.746  -41.313  48.031 0.0000000000
45457  9.719  -42.165  49.484 0.0000000000
42354  10.652  -44.287  49.909 0.0000000000
42336  9.178  -44.652  50.671 0.0000000000
42315  9.676  -45.124  51.515 0.0000000000
41347  8.212  -45.584  51.710 0.0000000000
41348  7.349  -45.476  51.582 0.0000000000
41349  6.650  -45.342  51.693 0.0000000000
43337  6.116  -43.544  52.084 0.0000000000
43359  5.923  -44.170  51.931 0.0000000000
41332  5.082  -45.794  52.436 0.0000000000
43339  4.768  -44.259  53.205 0.0000000000
43321  4.451  -44.005  53.846 0.0000000000
43300  4.179  -43.521  54.528 0.0000000000
45360  5.435  -41.335  55.379 0.0000000000
45361  4.761  -41.658  55.759 0.0000000000
44332  4.378  -42.274  55.442 0.0000000000
44351  3.250  -43.137  55.571 0.0000000000
44334  2.812  -42.792  56.013 0.0000000000
57728  30.102  -30.709  33.970 0.0000000000
56560  27.779  -31.198  34.266 0.0000000000
56559  28.815  -31.273  33.836 0.0000000000
54230  26.560  -33.223  34.728 0.0000000000
53117  25.133  -33.510  35.423 0.0000000000
53099  25.046  -34.410  35.747 0.0000000000
51912  27.084  -36.354  38.342 0.0000000000
50874  26.659  -36.603  38.236 0.0000000000
50850  22.339  -37.067  38.569 0.0000000000
49651  21.602  -37.720  39.959 0.0000000000
48643  23.766  -38.675  41.047 0.0000000000
49650  22.468  -37.888  39.683 0.0000000000
49649  23.628  -38.328  39.919 0.0000000000
69498  31.670  -20.009  29.507 0.0000000000
68322  31.261  -20.612  29.459 0.0000000000
68338  31.453  -21.275  28.861 0.0000000000
67230  31.424  -22.034  28.724 0.0000000000
66149  32.097  -22.463  28.281 0.0000000000
63873  28.410  -24.470  35.214 0.0000000000
63874  28.452  -24.422  34.662 0.0000000000
63893  28.860  -24.457  32.877 0.0000000000
63894  28.968  -24.152  32.457 0.0000000000
64995  28.971  -23.725  32.374 0.0000000000
63904  29.225  -24.392  31.972 0.0000000000
63891  32.531  -25.226  32.894 0.0000000000
63892  31.583  -25.444  32.568 0.0000000000
63914  31.801  -25.054  31.335 0.0000000000
63915  30.730  -24.998  31.142 0.0000000000
63931  30.523  -24.595  30.434 0.0000000000
63949  30.415  -24.180  30.048 0.0000000000
63946  33.071  -24.854  29.652 0.0000000000
63947  32.014  -24.520  29.402 0.0000000000
63966  33.453  -24.657  28.859 0.0000000000
63965  34.577  -24.694  28.768 0.0000000000
63910  36.044  -24.570  31.103 0.0000000000
54226  31.033  -33.646  35.681 0.0000000000
54244  31.444  -33.034  34.886 0.0000000000
54225  32.122  -33.078  35.638 0.0000000000
55373  33.581  -32.870  37.321 0.0000000000
55392  33.164  -32.704  36.429 0.0000000000
55407  33.469  -32.174  36.002 0.0000000000
55391  33.872  -32.199  36.706 0.0000000000
56506  35.099  -31.288  37.323 0.0000000000
57659  35.616  -30.554  37.077 0.0000000000
79325  53.734  -10.616  15.120 0.0000000000
79336  53.964  -11.330  14.745 0.0000000000
78183  53.922  -11.920  14.767 0.0000000000
81365  48.628  -8.965  17.973 0.0000000000
80395  49.437  -9.645  17.028 0.0000000000
80404  50.122  -10.110  16.569 0.0000000000
77201  51.933  -12.900  16.103 0.0000000000
78164  51.496  -11.580  15.923 0.0000000000
78175  52.042  -11.940  15.629 0.0000000000
77211  52.228  -12.567  15.715 0.0000000000
75136  43.350  -14.310  20.349 0.0000000000
57727  30.606  -30.753  33.759 0.0000000000
57726  31.380  -30.565  33.250 0.0000000000
55440  31.734  -32.080  33.692 0.0000000000
78128  41.506  -11.664  20.843 0.0000000000
78136  42.069  -11.971  20.446 0.0000000000
77176  42.979  -12.455  19.860 0.0000000000
76183  42.826  -12.842  19.983 0.0000000000
41317  3.530  -45.954  53.726 0.0000000000
75065  36.557  -14.843  25.102 0.0000000000
67258  33.785  -21.402  26.669 0.0000000000
65060  35.468  -23.689  27.477 0.0000000000
65043  35.904  -24.166  28.154 0.0000000000
63963  36.176  -24.435  28.642 0.0000000000
47534  14.023  -39.040  44.947 0.0000000000
46528  13.516  -39.476  45.379 0.0000000000
55375  23.948  -31.362  37.313 0.0000000000
67146  28.794  -22.352  34.703 0.0000000000
61982  36.279  -26.585  34.604 0.0000000000
70646  33.433  -18.808  28.584 0.0000000000
69513  32.814  -19.348  28.824 0.0000000000
69514  32.576  -19.950  28.401 0.0000000000
50815  16.705  -36.399  42.033 0.0000000000
53005  16.002  -34.404  43.236 0.0000000000
53006  15.471  -34.928  43.665 0.0000000000
55339  20.482  -32.141  39.388 0.0000000000
57739  33.260  -30.417  32.596 0.0000000000
57738  33.948  -30.032  32.659 0.0000000000
58856  34.496  -29.467  32.907 0.0000000000
58855  34.995  -28.932  33.186 0.0000000000
79279  44.261  -9.651  21.574 0.0000000000
80375  46.294  -9.244  19.211 0.0000000000
80385  45.819  -10.145  18.788 0.0000000000
76195  45.039  -12.946  18.834 0.0000000000
75151  47.114  -14.241  19.564 0.0000000000
76154  39.245  -13.493  21.423 0.0000000000
75114  38.753  -15.052  21.717 0.0000000000
73006  38.174  -16.952  22.791 0.0000000000
70707  39.036  -19.028  23.934 0.0000000000
72968  35.545  -16.277  26.601 0.0000000000
68377  36.093  -20.693  24.879 0.0000000000
53114  28.304  -34.455  35.694 0.0000000000
53079  29.820  -34.819  37.563 0.0000000000
77143  39.606  -12.022  24.621 0.0000000000
78116  39.934  -11.469  23.784 0.0000000000
46550  18.094  -40.590  43.950 0.0000000000
46551  17.589  -40.390  43.540 0.0000000000
43390  12.831  -43.635  49.924 0.0000000000
43376  12.303  -43.930  50.566 0.0000000000
42334  10.911  -44.558  50.567 0.0000000000
49553  11.598  -37.198  48.790 0.0000000000
46422  10.612  -40.174  48.783 0.0000000000
46404  9.773  -40.895  50.160 0.0000000000
42337  8.497  -44.517  50.739 0.0000000000
43357  7.306  -43.901  50.979 0.0000000000
45404  6.986  -41.991  52.746 0.0000000000
44374  6.825  -42.544  52.105 0.0000000000
44375  6.246  -42.853  52.658 0.0000000000
44376  5.601  -43.124  53.172 0.0000000000
44363  5.255  -42.841  53.738 0.0000000000
44349  4.828  -42.572  54.575 0.0000000000
55429  26.880  -31.954  34.330 0.0000000000
51945  24.662  -35.091  36.342 0.0000000000
50875  25.964  -36.672  37.784 0.0000000000
53066  21.516  -34.350  38.230 0.0000000000
48644  22.810  -38.500  41.259 0.0000000000
74073  41.877  -16.492  22.002 0.0000000000
68309  30.697  -20.464  30.541 0.0000000000
67205  30.512  -21.270  29.944 0.0000000000
67215  30.356  -22.118  29.752 0.0000000000
66133  30.975  -22.692  29.176 0.0000000000
62939  28.894  -25.315  34.199 0.0000000000
62940  28.560  -24.754  34.353 0.0000000000
62949  29.225  -25.199  33.201 0.0000000000
62953  29.974  -25.481  32.549 0.0000000000
63928  33.682  -24.832  30.664 0.0000000000
63927  34.905  -24.748  30.605 0.0000000000
54195  32.843  -33.441  37.350 0.0000000000
54194  33.438  -33.208  37.715 0.0000000000
55354  33.702  -33.069  37.888 0.0000000000
80396  48.419  -9.886  17.270 0.0000000000
79316  48.964  -10.770  16.917 0.0000000000
78166  49.606  -11.506  16.820 0.0000000000
76222  52.729  -13.234  15.764 0.0000000000
76211  53.070  -13.775  16.154 0.0000000000
53032  17.424  -34.574  41.686 0.0000000000
54130  16.947  -33.321  42.280 0.0000000000
55320  18.951  -32.322  40.462 0.0000000000
55321  18.437  -32.589  41.015 0.0000000000
75107  46.349  -15.018  21.005 0.0000000000
74086  44.979  -15.457  21.733 0.0000000000
59925  32.154  -28.396  34.667 0.0000000000
58857  31.951  -29.293  33.215 0.0000000000
57740  32.370  -30.296  32.565 0.0000000000
56582  33.057  -31.086  32.937 0.0000000000
79292  44.564  -10.540  19.342 0.0000000000
77174  44.132  -12.414  19.067 0.0000000000
77175  43.561  -12.524  19.477 0.0000000000
75153  45.060  -13.996  19.684 0.0000000000
40305  5.550  -46.420  52.491 0.0000000000
71869  36.892  -17.555  23.728 0.0000000000
70685  34.159  -18.826  26.268 0.0000000000
70697  34.511  -18.782  25.653 0.0000000000
68379  34.723  -20.211  25.482 0.0000000000
67257  34.853  -21.502  25.922 0.0000000000
67255  36.847  -21.912  26.017 0.0000000000
66148  37.744  -23.221  28.518 0.0000000000
66132  37.752  -23.506  29.107 0.0000000000
51925  27.931  -35.427  37.795 0.0000000000
51910  28.750  -35.504  38.683 0.0000000000
51895  28.502  -36.032  39.610 0.0000000000
46541  15.405  -39.872  44.306 0.0000000000
46497  15.204  -41.191  45.747 0.0000000000
44455  13.481  -42.518  47.733 0.0000000000
44441  11.715  -42.899  47.822 0.0000000000
44390  7.895  -42.640  50.911 0.0000000000
45403  7.659  -41.526  52.398 0.0000000000
46381  7.953  -40.829  52.821 0.0000000000
45389  7.389  -41.177  53.187 0.0000000000
46362  6.818  -40.520  54.768 0.0000000000
56531  25.855  -30.528  35.966 0.0000000000
56547  25.528  -31.060  35.759 0.0000000000
55411  25.125  -31.840  35.532 0.0000000000
55412  24.654  -32.484  35.687 0.0000000000
53100  24.192  -34.318  36.254 0.0000000000
51913  23.475  -36.128  37.371 0.0000000000
50837  20.551  -36.680  39.781 0.0000000000
49630  21.358  -38.061  40.753 0.0000000000
48627  21.373  -38.452  41.854 0.0000000000
48645  22.049  -38.340  41.334 0.0000000000
67185  28.999  -21.887  32.110 0.0000000000
66114  29.203  -22.546  31.344 0.0000000000
61999  33.316  -26.490  32.907 0.0000000000
62945  33.653  -25.542  33.610 0.0000000000
63881  33.971  -25.071  34.128 0.0000000000
62936  35.143  -25.727  34.388 0.0000000000
63889  34.172  -24.732  34.089 0.0000000000
64980  34.321  -24.379  33.730 0.0000000000
77183  48.563  -12.640  17.846 0.0000000000
77182  49.137  -12.727  17.772 0.0000000000
42264  2.799  -44.945  54.696 0.0000000000
74004  35.936  -15.858  26.663 0.0000000000
71814  34.527  -17.840  26.591 0.0000000000
66166  33.277  -22.197  27.343 0.0000000000
48607  18.457  -39.447  42.683 0.0000000000
47589  18.008  -39.579  42.566 0.0000000000
50803  16.001  -36.399  42.758 0.0000000000
47579  15.705  -39.026  43.415 0.0000000000
48587  14.709  -38.176  44.051 0.0000000000
48573  13.551  -38.161  45.056 0.0000000000
49579  13.060  -37.520  45.749 0.0000000000
55356  23.301  -31.131  38.304 0.0000000000
54181  21.539  -33.132  38.323 0.0000000000
53067  21.035  -33.973  38.502 0.0000000000
54167  19.775  -33.271  39.594 0.0000000000
51900  20.220  -35.004  39.462 0.0000000000
49632  19.871  -37.569  40.717 0.0000000000
66063  28.535  -22.852  36.190 0.0000000000
64951  28.639  -23.588  36.604 0.0000000000
63864  28.597  -24.510  36.016 0.0000000000
62929  28.683  -25.316  35.256 0.0000000000
62928  29.322  -25.950  35.630 0.0000000000
60979  31.701  -27.907  34.174 0.0000000000
60987  31.815  -27.741  33.268 0.0000000000
60994  32.240  -27.955  32.650 0.0000000000
62007  32.257  -27.508  32.677 0.0000000000
59931  35.322  -28.380  33.383 0.0000000000
60978  35.622  -27.512  33.666 0.0000000000
60971  36.126  -27.457  34.381 0.0000000000
81366  47.953  -9.121  18.130 0.0000000000
80383  47.366  -9.588  18.150 0.0000000000
80397  47.771  -9.964  17.590 0.0000000000
79303  47.683  -10.495  17.574 0.0000000000
78157  47.679  -11.437  17.591 0.0000000000
77196  47.660  -11.897  17.695 0.0000000000
79298  45.012  -11.195  18.719 0.0000000000
76169  41.056  -13.137  20.640 0.0000000000
76152  41.414  -14.021  20.589 0.0000000000
73025  40.823  -16.235  21.497 0.0000000000
74092  38.896  -15.561  21.743 0.0000000000
73018  39.005  -16.428  22.167 0.0000000000
74075  39.178  -15.971  21.741 0.0000000000
71888  40.461  -17.277  22.430 0.0000000000
70716  41.092  -18.237  23.616 0.0000000000
70705  41.372  -18.657  24.428 0.0000000000
72996  35.654  -16.440  24.789 0.0000000000
70721  37.030  -18.279  23.901 0.0000000000
68387  35.893  -20.147  24.712 0.0000000000
70709  37.286  -18.832  24.087 0.0000000000
69553  39.205  -20.114  24.990 0.0000000000
69552  39.947  -19.954  25.172 0.0000000000
53111  30.806  -33.976  36.252 0.0000000000
53093  30.764  -34.269  36.653 0.0000000000
54211  31.238  -33.952  36.585 0.0000000000
78122  40.514  -11.295  21.966 0.0000000000
78129  40.870  -11.745  21.191 0.0000000000
50767  13.198  -35.931  45.798 0.0000000000
50768  12.874  -36.559  46.174 0.0000000000
48566  12.188  -38.809  46.581 0.0000000000
46468  11.418  -40.229  47.332 0.0000000000
44458  11.080  -41.675  47.645 0.0000000000
46423  10.208  -40.964  49.027 0.0000000000
42314  10.569  -44.767  51.346 0.0000000000
40304  6.301  -46.551  52.457 0.0000000000
43358  6.549  -43.844  51.527 0.0000000000
41331  5.995  -45.698  52.066 0.0000000000
46363  6.038  -41.025  54.919 0.0000000000
63855  28.898  -24.762  37.800 0.0000000000
55443  29.378  -31.588  33.631 0.0000000000
56558  29.345  -31.004  33.808 0.0000000000
51941  27.777  -35.212  37.213 0.0000000000
54231  25.553  -32.938  35.154 0.0000000000
53098  26.088  -34.831  35.921 0.0000000000
53097  26.932  -35.062  36.332 0.0000000000
51942  27.289  -35.388  37.038 0.0000000000
53065  22.200  -34.391  37.760 0.0000000000
53083  22.817  -34.421  37.254 0.0000000000
50836  21.163  -37.091  39.484 0.0000000000
50849  23.295  -37.445  38.386 0.0000000000
49681  24.889  -37.747  38.455 0.0000000000
74071  43.655  -16.191  22.550 0.0000000000
69497  32.244  -19.566  29.377 0.0000000000
68337  31.993  -20.611  28.654 0.0000000000
66085  28.607  -22.946  34.348 0.0000000000
63883  28.536  -24.303  34.268 0.0000000000
64971  28.550  -23.831  33.810 0.0000000000
66095  28.614  -22.868  33.396 0.0000000000
65006  29.277  -23.353  31.165 0.0000000000
63903  29.943  -25.109  31.758 0.0000000000
63917  29.347  -23.943  31.369 0.0000000000
65005  29.590  -23.797  30.824 0.0000000000
65015  29.492  -23.256  30.693 0.0000000000
65014  29.790  -23.473  30.378 0.0000000000
65029  30.384  -23.521  29.791 0.0000000000
65028  31.441  -23.776  29.099 0.0000000000
65027  31.948  -24.098  28.935 0.0000000000
65046  32.489  -23.816  28.495 0.0000000000
63964  35.586  -24.610  28.694 0.0000000000
63926  36.173  -24.641  30.528 0.0000000000
63925  36.747  -24.548  29.981 0.0000000000
55425  31.102  -32.642  34.117 0.0000000000
55424  31.958  -32.515  34.479 0.0000000000
55409  32.325  -32.630  35.090 0.0000000000
55423  32.808  -32.204  34.720 0.0000000000
55422  33.336  -32.068  35.321 0.0000000000
56544  34.344  -31.319  35.415 0.0000000000
55353  34.213  -32.812  38.173 0.0000000000
56529  34.483  -31.486  36.456 0.0000000000
57697  34.845  -30.837  35.237 0.0000000000
57679  35.180  -30.759  36.100 0.0000000000
58826  35.872  -29.934  36.197 0.0000000000
80403  51.141  -9.916  16.415 0.0000000000
77204  49.554  -11.952  17.032 0.0000000000
76213  50.815  -12.831  16.955 0.0000000000
78165  50.528  -11.591  16.402 0.0000000000
79313  51.961  -10.647  15.908 0.0000000000
77210  53.284  -12.635  15.164 0.0000000000
77221  53.693  -12.212  14.899 0.0000000000
40296  5.746  -47.045  52.988 0.0000000000
45472  10.981  -40.974  47.762 0.0000000000
48632  16.519  -38.329  42.426 0.0000000000
53081  28.044  -35.118  37.338 0.0000000000
54224  32.695  -32.887  36.026 0.0000000000
55374  33.043  -33.029  36.901 0.0000000000
55390  34.284  -31.935  37.028 0.0000000000
56507  34.631  -31.802  37.421 0.0000000000
56530  33.885  -31.866  36.230 0.0000000000
56573  29.310  -31.250  33.708 0.0000000000
57680  34.694  -31.079  35.809 0.0000000000
57714  30.535  -30.500  34.364 0.0000000000
57741  31.886  -30.255  32.790 0.0000000000
63905  29.011  -23.954  32.266 0.0000000000
64962  28.474  -24.141  34.541 0.0000000000
64972  28.495  -23.996  34.345 0.0000000000
64983  28.920  -23.921  32.507 0.0000000000
66122  29.353  -22.941  30.871 0.0000000000
66150  31.538  -22.575  28.705 0.0000000000
70625  32.490  -19.108  29.656 0.0000000000
72967  36.003  -15.888  26.942 0.0000000000
73020  37.906  -16.466  22.771 0.0000000000
74074  39.640  -15.992  21.529 0.0000000000
75138  41.744  -14.131  20.544 0.0000000000
76230  54.099  -13.118  15.075 0.0000000000
77212  51.757  -12.160  15.842 0.0000000000
78158  47.245  -11.423  17.804 0.0000000000
78167  49.074  -11.338  17.013 0.0000000000
80406  48.851  -10.306  16.969 0.0000000000
