#!ascii label  , from subject 3519 vox2ras=TkReg
1151
77323  -25.925  -12.197  -27.726 0.5555555820
76334  -26.942  -12.282  -28.190 0.6666666865
77351  -27.744  -11.200  -29.004 0.7777777910
78355  -27.990  -10.713  -29.335 0.7777777910
79448  -27.875  -9.157  -29.763 0.8888888955
79451  -30.741  -9.687  -30.429 0.8888888955
76317  -25.389  -12.719  -27.303 0.5555555820
77339  -25.986  -11.097  -27.953 0.6666666865
78342  -26.345  -10.577  -28.358 0.8888888955
78356  -28.767  -10.906  -29.733 0.8888888955
79449  -28.674  -9.303  -29.968 0.8888888955
80526  -30.018  -8.556  -30.254 1.0000000000
80527  -31.038  -8.620  -30.389 0.8888888955
81560  -31.274  -7.633  -30.523 1.0000000000
78341  -25.632  -10.601  -27.826 0.7777777910
80512  -26.225  -8.539  -28.917 1.0000000000
81546  -26.208  -7.517  -29.344 1.0000000000
80523  -27.307  -8.324  -29.748 1.0000000000
81557  -28.328  -7.495  -30.536 1.0000000000
81555  -26.806  -7.445  -29.761 1.0000000000
81558  -29.281  -7.504  -30.570 1.0000000000
82634  -27.688  -6.446  -30.610 1.0000000000
82635  -28.595  -6.578  -30.740 1.0000000000
82636  -29.532  -6.356  -30.784 1.0000000000
82638  -31.482  -6.695  -30.663 1.0000000000
82648  -28.709  -5.798  -31.022 1.0000000000
83717  -30.082  -6.015  -30.760 1.0000000000
82650  -31.984  -6.291  -30.839 1.0000000000
83733  -30.749  -5.139  -30.971 1.0000000000
83735  -32.921  -5.531  -31.385 0.7777777910
82601  -25.164  -6.982  -28.691 0.8888888955
82621  -26.316  -6.847  -29.676 1.0000000000
82647  -28.130  -5.921  -30.866 1.0000000000
82632  -26.168  -6.197  -29.764 1.0000000000
83716  -27.661  -5.625  -30.816 1.0000000000
83731  -28.839  -5.153  -31.376 1.0000000000
84727  -31.057  -4.354  -31.244 1.0000000000
84728  -32.133  -4.433  -31.223 1.0000000000
84729  -33.158  -4.499  -31.430 0.8888888955
85718  -33.462  -3.528  -31.486 1.0000000000
85719  -34.319  -3.568  -31.641 0.7777777910
84745  -35.312  -4.155  -31.769 0.7777777910
84677  -24.630  -4.706  -28.939 0.5555555820
85686  -25.048  -3.548  -29.843 0.7777777910
84698  -25.253  -4.661  -29.570 0.8888888955
84723  -27.493  -4.417  -31.175 1.0000000000
83730  -28.056  -5.211  -31.157 1.0000000000
84722  -26.890  -4.197  -30.957 0.8888888955
84724  -28.294  -4.372  -31.449 1.0000000000
84725  -29.149  -4.382  -31.586 1.0000000000
85716  -31.387  -3.445  -31.385 1.0000000000
85717  -32.460  -3.482  -31.352 0.8888888955
86725  -31.797  -2.506  -31.379 1.0000000000
86727  -33.826  -2.623  -31.668 0.8888888955
87764  -35.747  -2.503  -31.576 0.7777777910
86731  -37.262  -2.643  -30.757 0.6666666865
86730  -36.333  -2.641  -31.250 0.6666666865
86642  -22.935  -2.968  -27.579 0.4444444478
85665  -24.173  -3.613  -28.973 0.7777777910
86689  -24.246  -2.382  -29.247 0.6666666865
86703  -26.060  -2.745  -31.068 0.7777777910
86720  -27.004  -2.750  -31.426 0.8888888955
86721  -28.034  -2.570  -31.594 0.8888888955
85714  -29.442  -3.463  -31.632 1.0000000000
86722  -28.896  -2.570  -31.636 1.0000000000
86723  -29.739  -2.517  -31.524 1.0000000000
87743  -32.321  -1.586  -31.364 0.8888888955
87744  -33.368  -1.654  -31.521 0.7777777910
87746  -35.269  -1.975  -31.727 0.7777777910
86732  -38.152  -2.542  -30.623 0.5555555820
88776  -35.808  -0.775  -31.506 0.7777777910
88777  -36.678  -0.692  -31.151 0.6666666865
87703  -24.552  -1.427  -29.886 0.6666666865
87702  -23.783  -1.375  -29.062 0.6666666865
87720  -25.709  -2.155  -31.012 0.7777777910
87719  -25.271  -1.547  -30.828 0.7777777910
87737  -26.224  -1.600  -31.409 0.8888888955
87739  -28.462  -1.669  -31.678 0.8888888955
87738  -27.523  -1.372  -31.702 1.0000000000
87741  -30.079  -1.433  -31.401 1.0000000000
87742  -31.215  -1.521  -31.309 0.8888888955
88773  -32.947  -0.699  -31.196 0.8888888955
88774  -33.978  -0.757  -31.378 0.8888888955
88775  -34.919  -0.800  -31.575 0.7777777910
89798  -32.538  0.277  -30.883 0.8888888955
89799  -33.659  0.203  -30.916 0.7777777910
89800  -34.629  0.226  -31.325 0.7777777910
88778  -37.688  -0.650  -30.860 0.6666666865
88743  -24.278  -0.344  -29.626 0.6666666865
87673  -23.080  -1.304  -28.403 0.5555555820
88756  -24.821  -0.434  -30.569 0.7777777910
87736  -25.698  -1.037  -31.332 0.8888888955
88769  -26.768  -0.530  -31.732 0.8888888955
88787  -27.523  -0.251  -31.822 1.0000000000
87760  -28.263  -0.830  -31.726 1.0000000000
88770  -29.891  -0.341  -31.494 1.0000000000
88771  -30.784  -0.504  -31.325 0.8888888955
90857  -35.272  1.276  -31.477 0.7777777910
90859  -37.222  1.330  -31.188 0.6666666865
90860  -38.199  1.199  -31.163 0.5555555820
89804  -38.542  0.296  -31.073 0.5555555820
89768  -24.006  0.774  -29.483 0.6666666865
88767  -25.411  -0.419  -31.284 0.8888888955
89794  -26.403  0.027  -31.753 1.0000000000
88788  -28.126  -0.123  -31.810 1.0000000000
90853  -31.024  1.396  -30.985 0.8888888955
89797  -31.445  0.394  -31.124 0.8888888955
90854  -32.115  1.298  -30.698 0.8888888955
91900  -34.996  2.283  -31.283 0.7777777910
91901  -35.940  2.323  -31.557 0.7777777910
92838  -33.669  3.345  -30.474 0.7777777910
91902  -37.083  2.565  -31.518 0.5555555820
91917  -39.071  2.362  -32.166 0.5555555820
92841  -36.419  3.144  -31.692 0.6666666865
90800  -22.347  2.172  -28.226 0.4444444478
89767  -23.231  0.957  -28.844 0.5555555820
90848  -24.705  1.638  -31.047 0.7777777910
89814  -26.895  0.592  -31.960 1.0000000000
89792  -25.047  0.574  -31.205 0.8888888955
90871  -27.539  1.534  -32.218 1.0000000000
90873  -28.766  1.180  -31.819 0.8888888955
90851  -29.274  1.506  -31.640 0.8888888955
90852  -30.092  1.481  -31.337 0.8888888955
91897  -31.642  2.353  -30.508 0.8888888955
91898  -32.871  2.289  -30.445 0.8888888955
92839  -34.739  3.301  -30.981 0.6666666865
92858  -37.892  3.559  -32.393 0.5555555820
92850  -25.142  3.663  -31.864 0.6666666865
91891  -24.467  2.736  -30.850 0.6666666865
91912  -26.422  2.615  -32.422 0.7777777910
91914  -28.034  2.361  -32.299 0.8888888955
92832  -28.299  2.837  -32.164 0.7777777910
92833  -28.621  3.156  -31.892 0.7777777910
91895  -29.723  2.522  -31.372 0.8888888955
92834  -29.316  3.667  -31.530 0.7777777910
91896  -30.574  2.452  -30.903 0.8888888955
92836  -31.113  3.506  -30.402 0.7777777910
94794  -31.614  5.463  -31.073 0.6666666865
93810  -33.199  4.441  -30.381 0.6666666865
93811  -34.439  4.457  -30.865 0.6666666865
95734  -34.279  6.245  -31.175 0.6666666865
94797  -34.640  5.475  -31.399 0.5555555820
93829  -35.708  4.864  -32.132 0.5555555820
92857  -37.072  3.662  -32.131 0.4444444478
94810  -35.196  5.515  -32.097 0.5555555820
94790  -24.547  5.831  -31.696 0.3333333433
93805  -24.813  5.149  -32.033 0.3333333433
93822  -25.521  4.737  -32.249 0.5555555820
92851  -26.019  3.654  -32.320 0.6666666865
93823  -26.524  4.681  -32.495 0.5555555820
92852  -26.965  3.605  -32.569 0.7777777910
92854  -28.757  4.074  -31.878 0.7777777910
93806  -29.561  5.363  -31.666 0.6666666865
93827  -29.382  4.427  -31.580 0.6666666865
93826  -29.118  4.960  -31.730 0.6666666865
93807  -29.865  4.756  -31.460 0.6666666865
95732  -32.309  6.330  -31.010 0.6666666865
96697  -33.979  7.025  -31.217 0.6666666865
95750  -35.333  5.984  -32.566 0.5555555820
94821  -35.369  5.996  -33.997 0.5555555820
96698  -34.448  6.743  -31.637 0.6666666865
94791  -25.337  5.804  -32.124 0.4444444478
95727  -24.382  6.491  -31.122 0.4444444478
95757  -26.363  6.221  -32.491 0.5555555820
94806  -26.959  5.711  -32.659 0.5555555820
94807  -27.881  5.726  -32.587 0.6666666865
93824  -27.459  4.673  -32.525 0.6666666865
94808  -28.710  5.831  -32.212 0.6666666865
94793  -30.629  5.576  -31.513 0.6666666865
95731  -31.316  6.345  -31.540 0.6666666865
96695  -31.949  7.158  -31.380 0.6666666865
97653  -34.083  8.335  -32.115 0.6666666865
96724  -34.982  7.504  -33.514 0.5555555820
95759  -35.327  6.495  -33.101 0.6666666865
95743  -25.941  6.588  -32.300 0.4444444478
95746  -28.332  6.678  -32.769 0.6666666865
95747  -29.306  6.739  -32.325 0.6666666865
94809  -29.364  5.864  -31.887 0.6666666865
95729  -29.661  6.279  -31.914 0.6666666865
96715  -33.666  7.863  -31.480 0.6666666865
79436  -27.611  -9.816  -29.338 0.8888888955
79434  -26.261  -9.606  -28.590 1.0000000000
80513  -26.889  -8.694  -29.328 1.0000000000
80524  -28.070  -8.409  -30.223 1.0000000000
81559  -30.276  -7.535  -30.508 1.0000000000
86664  -23.275  -2.441  -28.308 0.5555555820
88742  -23.358  -0.246  -28.798 0.5555555820
91867  -23.577  2.449  -29.462 0.5555555820
89780  -24.568  0.660  -30.346 0.7777777910
89815  -27.831  0.630  -31.963 1.0000000000
90855  -33.293  1.223  -30.602 0.8888888955
91841  -22.541  2.991  -28.082 0.2222222239
93813  -35.905  4.123  -31.858 0.6666666865
93830  -36.445  4.366  -32.421 0.4444444478
95745  -27.412  6.624  -32.897 0.6666666865
86663  -22.756  -1.771  -27.946 0.4444444478
88724  -22.861  -0.718  -28.334 0.4444444478
94830  -35.066  5.796  -34.749 0.5555555820
94831  -35.572  5.342  -34.395 0.5555555820
95728  -25.176  6.737  -31.562 0.2222222239
95768  -35.131  6.625  -34.258 0.5555555820
74228  -26.247  -14.166  -27.394 0.5555555820
75318  -27.342  -13.877  -27.874 0.5555555820
77342  -27.957  -12.498  -28.893 0.5555555820
77352  -28.332  -11.830  -29.285 0.5555555820
78365  -30.476  -10.739  -30.478 0.7777777910
78366  -31.501  -10.920  -30.720 0.8888888955
75309  -25.171  -13.665  -27.065 0.5555555820
78357  -29.634  -10.870  -30.082 0.8888888955
79452  -31.748  -9.728  -30.673 0.7777777910
79461  -32.647  -9.745  -30.977 0.7777777910
81561  -32.195  -7.749  -30.720 0.8888888955
75308  -24.471  -13.645  -26.706 0.4444444478
77321  -24.763  -11.548  -26.969 0.5555555820
82639  -32.300  -7.019  -30.903 1.0000000000
79394  -24.734  -10.215  -27.150 0.2222222239
80492  -25.630  -9.127  -28.301 0.6666666865
82652  -33.742  -6.685  -31.631 0.8888888955
83736  -33.850  -5.562  -31.746 0.6666666865
84731  -34.887  -4.481  -31.721 0.7777777910
84746  -35.753  -4.395  -32.048 0.6666666865
81530  -25.067  -7.655  -28.285 0.5555555820
85737  -36.468  -4.163  -31.824 0.6666666865
83660  -24.086  -6.069  -27.785 0.4444444478
85722  -36.812  -3.691  -31.379 0.5555555820
86705  -39.103  -2.755  -30.888 0.5555555820
84656  -23.066  -4.568  -27.197 0.2222222239
87721  -38.604  -2.025  -30.644 0.5555555820
88779  -38.827  -0.663  -30.983 0.5555555820
87657  -21.082  -0.411  -26.450 0.3333333433
89805  -39.824  0.219  -31.643 0.5555555820
89752  -22.407  1.105  -28.358 0.4444444478
90874  -40.106  1.308  -32.489 0.4444444478
90785  -21.996  2.376  -27.761 0.3333333433
92867  -38.278  3.912  -33.204 0.4444444478
94780  -23.814  5.754  -31.137 0.3333333433
93796  -23.324  4.800  -31.045 0.3333333433
93840  -36.723  4.596  -33.305 0.4444444478
93849  -36.205  4.992  -33.941 0.4444444478
93860  -35.197  4.811  -35.462 0.2222222239
95744  -26.611  6.560  -32.697 0.6666666865
96711  -29.599  7.812  -32.527 0.6666666865
96694  -31.073  7.144  -31.741 0.6666666865
96713  -31.532  7.956  -31.709 0.6666666865
98659  -32.949  9.309  -32.393 0.6666666865
98660  -33.496  9.114  -32.473 0.6666666865
97668  -34.456  8.470  -32.954 0.6666666865
95776  -34.602  6.402  -35.348 0.4444444478
94836  -34.758  5.328  -35.524 0.3333333433
96709  -27.785  7.595  -33.152 0.5555555820
77340  -26.416  -11.674  -28.109 0.6666666865
76318  -26.492  -12.795  -27.759 0.5555555820
76335  -27.441  -12.956  -28.297 0.6666666865
77341  -27.361  -11.761  -28.649 0.7777777910
78343  -26.830  -11.138  -28.504 0.7777777910
78354  -27.203  -10.570  -28.841 0.8888888955
79437  -28.344  -9.986  -29.624 0.8888888955
79447  -27.319  -9.081  -29.450 1.0000000000
79450  -29.700  -9.654  -30.007 0.8888888955
75316  -25.944  -13.617  -27.343 0.5555555820
76310  -24.831  -13.154  -26.964 0.4444444478
76309  -24.507  -12.600  -26.635 0.4444444478
76316  -24.966  -12.114  -27.166 0.5555555820
77322  -25.480  -11.584  -27.580 0.6666666865
78353  -26.684  -10.041  -28.701 0.8888888955
79438  -29.042  -10.127  -29.829 0.8888888955
80525  -29.001  -8.520  -30.387 1.0000000000
80528  -32.007  -8.694  -30.615 1.0000000000
82637  -30.537  -6.659  -30.627 1.0000000000
79417  -25.105  -9.753  -27.618 0.6666666865
79418  -25.780  -9.932  -28.173 0.8888888955
78321  -25.029  -10.729  -27.317 0.6666666865
79435  -26.895  -9.465  -29.022 1.0000000000
80511  -25.505  -8.304  -28.460 0.8888888955
80522  -26.690  -8.097  -29.431 1.0000000000
81545  -25.626  -7.596  -28.853 0.8888888955
81556  -27.483  -7.440  -30.208 1.0000000000
82633  -26.810  -6.492  -30.135 1.0000000000
82651  -32.784  -6.646  -31.226 0.8888888955
83719  -31.345  -5.837  -30.742 1.0000000000
83732  -29.763  -5.368  -31.189 1.0000000000
83734  -31.865  -5.419  -30.995 1.0000000000
82620  -25.640  -6.580  -29.266 1.0000000000
82619  -25.022  -6.293  -28.705 0.5555555820
82600  -24.612  -6.741  -28.138 0.5555555820
83714  -26.317  -5.531  -30.121 1.0000000000
83704  -25.729  -5.568  -29.637 0.8888888955
83729  -27.444  -5.095  -30.916 1.0000000000
84726  -30.087  -4.389  -31.573 1.0000000000
85715  -30.368  -3.442  -31.541 1.0000000000
85720  -34.973  -3.580  -31.731 0.7777777910
85736  -36.056  -3.686  -31.843 0.6666666865
83681  -23.857  -5.407  -27.890 0.5555555820
83682  -24.480  -5.629  -28.392 0.5555555820
84676  -23.936  -4.694  -28.339 0.6666666865
83703  -25.168  -5.552  -29.048 0.7777777910
85666  -24.710  -4.156  -29.393 0.7777777910
85685  -24.580  -3.001  -29.511 0.6666666865
86702  -25.425  -2.679  -30.585 0.8888888955
84708  -25.626  -4.255  -30.142 0.8888888955
85696  -26.506  -3.595  -31.003 0.8888888955
84699  -25.858  -4.902  -29.997 0.8888888955
84709  -26.357  -4.541  -30.549 1.0000000000
85712  -27.747  -3.551  -31.429 0.8888888955
85713  -28.584  -3.484  -31.575 1.0000000000
86724  -30.713  -2.479  -31.409 1.0000000000
86726  -32.867  -2.555  -31.456 0.8888888955
87745  -34.325  -1.749  -31.719 0.8888888955
86728  -34.651  -2.734  -31.797 0.7777777910
86744  -35.955  -3.020  -31.596 0.7777777910
87747  -36.082  -1.705  -31.389 0.6666666865
85697  -38.574  -2.968  -30.754 0.5555555820
87748  -36.884  -1.641  -30.847 0.6666666865
85646  -23.328  -3.829  -27.907 0.3333333433
86690  -24.893  -2.426  -29.953 0.7777777910
87740  -29.213  -1.684  -31.605 1.0000000000
87750  -39.069  -1.518  -30.869 0.5555555820
87762  -29.413  -0.928  -31.557 1.0000000000
89801  -35.546  0.255  -31.516 0.7777777910
89802  -36.457  0.294  -31.311 0.7777777910
89803  -37.426  0.314  -30.970 0.6666666865
87672  -22.580  -1.134  -27.865 0.4444444478
88768  -26.049  -0.511  -31.582 0.8888888955
88790  -29.221  -0.210  -31.625 1.0000000000
89796  -30.452  0.496  -31.348 0.8888888955
90856  -34.354  1.231  -31.008 0.7777777910
90858  -36.240  1.342  -31.470 0.6666666865
90861  -39.162  1.249  -31.527 0.5555555820
89766  -22.757  0.534  -28.514 0.5555555820
89817  -29.006  0.571  -31.736 1.0000000000
91899  -34.045  2.260  -30.698 0.8888888955
91903  -38.080  2.076  -31.457 0.6666666865
91916  -38.065  2.886  -31.958 0.5555555820
90823  -23.279  1.954  -29.132 0.5555555820
90839  -24.330  1.791  -30.154 0.5555555820
89813  -26.381  1.117  -32.079 1.0000000000
90869  -26.008  1.666  -32.202 0.7777777910
90850  -28.757  1.793  -31.806 0.8888888955
90870  -26.756  1.664  -32.289 0.7777777910
92859  -38.533  3.261  -32.566 0.5555555820
92830  -24.016  3.843  -31.022 0.5555555820
92831  -24.602  3.391  -31.391 0.5555555820
92849  -24.526  4.061  -31.581 0.4444444478
91892  -24.889  2.592  -31.586 0.7777777910
91884  -24.081  3.094  -29.804 0.6666666865
92853  -28.031  3.500  -32.400 0.7777777910
91913  -27.308  2.535  -32.469 0.7777777910
92835  -30.202  3.587  -31.102 0.7777777910
93808  -30.863  4.587  -31.021 0.6666666865
93809  -31.939  4.503  -30.519 0.6666666865
95733  -33.389  6.331  -30.735 0.6666666865
94796  -33.878  5.440  -30.623 0.6666666865
93828  -35.037  4.898  -31.631 0.5555555820
93812  -35.271  4.173  -31.480 0.5555555820
93839  -36.194  5.115  -32.945 0.4444444478
93841  -37.515  4.293  -33.513 0.4444444478
94822  -35.747  5.682  -33.434 0.5555555820
93804  -24.153  4.847  -31.643 0.4444444478
93825  -28.333  4.807  -32.219 0.7777777910
96696  -32.981  7.199  -30.969 0.6666666865
96716  -34.549  7.371  -32.215 0.6666666865
94819  -26.383  5.975  -32.455 0.5555555820
95730  -30.219  6.614  -31.832 0.6666666865
96714  -32.598  8.007  -31.416 0.6666666865
97652  -33.318  8.708  -31.913 0.6666666865
88723  -22.475  -0.112  -28.228 0.4444444478
91842  -22.889  3.001  -28.658 0.3333333433
86641  -22.311  -2.067  -27.090 0.4444444478
87658  -21.976  -0.739  -27.241 0.4444444478
93861  -35.945  4.447  -35.189 0.3333333433
95789  -34.391  5.768  -35.884 0.3333333433
75317  -26.654  -13.733  -27.600 0.5555555820
74219  -24.868  -14.174  -26.849 0.5555555820
81564  -33.701  -7.825  -31.534 0.7777777910
75298  -24.093  -13.580  -25.821 0.3333333433
77312  -24.450  -11.570  -26.232 0.4444444478
83738  -35.340  -5.358  -31.998 0.6666666865
84657  -23.496  -4.861  -27.704 0.3333333433
85645  -22.774  -3.494  -27.106 0.1111111119
86640  -21.719  -1.095  -26.611 0.4444444478
88708  -21.542  0.342  -27.453 0.3333333433
93777  -22.599  4.561  -29.690 0.3333333433
97677  -34.732  8.365  -33.961 0.6666666865
96734  -34.906  7.452  -34.635 0.4444444478
74241  -30.374  -14.623  -29.017 0.4444444478
74223  -31.502  -13.769  -26.928 0.2222222239
74230  -27.936  -14.772  -27.979 0.4444444478
75329  -28.015  -13.893  -28.336 0.4444444478
75330  -28.578  -14.107  -28.755 0.4444444478
75332  -29.812  -14.480  -29.117 0.4444444478
75347  -31.060  -13.821  -29.702 0.4444444478
76338  -32.203  -13.086  -28.597 0.2222222239
76348  -29.066  -13.026  -29.460 0.4444444478
76349  -30.134  -12.989  -29.974 0.4444444478
77343  -32.978  -12.233  -28.578 0.1111111119
78344  -33.667  -11.218  -28.305 0.1111111119
76350  -31.009  -12.947  -30.221 0.4444444478
76351  -32.536  -13.138  -29.873 0.3333333433
77353  -29.378  -11.933  -29.896 0.4444444478
75356  -31.904  -13.179  -30.243 0.3333333433
76360  -32.918  -12.560  -30.646 0.3333333433
77344  -33.498  -11.774  -29.036 0.2222222239
77355  -31.150  -12.522  -30.512 0.4444444478
76359  -32.327  -12.898  -30.437 0.3333333433
77354  -30.508  -11.959  -30.399 0.4444444478
77365  -34.249  -11.694  -30.930 0.2222222239
78368  -34.764  -11.122  -30.701 0.1111111119
79441  -35.843  -9.407  -30.107 0.1111111119
77367  -33.763  -11.403  -31.178 0.3333333433
78374  -33.959  -10.734  -31.400 0.3333333433
79462  -33.433  -9.823  -31.364 0.5555555820
80534  -33.606  -8.888  -31.487 0.6666666865
80536  -35.395  -8.951  -31.830 0.4444444478
80538  -37.216  -8.915  -32.161 0.3333333433
81565  -34.582  -7.857  -31.781 0.6666666865
81567  -36.372  -7.831  -32.182 0.5555555820
82654  -35.555  -6.525  -31.990 0.5555555820
82655  -36.445  -6.601  -32.276 0.5555555820
81568  -37.320  -7.898  -32.364 0.4444444478
82656  -37.443  -6.808  -32.218 0.3333333433
82653  -34.664  -6.668  -31.778 0.5555555820
83741  -38.564  -5.811  -31.633 0.4444444478
84734  -37.742  -4.739  -31.366 0.5555555820
83740  -37.580  -5.801  -31.782 0.4444444478
85724  -38.644  -3.941  -31.077 0.4444444478
96712  -30.457  7.777  -32.099 0.5555555820
97650  -31.244  8.686  -32.306 0.5555555820
98658  -31.986  9.407  -32.476 0.5555555820
98677  -33.792  9.498  -33.159 0.5555555820
99738  -34.094  9.951  -34.187 0.5555555820
74240  -29.635  -14.883  -28.726 0.4444444478
74233  -31.284  -14.035  -28.043 0.2222222239
76340  -33.289  -12.455  -29.684 0.2222222239
77357  -34.281  -11.543  -30.044 0.2222222239
78358  -34.737  -10.685  -29.783 0.1111111119
79463  -34.260  -9.958  -31.542 0.4444444478
79464  -35.277  -10.044  -31.354 0.3333333433
84735  -38.784  -4.625  -31.264 0.4444444478
87751  -39.904  -2.007  -31.374 0.4444444478
97649  -30.314  8.750  -32.987 0.5555555820
97666  -30.231  9.318  -33.490 0.5555555820
76347  -28.418  -12.654  -29.152 0.4444444478
79465  -36.213  -9.419  -31.430 0.2222222239
98689  -34.384  9.313  -34.202 0.5555555820
71913  -27.666  -16.460  -27.138 0.4444444478
71936  -29.148  -16.070  -27.902 0.4444444478
71924  -29.463  -16.176  -27.667 0.4444444478
74222  -30.793  -14.680  -27.242 0.2222222239
74212  -31.032  -14.581  -26.153 0.2222222239
74213  -31.653  -13.845  -25.790 0.1111111119
74221  -26.281  -15.131  -27.294 0.4444444478
71922  -27.966  -16.027  -27.615 0.4444444478
75319  -31.956  -13.158  -27.919 0.1111111119
77324  -33.103  -11.987  -28.312 0.1111111119
78322  -33.846  -10.872  -27.752 0.1111111119
77345  -34.194  -11.220  -29.391 0.1111111119
80514  -35.546  -9.183  -28.718 0.1111111119
80529  -36.393  -9.167  -30.111 0.1111111119
80530  -36.972  -9.301  -30.429 0.1111111119
79466  -37.123  -9.522  -31.642 0.2222222239
82657  -38.438  -6.877  -32.020 0.2222222239
82658  -39.384  -6.866  -32.032 0.2222222239
83742  -39.509  -5.803  -31.857 0.3333333433
85699  -39.557  -3.876  -31.380 0.4444444478
86733  -40.449  -2.995  -31.929 0.3333333433
87752  -40.649  -2.064  -32.296 0.3333333433
88780  -39.766  -0.889  -31.372 0.4444444478
91883  -23.331  3.531  -29.910 0.4444444478
93850  -36.897  4.495  -34.252 0.3333333433
96708  -26.834  7.539  -33.099 0.4444444478
97686  -34.735  8.361  -34.940 0.5555555820
97648  -29.276  8.528  -33.081 0.5555555820
98675  -31.798  9.893  -33.136 0.5555555820
99722  -32.594  10.307  -33.563 0.5555555820
99737  -33.552  10.299  -34.020 0.5555555820
97665  -29.716  9.179  -33.482 0.5555555820
74229  -26.764  -14.676  -27.554 0.4444444478
77361  -30.979  -11.440  -30.678 0.5555555820
78367  -32.496  -10.764  -30.914 0.6666666865
80533  -32.863  -8.779  -30.981 0.6666666865
82661  -35.798  -5.847  -32.274 0.5555555820
82662  -36.115  -5.630  -32.373 0.5555555820
84733  -36.900  -4.746  -31.821 0.4444444478
88781  -40.466  -1.095  -31.960 0.4444444478
76336  -28.316  -13.275  -28.901 0.4444444478
77366  -33.144  -11.457  -31.051 0.3333333433
77362  -31.524  -12.124  -30.648 0.3333333433
74232  -30.624  -14.750  -28.213 0.4444444478
74255  -30.838  -14.335  -29.308 0.4444444478
73096  -30.095  -15.199  -28.412 0.4444444478
73080  -27.443  -15.576  -27.539 0.4444444478
73081  -28.193  -15.608  -27.845 0.4444444478
74238  -28.338  -14.422  -28.375 0.4444444478
73094  -28.743  -15.623  -28.047 0.4444444478
74239  -28.780  -14.908  -28.451 0.4444444478
76337  -28.868  -13.724  -29.177 0.4444444478
75331  -29.263  -14.299  -29.063 0.4444444478
75345  -29.261  -13.793  -29.393 0.4444444478
75346  -29.936  -13.979  -29.508 0.4444444478
74242  -31.141  -14.368  -28.929 0.4444444478
75333  -31.878  -13.574  -28.976 0.4444444478
75355  -31.549  -13.285  -30.102 0.4444444478
75334  -32.269  -13.245  -29.497 0.4444444478
76320  -32.339  -12.826  -28.375 0.1111111119
76339  -32.667  -12.765  -29.099 0.2222222239
78345  -34.160  -10.772  -28.653 0.1111111119
77325  -33.326  -11.583  -27.778 0.1111111119
77364  -33.424  -12.135  -30.827 0.3333333433
77363  -32.525  -11.921  -30.810 0.3333333433
77356  -33.706  -12.169  -30.190 0.2222222239
78375  -34.590  -10.878  -31.246 0.2222222239
79453  -35.494  -9.947  -30.474 0.1111111119
78359  -35.200  -10.253  -30.136 0.1111111119
79454  -36.165  -9.588  -30.785 0.1111111119
78373  -33.265  -10.689  -31.199 0.3333333433
80535  -34.474  -8.999  -31.785 0.4444444478
80537  -36.297  -8.870  -31.963 0.3333333433
80539  -38.214  -8.909  -32.119 0.1111111119
81566  -35.481  -7.831  -31.931 0.4444444478
98657  -31.189  9.332  -32.832 0.5555555820
99723  -33.211  10.056  -33.385 0.5555555820
73095  -29.416  -15.632  -28.129 0.4444444478
73082  -29.683  -15.850  -27.839 0.4444444478
79440  -35.300  -9.725  -29.512 0.1111111119
98673  -30.090  9.760  -33.810 0.5555555820
79455  -36.984  -9.659  -31.032 0.2222222239
70811  -28.707  -16.875  -27.197 0.4444444478
73083  -30.128  -15.648  -27.623 0.4444444478
73072  -30.513  -15.447  -26.514 0.2222222239
73071  -26.912  -15.920  -27.095 0.4444444478
73070  -26.165  -15.658  -26.964 0.4444444478
76321  -32.663  -12.396  -27.859 0.1111111119
75310  -32.043  -13.127  -27.100 0.1111111119
78323  -34.296  -10.366  -27.729 0.1111111119
66565  -28.894  -21.198  -22.224 0.1111111119
68647  -25.880  -19.300  -24.232 0.3333333433
67630  -27.833  -20.268  -23.344 0.2222222239
67606  -28.513  -20.639  -22.605 0.2222222239
68627  -29.026  -19.859  -22.791 0.1111111119
69700  -24.866  -17.736  -24.168 0.3333333433
69688  -25.143  -18.780  -23.958 0.3333333433
68661  -27.467  -19.171  -24.487 0.3333333433
68662  -27.983  -19.310  -24.239 0.3333333433
67631  -28.449  -20.007  -23.065 0.2222222239
69704  -28.254  -18.825  -24.597 0.2222222239
68650  -28.544  -19.408  -23.695 0.2222222239
71892  -24.346  -16.310  -24.678 0.2222222239
70778  -25.068  -17.270  -24.604 0.2222222239
70777  -24.476  -17.236  -24.015 0.2222222239
69701  -25.468  -18.224  -24.393 0.3333333433
68659  -26.119  -18.660  -24.557 0.3333333433
68660  -26.690  -18.916  -24.601 0.3333333433
69689  -28.836  -18.818  -24.180 0.1111111119
71902  -24.623  -15.974  -25.571 0.2222222239
71893  -25.104  -16.744  -25.019 0.3333333433
70789  -25.526  -17.068  -25.156 0.3333333433
71911  -25.888  -16.072  -26.471 0.3333333433
71904  -26.266  -16.760  -25.898 0.3333333433
70779  -25.760  -17.602  -24.915 0.3333333433
70791  -27.029  -17.477  -25.776 0.3333333433
69716  -28.091  -18.308  -25.365 0.3333333433
70793  -29.091  -17.658  -25.563 0.3333333433
69705  -29.006  -18.393  -24.606 0.1111111119
70780  -29.628  -17.979  -24.337 0.2222222239
74194  -24.245  -14.540  -25.039 0.2222222239
73061  -24.227  -15.406  -25.447 0.2222222239
74211  -25.041  -15.147  -26.524 0.3333333433
70801  -26.713  -16.986  -25.971 0.3333333433
70803  -28.306  -17.144  -26.636 0.3333333433
70794  -30.002  -16.823  -25.447 0.1111111119
74210  -24.451  -14.633  -26.292 0.3333333433
74220  -25.584  -14.677  -27.085 0.3333333433
70804  -29.108  -17.050  -26.740 0.3333333433
71915  -29.572  -16.565  -27.060 0.3333333433
71916  -30.052  -16.178  -26.800 0.3333333433
84736  -39.761  -4.748  -31.678 0.2222222239
85725  -40.187  -3.923  -31.795 0.2222222239
84737  -40.588  -4.924  -32.385 0.2222222239
89818  -40.337  0.563  -32.335 0.3333333433
89819  -40.768  -0.073  -32.610 0.2222222239
68648  -26.878  -19.514  -24.329 0.3333333433
68649  -27.600  -19.699  -24.048 0.3333333433
68651  -29.355  -19.209  -23.143 0.1111111119
69715  -27.234  -18.073  -25.492 0.3333333433
69717  -28.627  -18.329  -25.058 0.3333333433
71903  -25.465  -16.405  -25.753 0.3333333433
73069  -25.442  -15.636  -26.541 0.3333333433
71905  -29.637  -16.706  -26.237 0.3333333433
66564  -28.255  -21.691  -22.208 0.1111111119
66540  -28.712  -21.983  -21.911 0.1111111119
68646  -24.739  -19.377  -23.532 0.3333333433
67628  -25.624  -20.263  -23.704 0.3333333433
66588  -27.146  -20.807  -23.221 0.3333333433
67605  -27.734  -20.954  -22.761 0.3333333433
66541  -29.231  -21.754  -21.891 0.1111111119
67607  -29.570  -20.722  -22.186 0.1111111119
69687  -24.561  -18.191  -23.671 0.3333333433
71875  -24.131  -16.734  -23.838 0.2222222239
68628  -29.979  -19.516  -22.550 0.1111111119
71891  -23.758  -15.801  -24.234 0.2222222239
69690  -29.490  -18.574  -23.762 0.1111111119
70781  -30.113  -17.239  -24.627 0.1111111119
75281  -24.284  -13.710  -24.573 0.1111111119
86734  -40.962  -3.030  -32.774 0.2222222239
90883  -40.790  0.962  -33.468 0.2222222239
89826  -41.083  0.256  -33.330 0.2222222239
76297  -24.358  -12.550  -25.555 0.2222222239
80491  -25.013  -8.608  -27.828 0.5555555820
87765  -41.147  -2.132  -33.086 0.2222222239
67584  -29.855  -21.395  -21.860 0.1111111119
67629  -26.764  -20.203  -23.860 0.3333333433
70759  -23.962  -17.328  -23.463 0.2222222239
69702  -26.433  -18.182  -25.027 0.3333333433
69703  -27.361  -18.629  -24.972 0.3333333433
73049  -23.895  -15.338  -24.562 0.2222222239
73062  -24.894  -15.510  -25.992 0.3333333433
70790  -26.237  -17.297  -25.508 0.3333333433
71912  -26.549  -16.442  -26.476 0.3333333433
69714  -26.732  -17.775  -25.464 0.3333333433
70792  -27.852  -17.678  -25.916 0.3333333433
70802  -27.347  -17.073  -26.353 0.3333333433
74193  -23.758  -14.606  -24.233 0.2222222239
71906  -30.259  -16.114  -25.857 0.1111111119
65516  -28.050  -22.361  -21.990 0.1111111119
68626  -24.358  -19.885  -23.134 0.2222222239
66587  -26.332  -20.978  -23.343 0.3333333433
69686  -23.807  -18.219  -23.061 0.2222222239
85726  -40.791  -3.976  -32.535 0.1111111119
84748  -41.209  -5.026  -33.141 0.1111111119
84758  -42.475  -5.020  -34.529 0.1111111119
84749  -41.826  -5.074  -33.841 0.1111111119
86746  -41.861  -3.074  -34.229 0.1111111119
85756  -42.734  -3.822  -35.128 0.1111111119
88791  -40.962  -1.218  -32.706 0.1111111119
86755  -42.419  -3.046  -34.774 0.1111111119
88792  -41.347  -1.300  -33.413 0.1111111119
87774  -42.128  -2.197  -34.453 0.1111111119
92868  -39.118  3.271  -33.271 0.2222222239
89820  -41.153  -0.714  -33.074 0.1111111119
88799  -41.805  -1.295  -34.200 0.1111111119
92876  -38.494  3.771  -34.304 0.1111111119
93852  -38.145  4.069  -34.215 0.2222222239
93862  -37.225  4.182  -35.077 0.1111111119
92888  -38.946  3.026  -35.059 0.1111111119
91941  -37.948  2.670  -36.304 0.1111111119
96710  -28.754  7.659  -32.858 0.4444444478
97646  -27.048  8.587  -33.237 0.4444444478
97647  -28.258  8.692  -33.119 0.4444444478
93874  -35.583  3.908  -35.948 0.1111111119
98674  -30.824  9.689  -33.464 0.4444444478
96743  -34.062  7.008  -36.113 0.3333333433
95775  -34.278  6.731  -35.853 0.2222222239
94848  -34.189  5.123  -36.213 0.1111111119
93873  -34.920  4.282  -36.082 0.1111111119
92899  -34.379  3.122  -36.909 0.1111111119
99721  -31.613  10.352  -33.853 0.4444444478
99720  -30.679  10.304  -34.146 0.4444444478
99753  -31.147  11.082  -35.436 0.4444444478
99736  -32.483  10.711  -34.399 0.4444444478
99754  -32.170  11.054  -35.229 0.4444444478
99755  -33.363  10.826  -35.302 0.4444444478
98702  -34.106  9.885  -35.835 0.4444444478
98716  -33.851  9.247  -36.844 0.4444444478
97697  -34.045  8.235  -36.525 0.2222222239
97711  -33.575  8.130  -37.333 0.2222222239
96757  -33.612  7.198  -36.738 0.2222222239
95802  -33.023  6.051  -37.429 0.2222222239
94847  -33.431  5.050  -36.864 0.2222222239
99817  -31.348  10.112  -41.640 0.1111111119
96791  -31.503  7.616  -40.579 0.1111111119
93888  -32.227  4.016  -38.747 0.1111111119
98655  -27.440  9.627  -33.084 0.4444444478
98656  -28.592  9.766  -33.139 0.4444444478
99719  -29.805  10.462  -34.220 0.3333333433
100748  -31.844  11.665  -35.788 0.4444444478
100766  -32.443  11.825  -36.221 0.4444444478
100767  -33.137  11.382  -36.313 0.4444444478
99770  -33.601  10.458  -36.550 0.4444444478
101757  -31.348  12.385  -36.853 0.3333333433
99782  -33.428  9.986  -37.703 0.3333333433
98739  -33.172  9.157  -38.388 0.1111111119
97724  -33.007  8.108  -38.308 0.1111111119
97723  -32.504  7.622  -38.734 0.1111111119
96771  -33.156  7.163  -37.724 0.2222222239
96778  -32.640  7.080  -38.389 0.1111111119
96777  -32.104  7.087  -39.067 0.1111111119
99710  -28.171  10.502  -32.890 0.2222222239
99733  -29.392  11.114  -35.025 0.3333333433
99752  -30.177  11.298  -35.566 0.3333333433
101742  -31.490  12.060  -36.258 0.3333333433
100780  -32.673  11.829  -36.964 0.4444444478
101785  -32.004  12.302  -38.444 0.2222222239
100791  -32.683  11.703  -37.994 0.2222222239
99795  -33.181  10.007  -38.693 0.2222222239
98748  -32.825  9.232  -39.070 0.1111111119
101784  -31.141  12.598  -38.761 0.1111111119
100803  -32.424  11.316  -39.383 0.1111111119
98747  -32.349  9.228  -39.843 0.1111111119
100802  -31.804  11.936  -39.705 0.1111111119
99804  -32.281  10.167  -40.194 0.1111111119
99718  -29.038  10.774  -33.857 0.3333333433
101735  -28.783  11.816  -34.623 0.3333333433
100745  -29.219  11.817  -35.734 0.3333333433
100746  -29.980  11.924  -36.179 0.3333333433
101741  -30.798  12.165  -36.387 0.3333333433
101756  -30.421  12.539  -36.903 0.2222222239
101772  -31.206  12.626  -37.718 0.2222222239
101783  -30.366  12.811  -39.290 0.1111111119
101796  -30.478  12.819  -40.377 0.1111111119
100823  -31.572  10.588  -41.210 0.1111111119
101822  -30.597  12.201  -42.137 0.1111111119
101726  -29.625  12.512  -32.816 0.1111111119
101732  -30.079  12.449  -33.663 0.1111111119
101736  -29.204  12.288  -34.946 0.2222222239
102744  -29.647  13.233  -35.572 0.2222222239
101740  -29.480  12.617  -36.019 0.3333333433
102753  -29.484  13.417  -36.509 0.2222222239
100765  -29.892  12.427  -36.548 0.3333333433
102762  -29.371  13.430  -37.514 0.1111111119
103737  -29.000  14.108  -37.910 0.1111111119
102772  -29.134  13.506  -38.436 0.1111111119
102786  -29.222  13.681  -39.423 0.1111111119
102802  -29.932  13.185  -40.942 0.1111111119
101808  -31.113  12.349  -41.012 0.1111111119
99816  -30.999  10.258  -42.579 0.1111111119
98757  -31.250  9.249  -42.157 0.1111111119
102736  -30.299  13.545  -33.009 0.1111111119
102741  -30.307  12.899  -34.154 0.1111111119
103709  -30.189  14.083  -33.737 0.1111111119
104680  -28.855  15.469  -35.515 0.1111111119
103724  -29.318  14.178  -36.979 0.2222222239
104687  -28.677  15.590  -36.709 0.1111111119
103723  -28.916  14.838  -37.370 0.1111111119
105613  -28.272  16.424  -37.131 0.1111111119
103736  -28.612  14.787  -38.313 0.1111111119
104714  -28.147  15.513  -38.729 0.1111111119
103761  -28.772  14.335  -39.873 0.1111111119
103704  -30.155  14.322  -32.641 0.1111111119
104672  -30.039  15.395  -33.079 0.1111111119
104676  -28.980  16.059  -34.791 0.1111111119
105592  -28.595  16.774  -35.020 0.1111111119
106485  -28.012  17.489  -35.543 0.1111111119
106495  -27.798  17.260  -36.536 0.1111111119
105583  -29.745  16.672  -33.453 0.1111111119
105568  -29.934  17.284  -32.984 0.1111111119
106459  -29.175  17.652  -33.819 0.1111111119
85739  -41.746  -4.046  -34.084 0.1111111119
85749  -42.304  -3.933  -34.608 0.1111111119
84765  -43.297  -4.566  -35.308 0.1111111119
90894  -41.450  0.413  -34.340 0.1111111119
89827  -41.382  -0.332  -33.685 0.1111111119
91932  -40.510  1.812  -34.158 0.1111111119
92902  -37.317  3.073  -36.245 0.1111111119
98703  -34.458  9.186  -35.287 0.4444444478
96758  -34.167  7.607  -36.176 0.3333333433
95788  -33.918  6.163  -36.294 0.2222222239
93880  -33.223  4.031  -37.340 0.1111111119
91953  -35.057  2.224  -37.200 0.1111111119
99735  -31.421  10.648  -34.703 0.4444444478
95808  -32.282  6.018  -38.495 0.2222222239
97729  -32.838  8.681  -38.746 0.1111111119
97728  -32.346  8.215  -39.245 0.1111111119
95816  -31.685  6.224  -39.837 0.1111111119
100747  -30.883  11.666  -35.964 0.3333333433
99813  -31.680  10.065  -40.894 0.1111111119
103716  -29.275  14.241  -35.864 0.2222222239
104677  -29.393  15.353  -34.317 0.1111111119
105602  -28.346  16.477  -36.051 0.1111111119
105627  -28.037  16.344  -38.169 0.1111111119
106458  -28.629  18.282  -34.006 0.1111111119
106445  -29.519  17.946  -33.053 0.1111111119
84751  -44.586  -5.082  -34.221 0.1111111119
83757  -43.525  -5.360  -35.068 0.1111111119
90882  -40.359  1.593  -33.223 0.2222222239
92901  -36.510  3.016  -36.435 0.1111111119
97664  -29.051  9.193  -33.266 0.4444444478
99734  -30.406  10.766  -34.892 0.4444444478
100781  -33.219  11.104  -37.320 0.4444444478
100792  -33.078  10.830  -38.362 0.2222222239
103705  -30.099  14.785  -32.097 0.1111111119
105584  -30.161  16.202  -33.039 0.1111111119
105593  -29.118  16.669  -34.315 0.1111111119
106475  -28.782  17.470  -34.384 0.1111111119
83756  -44.137  -5.652  -34.732 0.1111111119
83751  -41.937  -6.086  -33.539 0.1111111119
83755  -43.307  -5.969  -34.740 0.1111111119
85741  -44.452  -4.230  -33.750 0.1111111119
84750  -44.274  -5.347  -33.389 0.1111111119
86765  -44.736  -3.131  -34.850 0.1111111119
86763  -42.875  -3.029  -35.326 0.1111111119
88817  -43.652  -1.477  -35.624 0.1111111119
88808  -42.399  -1.410  -34.891 0.1111111119
90893  -41.149  1.257  -34.744 0.1111111119
89834  -42.153  -0.409  -34.929 0.1111111119
91944  -40.544  1.983  -35.195 0.1111111119
91958  -40.418  1.969  -36.241 0.1111111119
91956  -38.482  1.956  -36.965 0.1111111119
91955  -37.277  2.154  -36.796 0.1111111119
92907  -33.740  2.628  -37.395 0.1111111119
98654  -26.003  9.585  -33.110 0.4444444478
91974  -32.974  2.013  -38.929 0.1111111119
93894  -32.160  4.194  -39.583 0.1111111119
99709  -26.891  10.577  -32.460 0.2222222239
100729  -28.671  11.307  -33.399 0.2222222239
95822  -31.862  5.966  -40.935 0.1111111119
100721  -27.678  11.704  -31.745 0.1111111119
101730  -28.701  11.919  -34.095 0.2222222239
96794  -31.674  7.395  -42.167 0.1111111119
96798  -31.781  7.957  -42.736 0.1111111119
101721  -28.480  12.480  -31.720 0.1111111119
101716  -28.190  12.861  -30.386 0.1111111119
102728  -29.505  13.458  -31.440 0.1111111119
103693  -30.034  14.116  -31.839 0.1111111119
100827  -30.830  11.420  -42.981 0.1111111119
103682  -30.087  14.106  -31.094 0.1111111119
103683  -30.508  14.600  -30.460 0.1111111119
105640  -27.848  16.362  -39.218 0.1111111119
104737  -28.020  15.804  -40.850 0.1111111119
103786  -29.049  14.789  -41.901 0.1111111119
103790  -29.483  14.491  -42.762 0.1111111119
104660  -30.539  15.564  -32.213 0.1111111119
105569  -30.375  16.742  -32.659 0.1111111119
107357  -27.819  18.492  -35.136 0.1111111119
107364  -26.986  19.006  -36.602 0.1111111119
91923  -39.978  2.283  -33.429 0.1111111119
86745  -41.370  -3.072  -33.574 0.1111111119
93863  -37.763  3.998  -34.960 0.2222222239
98672  -29.367  9.843  -33.651 0.4444444478
87766  -41.552  -2.171  -33.839 0.1111111119
85763  -43.694  -3.577  -35.476 0.1111111119
87783  -42.628  -2.241  -35.095 0.1111111119
91931  -39.980  2.457  -34.580 0.1111111119
91942  -38.755  2.684  -36.017 0.1111111119
91943  -39.688  2.515  -35.539 0.1111111119
91954  -36.106  2.118  -36.928 0.1111111119
93872  -33.876  4.129  -36.680 0.1111111119
91952  -34.204  2.175  -37.357 0.1111111119
98726  -33.463  8.925  -37.732 0.2222222239
95801  -32.591  5.433  -37.963 0.2222222239
93879  -32.685  3.942  -38.032 0.1111111119
97739  -31.419  8.315  -41.465 0.1111111119
100822  -31.361  11.239  -41.639 0.1111111119
95815  -31.524  6.837  -40.245 0.1111111119
97736  -31.723  8.347  -40.422 0.1111111119
96790  -31.464  7.372  -41.119 0.1111111119
95821  -31.578  6.694  -40.685 0.1111111119
92914  -32.522  3.318  -39.004 0.1111111119
92905  -32.651  3.102  -38.432 0.1111111119
94864  -31.735  4.994  -39.149 0.2222222239
101773  -32.089  12.341  -37.413 0.3333333433
99751  -29.604  11.506  -35.660 0.3333333433
100804  -32.961  10.599  -38.989 0.2222222239
99805  -32.819  10.110  -39.432 0.1111111119
100813  -31.682  11.729  -40.380 0.1111111119
99732  -28.967  11.237  -34.594 0.3333333433
100735  -28.794  11.463  -34.314 0.3333333433
100764  -29.621  12.322  -36.271 0.3333333433
101755  -29.754  12.849  -36.925 0.2222222239
101771  -30.125  12.765  -38.027 0.1111111119
102773  -29.601  13.106  -38.860 0.1111111119
101807  -30.371  12.694  -41.292 0.1111111119
102817  -29.698  13.431  -41.420 0.1111111119
102816  -29.578  13.721  -42.081 0.1111111119
101725  -28.772  11.933  -33.052 0.1111111119
101722  -29.415  12.937  -32.076 0.1111111119
101731  -29.278  12.230  -33.856 0.1111111119
101737  -29.816  12.504  -34.334 0.1111111119
102740  -30.028  12.977  -34.838 0.1111111119
102763  -29.456  13.063  -38.095 0.1111111119
103749  -28.766  14.126  -38.857 0.1111111119
102787  -29.859  13.306  -39.908 0.1111111119
102801  -29.446  13.946  -40.752 0.1111111119
102737  -30.351  13.092  -33.520 0.1111111119
102733  -30.234  12.952  -32.925 0.1111111119
102732  -30.021  13.338  -32.329 0.1111111119
103712  -29.730  14.001  -34.841 0.1111111119
104681  -29.248  14.736  -35.113 0.1111111119
104701  -28.498  15.569  -37.738 0.1111111119
105612  -27.739  17.190  -37.612 0.1111111119
103748  -28.271  14.774  -39.287 0.1111111119
104727  -27.894  15.573  -39.773 0.1111111119
103760  -28.169  14.917  -40.321 0.1111111119
104673  -30.333  15.976  -32.791 0.1111111119
106474  -28.377  17.926  -34.735 0.1111111119
106494  -27.303  18.049  -37.080 0.1111111119
84761  -44.503  -4.225  -35.165 0.1111111119
92906  -33.129  2.933  -37.761 0.1111111119
94870  -31.837  5.141  -40.136 0.1111111119
105626  -27.687  17.176  -38.690 0.1111111119
107342  -28.147  18.914  -34.259 0.1111111119
85750  -44.740  -4.012  -34.520 0.1111111119
103694  -30.386  14.759  -31.459 0.1111111119
91957  -39.496  2.168  -36.617 0.1111111119
91963  -32.797  2.108  -38.270 0.1111111119
93895  -32.925  4.414  -39.957 0.1111111119
95826  -32.249  6.582  -41.736 0.1111111119
101720  -27.651  12.033  -31.419 0.1111111119
105654  -27.871  16.540  -40.286 0.1111111119
103773  -28.769  14.629  -40.794 0.1111111119
106484  -27.377  18.164  -36.004 0.1111111119
106504  -27.359  18.018  -38.203 0.1111111119
66586  -25.389  -21.077  -23.332 0.2222222239
81504  -24.214  -7.753  -26.922 0.2222222239
82573  -24.125  -6.814  -27.351 0.2222222239
78320  -24.624  -10.709  -26.752 0.3333333433
81529  -24.573  -7.691  -27.606 0.4444444478
96693  -25.683  7.606  -31.994 0.2222222239
98646  -25.555  9.944  -32.092 0.1111111119
99708  -25.991  10.340  -32.426 0.1111111119
93795  -22.755  4.737  -30.331 0.2222222239
92805  -22.891  3.908  -29.237 0.1111111119
79416  -24.715  -9.160  -27.383 0.2222222239
93753  -22.539  4.748  -29.040 0.1111111119
95716  -24.042  6.427  -30.229 0.1111111119
95717  -24.920  7.052  -30.645 0.1111111119
97633  -25.450  8.502  -31.768 0.1111111119
96707  -26.158  7.539  -32.659 0.2222222239
79393  -24.538  -9.661  -26.818 0.2222222239
85629  -22.478  -3.178  -26.305 0.1111111119
97645  -26.117  8.526  -33.098 0.3333333433
98671  -25.833  9.101  -33.144 0.3333333433
80490  -24.505  -8.595  -27.173 0.2222222239
96682  -25.322  7.779  -31.149 0.1111111119
97644  -25.749  8.463  -32.583 0.1111111119
98641  -25.483  9.259  -31.592 0.1111111119
98645  -25.434  9.171  -32.446 0.1111111119
97617  -25.592  8.349  -29.929 0.1111111119
97624  -25.578  8.715  -30.648 0.1111111119
66562  -26.001  -21.784  -22.963 0.1111111119
65515  -27.472  -22.318  -22.188 0.1111111119
66560  -24.216  -21.378  -22.648 0.1111111119
67604  -24.258  -20.418  -22.881 0.1111111119
67627  -24.781  -20.372  -23.384 0.1111111119
68645  -24.170  -18.774  -23.212 0.1111111119
77295  -24.527  -11.499  -25.425 0.1111111119
82572  -23.916  -6.894  -26.571 0.1111111119
88707  -20.595  0.909  -26.338 0.2222222239
89737  -21.562  1.572  -27.495 0.2222222239
89736  -20.978  1.909  -26.692 0.2222222239
90769  -21.024  2.726  -26.550 0.2222222239
83659  -23.458  -5.746  -27.216 0.1111111119
65511  -23.903  -21.947  -22.355 0.1111111119
66561  -25.018  -21.821  -23.038 0.1111111119
65514  -26.592  -22.457  -22.415 0.1111111119
66563  -27.062  -21.554  -22.700 0.1111111119
66559  -23.603  -21.362  -22.110 0.1111111119
68625  -23.851  -19.360  -22.643 0.1111111119
69670  -23.656  -18.334  -22.433 0.1111111119
70758  -23.618  -17.408  -22.914 0.1111111119
76281  -24.575  -12.471  -24.807 0.1111111119
78279  -24.703  -10.543  -25.284 0.1111111119
80468  -24.439  -8.634  -26.389 0.1111111119
88698  -19.502  1.247  -25.199 0.2222222239
91824  -21.943  3.509  -26.889 0.2222222239
92764  -22.427  3.535  -27.618 0.1111111119
65513  -25.622  -22.636  -22.604 0.1111111119
91826  -22.156  2.888  -27.606 0.2222222239
71874  -23.842  -16.315  -23.614 0.1111111119
73048  -23.648  -15.379  -23.996 0.1111111119
66585  -24.681  -21.050  -23.156 0.1111111119
78301  -24.480  -10.587  -26.057 0.1111111119
65512  -24.492  -22.529  -22.470 0.1111111119
67603  -23.744  -20.484  -22.373 0.1111111119
77273  -24.811  -11.392  -24.818 0.1111111119
90768  -20.712  3.365  -25.668 0.1111111119
76265  -24.885  -12.336  -24.504 0.1111111119
92762  -22.424  3.967  -26.912 0.1111111119
93730  -22.746  4.613  -28.204 0.1111111119
94761  -22.670  5.474  -29.544 0.1111111119
87649  -20.162  -0.323  -25.021 0.1111111119
94738  -22.424  5.689  -28.589 0.1111111119
95715  -23.267  6.208  -29.618 0.1111111119
70760  -29.788  -18.128  -23.881 0.1111111119
70812  -29.127  -16.698  -27.359 0.3333333433
71914  -28.328  -16.737  -27.204 0.4444444478
71923  -28.625  -16.291  -27.684 0.4444444478
71925  -29.827  -16.182  -27.315 0.4444444478
71935  -28.975  -15.939  -27.998 0.4444444478
73079  -26.707  -15.412  -27.322 0.4444444478
74231  -28.432  -15.233  -28.066 0.4444444478
74254  -30.579  -14.252  -29.437 0.4444444478
75320  -32.263  -12.837  -27.441 0.1111111119
75348  -31.987  -13.410  -29.881 0.4444444478
76319  -27.010  -13.326  -27.843 0.5555555820
76352  -33.106  -12.792  -30.202 0.3333333433
76358  -31.599  -12.896  -30.426 0.3333333433
77368  -34.188  -11.247  -31.252 0.2222222239
78369  -35.138  -10.544  -30.658 0.1111111119
78376  -35.046  -10.771  -31.088 0.2222222239
81563  -32.923  -7.813  -31.160 0.8888888955
82649  -29.192  -5.654  -31.131 1.0000000000
83715  -27.005  -5.513  -30.626 1.0000000000
83718  -30.633  -5.892  -30.718 1.0000000000
83737  -34.722  -5.513  -31.821 0.6666666865
83739  -36.654  -5.597  -32.172 0.4444444478
83748  -35.711  -5.136  -32.272 0.5555555820
83749  -36.089  -5.029  -32.349 0.6666666865
83750  -41.179  -6.028  -32.968 0.1111111119
83754  -42.604  -6.065  -34.144 0.1111111119
83758  -43.922  -5.009  -35.161 0.1111111119
84710  -27.023  -4.753  -30.853 1.0000000000
84711  -38.873  -4.057  -31.137 0.4444444478
84712  -39.180  -4.165  -31.253 0.4444444478
84730  -34.068  -4.516  -31.643 0.8888888955
84732  -35.396  -4.692  -31.956 0.6666666865
84747  -36.294  -4.578  -32.096 0.6666666865
84759  -42.994  -5.203  -35.081 0.1111111119
84760  -44.485  -4.697  -34.912 0.1111111119
84764  -42.725  -4.544  -34.966 0.1111111119
84766  -44.028  -4.397  -35.335 0.1111111119
84767  -44.296  -3.986  -35.321 0.1111111119
84768  -43.604  -4.051  -35.419 0.1111111119
84769  -43.933  -3.930  -35.435 0.1111111119
84770  -44.136  -3.796  -35.424 0.1111111119
85695  -25.792  -3.574  -30.577 0.8888888955
85698  -38.969  -3.555  -30.988 0.4444444478
85711  -27.112  -3.706  -31.226 0.8888888955
85721  -36.225  -3.255  -31.529 0.6666666865
85723  -38.068  -3.606  -30.902 0.5555555820
85735  -35.484  -3.633  -31.756 0.7777777910
85738  -41.278  -4.030  -33.339 0.1111111119
85751  -44.822  -4.138  -34.981 0.1111111119
85757  -43.224  -3.697  -35.436 0.1111111119
85758  -44.874  -3.702  -34.900 0.1111111119
85759  -44.687  -3.812  -35.154 0.1111111119
85764  -44.106  -3.551  -35.437 0.1111111119
85765  -44.398  -3.641  -35.311 0.1111111119
86704  -38.701  -2.461  -30.700 0.5555555820
86706  -39.699  -3.065  -31.287 0.4444444478
86729  -35.231  -2.932  -31.773 0.7777777910
86743  -35.620  -3.066  -31.680 0.7777777910
86748  -43.991  -3.574  -33.513 0.1111111119
86764  -43.474  -3.039  -35.519 0.1111111119
86766  -44.947  -3.348  -34.899 0.1111111119
86771  -43.960  -3.158  -35.503 0.1111111119
86772  -44.447  -3.167  -35.274 0.1111111119
86773  -44.630  -3.501  -35.193 0.1111111119
87722  -39.163  -2.170  -30.846 0.5555555820
87723  -39.469  -2.469  -31.081 0.5555555820
87749  -38.017  -1.629  -30.642 0.6666666865
87759  -27.879  -0.657  -31.775 1.0000000000
87761  -28.858  -0.925  -31.648 1.0000000000
87763  -35.438  -2.621  -31.683 0.7777777910
87784  -43.238  -2.294  -35.504 0.1111111119
88741  -22.971  0.269  -28.572 0.5555555820
88772  -31.854  -0.603  -31.234 0.8888888955
88789  -28.660  -0.162  -31.709 1.0000000000
89723  -20.221  2.147  -25.919 0.1111111119
89753  -22.966  1.511  -28.769 0.4444444478
89793  -25.902  0.560  -31.793 1.0000000000
89795  -29.635  0.576  -31.570 1.0000000000
89806  -40.267  -0.435  -31.833 0.5555555820
89816  -28.462  0.592  -31.826 1.0000000000
89835  -42.615  -0.921  -35.344 0.1111111119
90759  -20.637  3.206  -24.485 0.1111111119
90784  -21.552  2.397  -27.224 0.3333333433
90801  -22.870  2.099  -28.764 0.4444444478
90824  -23.773  1.825  -29.471 0.5555555820
90849  -25.275  1.581  -31.767 0.7777777910
90872  -28.292  1.483  -32.020 0.8888888955
90875  -40.511  0.706  -32.718 0.3333333433
90884  -41.210  0.351  -33.685 0.1111111119
91825  -21.800  3.128  -27.082 0.2222222239
91866  -23.283  3.013  -29.339 0.6666666865
91893  -28.498  2.349  -31.971 0.8888888955
91894  -28.996  2.492  -31.645 0.8888888955
91904  -38.660  1.754  -31.509 0.5555555820
91911  -25.571  2.618  -32.132 0.7777777910
91915  -37.546  3.206  -31.964 0.5555555820
91924  -40.429  1.688  -33.566 0.2222222239
91962  -32.744  2.591  -38.741 0.1111111119
91973  -32.851  2.754  -39.128 0.1111111119
91984  -33.458  2.501  -39.367 0.1111111119
92763  -22.296  3.550  -27.323 0.1111111119
92782  -22.694  3.749  -28.231 0.1111111119
92783  -22.759  3.907  -28.555 0.1111111119
92821  -22.884  3.918  -29.931 0.4444444478
92822  -23.337  3.993  -30.402 0.5555555820
92837  -32.396  3.395  -30.281 0.7777777910
92840  -35.663  3.307  -31.530 0.6666666865
92855  -29.153  4.292  -31.653 0.6666666865
92856  -36.312  3.747  -31.898 0.6666666865
92866  -37.618  4.037  -32.760 0.4444444478
92875  -38.028  3.913  -34.799 0.2222222239
92877  -39.410  3.019  -34.261 0.1111111119
92885  -36.051  3.662  -35.978 0.1111111119
92886  -36.824  3.687  -35.768 0.1111111119
92887  -37.928  3.474  -35.419 0.2222222239
92889  -39.494  2.752  -34.859 0.1111111119
92898  -33.651  3.361  -37.236 0.1111111119
92900  -35.493  3.191  -36.507 0.1111111119
93711  -22.768  4.072  -27.675 0.1111111119
93712  -22.770  4.361  -27.863 0.1111111119
93728  -22.463  3.955  -27.251 0.1111111119
93729  -22.734  3.722  -27.804 0.1111111119
93821  -24.824  4.507  -31.872 0.4444444478
93831  -37.089  4.240  -32.803 0.4444444478
93842  -38.096  4.144  -33.926 0.2222222239
93851  -37.791  4.176  -34.400 0.2222222239
93897  -32.318  4.732  -40.203 0.1111111119
94779  -23.146  5.671  -30.431 0.3333333433
94792  -29.878  5.765  -31.693 0.6666666865
94795  -32.705  5.447  -30.587 0.6666666865
94805  -26.210  5.716  -32.432 0.5555555820
94811  -35.683  5.575  -32.656 0.5555555820
94820  -26.585  6.051  -32.567 0.5555555820
94837  -35.271  5.144  -35.056 0.2222222239
94855  -32.274  4.850  -38.294 0.2222222239
94856  -32.813  4.879  -37.616 0.2222222239
94875  -32.381  5.296  -40.644 0.1111111119
95748  -29.835  7.227  -32.181 0.6666666865
95749  -34.838  6.268  -32.034 0.5555555820
95758  -26.571  6.297  -32.598 0.5555555820
95760  -35.574  5.973  -32.927 0.5555555820
95809  -32.793  6.557  -38.019 0.2222222239
95825  -31.671  6.737  -41.386 0.1111111119
96744  -34.482  7.395  -35.570 0.3333333433
96783  -31.466  7.159  -40.515 0.1111111119
96784  -31.659  7.359  -39.949 0.1111111119
97651  -32.239  8.766  -31.905 0.6666666865
97662  -25.789  8.759  -33.000 0.3333333433
97663  -25.891  8.864  -33.192 0.3333333433
97667  -33.870  8.862  -32.492 0.6666666865
97698  -34.421  8.293  -35.788 0.3333333433
97735  -31.447  7.897  -40.900 0.1111111119
97740  -31.571  8.813  -40.933 0.1111111119
97743  -31.479  8.398  -42.542 0.1111111119
98653  -25.639  9.083  -32.922 0.3333333433
98670  -25.676  8.937  -33.082 0.3333333433
98676  -32.738  9.829  -32.951 0.5555555820
98678  -34.401  8.944  -33.550 0.5555555820
98688  -34.024  9.840  -33.852 0.5555555820
98717  -34.311  8.993  -36.104 0.2222222239
98754  -31.859  9.316  -40.599 0.1111111119
98758  -31.473  9.302  -41.279 0.1111111119
99756  -34.131  10.032  -34.784 0.5555555820
100736  -28.883  11.580  -34.959 0.3333333433
100749  -32.662  11.455  -35.708 0.4444444478
100814  -31.871  10.872  -40.629 0.1111111119
101727  -30.206  12.642  -33.204 0.1111111119
101743  -31.987  12.010  -36.165 0.4444444478
101758  -32.050  12.177  -36.607 0.3333333433
101770  -29.603  12.985  -37.647 0.1111111119
101797  -31.261  12.446  -39.838 0.1111111119
101798  -31.768  12.175  -39.231 0.1111111119
101820  -29.667  13.247  -42.222 0.1111111119
101821  -29.819  12.929  -41.949 0.1111111119
103710  -30.326  13.368  -33.948 0.1111111119
103713  -30.210  13.461  -34.340 0.1111111119
103715  -28.993  14.836  -36.490 0.1111111119
104659  -30.090  15.033  -32.483 0.1111111119
