#!ascii label  , from subject 3519 vox2ras=TkReg
736
48146  23.609  -41.961  52.852 0.0000000000
74800  40.749  -17.259  33.570 0.0000000000
72688  47.268  -19.918  29.627 0.0000000000
63279  44.344  -27.059  41.226 0.0000000000
55380  28.477  -35.055  46.620 0.0000000000
49239  23.462  -40.940  49.437 0.0000000000
72625  45.466  -19.490  33.496 0.0000000000
73617  48.036  -17.886  37.362 0.0000000000
60777  40.866  -29.630  43.077 0.0000000000
54369  33.619  -35.619  46.848 0.0000000000
77137  44.809  -15.677  21.918 0.0000000000
72742  41.986  -19.836  26.438 0.0000000000
68345  41.353  -23.562  37.856 0.0000000000
74710  43.113  -18.325  39.679 0.0000000000
52253  25.492  -38.099  50.985 0.0000000000
48164  24.171  -42.392  51.622 0.0000000000
72611  43.093  -19.115  34.556 0.0000000000
74789  47.430  -17.763  35.131 0.0000000000
74779  43.774  -17.387  36.503 0.0000000000
55480  39.933  -34.511  41.890 0.0000000000
53328  29.333  -36.561  48.607 0.0000000000
55390  30.867  -34.794  46.563 0.0000000000
52313  31.365  -37.218  47.472 0.0000000000
77117  44.689  -15.521  23.899 0.0000000000
76061  43.031  -16.767  21.166 0.0000000000
74936  41.915  -17.401  23.097 0.0000000000
72691  44.866  -19.546  29.870 0.0000000000
72724  42.543  -19.443  27.888 0.0000000000
71643  43.558  -20.562  27.455 0.0000000000
70586  45.056  -21.329  26.192 0.0000000000
70544  47.323  -21.268  28.091 0.0000000000
62007  43.126  -28.205  42.157 0.0000000000
64587  41.126  -26.575  40.331 0.0000000000
67071  42.651  -24.436  41.417 0.0000000000
71501  42.185  -20.471  38.655 0.0000000000
69397  44.357  -22.353  41.529 0.0000000000
70431  45.566  -21.243  40.616 0.0000000000
65868  44.963  -25.204  39.483 0.0000000000
53298  27.183  -37.048  50.038 0.0000000000
72662  43.628  -20.174  31.470 0.0000000000
72659  46.876  -19.074  31.552 0.0000000000
73677  48.117  -18.410  33.353 0.0000000000
72593  49.278  -19.236  35.514 0.0000000000
56435  37.802  -33.420  44.488 0.0000000000
57495  39.976  -32.798  44.141 0.0000000000
57527  42.162  -31.974  41.856 0.0000000000
59755  42.671  -30.407  39.721 0.0000000000
62052  42.762  -28.527  38.589 0.0000000000
56451  35.596  -33.740  43.708 0.0000000000
54389  36.195  -35.601  45.596 0.0000000000
77165  45.929  -15.700  19.486 0.0000000000
74920  42.341  -17.808  25.183 0.0000000000
72779  41.508  -19.671  24.331 0.0000000000
70623  45.155  -21.295  24.238 0.0000000000
76975  41.766  -16.139  36.875 0.0000000000
74727  44.941  -17.645  39.322 0.0000000000
71508  46.245  -20.346  37.609 0.0000000000
44667  23.399  -44.768  52.780 0.0000000000
47086  24.057  -42.551  52.450 0.0000000000
44678  23.503  -44.500  51.390 0.0000000000
73662  41.731  -18.151  34.298 0.0000000000
73660  43.666  -18.580  35.241 0.0000000000
74790  42.290  -17.397  35.433 0.0000000000
53327  30.047  -36.536  48.352 0.0000000000
77106  44.698  -15.549  24.885 0.0000000000
76031  43.222  -16.342  23.436 0.0000000000
76021  43.259  -16.379  24.479 0.0000000000
72690  45.926  -19.480  29.720 0.0000000000
72706  45.119  -19.918  29.149 0.0000000000
71623  45.717  -20.340  28.498 0.0000000000
71641  45.953  -20.819  27.475 0.0000000000
62020  43.851  -28.113  41.495 0.0000000000
65821  42.803  -25.958  42.101 0.0000000000
65819  43.828  -25.197  41.858 0.0000000000
68270  43.374  -23.345  41.543 0.0000000000
65818  44.262  -24.829  41.662 0.0000000000
67067  45.038  -23.718  41.246 0.0000000000
65852  45.061  -25.375  40.643 0.0000000000
53299  26.265  -36.782  50.265 0.0000000000
50255  26.025  -39.055  50.071 0.0000000000
51240  26.496  -38.594  49.444 0.0000000000
71566  44.213  -20.219  33.137 0.0000000000
71582  43.495  -20.396  32.082 0.0000000000
72661  44.482  -19.936  31.758 0.0000000000
72660  45.702  -19.312  31.563 0.0000000000
72643  46.583  -18.984  32.443 0.0000000000
73709  47.696  -19.057  32.020 0.0000000000
73678  47.200  -18.446  33.313 0.0000000000
74762  47.741  -17.400  36.564 0.0000000000
74787  48.562  -18.125  35.180 0.0000000000
73626  48.736  -18.244  36.075 0.0000000000
71544  49.003  -20.372  35.310 0.0000000000
72581  48.288  -19.308  37.152 0.0000000000
55399  38.587  -34.378  44.628 0.0000000000
57497  38.803  -32.889  44.341 0.0000000000
55418  39.142  -34.306  44.427 0.0000000000
56485  40.758  -33.589  41.537 0.0000000000
58642  42.558  -31.605  41.163 0.0000000000
55389  32.063  -35.176  46.756 0.0000000000
55422  33.625  -34.484  45.239 0.0000000000
55421  34.543  -34.566  45.346 0.0000000000
56427  35.771  -34.502  45.398 0.0000000000
55386  34.831  -35.370  46.192 0.0000000000
77127  45.535  -15.277  22.647 0.0000000000
77150  45.746  -15.505  20.604 0.0000000000
73827  41.942  -18.824  21.591 0.0000000000
72741  42.324  -19.753  27.052 0.0000000000
74888  42.563  -17.766  27.480 0.0000000000
73786  42.388  -18.370  26.607 0.0000000000
74906  42.571  -17.684  26.336 0.0000000000
73801  42.310  -18.396  25.857 0.0000000000
74921  41.843  -18.213  24.353 0.0000000000
72769  41.535  -19.812  25.149 0.0000000000
70584  46.866  -21.435  26.207 0.0000000000
70607  45.612  -21.408  25.216 0.0000000000
60778  40.090  -29.965  43.101 0.0000000000
62021  40.301  -28.647  41.568 0.0000000000
67112  41.627  -24.612  39.606 0.0000000000
65887  40.141  -25.682  38.378 0.0000000000
72560  42.624  -19.744  39.619 0.0000000000
73618  41.281  -18.970  37.795 0.0000000000
73609  41.300  -17.762  37.982 0.0000000000
75895  40.318  -16.127  36.800 0.0000000000
75876  42.043  -16.721  38.214 0.0000000000
75883  43.342  -16.730  38.194 0.0000000000
74708  43.992  -18.063  39.981 0.0000000000
69421  45.277  -22.390  39.295 0.0000000000
71492  45.912  -20.118  39.961 0.0000000000
70443  45.491  -21.388  38.425 0.0000000000
70462  45.739  -21.149  36.325 0.0000000000
49210  25.083  -40.481  51.713 0.0000000000
48175  23.799  -41.995  50.883 0.0000000000
44700  23.618  -44.294  48.916 0.0000000000
45914  23.057  -43.948  50.314 0.0000000000
72609  45.164  -19.210  34.376 0.0000000000
73657  46.750  -18.276  34.305 0.0000000000
73659  44.781  -18.622  35.132 0.0000000000
74777  46.173  -17.536  36.288 0.0000000000
74764  45.770  -17.293  37.153 0.0000000000
54353  29.172  -35.200  47.894 0.0000000000
55391  29.870  -34.539  46.448 0.0000000000
54352  30.198  -35.447  47.844 0.0000000000
54351  31.174  -35.726  47.587 0.0000000000
53345  32.876  -36.341  47.481 0.0000000000
52310  34.049  -36.471  46.966 0.0000000000
52334  32.113  -37.524  46.901 0.0000000000
77128  44.727  -15.552  22.900 0.0000000000
76050  44.110  -16.119  21.262 0.0000000000
76041  43.250  -16.314  22.434 0.0000000000
76042  42.478  -16.782  22.702 0.0000000000
74937  41.630  -18.057  22.648 0.0000000000
72692  43.675  -19.634  29.853 0.0000000000
72707  44.019  -19.935  29.134 0.0000000000
71625  43.343  -20.102  28.311 0.0000000000
70588  43.376  -21.224  25.977 0.0000000000
71662  44.455  -21.201  26.558 0.0000000000
70564  46.327  -21.180  26.879 0.0000000000
62009  41.572  -28.618  42.790 0.0000000000
63273  41.299  -27.936  42.291 0.0000000000
63272  41.899  -27.418  42.398 0.0000000000
65853  41.736  -25.561  40.525 0.0000000000
68314  41.960  -23.648  39.969 0.0000000000
70455  41.696  -21.672  37.704 0.0000000000
69411  42.544  -22.440  40.367 0.0000000000
70432  42.971  -21.396  40.614 0.0000000000
71482  43.760  -20.733  41.348 0.0000000000
72542  44.178  -19.483  40.992 0.0000000000
70424  44.644  -21.328  41.485 0.0000000000
68312  45.380  -23.171  40.141 0.0000000000
67127  44.721  -24.401  38.514 0.0000000000
54328  25.745  -36.016  48.965 0.0000000000
54327  26.589  -35.889  49.065 0.0000000000
54326  27.557  -35.901  49.097 0.0000000000
52278  27.914  -37.340  49.206 0.0000000000
51254  27.265  -38.038  48.771 0.0000000000
72675  44.647  -19.491  30.704 0.0000000000
72674  45.815  -19.217  30.614 0.0000000000
72673  46.849  -19.258  30.498 0.0000000000
72658  47.833  -19.240  31.424 0.0000000000
72641  48.734  -19.569  32.282 0.0000000000
72622  49.404  -19.613  33.278 0.0000000000
73656  47.752  -18.105  34.253 0.0000000000
73654  49.273  -18.869  34.220 0.0000000000
57515  36.998  -32.402  42.972 0.0000000000
58616  38.147  -31.909  43.426 0.0000000000
58614  39.698  -31.537  43.753 0.0000000000
59710  40.304  -30.615  43.546 0.0000000000
55463  40.291  -34.080  43.188 0.0000000000
57513  41.402  -32.369  42.900 0.0000000000
59719  41.799  -30.803  42.880 0.0000000000
59717  42.868  -29.917  42.124 0.0000000000
59727  43.347  -30.054  41.361 0.0000000000
62031  44.120  -28.501  40.682 0.0000000000
63295  44.400  -27.352  39.877 0.0000000000
60845  42.790  -29.452  39.142 0.0000000000
56436  36.789  -33.575  44.460 0.0000000000
55401  36.717  -34.905  45.284 0.0000000000
53392  37.018  -36.084  44.981 0.0000000000
52356  34.771  -37.148  46.106 0.0000000000
52379  35.473  -37.175  45.252 0.0000000000
77149  46.673  -15.214  20.361 0.0000000000
76010  43.271  -16.316  25.552 0.0000000000
74927  42.123  -17.521  24.107 0.0000000000
74928  41.602  -18.059  23.517 0.0000000000
72789  41.644  -19.699  23.161 0.0000000000
70610  42.867  -21.216  25.355 0.0000000000
70638  42.933  -21.116  23.944 0.0000000000
71719  43.815  -20.984  23.052 0.0000000000
64588  40.644  -27.083  40.281 0.0000000000
76991  39.904  -15.753  34.974 0.0000000000
75903  40.838  -16.114  35.073 0.0000000000
74767  42.553  -16.598  36.633 0.0000000000
74765  44.391  -16.946  37.384 0.0000000000
74739  46.132  -17.496  38.285 0.0000000000
73586  45.296  -18.962  40.531 0.0000000000
72549  46.384  -18.945  39.299 0.0000000000
72558  47.569  -18.347  37.869 0.0000000000
71520  47.629  -19.899  36.981 0.0000000000
64594  44.211  -26.459  39.024 0.0000000000
65884  44.217  -25.413  38.184 0.0000000000
47052  23.254  -43.602  53.264 0.0000000000
44654  23.115  -44.541  53.270 0.0000000000
47053  22.889  -43.411  53.413 0.0000000000
47070  23.573  -42.967  52.815 0.0000000000
45881  23.723  -43.920  52.434 0.0000000000
74799  41.309  -17.570  34.099 0.0000000000
73661  42.528  -18.138  35.053 0.0000000000
74791  41.717  -17.257  34.909 0.0000000000
77118  44.002  -15.999  24.170 0.0000000000
77107  43.974  -15.894  25.196 0.0000000000
72689  46.810  -19.653  29.719 0.0000000000
71608  46.209  -19.894  29.257 0.0000000000
71607  46.808  -20.224  29.076 0.0000000000
63280  43.952  -27.104  41.605 0.0000000000
64567  43.689  -26.206  41.904 0.0000000000
64577  44.197  -26.455  41.537 0.0000000000
64566  44.237  -25.667  41.627 0.0000000000
65835  44.708  -25.152  41.350 0.0000000000
64576  44.650  -26.203  41.096 0.0000000000
49237  25.040  -40.210  50.406 0.0000000000
50256  25.549  -39.638  50.590 0.0000000000
49238  24.332  -40.422  49.845 0.0000000000
72645  44.812  -19.999  32.843 0.0000000000
72644  45.625  -19.491  32.547 0.0000000000
72624  46.350  -18.971  33.360 0.0000000000
74761  48.363  -17.687  36.345 0.0000000000
73616  48.486  -18.142  36.840 0.0000000000
72567  48.515  -18.501  36.917 0.0000000000
54387  38.083  -35.105  44.812 0.0000000000
55398  38.935  -34.155  44.557 0.0000000000
54406  39.058  -34.866  44.075 0.0000000000
55388  33.246  -35.220  46.571 0.0000000000
55405  32.884  -34.707  46.003 0.0000000000
55404  33.883  -34.860  45.976 0.0000000000
55403  34.727  -34.959  45.911 0.0000000000
55387  34.134  -35.316  46.396 0.0000000000
77126  46.369  -15.041  22.407 0.0000000000
77136  45.628  -15.386  21.640 0.0000000000
77151  44.882  -15.771  20.932 0.0000000000
73771  42.178  -19.409  26.714 0.0000000000
73770  42.303  -18.907  27.189 0.0000000000
73787  42.106  -19.088  26.227 0.0000000000
72755  41.785  -19.701  25.778 0.0000000000
73802  41.785  -18.918  25.105 0.0000000000
70605  47.550  -21.539  25.379 0.0000000000
70606  46.578  -21.460  25.255 0.0000000000
60791  40.333  -29.384  42.450 0.0000000000
60805  39.872  -29.307  41.869 0.0000000000
62010  40.930  -28.704  42.480 0.0000000000
68346  40.953  -23.641  37.073 0.0000000000
73598  42.854  -18.621  39.653 0.0000000000
73608  41.700  -18.469  38.316 0.0000000000
74731  42.206  -17.995  38.718 0.0000000000
74744  41.842  -17.376  38.373 0.0000000000
74730  42.789  -17.804  39.069 0.0000000000
75858  43.212  -17.408  38.953 0.0000000000
74709  43.417  -18.198  39.796 0.0000000000
69435  44.949  -22.604  38.368 0.0000000000
69434  45.189  -22.090  38.620 0.0000000000
70444  45.165  -21.994  38.303 0.0000000000
70454  45.134  -21.883  37.745 0.0000000000
48163  24.527  -42.120  52.119 0.0000000000
50229  24.837  -40.372  51.948 0.0000000000
49211  24.866  -41.147  51.730 0.0000000000
48174  24.530  -41.788  51.491 0.0000000000
47111  23.030  -43.019  50.299 0.0000000000
47099  23.239  -43.410  50.792 0.0000000000
72612  42.179  -18.897  34.237 0.0000000000
72629  41.675  -19.380  33.448 0.0000000000
72628  42.618  -19.700  33.919 0.0000000000
72627  43.547  -19.832  34.017 0.0000000000
72610  44.130  -19.297  34.587 0.0000000000
73638  44.326  -18.054  35.880 0.0000000000
74778  45.005  -17.550  36.540 0.0000000000
54337  29.302  -35.954  48.565 0.0000000000
52292  30.638  -37.003  48.001 0.0000000000
53326  31.002  -36.469  47.883 0.0000000000
53325  31.849  -36.429  47.682 0.0000000000
54350  32.176  -35.931  47.499 0.0000000000
52290  31.923  -36.745  47.673 0.0000000000
52312  32.326  -36.926  47.533 0.0000000000
77116  45.451  -15.179  23.637 0.0000000000
76040  44.037  -16.007  22.191 0.0000000000
76030  43.974  -15.935  23.159 0.0000000000
74946  41.730  -18.109  22.258 0.0000000000
72708  42.818  -19.488  28.901 0.0000000000
71624  44.414  -20.317  28.327 0.0000000000
71663  43.785  -21.033  26.648 0.0000000000
71642  44.814  -20.910  27.284 0.0000000000
71640  46.496  -20.978  27.413 0.0000000000
70563  47.042  -21.286  27.231 0.0000000000
70562  47.924  -21.918  27.544 0.0000000000
62008  42.388  -28.331  42.590 0.0000000000
63271  42.721  -27.352  42.286 0.0000000000
65836  42.866  -24.921  41.818 0.0000000000
65837  42.427  -25.450  41.666 0.0000000000
67090  42.117  -24.531  40.711 0.0000000000
68292  42.403  -23.542  40.790 0.0000000000
69412  42.210  -23.057  40.165 0.0000000000
68269  44.021  -23.421  41.668 0.0000000000
69399  43.109  -22.314  41.183 0.0000000000
70426  43.480  -21.411  41.283 0.0000000000
71487  43.350  -20.392  40.807 0.0000000000
70425  44.021  -21.406  41.636 0.0000000000
71481  44.242  -20.489  41.387 0.0000000000
65851  45.312  -24.597  40.294 0.0000000000
68290  45.227  -23.064  40.880 0.0000000000
67110  45.407  -23.974  39.948 0.0000000000
68313  45.191  -23.379  39.436 0.0000000000
67111  45.109  -24.182  39.328 0.0000000000
52266  24.812  -37.072  50.689 0.0000000000
54341  25.257  -36.152  48.190 0.0000000000
53300  25.288  -36.651  50.274 0.0000000000
52264  26.455  -37.542  50.418 0.0000000000
53313  26.894  -36.369  49.643 0.0000000000
54339  27.287  -35.648  48.360 0.0000000000
53312  27.806  -36.556  49.390 0.0000000000
72676  43.336  -19.959  30.732 0.0000000000
73697  48.276  -18.922  32.528 0.0000000000
73696  48.728  -19.162  32.822 0.0000000000
72623  48.978  -19.294  32.968 0.0000000000
73676  48.912  -18.926  33.429 0.0000000000
73635  48.836  -18.339  35.365 0.0000000000
73655  48.677  -18.377  34.483 0.0000000000
73634  49.301  -18.731  34.963 0.0000000000
72607  49.519  -19.409  34.387 0.0000000000
57499  37.620  -33.005  44.224 0.0000000000
57514  37.636  -32.235  43.430 0.0000000000
57506  38.034  -32.407  43.916 0.0000000000
57496  39.457  -33.058  44.359 0.0000000000
58606  39.286  -32.348  44.025 0.0000000000
58605  39.892  -32.332  43.963 0.0000000000
58613  40.464  -31.598  43.668 0.0000000000
55464  39.909  -34.518  42.857 0.0000000000
55479  40.436  -34.170  42.460 0.0000000000
56484  41.383  -32.937  41.844 0.0000000000
56466  41.281  -33.022  42.412 0.0000000000
58622  41.851  -31.523  42.658 0.0000000000
58621  42.173  -31.325  42.387 0.0000000000
59718  42.262  -30.748  42.468 0.0000000000
58629  42.311  -31.623  42.020 0.0000000000
59741  43.007  -30.777  40.792 0.0000000000
59740  43.391  -29.978  40.526 0.0000000000
60820  43.780  -29.248  41.051 0.0000000000
60834  43.685  -29.258  40.285 0.0000000000
60835  43.330  -29.397  39.700 0.0000000000
55408  29.679  -34.283  45.546 0.0000000000
55407  30.680  -34.392  45.733 0.0000000000
56452  34.567  -34.091  43.576 0.0000000000
57508  36.502  -33.023  43.454 0.0000000000
55402  35.538  -35.139  45.687 0.0000000000
56426  36.336  -34.348  45.190 0.0000000000
54388  37.102  -35.539  45.161 0.0000000000
53379  36.863  -35.961  45.236 0.0000000000
52331  34.641  -36.425  46.546 0.0000000000
52400  36.167  -37.093  44.563 0.0000000000
76051  43.387  -16.395  21.551 0.0000000000
73740  42.526  -18.296  29.184 0.0000000000
73754  42.465  -18.537  28.264 0.0000000000
76011  42.787  -16.931  25.927 0.0000000000
75997  43.372  -16.264  26.601 0.0000000000
76022  42.654  -16.924  24.827 0.0000000000
73809  41.490  -18.845  23.914 0.0000000000
73819  41.505  -18.718  22.993 0.0000000000
71722  41.731  -20.348  23.931 0.0000000000
70609  43.765  -21.342  25.258 0.0000000000
70624  44.178  -21.296  24.439 0.0000000000
70637  43.624  -21.163  23.793 0.0000000000
71720  43.000  -20.863  23.278 0.0000000000
70636  44.436  -21.186  23.631 0.0000000000
63281  41.344  -27.280  41.540 0.0000000000
63287  40.886  -27.342  40.853 0.0000000000
70446  42.152  -21.577  38.735 0.0000000000
73619  40.657  -18.264  37.365 0.0000000000
76968  40.780  -16.124  36.796 0.0000000000
76977  40.255  -15.919  36.161 0.0000000000
76990  40.774  -16.002  35.654 0.0000000000
75894  41.866  -16.191  36.473 0.0000000000
75902  41.621  -16.419  35.691 0.0000000000
75893  42.382  -16.325  37.010 0.0000000000
74741  44.281  -17.274  38.792 0.0000000000
75891  43.941  -16.641  37.989 0.0000000000
74740  45.221  -17.342  38.594 0.0000000000
74753  45.456  -17.178  37.889 0.0000000000
72535  44.999  -20.054  41.051 0.0000000000
72541  44.843  -19.439  40.902 0.0000000000
72540  45.400  -19.739  40.659 0.0000000000
71499  46.058  -20.305  38.793 0.0000000000
71491  46.185  -19.367  39.639 0.0000000000
71498  46.386  -19.443  39.033 0.0000000000
72559  47.046  -18.648  38.313 0.0000000000
71507  46.784  -19.550  38.015 0.0000000000
72569  47.752  -19.247  37.629 0.0000000000
62051  43.447  -28.188  39.098 0.0000000000
63296  43.846  -27.513  39.209 0.0000000000
63304  43.328  -27.560  38.505 0.0000000000
49191  24.428  -41.252  52.344 0.0000000000
47087  24.048  -43.027  52.070 0.0000000000
45893  23.550  -43.870  51.560 0.0000000000
44677  23.641  -44.769  51.982 0.0000000000
72613  41.673  -18.688  33.872 0.0000000000
73639  43.221  -17.857  35.798 0.0000000000
52293  29.262  -37.114  48.395 0.0000000000
52315  29.248  -37.630  47.404 0.0000000000
76032  42.579  -16.877  23.757 0.0000000000
71622  46.664  -20.767  28.071 0.0000000000
63270  43.386  -27.231  41.972 0.0000000000
65820  43.176  -25.402  42.059 0.0000000000
67070  43.188  -24.389  41.773 0.0000000000
68271  42.873  -23.748  41.397 0.0000000000
67054  43.595  -24.720  41.838 0.0000000000
67053  43.999  -24.369  41.779 0.0000000000
68252  44.210  -23.922  41.670 0.0000000000
68268  44.559  -23.408  41.465 0.0000000000
67068  44.614  -24.281  41.508 0.0000000000
65834  45.130  -24.518  41.059 0.0000000000
52265  25.580  -37.392  50.654 0.0000000000
51226  26.006  -38.007  50.733 0.0000000000
51214  26.137  -38.680  50.720 0.0000000000
51225  26.432  -38.345  50.355 0.0000000000
51224  26.843  -38.045  50.103 0.0000000000
50269  25.962  -39.052  49.501 0.0000000000
71568  42.795  -20.567  32.759 0.0000000000
71567  43.627  -20.431  32.905 0.0000000000
71581  44.150  -20.243  32.520 0.0000000000
73698  47.491  -18.748  32.509 0.0000000000
74776  47.179  -17.412  35.990 0.0000000000
74775  48.007  -17.446  35.780 0.0000000000
73625  49.053  -18.720  35.707 0.0000000000
71531  49.298  -19.633  35.418 0.0000000000
72594  49.055  -19.236  35.904 0.0000000000
71519  48.532  -19.537  36.444 0.0000000000
71533  48.385  -20.135  35.951 0.0000000000
56424  38.351  -33.722  44.583 0.0000000000
56434  38.330  -33.220  44.412 0.0000000000
57491  38.985  -33.332  44.466 0.0000000000
57490  39.223  -33.356  44.430 0.0000000000
56432  40.018  -33.241  44.147 0.0000000000
57545  42.022  -32.291  41.113 0.0000000000
58643  42.224  -31.861  40.580 0.0000000000
58655  42.518  -31.289  40.423 0.0000000000
55406  31.780  -34.516  45.923 0.0000000000
55446  33.346  -34.298  44.318 0.0000000000
55445  34.429  -34.308  44.389 0.0000000000
55444  35.176  -34.270  44.819 0.0000000000
56437  35.834  -34.052  44.973 0.0000000000
55420  35.287  -34.569  45.415 0.0000000000
55385  35.125  -35.390  46.054 0.0000000000
54390  35.534  -35.701  45.928 0.0000000000
77135  46.498  -15.152  21.391 0.0000000000
76052  42.699  -16.780  21.709 0.0000000000
71703  41.654  -20.384  24.779 0.0000000000
70585  46.008  -21.380  26.105 0.0000000000
70608  44.670  -21.353  25.220 0.0000000000
59720  39.081  -30.261  42.632 0.0000000000
65869  41.050  -25.629  39.232 0.0000000000
64596  40.776  -26.267  39.500 0.0000000000
65886  40.670  -25.223  38.535 0.0000000000
67129  40.479  -25.005  38.166 0.0000000000
71500  42.510  -20.407  39.326 0.0000000000
72570  41.719  -19.683  38.063 0.0000000000
72561  42.263  -19.462  38.953 0.0000000000
74755  40.330  -17.069  37.317 0.0000000000
75887  40.161  -16.450  36.991 0.0000000000
74745  41.021  -17.165  37.809 0.0000000000
75877  41.466  -16.687  37.930 0.0000000000
75885  41.650  -16.327  37.683 0.0000000000
75884  42.446  -16.464  37.823 0.0000000000
75875  42.793  -16.984  38.555 0.0000000000
75874  43.590  -17.208  38.765 0.0000000000
74728  44.191  -17.638  39.432 0.0000000000
70436  45.664  -21.285  39.629 0.0000000000
70453  45.663  -21.143  37.220 0.0000000000
52254  24.763  -37.758  51.019 0.0000000000
51216  25.142  -38.675  51.377 0.0000000000
49226  25.178  -40.380  51.170 0.0000000000
49227  24.662  -41.069  50.859 0.0000000000
49228  23.837  -41.187  50.239 0.0000000000
47123  22.880  -42.730  49.116 0.0000000000
45913  23.048  -43.765  49.526 0.0000000000
44685  23.361  -44.508  50.910 0.0000000000
71556  43.115  -20.318  33.485 0.0000000000
72626  44.454  -19.864  33.692 0.0000000000
72608  46.007  -18.973  34.127 0.0000000000
73658  45.812  -18.468  34.839 0.0000000000
73636  46.499  -17.839  35.358 0.0000000000
73637  45.456  -17.995  35.680 0.0000000000
74763  46.871  -17.290  36.853 0.0000000000
74751  47.443  -17.522  37.342 0.0000000000
54423  38.665  -35.283  43.332 0.0000000000
55379  29.102  -34.786  47.065 0.0000000000
55392  29.075  -34.666  46.202 0.0000000000
55378  29.999  -34.932  47.221 0.0000000000
55377  30.984  -35.255  47.226 0.0000000000
54336  30.563  -35.984  48.102 0.0000000000
55376  31.739  -35.529  47.288 0.0000000000
54370  32.779  -35.557  47.101 0.0000000000
54349  33.192  -35.885  47.259 0.0000000000
54348  33.871  -35.891  46.946 0.0000000000
53344  33.625  -36.218  47.202 0.0000000000
52311  33.396  -36.806  47.273 0.0000000000
52333  33.163  -37.437  46.992 0.0000000000
74945  42.005  -17.754  21.939 0.0000000000
73828  41.667  -18.591  22.272 0.0000000000
71626  42.834  -19.800  28.193 0.0000000000
71644  42.767  -20.110  27.588 0.0000000000
71664  42.566  -20.585  26.379 0.0000000000
70565  45.633  -21.162  26.807 0.0000000000
61995  41.292  -29.229  42.839 0.0000000000
64578  41.867  -26.473  41.491 0.0000000000
64569  42.484  -26.518  42.097 0.0000000000
68331  41.675  -23.625  38.902 0.0000000000
69436  41.777  -22.628  38.260 0.0000000000
69424  42.090  -22.626  39.443 0.0000000000
70437  42.526  -21.418  39.655 0.0000000000
68291  42.812  -23.058  41.137 0.0000000000
71493  42.867  -20.451  40.028 0.0000000000
72551  42.997  -19.452  40.106 0.0000000000
72543  43.555  -19.429  40.660 0.0000000000
73588  43.797  -18.680  40.448 0.0000000000
71486  43.802  -20.077  41.117 0.0000000000
71480  44.808  -20.556  41.290 0.0000000000
70423  45.157  -21.044  41.177 0.0000000000
68267  44.941  -23.109  41.244 0.0000000000
69396  45.091  -22.221  41.239 0.0000000000
69410  45.487  -22.248  40.374 0.0000000000
69422  45.028  -22.969  38.987 0.0000000000
55393  28.387  -35.048  45.893 0.0000000000
53314  25.913  -36.228  49.669 0.0000000000
54355  26.881  -35.668  47.356 0.0000000000
54354  28.110  -35.292  47.492 0.0000000000
54338  28.314  -35.559  48.521 0.0000000000
54325  28.411  -36.088  48.942 0.0000000000
53311  28.704  -36.613  48.924 0.0000000000
51239  27.018  -38.019  49.736 0.0000000000
52277  28.627  -37.070  48.870 0.0000000000
72672  47.696  -19.637  30.237 0.0000000000
72657  48.361  -19.768  31.046 0.0000000000
73708  47.968  -19.110  32.020 0.0000000000
72642  48.173  -19.212  32.088 0.0000000000
74788  48.189  -17.895  35.092 0.0000000000
73675  49.361  -19.175  33.838 0.0000000000
58625  37.050  -31.844  42.336 0.0000000000
59712  38.767  -31.115  43.192 0.0000000000
58607  38.923  -32.389  44.036 0.0000000000
58615  38.822  -31.796  43.677 0.0000000000
59711  39.344  -30.663  43.231 0.0000000000
54422  39.257  -34.821  43.637 0.0000000000
55442  39.755  -34.264  43.736 0.0000000000
56448  40.350  -33.591  43.605 0.0000000000
56467  40.796  -33.658  42.783 0.0000000000
56447  41.015  -33.003  43.248 0.0000000000
57504  40.497  -32.605  43.759 0.0000000000
58612  41.127  -31.875  43.380 0.0000000000
59709  41.259  -30.717  43.303 0.0000000000
60776  41.455  -29.756  42.882 0.0000000000
60775  41.755  -29.843  42.817 0.0000000000
60789  42.074  -29.508  42.730 0.0000000000
60788  42.808  -29.021  42.347 0.0000000000
59728  42.821  -30.845  41.670 0.0000000000
60804  43.364  -29.124  41.795 0.0000000000
62030  44.387  -27.761  41.021 0.0000000000
63286  44.562  -27.145  40.653 0.0000000000
62041  44.356  -27.874  40.418 0.0000000000
62042  43.939  -28.434  39.781 0.0000000000
62043  43.296  -28.835  39.262 0.0000000000
59773  42.336  -29.961  38.994 0.0000000000
60846  42.176  -29.425  38.572 0.0000000000
55424  31.522  -34.265  44.946 0.0000000000
57516  36.085  -32.769  42.788 0.0000000000
57507  37.151  -32.793  43.854 0.0000000000
56425  37.309  -34.120  44.846 0.0000000000
55400  37.720  -34.645  44.915 0.0000000000
54408  37.589  -35.686  44.574 0.0000000000
53343  34.169  -36.095  46.886 0.0000000000
53364  35.148  -36.021  46.356 0.0000000000
52355  35.502  -36.490  45.874 0.0000000000
52354  36.006  -36.458  45.551 0.0000000000
53393  36.655  -36.578  44.822 0.0000000000
47071  22.879  -42.624  53.254 0.0000000000
77164  47.000  -15.224  19.371 0.0000000000
72796  41.609  -19.161  22.616 0.0000000000
72788  41.852  -19.923  22.677 0.0000000000
71684  41.825  -20.320  25.596 0.0000000000
71683  42.132  -20.847  25.206 0.0000000000
71702  41.983  -20.785  24.424 0.0000000000
70625  43.311  -21.289  24.545 0.0000000000
71721  42.300  -20.737  23.731 0.0000000000
71739  41.906  -20.338  23.366 0.0000000000
71738  42.222  -20.332  22.799 0.0000000000
71736  44.006  -20.843  22.308 0.0000000000
75920  40.152  -16.528  33.495 0.0000000000
63282  40.840  -27.914  41.608 0.0000000000
63288  40.268  -27.694  40.573 0.0000000000
75896  39.650  -16.185  36.483 0.0000000000
77004  39.758  -15.968  33.838 0.0000000000
75912  40.557  -16.371  34.283 0.0000000000
75911  41.161  -16.592  34.860 0.0000000000
74781  42.034  -17.000  35.538 0.0000000000
74780  42.557  -17.076  36.121 0.0000000000
75892  43.270  -16.619  37.588 0.0000000000
74752  46.478  -17.368  37.617 0.0000000000
74738  46.892  -17.600  37.958 0.0000000000
73587  44.579  -18.638  40.482 0.0000000000
73597  44.610  -18.018  39.869 0.0000000000
73596  45.409  -18.278  39.893 0.0000000000
72550  45.974  -19.060  40.037 0.0000000000
74726  45.825  -17.775  39.024 0.0000000000
73607  46.664  -17.902  38.495 0.0000000000
73606  47.475  -17.988  37.880 0.0000000000
72582  47.984  -19.510  37.327 0.0000000000
71534  47.517  -20.555  35.731 0.0000000000
71521  46.556  -20.644  36.460 0.0000000000
71535  46.868  -20.726  35.805 0.0000000000
64586  44.782  -26.346  40.153 0.0000000000
64595  43.742  -27.030  38.730 0.0000000000
64602  43.955  -26.103  38.329 0.0000000000
44693  23.250  -44.320  50.568 0.0000000000
45866  23.435  -43.987  53.105 0.0000000000
45894  23.370  -44.208  51.187 0.0000000000
45904  23.368  -43.547  51.110 0.0000000000
45905  23.195  -43.930  50.873 0.0000000000
47069  23.890  -42.543  52.619 0.0000000000
47098  23.544  -43.009  51.240 0.0000000000
47112  23.120  -43.576  50.538 0.0000000000
48145  24.054  -42.210  52.568 0.0000000000
48186  23.178  -41.860  49.840 0.0000000000
49190  24.908  -40.808  52.019 0.0000000000
50241  26.020  -39.019  50.775 0.0000000000
50242  25.386  -39.615  51.352 0.0000000000
51215  25.881  -38.650  50.974 0.0000000000
52263  27.000  -37.747  50.025 0.0000000000
52291  31.538  -36.821  47.718 0.0000000000
52309  34.288  -36.286  46.804 0.0000000000
52330  35.117  -36.289  46.305 0.0000000000
52378  36.099  -36.732  45.318 0.0000000000
53346  32.330  -36.390  47.583 0.0000000000
53365  34.606  -36.042  46.626 0.0000000000
53380  36.413  -36.201  45.451 0.0000000000
53381  35.790  -36.017  45.880 0.0000000000
54324  28.799  -36.188  48.837 0.0000000000
54334  31.856  -36.126  47.639 0.0000000000
54335  31.455  -36.087  47.735 0.0000000000
54347  34.146  -35.870  46.780 0.0000000000
54367  35.096  -35.590  46.196 0.0000000000
54368  34.404  -35.759  46.593 0.0000000000
54371  32.213  -35.557  47.211 0.0000000000
55419  38.709  -34.832  44.545 0.0000000000
55441  40.154  -33.997  43.527 0.0000000000
55443  39.404  -34.786  43.239 0.0000000000
56423  39.055  -33.753  44.509 0.0000000000
56433  39.600  -33.721  44.284 0.0000000000
56449  39.990  -33.716  44.000 0.0000000000
56450  36.538  -33.282  43.907 0.0000000000
57498  38.230  -32.885  44.263 0.0000000000
57503  41.040  -32.465  43.389 0.0000000000
57505  38.607  -32.481  44.051 0.0000000000
57528  41.877  -32.272  42.009 0.0000000000
57544  42.220  -31.974  41.608 0.0000000000
58623  38.410  -31.428  43.132 0.0000000000
58630  42.063  -31.832  42.222 0.0000000000
59708  41.732  -30.221  42.850 0.0000000000
59754  43.314  -29.787  40.044 0.0000000000
60790  41.585  -29.248  42.825 0.0000000000
60792  39.586  -29.861  42.490 0.0000000000
61996  41.157  -28.990  42.883 0.0000000000
62019  44.159  -27.526  41.338 0.0000000000
64568  43.058  -26.438  42.196 0.0000000000
65867  45.273  -24.511  39.775 0.0000000000
65885  43.795  -25.925  37.966 0.0000000000
67052  44.261  -24.293  41.650 0.0000000000
67069  43.679  -24.072  41.759 0.0000000000
67089  45.345  -23.861  40.654 0.0000000000
67142  40.919  -24.123  37.629 0.0000000000
68251  44.412  -24.016  41.594 0.0000000000
69398  43.738  -22.366  41.539 0.0000000000
69423  42.359  -22.111  39.710 0.0000000000
70438  42.289  -21.942  39.374 0.0000000000
70445  42.427  -20.978  39.054 0.0000000000
70587  44.179  -21.339  25.999 0.0000000000
70626  42.533  -21.101  24.528 0.0000000000
71479  45.123  -20.465  41.083 0.0000000000
71485  45.411  -20.469  40.781 0.0000000000
71518  48.802  -19.334  36.212 0.0000000000
71532  48.998  -19.601  35.798 0.0000000000
71554  44.184  -20.113  33.415 0.0000000000
71555  43.869  -20.201  33.458 0.0000000000
71665  41.936  -20.178  26.085 0.0000000000
72534  45.215  -20.185  40.912 0.0000000000
72536  44.597  -19.998  41.149 0.0000000000
72552  42.560  -19.124  39.559 0.0000000000
72568  48.132  -18.522  37.472 0.0000000000
72579  49.102  -18.948  35.886 0.0000000000
72580  48.830  -18.922  36.374 0.0000000000
72705  45.750  -19.901  29.183 0.0000000000
72795  41.912  -19.592  22.199 0.0000000000
73589  43.272  -18.726  40.130 0.0000000000
73595  46.235  -18.401  39.206 0.0000000000
73599  42.408  -18.546  39.070 0.0000000000
73640  42.644  -17.609  35.600 0.0000000000
74729  43.547  -17.637  39.302 0.0000000000
74742  43.884  -17.432  39.085 0.0000000000
74743  42.357  -17.160  38.532 0.0000000000
74750  48.119  -17.619  36.947 0.0000000000
74754  44.562  -16.943  38.184 0.0000000000
74766  43.150  -16.780  36.920 0.0000000000
74774  48.493  -17.903  35.662 0.0000000000
74792  41.122  -16.981  34.320 0.0000000000
75857  43.446  -17.446  39.016 0.0000000000
75873  43.946  -17.116  38.632 0.0000000000
75882  43.949  -16.933  38.400 0.0000000000
75886  40.856  -16.388  37.366 0.0000000000
75901  42.187  -16.437  36.382 0.0000000000
76966  41.909  -16.197  37.312 0.0000000000
76967  41.374  -16.148  37.105 0.0000000000
76976  41.215  -16.081  36.417 0.0000000000
