#!ascii label  , from subject 3386 vox2ras=TkReg
2100
61817  50.570  -26.180  19.131 0.0000000000
53850  41.594  -33.546  34.704 0.0000000000
45919  29.654  -40.812  30.837 0.0000000000
41987  20.436  -43.460  33.653 0.0000000000
46944  35.926  -39.245  38.378 0.0000000000
41997  40.781  -43.020  31.775 0.0000000000
60705  43.509  -28.344  21.631 0.0000000000
72674  54.202  -17.318  18.800 0.0000000000
59430  46.219  -28.720  31.582 0.0000000000
59489  38.019  -28.435  28.507 0.0000000000
50508  34.773  -36.372  26.289 0.0000000000
40782  28.874  -43.771  35.961 0.0000000000
43320  25.182  -42.547  31.983 0.0000000000
38442  23.518  -45.217  36.832 0.0000000000
45869  33.699  -40.334  34.860 0.0000000000
60571  48.940  -27.577  29.088 0.0000000000
57287  38.515  -30.636  40.399 0.0000000000
60417  38.598  -28.347  38.629 0.0000000000
62696  39.209  -25.363  34.428 0.0000000000
56341  38.753  -31.394  32.270 0.0000000000
55253  36.938  -32.079  26.994 0.0000000000
51551  38.373  -35.439  30.042 0.0000000000
39652  38.425  -45.488  30.481 0.0000000000
40899  38.861  -44.221  26.555 0.0000000000
67800  53.058  -21.635  20.898 0.0000000000
70186  49.194  -19.561  19.497 0.0000000000
44761  32.839  -41.801  27.050 0.0000000000
45997  27.037  -39.482  25.012 0.0000000000
51414  40.204  -34.527  37.284 0.0000000000
48218  42.177  -38.406  32.543 0.0000000000
50420  37.959  -36.824  32.763 0.0000000000
45899  35.430  -41.279  30.416 0.0000000000
61821  46.597  -25.867  19.300 0.0000000000
37165  19.196  -46.135  40.404 0.0000000000
40758  15.533  -44.393  37.007 0.0000000000
67773  54.830  -21.718  21.656 0.0000000000
61754  53.361  -26.323  22.898 0.0000000000
59562  49.717  -28.187  24.927 0.0000000000
58521  46.210  -28.993  27.179 0.0000000000
57492  43.512  -30.382  27.076 0.0000000000
62675  44.134  -24.942  35.114 0.0000000000
61674  42.527  -26.205  30.068 0.0000000000
58561  40.480  -29.294  24.408 0.0000000000
57565  36.980  -30.183  21.901 0.0000000000
45942  37.444  -40.508  28.520 0.0000000000
39525  28.048  -43.659  38.369 0.0000000000
38450  26.305  -44.679  36.270 0.0000000000
41933  25.072  -43.661  37.872 0.0000000000
39562  30.973  -43.283  37.431 0.0000000000
56248  41.050  -32.099  37.999 0.0000000000
58381  40.185  -30.982  37.039 0.0000000000
58392  38.924  -29.754  35.374 0.0000000000
55159  40.293  -32.543  33.921 0.0000000000
55205  38.941  -32.633  31.033 0.0000000000
52649  40.620  -34.733  32.592 0.0000000000
38503  37.359  -46.260  28.671 0.0000000000
37254  40.111  -47.784  28.775 0.0000000000
64035  52.555  -24.540  20.571 0.0000000000
65308  50.528  -23.132  20.579 0.0000000000
62906  50.168  -25.134  18.678 0.0000000000
45947  30.615  -40.315  28.705 0.0000000000
45994  30.305  -40.570  25.479 0.0000000000
44744  28.639  -40.544  28.264 0.0000000000
43322  22.995  -42.464  32.309 0.0000000000
44701  23.623  -40.815  29.292 0.0000000000
43365  20.428  -41.681  30.792 0.0000000000
43352  18.565  -42.725  31.444 0.0000000000
51381  38.013  -35.198  40.346 0.0000000000
49200  37.980  -36.605  37.684 0.0000000000
51448  39.297  -34.883  35.393 0.0000000000
49233  37.045  -36.926  35.663 0.0000000000
45889  31.983  -40.486  32.611 0.0000000000
48224  34.345  -38.615  32.582 0.0000000000
47082  32.229  -39.136  30.017 0.0000000000
44694  33.346  -41.943  29.111 0.0000000000
61807  44.628  -27.117  20.501 0.0000000000
61853  44.477  -26.413  17.518 0.0000000000
59645  42.689  -28.152  18.362 0.0000000000
43224  15.337  -42.677  39.792 0.0000000000
60651  51.219  -27.776  24.389 0.0000000000
60615  50.806  -27.508  26.038 0.0000000000
59428  47.606  -28.696  30.595 0.0000000000
57465  48.311  -29.901  28.148 0.0000000000
57452  46.552  -30.419  29.226 0.0000000000
57491  44.476  -29.897  27.249 0.0000000000
58462  44.834  -29.485  29.147 0.0000000000
60542  38.346  -27.152  31.683 0.0000000000
62739  40.220  -25.422  31.946 0.0000000000
61691  39.574  -26.597  28.469 0.0000000000
60620  41.588  -27.318  26.484 0.0000000000
59524  39.334  -27.325  25.427 0.0000000000
58579  38.988  -29.611  23.209 0.0000000000
59572  37.588  -28.499  24.204 0.0000000000
55283  35.474  -32.640  25.194 0.0000000000
45887  41.505  -40.018  32.707 0.0000000000
47068  40.041  -39.640  30.680 0.0000000000
44668  40.258  -41.590  30.252 0.0000000000
42110  36.091  -43.078  25.235 0.0000000000
76515  53.406  -13.960  16.783 0.0000000000
75182  52.493  -16.049  17.993 0.0000000000
43315  29.819  -42.130  32.963 0.0000000000
44658  27.945  -41.510  31.302 0.0000000000
41980  27.211  -43.341  34.132 0.0000000000
40807  24.671  -44.265  34.627 0.0000000000
40788  22.106  -44.537  35.635 0.0000000000
44534  34.984  -41.214  38.633 0.0000000000
45837  35.095  -39.842  37.022 0.0000000000
41941  33.984  -42.699  36.950 0.0000000000
41952  31.933  -42.658  35.230 0.0000000000
61686  49.956  -26.089  28.239 0.0000000000
61606  46.956  -26.791  33.611 0.0000000000
61552  38.590  -26.684  37.043 0.0000000000
59397  38.678  -28.283  34.015 0.0000000000
58446  37.602  -29.387  30.230 0.0000000000
57495  37.201  -30.427  27.728 0.0000000000
56380  37.871  -31.499  29.471 0.0000000000
53953  37.576  -33.542  28.876 0.0000000000
51575  36.877  -35.712  28.364 0.0000000000
40845  39.482  -44.744  31.765 0.0000000000
42067  40.466  -43.623  29.172 0.0000000000
39661  40.503  -45.476  29.372 0.0000000000
71375  53.316  -19.312  20.080 0.0000000000
72660  51.377  -17.754  19.204 0.0000000000
68958  50.250  -20.565  20.472 0.0000000000
44723  26.165  -40.975  28.677 0.0000000000
53784  39.298  -33.340  39.380 0.0000000000
53836  41.660  -33.755  36.234 0.0000000000
51509  42.627  -35.295  33.040 0.0000000000
50366  41.854  -35.823  34.195 0.0000000000
48174  40.262  -37.701  34.121 0.0000000000
45880  39.629  -40.459  33.161 0.0000000000
49283  35.246  -37.694  33.867 0.0000000000
48239  37.018  -38.847  31.578 0.0000000000
43313  37.749  -42.568  31.969 0.0000000000
40848  35.748  -44.030  31.257 0.0000000000
40870  35.236  -43.427  28.774 0.0000000000
61819  48.775  -26.105  19.254 0.0000000000
61849  48.796  -26.239  17.284 0.0000000000
62931  46.909  -25.570  17.308 0.0000000000
37198  21.054  -45.570  38.317 0.0000000000
39591  19.337  -44.776  36.739 0.0000000000
39530  17.348  -45.515  39.307 0.0000000000
40793  17.457  -44.400  35.360 0.0000000000
70180  55.697  -19.894  19.372 0.0000000000
66640  54.593  -22.564  20.335 0.0000000000
62879  54.027  -25.247  20.618 0.0000000000
61785  52.598  -26.234  21.047 0.0000000000
61772  50.443  -26.700  22.222 0.0000000000
61775  47.786  -26.790  22.483 0.0000000000
60692  46.136  -27.540  22.743 0.0000000000
58499  49.849  -29.045  27.373 0.0000000000
59541  47.436  -28.344  25.622 0.0000000000
59589  45.057  -27.857  24.507 0.0000000000
58559  43.725  -29.713  25.035 0.0000000000
56427  43.343  -31.835  25.194 0.0000000000
61626  45.362  -26.683  33.231 0.0000000000
63824  41.711  -24.574  34.924 0.0000000000
62708  42.897  -25.718  32.982 0.0000000000
60558  44.168  -27.545  30.936 0.0000000000
60587  43.614  -27.762  28.413 0.0000000000
57509  42.465  -30.238  26.314 0.0000000000
57535  36.146  -30.737  24.426 0.0000000000
50453  40.493  -36.985  31.513 0.0000000000
49347  38.205  -37.588  29.648 0.0000000000
48270  35.692  -38.536  27.655 0.0000000000
43404  37.444  -42.364  27.871 0.0000000000
45974  35.142  -40.403  26.800 0.0000000000
40737  27.049  -43.721  38.300 0.0000000000
41902  25.972  -42.734  38.751 0.0000000000
56278  41.392  -32.579  36.809 0.0000000000
57341  40.386  -31.525  37.453 0.0000000000
55106  40.899  -32.444  36.446 0.0000000000
56297  40.241  -31.594  35.716 0.0000000000
53852  40.583  -33.084  34.236 0.0000000000
53886  40.095  -33.601  32.656 0.0000000000
53869  41.491  -34.017  34.107 0.0000000000
62892  52.294  -25.211  20.100 0.0000000000
64058  51.286  -24.661  19.751 0.0000000000
62905  50.927  -25.434  19.195 0.0000000000
45933  30.386  -40.171  29.629 0.0000000000
45961  29.808  -40.325  28.048 0.0000000000
44695  29.113  -40.843  29.359 0.0000000000
42006  21.909  -43.069  33.153 0.0000000000
43349  21.542  -42.187  31.646 0.0000000000
43324  20.879  -42.533  32.307 0.0000000000
43351  19.506  -42.343  31.389 0.0000000000
42009  19.084  -43.119  32.784 0.0000000000
48069  34.446  -38.874  39.663 0.0000000000
49171  35.874  -37.647  39.527 0.0000000000
49170  36.750  -37.123  39.515 0.0000000000
48113  36.644  -37.861  37.903 0.0000000000
50338  37.734  -36.516  36.617 0.0000000000
48114  36.461  -38.080  37.268 0.0000000000
45890  31.271  -40.560  31.998 0.0000000000
47059  31.620  -39.715  31.543 0.0000000000
45917  30.954  -39.822  30.244 0.0000000000
45932  31.390  -39.843  29.422 0.0000000000
60713  44.281  -27.486  20.912 0.0000000000
61824  43.586  -27.026  19.311 0.0000000000
60726  42.584  -27.733  19.507 0.0000000000
63936  51.331  -24.729  25.741 0.0000000000
61734  51.147  -26.790  25.717 0.0000000000
62811  50.653  -25.975  26.369 0.0000000000
59429  46.947  -28.716  31.341 0.0000000000
56353  47.694  -30.390  30.205 0.0000000000
57424  46.573  -29.756  30.457 0.0000000000
57439  45.740  -29.708  29.784 0.0000000000
58444  45.784  -29.229  30.271 0.0000000000
60575  38.165  -27.594  29.577 0.0000000000
61664  38.902  -26.522  30.269 0.0000000000
60590  38.864  -27.142  28.110 0.0000000000
61706  39.628  -26.678  27.565 0.0000000000
60623  38.271  -27.515  26.714 0.0000000000
59549  37.790  -27.831  25.013 0.0000000000
59526  37.707  -28.280  26.308 0.0000000000
44637  41.246  -41.649  32.717 0.0000000000
44667  41.095  -41.432  30.776 0.0000000000
43336  41.396  -42.276  31.257 0.0000000000
75193  53.818  -15.367  17.808 0.0000000000
73927  52.885  -16.470  18.305 0.0000000000
41964  28.988  -43.281  34.938 0.0000000000
43297  28.519  -42.623  33.230 0.0000000000
40803  27.993  -43.988  35.227 0.0000000000
38451  25.522  -44.669  36.251 0.0000000000
39624  25.752  -44.301  35.383 0.0000000000
39607  24.585  -44.443  35.809 0.0000000000
40808  23.672  -44.260  34.681 0.0000000000
38454  22.785  -45.001  36.435 0.0000000000
41880  33.462  -41.699  39.261 0.0000000000
43232  34.690  -42.182  38.030 0.0000000000
40716  33.050  -42.611  38.444 0.0000000000
41931  30.149  -44.025  36.650 0.0000000000
40766  31.600  -43.229  36.551 0.0000000000
41953  31.109  -43.071  35.522 0.0000000000
43283  30.670  -42.404  34.395 0.0000000000
60404  38.515  -28.640  38.963 0.0000000000
61516  38.585  -27.446  39.331 0.0000000000
61527  38.668  -26.634  38.469 0.0000000000
62637  38.697  -25.928  38.192 0.0000000000
61538  38.748  -26.977  38.062 0.0000000000
57385  38.757  -30.179  34.269 0.0000000000
58393  38.568  -29.312  34.992 0.0000000000
57411  38.585  -29.978  32.474 0.0000000000
58428  37.973  -29.137  31.887 0.0000000000
57425  38.570  -29.934  31.403 0.0000000000
57455  37.908  -30.953  30.062 0.0000000000
56370  38.401  -31.401  30.474 0.0000000000
52686  38.893  -34.358  31.101 0.0000000000
53931  38.123  -33.458  29.814 0.0000000000
52701  37.919  -34.508  29.526 0.0000000000
52715  37.303  -34.960  28.359 0.0000000000
51563  37.536  -35.575  29.298 0.0000000000
39643  38.031  -45.181  31.343 0.0000000000
39650  40.463  -45.271  30.477 0.0000000000
38483  40.120  -45.950  30.164 0.0000000000
68929  52.612  -20.707  20.845 0.0000000000
70157  51.650  -19.753  20.488 0.0000000000
67801  51.970  -21.328  21.161 0.0000000000
66661  49.649  -22.740  19.623 0.0000000000
42094  33.149  -43.667  26.945 0.0000000000
43429  32.406  -42.496  25.959 0.0000000000
44660  26.530  -41.761  31.265 0.0000000000
44698  26.613  -41.496  29.704 0.0000000000
43380  25.920  -41.649  30.007 0.0000000000
44727  21.908  -40.618  28.618 0.0000000000
44750  23.129  -40.005  27.780 0.0000000000
51391  39.053  -34.997  38.947 0.0000000000
52505  38.613  -34.427  39.613 0.0000000000
52532  40.199  -34.256  38.127 0.0000000000
53797  41.449  -33.314  37.830 0.0000000000
51428  41.349  -34.313  36.529 0.0000000000
51464  41.540  -35.114  35.087 0.0000000000
51446  40.793  -34.764  35.765 0.0000000000
51487  38.486  -35.669  33.895 0.0000000000
50369  39.712  -36.203  34.010 0.0000000000
49279  39.374  -37.330  33.467 0.0000000000
47022  40.218  -39.445  33.394 0.0000000000
48220  39.033  -38.439  32.824 0.0000000000
45855  34.695  -39.862  35.857 0.0000000000
48158  35.339  -38.535  35.447 0.0000000000
48177  34.579  -38.835  34.505 0.0000000000
48251  35.043  -38.667  30.602 0.0000000000
48240  35.944  -38.471  31.181 0.0000000000
45913  36.346  -39.810  30.745 0.0000000000
45896  37.563  -40.374  31.612 0.0000000000
44652  36.698  -41.398  31.250 0.0000000000
43337  36.980  -42.846  31.564 0.0000000000
43339  35.654  -42.526  30.403 0.0000000000
43394  33.092  -42.244  28.236 0.0000000000
43376  34.177  -42.740  28.788 0.0000000000
42071  33.800  -43.022  28.217 0.0000000000
61820  47.683  -25.872  19.227 0.0000000000
61836  48.009  -25.997  18.425 0.0000000000
62908  46.643  -25.525  18.520 0.0000000000
60761  44.887  -27.138  15.586 0.0000000000
37187  20.624  -45.760  39.029 0.0000000000
38428  20.404  -45.554  37.831 0.0000000000
38407  19.483  -45.604  38.722 0.0000000000
40725  16.119  -44.171  39.090 0.0000000000
40740  16.722  -44.685  38.212 0.0000000000
39593  17.526  -44.646  36.691 0.0000000000
39595  16.053  -45.156  36.113 0.0000000000
40815  16.871  -44.310  34.418 0.0000000000
40795  16.430  -44.141  35.152 0.0000000000
72655  56.067  -18.131  19.172 0.0000000000
67797  55.574  -21.430  20.204 0.0000000000
66619  55.437  -22.460  20.787 0.0000000000
65328  54.949  -23.380  20.465 0.0000000000
64011  55.357  -23.661  20.972 0.0000000000
62853  53.920  -25.496  22.492 0.0000000000
61769  53.486  -26.183  21.829 0.0000000000
61770  52.473  -26.582  22.302 0.0000000000
61771  51.411  -26.617  22.045 0.0000000000
60686  51.889  -26.822  22.572 0.0000000000
60652  50.056  -27.777  24.226 0.0000000000
60671  49.207  -27.460  23.242 0.0000000000
60653  49.014  -27.735  24.206 0.0000000000
60691  47.190  -27.130  22.661 0.0000000000
59586  48.092  -28.166  24.243 0.0000000000
61687  49.543  -26.678  28.506 0.0000000000
60600  49.878  -27.599  27.213 0.0000000000
60586  48.392  -27.666  27.452 0.0000000000
58481  47.721  -29.829  28.071 0.0000000000
58520  47.813  -28.837  26.753 0.0000000000
60618  46.901  -27.882  26.217 0.0000000000
59566  45.792  -27.989  24.980 0.0000000000
59543  45.568  -28.529  25.794 0.0000000000
59568  44.018  -28.834  24.886 0.0000000000
59544  45.064  -29.032  25.665 0.0000000000
57507  44.267  -30.193  26.285 0.0000000000
57508  43.676  -30.676  26.499 0.0000000000
56405  42.890  -30.957  26.729 0.0000000000
62691  44.685  -25.605  34.509 0.0000000000
62663  39.429  -24.665  36.087 0.0000000000
63799  41.200  -23.955  36.279 0.0000000000
62677  40.817  -24.885  35.072 0.0000000000
62757  41.269  -25.589  30.672 0.0000000000
62724  41.950  -25.864  32.129 0.0000000000
61646  42.581  -26.190  31.349 0.0000000000
61644  43.632  -26.693  32.015 0.0000000000
60540  43.195  -26.623  31.027 0.0000000000
59451  43.698  -27.815  29.932 0.0000000000
60572  43.309  -27.324  29.553 0.0000000000
59546  41.021  -28.115  25.208 0.0000000000
59523  42.100  -28.382  26.181 0.0000000000
58546  41.685  -29.229  25.452 0.0000000000
57524  41.936  -30.648  25.512 0.0000000000
57532  41.285  -30.989  24.645 0.0000000000
56440  40.850  -31.697  24.218 0.0000000000
57564  38.291  -30.270  22.441 0.0000000000
56473  39.499  -31.458  22.615 0.0000000000
56407  37.203  -31.361  27.442 0.0000000000
57512  36.716  -30.654  26.068 0.0000000000
56421  36.451  -31.402  25.992 0.0000000000
55316  35.127  -32.353  22.973 0.0000000000
50416  42.569  -36.166  33.147 0.0000000000
50418  41.651  -36.226  32.506 0.0000000000
49322  41.872  -37.582  32.076 0.0000000000
47078  39.055  -39.509  29.890 0.0000000000
48257  38.728  -38.602  30.052 0.0000000000
48258  37.879  -38.551  29.459 0.0000000000
49351  36.794  -37.614  28.593 0.0000000000
47089  36.238  -39.272  28.330 0.0000000000
42080  39.458  -43.744  28.110 0.0000000000
42069  39.218  -43.323  28.455 0.0000000000
42082  37.738  -43.207  27.388 0.0000000000
43417  35.562  -41.987  26.337 0.0000000000
47100  34.767  -39.535  26.593 0.0000000000
71404  49.810  -18.878  19.334 0.0000000000
72678  49.945  -17.303  18.838 0.0000000000
61862  49.262  -25.855  16.449 0.0000000000
39565  28.345  -43.882  36.954 0.0000000000
39603  27.649  -43.805  35.871 0.0000000000
38421  27.131  -44.241  36.754 0.0000000000
38423  25.909  -44.634  36.985 0.0000000000
39568  24.152  -44.415  37.309 0.0000000000
39541  29.546  -43.763  37.841 0.0000000000
56224  39.407  -31.676  38.917 0.0000000000
57301  39.215  -30.276  40.136 0.0000000000
58347  38.929  -30.636  38.912 0.0000000000
59351  38.904  -30.021  38.601 0.0000000000
58365  39.386  -29.697  37.910 0.0000000000
59361  38.838  -28.750  37.642 0.0000000000
57357  39.610  -30.346  36.529 0.0000000000
57383  39.843  -30.924  35.321 0.0000000000
56327  39.305  -31.615  33.521 0.0000000000
56355  38.788  -31.805  31.248 0.0000000000
55176  39.479  -32.545  32.770 0.0000000000
53907  39.427  -33.701  31.677 0.0000000000
52668  39.362  -34.769  31.456 0.0000000000
39664  37.661  -45.637  29.363 0.0000000000
38492  39.782  -46.610  29.622 0.0000000000
37256  39.143  -47.821  29.457 0.0000000000
66642  52.440  -22.616  21.086 0.0000000000
66643  51.324  -22.312  20.989 0.0000000000
65332  51.164  -23.841  20.686 0.0000000000
64059  50.289  -24.467  19.607 0.0000000000
45959  31.532  -40.702  27.495 0.0000000000
45993  31.250  -41.022  25.862 0.0000000000
45977  30.929  -40.374  26.623 0.0000000000
45978  29.718  -39.901  26.834 0.0000000000
44765  27.817  -40.053  27.105 0.0000000000
43321  24.072  -42.609  32.174 0.0000000000
44661  24.427  -41.469  30.533 0.0000000000
44663  22.891  -41.534  30.935 0.0000000000
44681  22.231  -41.317  30.237 0.0000000000
43382  18.294  -42.185  29.560 0.0000000000
50306  38.292  -35.959  38.750 0.0000000000
50316  38.952  -35.187  37.600 0.0000000000
51431  39.458  -34.889  36.277 0.0000000000
50327  38.518  -35.857  37.003 0.0000000000
50347  37.577  -35.691  35.756 0.0000000000
50370  37.074  -36.260  34.476 0.0000000000
45870  33.075  -40.410  34.331 0.0000000000
47042  33.995  -39.010  33.473 0.0000000000
47044  32.564  -39.570  32.726 0.0000000000
48253  32.950  -38.644  30.786 0.0000000000
47080  33.981  -39.620  29.682 0.0000000000
44671  34.515  -41.290  29.925 0.0000000000
45944  33.421  -40.948  28.682 0.0000000000
45946  31.782  -40.582  28.471 0.0000000000
61805  46.432  -26.379  20.537 0.0000000000
61838  45.591  -25.791  18.466 0.0000000000
61839  44.583  -26.381  18.674 0.0000000000
60741  43.550  -27.068  17.516 0.0000000000
41890  15.982  -43.655  40.710 0.0000000000
40726  15.395  -43.933  38.682 0.0000000000
41947  15.453  -43.668  36.606 0.0000000000
43251  14.830  -42.724  37.959 0.0000000000
62841  52.650  -25.917  23.709 0.0000000000
60650  52.182  -27.498  23.885 0.0000000000
61747  52.027  -27.216  24.634 0.0000000000
60633  51.270  -27.958  25.448 0.0000000000
59538  50.339  -28.521  25.745 0.0000000000
60557  48.187  -28.154  30.250 0.0000000000
58459  48.246  -28.955  28.569 0.0000000000
58442  48.117  -29.639  30.133 0.0000000000
57451  47.610  -30.538  29.094 0.0000000000
58483  46.516  -29.667  28.194 0.0000000000
58505  45.198  -29.696  27.211 0.0000000000
57468  45.668  -29.981  28.287 0.0000000000
57454  44.727  -29.775  28.803 0.0000000000
58484  44.359  -29.497  28.670 0.0000000000
61613  38.507  -26.203  33.261 0.0000000000
62711  39.125  -25.285  33.378 0.0000000000
61631  39.312  -25.622  32.014 0.0000000000
61662  40.430  -25.750  30.904 0.0000000000
61676  40.847  -25.778  29.873 0.0000000000
60589  41.904  -26.644  28.350 0.0000000000
61705  40.445  -26.448  27.907 0.0000000000
60621  40.304  -26.902  26.226 0.0000000000
59569  40.467  -28.367  24.656 0.0000000000
57534  39.997  -29.798  23.720 0.0000000000
59571  38.575  -28.073  23.961 0.0000000000
59592  38.095  -28.228  23.253 0.0000000000
59610  37.241  -29.128  22.885 0.0000000000
54013  36.274  -33.621  27.007 0.0000000000
55269  36.051  -32.425  26.246 0.0000000000
54031  35.235  -33.613  25.470 0.0000000000
54032  34.607  -33.819  25.026 0.0000000000
52788  33.507  -34.684  23.635 0.0000000000
47038  42.022  -39.427  32.924 0.0000000000
48236  41.298  -38.592  31.688 0.0000000000
47066  41.128  -39.620  31.643 0.0000000000
45911  39.605  -40.500  30.303 0.0000000000
44691  38.673  -41.434  29.517 0.0000000000
42108  37.700  -43.894  25.604 0.0000000000
43446  37.074  -43.182  24.078 0.0000000000
76501  54.652  -14.455  17.455 0.0000000000
76502  53.562  -14.648  17.323 0.0000000000
75195  51.560  -15.312  17.511 0.0000000000
44643  30.093  -41.648  32.224 0.0000000000
44657  29.151  -41.392  31.321 0.0000000000
43342  28.489  -41.826  32.056 0.0000000000
43317  27.948  -42.486  32.675 0.0000000000
42003  26.227  -42.970  32.982 0.0000000000
40804  26.981  -43.692  35.376 0.0000000000
41981  26.252  -43.076  33.877 0.0000000000
42004  25.374  -42.975  32.776 0.0000000000
41984  23.515  -43.216  33.577 0.0000000000
41985  22.468  -43.290  33.717 0.0000000000
41967  21.607  -43.738  34.280 0.0000000000
45808  35.425  -40.270  38.623 0.0000000000
46955  35.815  -38.783  37.421 0.0000000000
44568  35.436  -41.071  38.053 0.0000000000
43257  34.602  -41.707  37.327 0.0000000000
44600  33.808  -41.351  35.945 0.0000000000
40750  32.142  -43.309  37.465 0.0000000000
43260  32.933  -42.337  36.162 0.0000000000
43280  33.059  -41.599  35.129 0.0000000000
44614  31.823  -41.268  34.069 0.0000000000
44628  30.956  -41.665  33.266 0.0000000000
59621  42.706  -29.103  21.713 0.0000000000
59631  41.839  -28.724  20.327 0.0000000000
58600  41.791  -30.071  21.192 0.0000000000
62797  50.926  -25.072  27.651 0.0000000000
61659  48.750  -26.318  30.606 0.0000000000
61643  47.896  -26.835  31.654 0.0000000000
60536  47.377  -27.817  31.850 0.0000000000
59415  46.549  -28.149  32.276 0.0000000000
62647  39.398  -24.917  37.041 0.0000000000
62679  38.910  -25.585  35.449 0.0000000000
59385  38.593  -28.641  35.657 0.0000000000
60461  38.556  -27.397  35.574 0.0000000000
61593  38.760  -26.608  33.936 0.0000000000
60519  38.452  -27.145  32.671 0.0000000000
59433  37.821  -28.188  31.303 0.0000000000
58463  37.855  -28.947  29.264 0.0000000000
58509  37.621  -29.458  27.929 0.0000000000
58488  37.662  -29.591  28.818 0.0000000000
56381  37.530  -30.978  29.023 0.0000000000
55237  37.708  -32.021  28.618 0.0000000000
55206  38.430  -32.405  30.163 0.0000000000
55223  37.691  -32.463  29.145 0.0000000000
55239  36.804  -32.883  28.118 0.0000000000
54012  36.720  -34.067  27.399 0.0000000000
51607  36.298  -35.101  26.901 0.0000000000
51591  35.472  -36.206  27.059 0.0000000000
41998  39.945  -43.588  31.777 0.0000000000
42042  41.108  -43.382  30.825 0.0000000000
40858  40.857  -44.146  30.723 0.0000000000
40876  40.187  -44.548  28.557 0.0000000000
40887  40.180  -45.024  27.317 0.0000000000
38491  40.363  -46.709  29.121 0.0000000000
39684  40.430  -45.887  27.076 0.0000000000
72658  53.410  -17.951  19.213 0.0000000000
72675  53.148  -17.177  18.784 0.0000000000
71401  52.655  -18.452  19.727 0.0000000000
70184  51.081  -19.064  20.209 0.0000000000
68976  49.389  -20.555  19.942 0.0000000000
67802  50.762  -21.482  20.738 0.0000000000
67803  49.747  -21.515  20.340 0.0000000000
44697  27.699  -41.362  29.558 0.0000000000
44722  27.211  -40.936  28.774 0.0000000000
45962  25.976  -39.774  27.355 0.0000000000
44700  24.599  -41.161  29.302 0.0000000000
44748  24.600  -40.350  27.620 0.0000000000
55042  38.384  -31.959  39.600 0.0000000000
55067  39.908  -32.692  38.758 0.0000000000
55089  41.724  -32.827  37.271 0.0000000000
55139  41.790  -33.417  35.591 0.0000000000
53868  42.105  -33.941  34.450 0.0000000000
52612  42.245  -34.399  34.451 0.0000000000
50365  42.319  -35.716  34.004 0.0000000000
49276  42.143  -37.366  33.183 0.0000000000
51465  40.646  -35.452  35.011 0.0000000000
49255  41.197  -36.896  34.015 0.0000000000
48197  41.776  -38.398  33.343 0.0000000000
47021  41.221  -39.388  33.355 0.0000000000
45879  40.589  -40.412  33.232 0.0000000000
43292  40.302  -42.084  33.038 0.0000000000
48157  35.914  -38.281  35.858 0.0000000000
49234  36.059  -37.294  35.487 0.0000000000
49281  37.068  -37.300  33.113 0.0000000000
48201  35.160  -38.188  33.100 0.0000000000
49307  36.522  -37.688  32.777 0.0000000000
48221  37.923  -38.553  32.177 0.0000000000
47025  38.431  -39.961  32.260 0.0000000000
44626  38.416  -40.954  32.651 0.0000000000
43312  38.677  -42.567  32.540 0.0000000000
42000  38.011  -43.458  32.227 0.0000000000
40837  37.468  -44.470  31.809 0.0000000000
39654  36.533  -44.660  30.607 0.0000000000
42029  34.757  -42.712  29.922 0.0000000000
40859  35.754  -43.901  30.350 0.0000000000
39665  36.743  -44.902  29.617 0.0000000000
39676  35.874  -44.714  28.686 0.0000000000
61818  49.735  -26.109  19.185 0.0000000000
61834  49.625  -26.153  18.188 0.0000000000
61835  48.842  -26.244  18.299 0.0000000000
61852  45.521  -26.039  17.381 0.0000000000
61878  45.640  -26.421  15.513 0.0000000000
58622  41.946  -29.119  18.622 0.0000000000
43236  24.863  -42.551  38.438 0.0000000000
41922  23.481  -43.394  38.036 0.0000000000
39569  23.245  -44.442  37.661 0.0000000000
38404  22.228  -45.219  38.948 0.0000000000
38426  22.187  -45.303  37.449 0.0000000000
39588  22.041  -45.063  36.618 0.0000000000
39610  20.806  -44.682  36.272 0.0000000000
40811  19.980  -43.954  35.073 0.0000000000
38373  18.671  -46.218  40.094 0.0000000000
39551  18.715  -45.125  38.167 0.0000000000
40773  18.592  -44.385  36.190 0.0000000000
41970  18.849  -43.938  34.246 0.0000000000
41989  18.360  -43.794  33.602 0.0000000000
72673  55.185  -17.434  18.840 0.0000000000
72657  54.489  -18.070  19.287 0.0000000000
70182  54.360  -19.379  19.665 0.0000000000
68954  54.497  -20.666  19.830 0.0000000000
70179  56.043  -19.903  19.571 0.0000000000
67798  55.091  -21.516  19.871 0.0000000000
67799  54.112  -21.611  20.440 0.0000000000
65330  53.159  -23.620  20.873 0.0000000000
64034  53.669  -24.435  20.609 0.0000000000
61798  53.273  -25.506  20.607 0.0000000000
62878  54.649  -24.947  21.071 0.0000000000
61784  53.416  -25.810  20.905 0.0000000000
61800  51.664  -26.351  20.032 0.0000000000
61801  50.702  -26.645  20.041 0.0000000000
61802  49.665  -26.454  20.167 0.0000000000
61789  48.451  -26.394  21.436 0.0000000000
60688  50.746  -27.066  22.955 0.0000000000
61773  49.325  -26.908  22.352 0.0000000000
61790  47.343  -26.552  21.701 0.0000000000
61791  46.318  -26.759  21.416 0.0000000000
60703  45.244  -27.428  21.707 0.0000000000
60704  44.140  -28.092  21.947 0.0000000000
61718  50.518  -26.857  26.513 0.0000000000
60616  50.396  -27.962  26.603 0.0000000000
58539  49.719  -28.910  26.254 0.0000000000
58500  49.295  -29.057  27.482 0.0000000000
59517  49.042  -28.859  26.328 0.0000000000
59540  48.413  -28.554  25.688 0.0000000000
59588  46.710  -28.098  23.987 0.0000000000
60675  45.479  -27.845  23.906 0.0000000000
60694  44.320  -28.261  22.680 0.0000000000
59607  43.233  -28.887  23.069 0.0000000000
58577  42.837  -29.856  23.801 0.0000000000
58543  44.527  -29.575  25.712 0.0000000000
57522  43.756  -30.691  25.654 0.0000000000
60497  45.854  -27.203  33.690 0.0000000000
60516  45.482  -27.327  32.873 0.0000000000
63809  43.432  -24.430  35.073 0.0000000000
62694  41.385  -25.100  34.211 0.0000000000
62693  42.593  -25.152  33.848 0.0000000000
62692  43.859  -25.246  33.881 0.0000000000
61610  44.330  -25.974  33.231 0.0000000000
60517  44.728  -27.148  32.384 0.0000000000
59431  45.350  -28.280  31.223 0.0000000000
59450  44.323  -28.109  30.262 0.0000000000
59487  44.080  -29.212  28.593 0.0000000000
58506  43.512  -29.445  27.925 0.0000000000
60604  43.086  -27.606  27.230 0.0000000000
59505  43.217  -28.901  27.305 0.0000000000
57493  42.884  -30.355  26.965 0.0000000000
57510  42.424  -30.849  26.366 0.0000000000
56457  39.972  -31.146  23.116 0.0000000000
54063  39.451  -33.775  23.194 0.0000000000
58526  37.108  -29.407  26.855 0.0000000000
58565  36.612  -29.957  24.737 0.0000000000
57566  35.984  -30.319  22.589 0.0000000000
56442  35.609  -31.998  24.534 0.0000000000
57552  35.444  -31.116  23.133 0.0000000000
52648  41.111  -35.265  33.008 0.0000000000
51531  40.424  -35.648  32.104 0.0000000000
50454  39.616  -36.675  30.993 0.0000000000
49335  40.286  -37.676  31.321 0.0000000000
49345  39.359  -37.200  30.531 0.0000000000
50469  38.475  -36.539  29.792 0.0000000000
50482  37.084  -36.758  28.786 0.0000000000
50495  36.221  -36.816  27.700 0.0000000000
49359  35.314  -37.633  27.010 0.0000000000
43373  40.360  -42.675  29.533 0.0000000000
43375  38.687  -42.073  29.159 0.0000000000
44738  37.455  -41.436  28.164 0.0000000000
42093  36.596  -42.783  26.537 0.0000000000
44758  36.351  -41.602  27.003 0.0000000000
45957  36.604  -40.456  27.871 0.0000000000
47099  35.316  -39.524  27.258 0.0000000000
48275  35.062  -38.626  26.882 0.0000000000
72676  52.094  -17.117  18.777 0.0000000000
73929  50.794  -16.608  18.325 0.0000000000
73946  49.614  -16.336  17.511 0.0000000000
61833  50.064  -25.739  18.308 0.0000000000
55122  41.852  -32.905  36.108 0.0000000000
56295  41.491  -32.664  36.463 0.0000000000
55123  41.427  -32.690  36.057 0.0000000000
55124  40.709  -32.493  35.878 0.0000000000
55141  41.154  -33.086  35.272 0.0000000000
53851  40.951  -33.442  34.523 0.0000000000
61815  51.979  -25.546  19.759 0.0000000000
62893  51.598  -25.234  19.544 0.0000000000
61816  51.352  -25.843  19.259 0.0000000000
45918  30.250  -40.281  30.575 0.0000000000
45934  29.631  -40.536  29.934 0.0000000000
42007  21.127  -43.037  33.032 0.0000000000
42008  20.132  -42.855  33.056 0.0000000000
43325  19.883  -42.571  32.176 0.0000000000
48093  35.405  -39.195  39.229 0.0000000000
48068  35.071  -38.685  39.540 0.0000000000
48067  35.833  -38.223  39.299 0.0000000000
48091  36.393  -38.118  38.730 0.0000000000
46954  36.319  -38.324  37.672 0.0000000000
45901  30.265  -40.790  31.532 0.0000000000
45900  31.007  -40.163  31.083 0.0000000000
60714  43.328  -27.945  21.081 0.0000000000
60725  43.446  -27.337  20.019 0.0000000000
60715  42.709  -27.852  20.313 0.0000000000
62822  50.955  -25.575  25.894 0.0000000000
62810  50.890  -25.184  26.848 0.0000000000
58426  46.642  -29.257  30.777 0.0000000000
58427  46.084  -28.988  30.890 0.0000000000
58443  46.302  -29.473  30.510 0.0000000000
60591  38.264  -27.719  28.706 0.0000000000
60607  38.098  -27.755  27.743 0.0000000000
60624  37.778  -28.019  27.119 0.0000000000
60608  37.765  -28.212  27.538 0.0000000000
43309  41.247  -42.586  31.902 0.0000000000
75180  54.902  -15.915  18.274 0.0000000000
75181  54.239  -15.862  18.027 0.0000000000
73926  53.996  -16.541  18.319 0.0000000000
41955  29.077  -43.587  35.549 0.0000000000
40802  28.545  -43.650  35.512 0.0000000000
38441  24.533  -44.653  36.736 0.0000000000
38452  24.556  -44.572  36.341 0.0000000000
39608  23.861  -44.439  35.646 0.0000000000
38453  23.544  -44.763  36.320 0.0000000000
43193  32.981  -41.086  39.678 0.0000000000
41897  33.006  -42.317  38.844 0.0000000000
40781  29.534  -43.999  36.217 0.0000000000
41945  30.150  -43.887  36.368 0.0000000000
41954  29.880  -43.500  35.751 0.0000000000
41963  30.293  -42.902  35.004 0.0000000000
60390  38.636  -28.380  39.404 0.0000000000
61526  38.621  -27.459  38.813 0.0000000000
62629  38.610  -26.934  39.032 0.0000000000
60418  38.622  -28.050  38.167 0.0000000000
57410  38.848  -30.779  33.133 0.0000000000
57398  38.577  -30.089  33.563 0.0000000000
56342  38.576  -30.569  31.832 0.0000000000
56356  38.563  -30.901  31.266 0.0000000000
52687  38.382  -34.440  30.425 0.0000000000
39651  39.574  -45.709  30.368 0.0000000000
67774  52.690  -20.919  21.044 0.0000000000
68956  52.219  -20.504  20.729 0.0000000000
42085  32.976  -43.110  27.066 0.0000000000
44777  32.557  -41.917  26.365 0.0000000000
43345  25.955  -41.929  31.245 0.0000000000
43363  26.146  -41.688  30.295 0.0000000000
43364  25.611  -41.596  30.418 0.0000000000
45967  21.471  -40.121  27.308 0.0000000000
51403  39.527  -34.711  37.863 0.0000000000
52533  39.534  -34.672  38.489 0.0000000000
52556  40.695  -34.194  37.574 0.0000000000
51429  40.972  -34.550  36.705 0.0000000000
51430  40.121  -34.628  36.441 0.0000000000
50394  38.220  -36.277  33.368 0.0000000000
50393  39.010  -36.248  33.449 0.0000000000
49304  39.060  -36.891  32.903 0.0000000000
49280  39.065  -37.851  33.147 0.0000000000
49305  38.616  -37.496  32.736 0.0000000000
45868  34.256  -40.198  35.242 0.0000000000
47004  34.693  -39.450  35.066 0.0000000000
47005  33.999  -39.586  34.676 0.0000000000
47070  35.411  -39.412  30.472 0.0000000000
48250  35.599  -38.818  30.688 0.0000000000
45914  35.936  -40.102  30.495 0.0000000000
45897  36.684  -40.310  31.104 0.0000000000
45898  35.904  -40.921  30.713 0.0000000000
44653  35.994  -41.746  30.494 0.0000000000
44741  32.804  -41.884  27.789 0.0000000000
42072  33.428  -42.556  28.447 0.0000000000
43407  33.138  -42.539  27.541 0.0000000000
42084  33.435  -43.249  27.603 0.0000000000
61804  47.524  -26.194  20.417 0.0000000000
62896  47.140  -25.665  18.868 0.0000000000
37163  20.851  -46.425  40.723 0.0000000000
37177  19.917  -46.035  39.736 0.0000000000
37188  20.064  -45.600  38.947 0.0000000000
37178  19.183  -46.074  39.857 0.0000000000
40742  15.461  -44.300  38.063 0.0000000000
40741  16.332  -44.562  38.285 0.0000000000
40757  15.975  -44.609  37.409 0.0000000000
39577  16.300  -44.854  36.897 0.0000000000
39578  15.863  -44.819  36.737 0.0000000000
39616  16.382  -44.574  35.712 0.0000000000
40774  15.974  -44.458  35.925 0.0000000000
72640  56.198  -17.497  19.507 0.0000000000
72641  55.938  -17.743  19.814 0.0000000000
67772  55.373  -21.461  21.044 0.0000000000
65304  55.288  -23.226  20.746 0.0000000000
66620  55.188  -22.450  21.421 0.0000000000
62840  53.485  -25.822  23.166 0.0000000000
60668  52.105  -27.055  23.127 0.0000000000
60672  48.105  -27.898  23.497 0.0000000000
60654  48.454  -27.978  24.176 0.0000000000
61673  49.408  -26.772  29.642 0.0000000000
60585  48.666  -27.445  27.901 0.0000000000
59503  46.621  -28.808  27.124 0.0000000000
59502  47.159  -28.724  27.099 0.0000000000
59520  46.363  -28.406  26.477 0.0000000000
59542  46.497  -28.063  25.516 0.0000000000
59521  45.678  -28.837  26.294 0.0000000000
56404  43.190  -31.137  26.557 0.0000000000
62678  39.694  -24.618  35.075 0.0000000000
62756  42.092  -25.721  30.681 0.0000000000
62737  41.898  -25.771  31.223 0.0000000000
61661  42.485  -26.233  30.825 0.0000000000
60541  42.767  -26.415  30.923 0.0000000000
60560  42.898  -26.606  30.432 0.0000000000
60573  42.738  -26.728  29.627 0.0000000000
58547  40.976  -28.733  24.838 0.0000000000
58560  41.320  -30.138  24.677 0.0000000000
57533  40.479  -30.581  24.000 0.0000000000
56474  38.509  -31.413  22.208 0.0000000000
56475  37.424  -31.258  21.784 0.0000000000
56420  36.901  -31.313  26.589 0.0000000000
55268  36.603  -31.781  26.462 0.0000000000
49302  42.186  -37.439  32.595 0.0000000000
49303  42.051  -37.091  32.483 0.0000000000
49321  42.241  -37.985  32.247 0.0000000000
45928  38.103  -40.401  29.349 0.0000000000
47079  38.401  -39.486  29.575 0.0000000000
47087  37.639  -39.484  29.048 0.0000000000
47088  36.836  -39.460  28.569 0.0000000000
40889  38.784  -44.018  27.167 0.0000000000
42081  38.701  -43.482  27.738 0.0000000000
42091  38.217  -43.755  26.721 0.0000000000
71420  49.003  -18.357  19.245 0.0000000000
38400  27.934  -43.717  37.305 0.0000000000
38437  27.603  -43.772  36.739 0.0000000000
39543  27.757  -43.930  37.824 0.0000000000
40738  26.152  -44.010  38.043 0.0000000000
39545  26.023  -44.364  37.676 0.0000000000
40753  25.487  -44.122  37.766 0.0000000000
39567  25.349  -44.443  37.366 0.0000000000
40754  24.685  -44.079  37.569 0.0000000000
39509  28.512  -43.189  38.575 0.0000000000
39523  29.175  -43.562  38.288 0.0000000000
39524  28.537  -43.627  38.271 0.0000000000
39564  29.221  -44.212  37.381 0.0000000000
56223  39.665  -31.636  38.602 0.0000000000
57299  39.433  -31.304  38.665 0.0000000000
57313  39.673  -31.246  38.288 0.0000000000
58364  39.658  -30.494  37.991 0.0000000000
59352  38.788  -29.434  38.515 0.0000000000
58373  39.764  -30.562  37.370 0.0000000000
57343  39.730  -30.516  37.053 0.0000000000
57342  39.911  -30.710  37.111 0.0000000000
56310  39.839  -31.626  34.511 0.0000000000
56311  39.205  -31.233  34.231 0.0000000000
56326  39.817  -32.038  33.850 0.0000000000
55160  39.761  -32.373  33.484 0.0000000000
52631  40.740  -34.117  33.019 0.0000000000
53906  40.073  -34.168  32.167 0.0000000000
52667  39.930  -34.765  31.932 0.0000000000
39674  37.318  -45.804  28.807 0.0000000000
38494  38.106  -46.646  29.122 0.0000000000
65331  52.007  -23.679  20.918 0.0000000000
64036  51.666  -24.348  20.370 0.0000000000
62894  50.876  -25.039  19.366 0.0000000000
45960  30.720  -40.299  27.683 0.0000000000
44763  29.140  -40.360  27.769 0.0000000000
44764  28.618  -40.350  27.348 0.0000000000
45979  28.593  -39.763  26.305 0.0000000000
44745  27.876  -40.431  28.065 0.0000000000
43347  23.526  -41.935  31.548 0.0000000000
44665  21.293  -41.815  31.181 0.0000000000
44664  21.931  -41.641  31.091 0.0000000000
44682  21.092  -41.514  30.519 0.0000000000
44703  21.546  -41.011  29.496 0.0000000000
44704  20.459  -41.165  29.568 0.0000000000
44729  19.622  -40.802  28.661 0.0000000000
44683  20.140  -41.529  30.319 0.0000000000
43367  18.977  -42.076  30.508 0.0000000000
43368  17.913  -42.784  30.662 0.0000000000
49159  36.671  -36.546  40.335 0.0000000000
49187  37.457  -37.139  38.410 0.0000000000
50307  37.745  -36.265  39.218 0.0000000000
50318  38.059  -36.430  38.549 0.0000000000
50317  38.514  -35.964  38.099 0.0000000000
49215  37.237  -37.253  36.275 0.0000000000
49214  37.519  -36.441  36.045 0.0000000000
49232  37.267  -36.253  35.738 0.0000000000
51469  37.562  -35.513  34.684 0.0000000000
50348  37.028  -36.058  35.294 0.0000000000
45884  32.547  -40.525  33.465 0.0000000000
47028  33.051  -39.843  33.368 0.0000000000
47073  32.184  -39.113  31.113 0.0000000000
48243  32.804  -38.821  31.657 0.0000000000
48259  33.564  -38.868  29.981 0.0000000000
47081  33.314  -39.298  29.563 0.0000000000
45931  32.557  -40.025  29.215 0.0000000000
44718  32.050  -41.022  27.988 0.0000000000
61806  45.385  -26.861  20.736 0.0000000000
61822  45.470  -26.286  19.592 0.0000000000
61823  44.286  -26.660  19.797 0.0000000000
60733  42.965  -27.496  18.776 0.0000000000
61840  43.745  -26.747  18.684 0.0000000000
59654  43.056  -28.068  17.793 0.0000000000
59665  43.408  -28.121  16.905 0.0000000000
43223  15.723  -43.158  40.274 0.0000000000
41908  15.956  -43.532  39.844 0.0000000000
41909  15.296  -43.511  39.140 0.0000000000
41923  15.016  -43.532  38.392 0.0000000000
62842  52.530  -26.709  24.227 0.0000000000
62833  51.789  -25.913  24.808 0.0000000000
59537  50.954  -28.392  25.263 0.0000000000
60634  50.624  -28.165  26.076 0.0000000000
59448  47.893  -28.791  29.765 0.0000000000
57437  47.366  -30.505  29.921 0.0000000000
56367  47.837  -30.448  29.968 0.0000000000
57467  46.950  -30.174  28.582 0.0000000000
58461  45.361  -29.348  29.555 0.0000000000
57453  45.428  -29.955  29.165 0.0000000000
57469  44.396  -29.930  28.145 0.0000000000
61632  38.812  -26.009  32.210 0.0000000000
61649  38.803  -26.316  31.097 0.0000000000
61677  39.494  -26.368  29.498 0.0000000000
61663  39.686  -26.093  30.527 0.0000000000
61690  40.535  -26.434  28.837 0.0000000000
60622  39.251  -27.082  26.213 0.0000000000
61721  39.699  -26.757  26.796 0.0000000000
60639  39.944  -27.163  25.628 0.0000000000
59547  40.060  -27.595  24.936 0.0000000000
59570  39.656  -28.289  24.313 0.0000000000
59548  38.954  -27.581  24.800 0.0000000000
59593  37.360  -28.800  23.424 0.0000000000
54014  35.764  -33.607  26.168 0.0000000000
52771  34.144  -34.475  24.782 0.0000000000
52787  33.907  -34.242  24.118 0.0000000000
52772  33.652  -34.785  24.340 0.0000000000
47054  41.617  -39.330  32.286 0.0000000000
45895  41.392  -40.382  31.921 0.0000000000
45910  40.523  -40.566  30.697 0.0000000000
44669  39.305  -41.296  30.163 0.0000000000
45912  39.106  -40.819  30.197 0.0000000000
73943  53.103  -15.910  17.904 0.0000000000
75194  52.723  -15.370  17.735 0.0000000000
75183  51.976  -15.859  17.916 0.0000000000
44644  29.251  -41.896  31.988 0.0000000000
43316  29.079  -42.186  32.646 0.0000000000
42001  27.852  -42.916  33.413 0.0000000000
42002  27.086  -42.882  33.246 0.0000000000
43318  26.942  -42.522  32.459 0.0000000000
39604  26.952  -44.317  35.978 0.0000000000
40784  27.285  -43.954  35.670 0.0000000000
39622  26.736  -44.248  35.709 0.0000000000
40806  25.466  -44.110  34.944 0.0000000000
40823  26.203  -43.548  34.575 0.0000000000
40824  25.428  -43.651  34.304 0.0000000000
41982  25.406  -43.238  33.598 0.0000000000
41983  24.487  -43.225  33.421 0.0000000000
40825  24.564  -43.753  34.109 0.0000000000
39626  22.895  -44.482  35.227 0.0000000000
40827  23.020  -43.535  34.069 0.0000000000
40809  22.399  -44.086  34.662 0.0000000000
43192  33.497  -41.072  39.504 0.0000000000
44510  33.237  -40.456  39.998 0.0000000000
44535  34.088  -40.648  39.348 0.0000000000
45796  34.916  -40.252  39.087 0.0000000000
45795  35.589  -40.972  38.629 0.0000000000
45822  35.501  -40.922  38.520 0.0000000000
44533  35.964  -41.831  39.143 0.0000000000
43248  34.436  -42.259  37.684 0.0000000000
43247  34.837  -42.040  37.795 0.0000000000
41940  34.172  -42.164  37.200 0.0000000000
43258  34.116  -41.827  36.933 0.0000000000
43259  33.474  -41.976  36.621 0.0000000000
39539  30.933  -43.020  37.681 0.0000000000
40733  31.769  -43.183  38.093 0.0000000000
39561  31.421  -43.177  37.642 0.0000000000
41943  32.075  -42.876  36.109 0.0000000000
43271  32.686  -42.288  35.491 0.0000000000
44613  32.590  -41.097  34.712 0.0000000000
43281  32.232  -41.967  34.831 0.0000000000
43295  30.294  -42.274  33.580 0.0000000000
43294  30.915  -41.995  33.953 0.0000000000
44629  30.292  -41.930  32.987 0.0000000000
58599  42.205  -29.433  21.128 0.0000000000
61642  48.708  -26.881  31.040 0.0000000000
62736  47.887  -26.249  31.705 0.0000000000
61625  47.467  -26.943  32.676 0.0000000000
60514  46.821  -27.436  33.022 0.0000000000
58349  39.303  -29.639  40.283 0.0000000000
62648  38.727  -25.779  37.495 0.0000000000
62664  38.806  -25.618  36.551 0.0000000000
61567  38.645  -26.564  36.077 0.0000000000
58383  39.140  -29.589  36.230 0.0000000000
59373  38.848  -28.667  36.779 0.0000000000
59386  38.501  -28.725  34.776 0.0000000000
59396  38.605  -27.900  34.883 0.0000000000
60479  38.673  -27.104  34.961 0.0000000000
60480  38.701  -27.246  34.323 0.0000000000
60498  38.575  -27.264  33.555 0.0000000000
59406  38.304  -28.139  33.095 0.0000000000
58445  37.820  -29.275  30.985 0.0000000000
59452  37.649  -28.456  30.210 0.0000000000
59453  37.574  -28.986  29.930 0.0000000000
57441  37.574  -29.890  29.996 0.0000000000
56391  37.518  -31.390  28.484 0.0000000000
56390  37.770  -31.840  28.887 0.0000000000
56369  38.692  -32.039  30.715 0.0000000000
55224  37.405  -32.828  28.735 0.0000000000
53975  37.071  -33.368  28.257 0.0000000000
53994  36.716  -33.535  27.698 0.0000000000
53993  37.115  -34.113  27.820 0.0000000000
51589  36.718  -35.153  27.493 0.0000000000
51590  36.113  -35.935  27.412 0.0000000000
40834  39.720  -44.211  31.728 0.0000000000
42024  40.192  -44.023  31.579 0.0000000000
40843  40.496  -44.767  31.190 0.0000000000
37255  39.842  -47.767  29.329 0.0000000000
40897  40.311  -45.170  26.279 0.0000000000
71400  53.734  -18.835  19.737 0.0000000000
70158  50.783  -19.849  20.492 0.0000000000
70185  50.126  -19.558  19.920 0.0000000000
66623  50.615  -22.991  20.760 0.0000000000
66644  50.311  -22.599  20.499 0.0000000000
66645  49.559  -22.172  20.066 0.0000000000
44779  31.083  -41.840  25.495 0.0000000000
46009  30.376  -40.942  24.988 0.0000000000
44675  28.285  -41.345  30.378 0.0000000000
44746  26.800  -40.321  27.640 0.0000000000
44747  25.617  -40.457  27.754 0.0000000000
44679  24.116  -41.292  29.996 0.0000000000
47094  23.390  -39.715  26.785 0.0000000000
44749  23.682  -40.348  27.763 0.0000000000
45984  23.690  -39.868  26.628 0.0000000000
51368  37.788  -35.428  41.040 0.0000000000
52478  38.099  -35.117  40.375 0.0000000000
53785  38.753  -33.733  39.605 0.0000000000
53769  38.392  -33.472  39.837 0.0000000000
53768  38.877  -32.933  39.671 0.0000000000
55053  39.500  -32.300  38.946 0.0000000000
52554  41.722  -33.934  37.061 0.0000000000
53810  41.892  -33.300  37.264 0.0000000000
53821  42.057  -33.218  36.824 0.0000000000
55103  42.043  -33.075  36.650 0.0000000000
53835  41.807  -33.426  36.040 0.0000000000
53849  41.977  -33.704  35.235 0.0000000000
52594  42.031  -34.037  35.236 0.0000000000
51463  42.154  -35.077  34.299 0.0000000000
50391  42.162  -36.400  33.651 0.0000000000
50392  41.641  -36.548  33.994 0.0000000000
51447  40.038  -34.955  35.605 0.0000000000
51466  39.806  -35.652  34.948 0.0000000000
49257  39.958  -37.036  34.158 0.0000000000
49256  40.636  -36.918  34.157 0.0000000000
49278  40.896  -37.446  33.921 0.0000000000
49277  41.553  -37.344  33.648 0.0000000000
48198  40.811  -38.326  33.665 0.0000000000
47020  42.212  -39.346  33.047 0.0000000000
47023  39.452  -39.536  32.990 0.0000000000
44624  39.953  -41.346  33.163 0.0000000000
46972  35.549  -38.807  36.554 0.0000000000
49259  35.152  -37.863  34.943 0.0000000000
49235  35.583  -37.976  35.497 0.0000000000
49258  35.935  -37.222  34.506 0.0000000000
49282  36.369  -37.334  33.605 0.0000000000
48223  35.596  -37.973  32.244 0.0000000000
48222  36.744  -38.229  32.128 0.0000000000
48238  37.602  -39.128  31.712 0.0000000000
44639  37.830  -41.357  31.931 0.0000000000
44638  38.205  -41.996  32.435 0.0000000000
41999  38.959  -43.575  32.303 0.0000000000
42026  36.465  -43.400  31.360 0.0000000000
40847  36.831  -44.111  31.450 0.0000000000
39644  37.175  -44.675  31.259 0.0000000000
39645  36.333  -44.502  31.159 0.0000000000
44672  34.093  -41.682  29.507 0.0000000000
44655  34.807  -41.989  29.744 0.0000000000
43341  34.541  -42.293  29.612 0.0000000000
42058  34.748  -42.938  28.711 0.0000000000
42045  34.854  -43.085  29.700 0.0000000000
42057  35.265  -43.280  29.265 0.0000000000
39666  36.160  -44.320  29.966 0.0000000000
40869  35.659  -43.846  29.195 0.0000000000
40878  35.386  -44.240  28.613 0.0000000000
62917  47.445  -25.652  17.798 0.0000000000
61850  48.044  -25.983  17.579 0.0000000000
62930  47.385  -25.641  17.151 0.0000000000
61879  45.111  -26.309  15.909 0.0000000000
58614  41.600  -29.291  19.456 0.0000000000
59638  41.682  -28.723  19.677 0.0000000000
58623  41.691  -29.222  19.034 0.0000000000
43218  24.679  -41.956  39.123 0.0000000000
41904  23.033  -43.164  39.056 0.0000000000
40723  22.704  -44.163  38.839 0.0000000000
40739  23.174  -44.184  38.109 0.0000000000
37185  21.822  -45.425  38.773 0.0000000000
37196  22.239  -45.157  38.072 0.0000000000
37197  21.919  -45.305  38.164 0.0000000000
39570  21.849  -45.323  37.119 0.0000000000
38427  21.174  -45.355  37.681 0.0000000000
38429  19.761  -45.612  37.890 0.0000000000
39572  20.031  -44.883  37.305 0.0000000000
39590  20.130  -44.667  36.850 0.0000000000
40790  20.205  -44.415  35.599 0.0000000000
39612  19.609  -44.534  36.138 0.0000000000
38362  17.357  -45.670  40.610 0.0000000000
39513  17.475  -45.762  39.908 0.0000000000
38374  17.859  -46.197  40.175 0.0000000000
38390  17.887  -45.888  39.209 0.0000000000
38409  18.056  -45.335  38.657 0.0000000000
38410  17.688  -45.113  38.590 0.0000000000
39614  17.421  -44.566  36.046 0.0000000000
39613  18.006  -44.397  36.309 0.0000000000
40792  18.263  -44.279  35.631 0.0000000000
40812  19.082  -44.393  34.866 0.0000000000
40813  18.195  -44.252  34.724 0.0000000000
41971  18.362  -44.134  34.159 0.0000000000
40828  17.987  -44.270  34.147 0.0000000000
40838  17.257  -44.211  33.205 0.0000000000
43272  15.641  -43.175  35.485 0.0000000000
73924  55.775  -16.760  18.592 0.0000000000
72672  55.950  -17.502  18.779 0.0000000000
71398  55.511  -19.051  19.479 0.0000000000
71399  54.785  -18.917  19.508 0.0000000000
70181  54.843  -19.951  19.382 0.0000000000
70154  54.452  -20.161  19.692 0.0000000000
68975  54.986  -20.609  19.473 0.0000000000
71374  56.012  -19.029  20.257 0.0000000000
70152  56.106  -19.788  20.136 0.0000000000
67822  55.614  -21.166  19.723 0.0000000000
66641  53.620  -22.621  20.588 0.0000000000
64033  54.570  -24.223  20.777 0.0000000000
62880  53.075  -25.158  20.512 0.0000000000
65278  54.629  -23.213  21.813 0.0000000000
63987  54.364  -24.191  22.139 0.0000000000
62865  54.101  -25.513  21.412 0.0000000000
61786  51.592  -26.401  21.111 0.0000000000
61787  50.574  -26.537  21.145 0.0000000000
61788  49.517  -26.518  21.273 0.0000000000
60669  51.390  -27.335  23.447 0.0000000000
60689  48.788  -27.214  22.583 0.0000000000
61758  49.702  -26.998  23.083 0.0000000000
61774  48.342  -26.715  22.328 0.0000000000
60673  46.956  -27.759  23.476 0.0000000000
60702  46.270  -27.178  21.962 0.0000000000
62785  50.463  -25.427  28.306 0.0000000000
62798  50.532  -25.779  27.224 0.0000000000
61702  50.091  -26.508  27.707 0.0000000000
59500  49.319  -28.239  27.326 0.0000000000
59499  50.026  -28.643  27.189 0.0000000000
59516  50.256  -28.651  26.540 0.0000000000
58538  50.054  -29.042  26.493 0.0000000000
58480  48.454  -29.529  28.177 0.0000000000
58479  48.494  -28.932  28.185 0.0000000000
58540  48.065  -28.817  26.215 0.0000000000
58519  48.511  -29.179  26.829 0.0000000000
59518  48.529  -28.855  26.300 0.0000000000
59564  47.805  -28.255  24.835 0.0000000000
59565  46.839  -28.270  24.709 0.0000000000
60656  45.643  -27.828  24.422 0.0000000000
60655  46.146  -27.893  24.273 0.0000000000
60693  45.095  -28.040  22.926 0.0000000000
59606  44.118  -28.333  23.358 0.0000000000
59619  43.859  -28.471  22.604 0.0000000000
59591  43.457  -28.782  24.188 0.0000000000
58523  44.858  -29.650  26.586 0.0000000000
57531  43.293  -30.889  24.748 0.0000000000
61590  45.175  -26.204  34.095 0.0000000000
61608  45.508  -26.710  33.609 0.0000000000
63811  41.473  -24.274  35.547 0.0000000000
63798  42.186  -23.645  35.954 0.0000000000
63797  43.377  -23.816  35.947 0.0000000000
63810  42.458  -24.144  35.281 0.0000000000
62726  39.613  -25.363  32.382 0.0000000000
62710  40.414  -25.080  33.249 0.0000000000
62723  42.713  -25.896  32.306 0.0000000000
62709  41.649  -25.413  33.138 0.0000000000
63822  43.264  -24.759  34.311 0.0000000000
62707  43.675  -25.735  33.244 0.0000000000
61611  43.656  -25.991  32.835 0.0000000000
60539  43.743  -27.051  31.407 0.0000000000
60518  44.087  -27.090  32.055 0.0000000000
60538  44.580  -27.488  31.576 0.0000000000
60537  45.153  -27.651  32.083 0.0000000000
59432  44.665  -27.774  30.951 0.0000000000
59469  44.068  -27.994  29.233 0.0000000000
59488  43.779  -28.853  28.423 0.0000000000
59504  43.432  -29.097  27.864 0.0000000000
60605  41.958  -26.955  27.724 0.0000000000
60588  42.639  -26.918  28.631 0.0000000000
60619  42.466  -27.926  26.561 0.0000000000
58525  42.331  -29.115  26.281 0.0000000000
59522  42.775  -28.595  26.660 0.0000000000
58524  42.742  -29.559  26.792 0.0000000000
57494  42.610  -30.724  26.563 0.0000000000
56439  41.511  -31.794  24.937 0.0000000000
57549  39.475  -30.327  23.138 0.0000000000
57548  40.093  -30.872  23.457 0.0000000000
55329  38.906  -32.405  22.327 0.0000000000
55328  39.792  -32.535  23.034 0.0000000000
54076  39.039  -33.203  22.677 0.0000000000
57525  36.447  -30.729  25.322 0.0000000000
58549  36.708  -30.056  25.538 0.0000000000
58582  36.297  -29.971  23.658 0.0000000000
56431  35.699  -32.077  25.099 0.0000000000
56459  35.498  -31.614  23.575 0.0000000000
56477  35.505  -31.367  22.625 0.0000000000
52647  42.760  -34.791  33.363 0.0000000000
52629  42.173  -34.735  33.827 0.0000000000
51486  41.819  -35.153  33.398 0.0000000000
50439  41.080  -36.653  32.133 0.0000000000
51511  41.086  -35.719  32.610 0.0000000000
50440  40.273  -36.321  31.645 0.0000000000
51532  39.747  -35.601  31.510 0.0000000000
48246  40.921  -39.160  31.372 0.0000000000
48247  40.394  -38.697  31.140 0.0000000000
49337  39.242  -38.076  30.532 0.0000000000
49346  38.971  -37.584  30.259 0.0000000000
50468  39.151  -36.817  30.285 0.0000000000
50470  37.640  -36.699  29.308 0.0000000000
49350  37.373  -37.613  29.229 0.0000000000
48264  36.343  -38.482  28.305 0.0000000000
49354  36.366  -37.547  28.004 0.0000000000
49355  35.931  -37.559  27.538 0.0000000000
42056  40.934  -43.398  29.728 0.0000000000
43372  40.960  -42.893  29.869 0.0000000000
43389  40.167  -43.193  29.006 0.0000000000
43403  38.112  -42.887  27.893 0.0000000000
43391  38.504  -42.521  28.600 0.0000000000
44715  38.031  -41.540  28.764 0.0000000000
43392  37.775  -41.995  28.437 0.0000000000
42109  36.527  -43.220  25.706 0.0000000000
42092  37.224  -43.409  26.567 0.0000000000
43426  36.171  -42.687  26.099 0.0000000000
44759  35.645  -41.326  26.772 0.0000000000
43416  36.074  -42.168  26.507 0.0000000000
44740  36.225  -41.068  27.348 0.0000000000
45958  35.726  -40.442  27.417 0.0000000000
47104  34.179  -39.605  25.976 0.0000000000
49360  34.833  -37.967  26.522 0.0000000000
77862  54.284  -13.149  16.650 0.0000000000
72659  52.369  -17.719  19.319 0.0000000000
73930  50.077  -16.687  18.113 0.0000000000
73945  50.639  -16.104  17.758 0.0000000000
61848  49.573  -26.095  17.079 0.0000000000
39510  28.181  -43.282  38.594 0.0000000000
39526  27.601  -44.036  38.240 0.0000000000
40736  27.354  -43.415  38.601 0.0000000000
41919  26.961  -43.299  38.696 0.0000000000
41920  25.841  -43.217  38.328 0.0000000000
56262  41.190  -32.454  37.366 0.0000000000
57326  40.906  -32.071  37.802 0.0000000000
56263  40.818  -32.261  37.253 0.0000000000
56279  40.798  -32.303  36.877 0.0000000000
57355  40.229  -31.237  36.887 0.0000000000
57356  40.155  -30.888  36.715 0.0000000000
56280  40.338  -31.948  36.526 0.0000000000
55142  40.468  -32.629  34.893 0.0000000000
55175  40.076  -32.934  33.277 0.0000000000
53870  40.695  -33.570  33.630 0.0000000000
64057  51.928  -24.809  20.011 0.0000000000
45948  29.691  -40.547  28.982 0.0000000000
44719  29.190  -40.797  28.876 0.0000000000
44720  28.828  -40.972  28.829 0.0000000000
43300  22.529  -42.744  32.987 0.0000000000
43348  22.488  -42.026  31.698 0.0000000000
43323  21.938  -42.563  32.468 0.0000000000
43350  20.579  -42.082  31.349 0.0000000000
43366  19.850  -41.793  30.856 0.0000000000
43326  19.108  -42.720  32.018 0.0000000000
49160  35.911  -37.142  40.051 0.0000000000
50328  37.829  -36.526  37.146 0.0000000000
49201  37.099  -37.155  37.208 0.0000000000
49216  36.823  -37.595  36.604 0.0000000000
48136  36.929  -37.819  36.265 0.0000000000
44641  31.588  -40.925  32.469 0.0000000000
47045  31.829  -39.855  32.250 0.0000000000
47074  31.561  -39.568  30.684 0.0000000000
47083  31.523  -39.591  30.087 0.0000000000
60734  42.541  -27.794  19.063 0.0000000000
43204  14.866  -41.951  40.548 0.0000000000
62823  50.819  -26.198  25.934 0.0000000000
61735  50.750  -26.461  26.083 0.0000000000
58424  47.836  -29.798  30.446 0.0000000000
58425  47.278  -29.432  30.639 0.0000000000
57423  47.017  -30.114  30.427 0.0000000000
57438  46.295  -30.066  30.078 0.0000000000
60562  38.242  -27.249  30.551 0.0000000000
61678  38.613  -26.861  29.753 0.0000000000
60574  38.762  -26.991  29.003 0.0000000000
60606  38.962  -27.157  27.193 0.0000000000
59525  38.523  -27.558  25.743 0.0000000000
44622  41.497  -41.044  32.820 0.0000000000
44650  41.442  -41.223  31.445 0.0000000000
44636  41.469  -41.502  32.202 0.0000000000
43359  40.444  -42.260  30.036 0.0000000000
75192  54.858  -15.287  17.815 0.0000000000
73942  53.614  -16.093  17.976 0.0000000000
43284  29.767  -42.651  34.301 0.0000000000
43296  29.288  -42.528  33.535 0.0000000000
41978  29.085  -42.781  34.222 0.0000000000
41979  28.394  -42.986  34.013 0.0000000000
41965  27.801  -43.407  34.791 0.0000000000
39605  26.261  -44.655  35.860 0.0000000000
39606  25.499  -44.583  35.776 0.0000000000
40785  25.222  -44.438  35.397 0.0000000000
40786  24.664  -44.446  35.218 0.0000000000
40787  24.069  -44.413  35.081 0.0000000000
39625  23.466  -44.470  35.316 0.0000000000
39609  22.834  -44.669  35.959 0.0000000000
43212  34.223  -41.492  38.775 0.0000000000
43211  35.283  -42.219  39.100 0.0000000000
41896  33.873  -42.098  38.652 0.0000000000
41914  34.178  -42.392  38.019 0.0000000000
40748  33.778  -42.757  37.513 0.0000000000
39563  30.162  -43.791  37.366 0.0000000000
40751  31.073  -43.448  36.914 0.0000000000
41930  30.467  -43.722  36.652 0.0000000000
41944  30.925  -43.406  36.277 0.0000000000
41962  31.247  -42.624  34.912 0.0000000000
59345  38.664  -29.560  39.226 0.0000000000
62630  38.681  -26.174  38.775 0.0000000000
63773  38.902  -25.171  38.390 0.0000000000
58400  38.808  -29.865  34.736 0.0000000000
58401  38.587  -29.394  34.246 0.0000000000
58406  38.393  -29.155  33.331 0.0000000000
58412  38.138  -28.933  32.629 0.0000000000
57440  38.054  -30.276  30.495 0.0000000000
53930  38.696  -33.481  30.716 0.0000000000
52714  37.539  -34.633  28.718 0.0000000000
52723  37.347  -34.550  28.258 0.0000000000
51574  37.361  -35.206  28.661 0.0000000000
39642  39.171  -45.087  31.463 0.0000000000
39641  40.128  -45.266  31.230 0.0000000000
38482  40.321  -46.034  29.821 0.0000000000
70156  52.736  -19.702  20.318 0.0000000000
71376  52.882  -19.013  20.078 0.0000000000
68957  51.226  -20.566  20.735 0.0000000000
65346  49.857  -23.582  19.685 0.0000000000
66660  50.076  -23.112  20.019 0.0000000000
45995  29.339  -40.103  25.431 0.0000000000
44659  27.051  -41.638  31.293 0.0000000000
44676  27.350  -41.526  30.476 0.0000000000
44677  26.578  -41.656  30.697 0.0000000000
43379  26.126  -41.593  29.866 0.0000000000
44699  25.656  -41.401  29.571 0.0000000000
44702  22.592  -40.889  29.341 0.0000000000
44726  22.939  -40.478  28.295 0.0000000000
45949  22.034  -40.397  27.856 0.0000000000
45966  22.438  -39.797  27.244 0.0000000000
52506  37.844  -34.987  39.595 0.0000000000
52480  37.870  -34.802  39.999 0.0000000000
52504  39.837  -34.298  39.058 0.0000000000
53783  40.355  -33.464  38.902 0.0000000000
52503  40.644  -33.889  38.615 0.0000000000
52555  41.240  -34.158  37.310 0.0000000000
52576  41.553  -34.053  36.463 0.0000000000
52595  41.687  -34.160  35.685 0.0000000000
51445  41.307  -34.422  36.016 0.0000000000
51467  39.082  -35.202  34.341 0.0000000000
48175  39.673  -37.675  34.067 0.0000000000
48199  39.643  -38.432  33.589 0.0000000000
48219  39.384  -38.878  33.010 0.0000000000
47039  39.142  -39.189  32.702 0.0000000000
45838  34.744  -39.965  36.490 0.0000000000
46988  35.322  -39.055  35.870 0.0000000000
46989  35.090  -39.168  35.402 0.0000000000
48176  35.061  -38.765  34.937 0.0000000000
49284  34.759  -38.173  34.355 0.0000000000
48241  34.747  -38.262  31.373 0.0000000000
47056  36.515  -39.331  30.996 0.0000000000
47055  37.264  -39.591  31.454 0.0000000000
44651  37.217  -40.884  31.464 0.0000000000
44640  37.055  -41.893  31.474 0.0000000000
43338  36.529  -42.472  31.065 0.0000000000
42027  35.938  -43.287  30.760 0.0000000000
43378  33.337  -42.280  28.836 0.0000000000
43361  33.872  -42.314  29.279 0.0000000000
42059  34.070  -42.861  28.565 0.0000000000
42070  34.307  -43.218  28.363 0.0000000000
40879  34.800  -43.875  28.295 0.0000000000
40891  34.032  -43.701  27.877 0.0000000000
62895  47.386  -25.711  18.836 0.0000000000
62907  47.320  -25.646  18.492 0.0000000000
62918  46.814  -25.324  17.864 0.0000000000
60750  44.187  -27.198  16.624 0.0000000000
61867  44.854  -26.391  16.520 0.0000000000
38387  20.912  -45.982  39.991 0.0000000000
37199  20.564  -45.654  38.338 0.0000000000
39550  19.267  -45.396  38.212 0.0000000000
40710  16.554  -44.456  40.339 0.0000000000
39531  16.811  -44.854  39.060 0.0000000000
39553  17.240  -44.848  38.359 0.0000000000
39576  16.982  -44.784  37.225 0.0000000000
39594  16.771  -44.786  36.448 0.0000000000
39615  16.760  -44.671  35.824 0.0000000000
40814  17.462  -44.311  34.609 0.0000000000
40794  16.861  -44.441  35.190 0.0000000000
40816  16.517  -44.065  34.528 0.0000000000
72671  56.266  -17.349  19.015 0.0000000000
71397  55.908  -19.085  19.615 0.0000000000
68951  56.154  -20.259  20.079 0.0000000000
68952  55.785  -20.718  20.430 0.0000000000
66639  55.210  -22.492  20.365 0.0000000000
64032  55.156  -23.796  20.791 0.0000000000
62852  54.174  -24.796  22.359 0.0000000000
60670  50.366  -27.319  23.481 0.0000000000
60690  48.251  -27.255  22.776 0.0000000000
61703  49.504  -27.179  27.781 0.0000000000
60601  49.165  -27.690  27.523 0.0000000000
57489  48.089  -29.963  28.019 0.0000000000
57488  48.273  -29.766  27.883 0.0000000000
58502  47.854  -29.520  27.665 0.0000000000
60617  47.153  -27.962  25.873 0.0000000000
59590  44.298  -28.278  24.357 0.0000000000
59567  44.749  -28.555  25.253 0.0000000000
58558  44.268  -29.183  25.231 0.0000000000
56417  43.193  -31.628  25.858 0.0000000000
62690  45.458  -25.746  34.556 0.0000000000
63800  40.262  -24.334  36.643 0.0000000000
63785  40.997  -23.969  37.103 0.0000000000
62662  40.467  -24.379  35.764 0.0000000000
62738  40.815  -25.497  31.498 0.0000000000
62725  40.785  -25.342  32.380 0.0000000000
61629  43.281  -26.152  32.297 0.0000000000
61645  43.212  -26.395  31.628 0.0000000000
60559  43.586  -27.314  30.515 0.0000000000
60637  41.284  -27.685  25.716 0.0000000000
59545  41.593  -28.116  25.758 0.0000000000
57523  42.291  -29.989  25.790 0.0000000000
55314  40.494  -32.331  23.655 0.0000000000
57550  38.823  -29.809  22.923 0.0000000000
57563  38.998  -30.823  22.497 0.0000000000
57511  36.951  -30.517  26.818 0.0000000000
55302  34.406  -33.252  23.767 0.0000000000
55301  34.944  -32.675  24.052 0.0000000000
55317  34.417  -33.047  23.216 0.0000000000
50417  42.205  -36.354  32.661 0.0000000000
50438  41.809  -36.825  32.424 0.0000000000
49323  40.990  -37.629  31.725 0.0000000000
47077  39.445  -39.586  30.267 0.0000000000
48248  39.418  -38.732  30.578 0.0000000000
48256  39.128  -39.126  30.234 0.0000000000
48263  37.079  -38.539  28.953 0.0000000000
48265  35.956  -38.966  28.147 0.0000000000
42068  39.879  -43.642  28.642 0.0000000000
43448  35.183  -42.486  24.553 0.0000000000
43427  35.577  -42.487  25.638 0.0000000000
44760  35.039  -41.080  26.354 0.0000000000
71403  50.635  -18.498  19.528 0.0000000000
72661  50.580  -17.778  19.115 0.0000000000
61863  48.682  -25.844  16.303 0.0000000000
40768  28.904  -44.082  36.399 0.0000000000
40769  28.248  -43.742  36.187 0.0000000000
39586  27.931  -43.698  36.513 0.0000000000
39587  27.215  -44.111  36.312 0.0000000000
38449  26.787  -44.461  36.375 0.0000000000
39544  26.857  -44.239  37.725 0.0000000000
38422  26.735  -44.525  37.106 0.0000000000
38439  26.448  -44.610  36.644 0.0000000000
38440  25.639  -44.657  36.611 0.0000000000
38424  24.807  -44.599  37.018 0.0000000000
39540  30.304  -43.312  37.855 0.0000000000
39522  29.770  -43.360  38.239 0.0000000000
39584  29.704  -44.239  37.072 0.0000000000
39585  28.961  -44.322  36.850 0.0000000000
56225  38.826  -31.223  39.632 0.0000000000
57300  39.002  -30.746  39.336 0.0000000000
58357  38.721  -30.122  39.209 0.0000000000
57327  40.329  -31.420  38.011 0.0000000000
58356  39.176  -30.418  38.529 0.0000000000
59344  38.682  -30.154  38.863 0.0000000000
59353  38.779  -28.968  38.179 0.0000000000
58366  39.103  -29.287  37.790 0.0000000000
58374  39.313  -29.709  37.207 0.0000000000
57371  39.509  -30.300  35.701 0.0000000000
57370  40.036  -30.709  35.993 0.0000000000
57384  39.267  -30.564  34.741 0.0000000000
57397  38.816  -30.829  33.948 0.0000000000
55190  39.218  -32.511  31.843 0.0000000000
53887  39.520  -33.107  32.249 0.0000000000
51550  38.986  -35.375  30.881 0.0000000000
39663  38.741  -46.009  29.671 0.0000000000
38493  38.977  -46.832  29.403 0.0000000000
37257  38.290  -47.720  29.220 0.0000000000
66621  51.596  -22.985  21.216 0.0000000000
65306  51.273  -23.393  21.056 0.0000000000
65307  50.770  -23.334  20.823 0.0000000000
64037  50.992  -24.186  20.133 0.0000000000
65333  50.421  -23.583  20.341 0.0000000000
64060  49.593  -24.080  19.176 0.0000000000
44742  32.261  -41.290  27.454 0.0000000000
44762  32.123  -41.490  26.647 0.0000000000
45976  31.613  -40.998  26.736 0.0000000000
45980  27.601  -39.657  26.124 0.0000000000
43346  24.741  -41.730  31.189 0.0000000000
44662  23.836  -41.531  30.722 0.0000000000
44680  23.221  -41.266  30.071 0.0000000000
44728  20.867  -40.514  28.699 0.0000000000
44684  19.582  -41.682  30.374 0.0000000000
44706  18.737  -41.663  29.525 0.0000000000
50300  37.070  -35.687  39.966 0.0000000000
51393  37.672  -35.506  39.602 0.0000000000
51405  38.618  -35.492  38.641 0.0000000000
51404  38.930  -35.068  38.270 0.0000000000
50315  39.478  -34.797  37.346 0.0000000000
50325  39.683  -34.739  36.922 0.0000000000
50326  39.222  -35.125  37.013 0.0000000000
51416  39.084  -35.267  36.631 0.0000000000
51432  38.899  -35.379  36.083 0.0000000000
50337  38.225  -35.919  36.050 0.0000000000
51449  38.277  -34.841  35.387 0.0000000000
51468  38.179  -35.154  34.549 0.0000000000
51488  37.888  -35.843  34.029 0.0000000000
51489  37.473  -36.049  34.187 0.0000000000
47006  33.558  -39.980  34.478 0.0000000000
47027  33.480  -39.610  33.939 0.0000000000
47043  33.449  -39.236  33.076 0.0000000000
48225  33.222  -38.844  32.341 0.0000000000
47058  32.231  -39.289  31.950 0.0000000000
48242  33.661  -38.531  31.528 0.0000000000
48252  33.935  -38.667  30.519 0.0000000000
47071  34.497  -39.378  30.130 0.0000000000
45915  34.824  -40.587  30.255 0.0000000000
45929  34.334  -39.994  29.750 0.0000000000
45930  33.815  -40.503  29.229 0.0000000000
45945  32.936  -40.741  28.617 0.0000000000
44716  33.183  -41.166  28.528 0.0000000000
44717  32.844  -41.459  28.361 0.0000000000
61854  43.943  -26.426  18.060 0.0000000000
60740  44.053  -26.864  17.197 0.0000000000
60751  43.711  -27.578  16.834 0.0000000000
40775  15.737  -44.316  36.434 0.0000000000
41935  15.036  -43.663  37.491 0.0000000000
43261  14.771  -42.767  36.951 0.0000000000
44556  14.478  -41.961  38.346 0.0000000000
61755  52.876  -27.021  23.570 0.0000000000
61756  52.615  -27.115  24.191 0.0000000000
61746  52.524  -27.327  24.100 0.0000000000
59560  51.193  -28.311  24.972 0.0000000000
59561  50.662  -28.323  24.882 0.0000000000
60556  48.914  -27.536  30.266 0.0000000000
59465  47.914  -28.365  28.511 0.0000000000
59447  48.230  -28.124  29.527 0.0000000000
58460  48.202  -29.368  29.016 0.0000000000
57450  48.350  -30.201  28.754 0.0000000000
57435  48.187  -30.155  30.307 0.0000000000
57436  48.193  -30.352  29.720 0.0000000000
57466  47.825  -30.091  28.309 0.0000000000
58503  46.794  -29.244  27.639 0.0000000000
58522  45.635  -29.232  26.776 0.0000000000
58504  45.868  -29.529  27.615 0.0000000000
57490  45.288  -29.904  27.621 0.0000000000
57470  43.475  -30.005  27.527 0.0000000000
62660  44.034  -24.280  35.863 0.0000000000
61612  38.917  -25.966  33.923 0.0000000000
62712  38.667  -25.660  32.867 0.0000000000
62727  38.921  -25.462  32.660 0.0000000000
61648  39.733  -25.687  31.518 0.0000000000
61647  40.311  -25.649  31.306 0.0000000000
62772  41.238  -25.609  30.245 0.0000000000
61675  41.962  -25.829  29.676 0.0000000000
61688  42.341  -26.396  29.378 0.0000000000
61689  41.645  -26.382  28.981 0.0000000000
61704  41.287  -26.561  28.199 0.0000000000
61719  41.203  -26.655  27.437 0.0000000000
61720  40.498  -26.579  27.001 0.0000000000
60638  40.729  -27.397  25.643 0.0000000000
58562  39.271  -29.152  23.668 0.0000000000
58580  38.539  -29.099  22.877 0.0000000000
59609  37.775  -28.731  22.805 0.0000000000
58592  37.605  -29.465  22.541 0.0000000000
58593  36.767  -29.592  22.580 0.0000000000
55254  36.599  -32.828  27.523 0.0000000000
55270  35.630  -33.062  25.779 0.0000000000
54050  34.934  -33.256  24.815 0.0000000000
54051  34.374  -33.602  24.314 0.0000000000
47053  41.986  -38.821  32.818 0.0000000000
48235  42.070  -38.491  32.144 0.0000000000
47067  40.679  -39.715  31.151 0.0000000000
45909  41.054  -40.507  31.271 0.0000000000
45926  39.346  -39.991  29.955 0.0000000000
45927  38.936  -40.404  29.790 0.0000000000
42107  38.454  -43.915  26.060 0.0000000000
42131  36.859  -43.554  24.847 0.0000000000
43447  36.116  -43.045  24.542 0.0000000000
76514  54.173  -14.044  16.955 0.0000000000
76503  52.602  -14.656  17.117 0.0000000000
70202  48.362  -19.510  19.128 0.0000000000
44656  29.814  -41.237  31.614 0.0000000000
43343  27.474  -41.847  32.063 0.0000000000
43344  26.665  -42.012  31.792 0.0000000000
43319  26.062  -42.389  32.291 0.0000000000
41966  27.192  -43.426  34.824 0.0000000000
40805  26.198  -43.816  35.260 0.0000000000
40822  26.748  -43.507  34.869 0.0000000000
42005  24.667  -42.840  32.686 0.0000000000
43298  24.062  -42.768  33.074 0.0000000000
43299  23.302  -42.692  33.058 0.0000000000
40826  23.623  -43.731  34.064 0.0000000000
41986  21.390  -43.458  33.672 0.0000000000
41968  20.706  -43.761  34.338 0.0000000000
46916  34.058  -38.999  39.811 0.0000000000
46929  35.150  -39.534  39.260 0.0000000000
46945  35.473  -39.528  38.886 0.0000000000
45823  35.653  -40.257  37.898 0.0000000000
44582  34.995  -40.935  37.537 0.0000000000
43246  35.279  -41.827  38.307 0.0000000000
43256  35.085  -41.632  37.779 0.0000000000
44583  34.617  -40.865  36.645 0.0000000000
44599  34.318  -40.978  35.684 0.0000000000
43278  33.983  -40.875  35.518 0.0000000000
41916  32.251  -42.626  38.577 0.0000000000
40749  33.308  -43.168  37.544 0.0000000000
40764  33.254  -43.455  37.003 0.0000000000
40765  32.241  -43.155  36.834 0.0000000000
41942  33.062  -42.837  36.619 0.0000000000
43270  33.395  -41.642  35.839 0.0000000000
44612  33.283  -40.877  35.042 0.0000000000
45871  32.448  -40.753  34.206 0.0000000000
43282  31.430  -42.050  34.467 0.0000000000
44615  31.294  -41.747  33.947 0.0000000000
44627  31.827  -41.203  32.969 0.0000000000
44642  31.096  -41.221  32.470 0.0000000000
45891  30.691  -41.083  32.054 0.0000000000
59629  43.100  -28.548  21.458 0.0000000000
59630  42.518  -28.621  20.792 0.0000000000
58606  42.003  -29.040  20.650 0.0000000000
58607  41.636  -29.426  20.332 0.0000000000
62786  49.858  -25.971  28.507 0.0000000000
62769  49.656  -25.952  29.050 0.0000000000
61658  49.150  -26.767  30.488 0.0000000000
60534  48.783  -27.316  30.801 0.0000000000
60535  48.308  -27.668  31.024 0.0000000000
60432  38.506  -27.774  37.408 0.0000000000
60447  38.484  -27.536  36.387 0.0000000000
60448  38.504  -27.026  35.942 0.0000000000
61576  38.695  -26.649  35.459 0.0000000000
61592  38.838  -26.345  34.629 0.0000000000
59418  38.040  -28.090  32.243 0.0000000000
59470  37.902  -28.531  29.311 0.0000000000
59506  37.853  -28.589  27.906 0.0000000000
58508  37.935  -29.044  28.408 0.0000000000
57472  37.456  -30.392  28.589 0.0000000000
57456  37.603  -30.398  29.529 0.0000000000
55238  37.197  -32.384  28.221 0.0000000000
52739  36.486  -34.441  27.078 0.0000000000
53992  37.265  -34.378  28.074 0.0000000000
52738  36.851  -34.563  27.452 0.0000000000
42022  41.070  -43.008  31.491 0.0000000000
42023  40.686  -43.874  31.427 0.0000000000
40857  41.057  -43.757  30.638 0.0000000000
40868  40.733  -44.327  29.768 0.0000000000
39640  40.417  -45.147  31.019 0.0000000000
40877  39.777  -44.061  28.226 0.0000000000
40888  39.526  -44.190  27.476 0.0000000000
39673  40.390  -45.768  28.238 0.0000000000
38501  39.796  -46.797  27.947 0.0000000000
40898  39.583  -44.633  26.385 0.0000000000
40918  38.782  -44.085  25.462 0.0000000000
71402  51.654  -18.316  19.794 0.0000000000
70183  52.095  -18.913  20.340 0.0000000000
44778  31.884  -41.726  25.930 0.0000000000
43430  31.664  -42.511  25.476 0.0000000000
44674  29.008  -40.951  30.224 0.0000000000
44696  28.525  -41.178  29.483 0.0000000000
44721  28.146  -41.073  28.771 0.0000000000
44766  27.269  -39.679  26.985 0.0000000000
45981  26.560  -39.549  26.484 0.0000000000
44678  24.898  -41.388  30.176 0.0000000000
44724  25.124  -40.953  28.534 0.0000000000
44725  24.111  -40.656  28.480 0.0000000000
44767  25.173  -39.997  27.400 0.0000000000
45982  25.360  -39.610  26.686 0.0000000000
45998  25.940  -39.990  25.350 0.0000000000
52479  38.172  -34.629  40.401 0.0000000000
56215  38.230  -31.448  40.078 0.0000000000
56236  39.743  -32.125  38.700 0.0000000000
56235  40.180  -31.923  38.483 0.0000000000
53798  41.220  -33.154  38.259 0.0000000000
55065  41.143  -32.665  38.275 0.0000000000
55104  42.160  -33.040  36.938 0.0000000000
55140  41.799  -33.389  35.303 0.0000000000
55158  41.989  -33.695  34.850 0.0000000000
52628  42.705  -34.651  33.861 0.0000000000
52613  42.037  -34.565  34.956 0.0000000000
51484  43.052  -35.237  33.965 0.0000000000
50415  42.944  -35.632  33.489 0.0000000000
50368  40.341  -36.236  34.437 0.0000000000
50367  41.157  -36.165  34.420 0.0000000000
48196  42.111  -38.429  32.795 0.0000000000
47037  42.616  -39.291  32.899 0.0000000000
45877  42.587  -39.886  32.813 0.0000000000
45878  41.436  -40.178  32.881 0.0000000000
44623  40.918  -41.461  33.091 0.0000000000
43291  40.723  -42.015  32.968 0.0000000000
43310  40.821  -42.410  32.571 0.0000000000
48137  36.398  -38.203  36.584 0.0000000000
48156  36.822  -37.844  35.849 0.0000000000
50349  36.620  -36.704  35.381 0.0000000000
50371  36.482  -36.656  34.913 0.0000000000
50396  36.593  -36.768  34.195 0.0000000000
50421  37.471  -37.072  32.961 0.0000000000
47026  34.035  -39.004  34.111 0.0000000000
48202  34.585  -38.502  33.700 0.0000000000
49308  35.800  -37.813  33.123 0.0000000000
49306  37.484  -37.569  32.583 0.0000000000
47040  38.582  -39.279  32.423 0.0000000000
47024  38.906  -39.858  32.529 0.0000000000
45888  38.095  -40.392  32.022 0.0000000000
45882  38.415  -40.521  32.435 0.0000000000
45881  38.895  -40.473  32.865 0.0000000000
44625  38.779  -41.437  32.964 0.0000000000
43293  39.474  -42.066  32.942 0.0000000000
43311  39.705  -42.746  32.575 0.0000000000
40835  39.221  -44.431  31.852 0.0000000000
42025  37.263  -43.432  31.676 0.0000000000
40846  37.509  -44.022  31.929 0.0000000000
39636  38.555  -44.827  31.802 0.0000000000
39637  37.802  -44.880  31.887 0.0000000000
39653  37.417  -45.030  30.455 0.0000000000
44654  35.089  -41.711  30.013 0.0000000000
43340  34.999  -42.436  30.026 0.0000000000
42028  35.146  -43.068  30.445 0.0000000000
42046  34.526  -42.558  29.483 0.0000000000
40860  35.393  -43.425  30.254 0.0000000000
40849  35.621  -43.580  30.641 0.0000000000
39655  35.880  -44.486  30.792 0.0000000000
39675  36.792  -45.614  28.568 0.0000000000
39677  35.189  -44.508  28.313 0.0000000000
39686  36.026  -45.524  27.809 0.0000000000
39685  36.444  -45.923  27.997 0.0000000000
61837  46.264  -25.656  18.681 0.0000000000
62919  46.086  -25.321  17.960 0.0000000000
61851  46.284  -25.768  17.275 0.0000000000
61866  45.666  -26.144  16.511 0.0000000000
61865  46.601  -25.794  16.529 0.0000000000
59637  42.042  -28.126  19.975 0.0000000000
59646  42.213  -28.259  18.962 0.0000000000
58621  42.768  -28.922  18.082 0.0000000000
43217  25.980  -42.379  39.193 0.0000000000
41903  23.796  -42.284  38.278 0.0000000000
41934  24.296  -43.563  37.632 0.0000000000
40755  23.761  -43.971  37.507 0.0000000000
38425  23.079  -44.877  37.509 0.0000000000
39527  22.498  -44.740  39.024 0.0000000000
39546  22.588  -44.760  38.503 0.0000000000
38443  22.676  -45.312  36.741 0.0000000000
40770  21.912  -44.698  36.237 0.0000000000
39571  21.109  -45.029  37.286 0.0000000000
39589  21.086  -44.675  36.722 0.0000000000
40771  21.418  -44.680  36.081 0.0000000000
40789  21.169  -44.497  35.618 0.0000000000
40810  21.027  -43.962  35.012 0.0000000000
38389  18.728  -45.934  39.479 0.0000000000
38408  18.686  -45.552  38.761 0.0000000000
39574  18.621  -44.903  37.454 0.0000000000
39575  17.796  -44.696  37.450 0.0000000000
39592  18.406  -44.658  36.734 0.0000000000
40772  19.038  -44.526  36.337 0.0000000000
40791  19.249  -44.377  35.705 0.0000000000
41969  19.738  -43.754  34.352 0.0000000000
41988  19.441  -43.511  33.613 0.0000000000
42010  18.155  -43.492  32.716 0.0000000000
40829  17.502  -44.245  33.801 0.0000000000
41990  17.684  -43.876  33.201 0.0000000000
41946  15.912  -43.926  36.192 0.0000000000
41973  16.141  -43.690  34.440 0.0000000000
73925  54.971  -16.691  18.484 0.0000000000
72656  55.433  -18.135  19.314 0.0000000000
70155  53.968  -19.800  20.023 0.0000000000
68955  53.236  -20.654  20.658 0.0000000000
67820  56.071  -20.658  19.644 0.0000000000
68973  55.946  -20.433  19.517 0.0000000000
68974  55.458  -20.693  19.518 0.0000000000
68953  55.045  -20.906  19.566 0.0000000000
65329  54.166  -23.511  20.567 0.0000000000
61799  52.508  -25.746  20.248 0.0000000000
66603  54.540  -22.295  21.870 0.0000000000
64012  54.976  -24.111  21.284 0.0000000000
62864  54.419  -24.879  21.764 0.0000000000
61803  48.612  -26.220  20.294 0.0000000000
60687  51.367  -26.980  22.726 0.0000000000
61757  50.114  -26.807  22.914 0.0000000000
60701  46.798  -26.923  21.926 0.0000000000
61792  45.805  -27.063  21.446 0.0000000000
60712  44.929  -27.305  20.911 0.0000000000
59539  49.353  -28.498  25.670 0.0000000000
59485  48.462  -28.267  27.473 0.0000000000
58501  48.605  -29.412  27.656 0.0000000000
58518  49.445  -29.322  26.905 0.0000000000
59563  48.667  -28.029  24.866 0.0000000000
59587  47.431  -28.232  24.068 0.0000000000
60674  46.104  -27.783  23.581 0.0000000000
59620  43.390  -28.722  22.089 0.0000000000
59608  42.813  -29.219  22.454 0.0000000000
58589  42.753  -29.486  22.942 0.0000000000
58542  45.249  -29.202  26.113 0.0000000000
58544  44.107  -30.088  25.542 0.0000000000
60496  46.439  -27.136  33.686 0.0000000000
60515  46.153  -27.682  33.088 0.0000000000
59416  45.818  -28.206  32.365 0.0000000000
63808  43.856  -24.489  35.423 0.0000000000
62695  40.063  -24.846  34.202 0.0000000000
63823  42.492  -24.626  34.563 0.0000000000
62676  43.723  -24.839  34.595 0.0000000000
61591  44.587  -25.973  33.927 0.0000000000
61609  45.084  -26.271  33.495 0.0000000000
61628  44.092  -26.538  32.546 0.0000000000
61627  45.003  -26.502  32.820 0.0000000000
59417  45.478  -27.917  32.194 0.0000000000
59449  45.166  -28.652  29.848 0.0000000000
59467  44.948  -29.086  29.397 0.0000000000
59468  44.444  -28.863  29.170 0.0000000000
58485  43.813  -29.550  28.150 0.0000000000
58486  43.391  -29.758  27.713 0.0000000000
60603  43.516  -28.491  27.834 0.0000000000
58507  43.185  -29.668  27.483 0.0000000000
57471  43.135  -29.996  27.520 0.0000000000
56406  42.729  -30.767  26.691 0.0000000000
56419  42.572  -31.125  26.444 0.0000000000
56429  42.271  -31.664  25.666 0.0000000000
56456  40.393  -31.479  23.511 0.0000000000
55327  40.350  -32.046  23.204 0.0000000000
59507  37.578  -28.629  27.295 0.0000000000
58548  37.117  -29.112  25.373 0.0000000000
58527  36.757  -29.898  26.161 0.0000000000
58564  36.824  -29.152  24.130 0.0000000000
58594  36.411  -29.751  22.985 0.0000000000
55282  35.784  -32.163  25.445 0.0000000000
56430  35.991  -31.592  25.165 0.0000000000
56441  35.731  -31.312  24.175 0.0000000000
57551  35.651  -30.812  23.535 0.0000000000
57567  35.526  -30.827  22.905 0.0000000000
52630  41.236  -34.743  33.439 0.0000000000
51510  41.754  -35.520  32.897 0.0000000000
50455  38.896  -36.187  30.401 0.0000000000
48237  40.750  -38.171  31.505 0.0000000000
49336  39.601  -37.800  30.780 0.0000000000
51564  37.202  -36.170  29.009 0.0000000000
50483  36.577  -36.774  28.263 0.0000000000
51576  36.487  -36.307  27.900 0.0000000000
50496  35.687  -36.790  27.260 0.0000000000
50507  35.177  -36.679  26.684 0.0000000000
42055  41.148  -43.164  30.179 0.0000000000
43358  40.909  -42.462  30.320 0.0000000000
44689  40.215  -42.147  29.922 0.0000000000
43390  39.604  -42.943  28.911 0.0000000000
43374  39.228  -42.341  29.334 0.0000000000
44690  39.690  -41.943  29.811 0.0000000000
44692  37.921  -41.029  29.162 0.0000000000
42083  37.008  -42.888  27.197 0.0000000000
43405  36.758  -42.182  27.072 0.0000000000
44739  36.905  -41.400  27.545 0.0000000000
45956  37.247  -40.863  27.847 0.0000000000
45943  36.839  -40.060  28.298 0.0000000000
47092  36.437  -39.803  28.272 0.0000000000
47093  35.872  -39.610  27.973 0.0000000000
49364  34.976  -37.377  26.420 0.0000000000
50516  34.921  -36.948  26.089 0.0000000000
73928  51.794  -16.434  18.354 0.0000000000
72677  51.088  -17.216  18.699 0.0000000000
73944  51.352  -16.106  17.930 0.0000000000
75196  50.498  -15.500  17.164 0.0000000000
71421  48.296  -18.756  18.685 0.0000000000
61832  50.569  -25.618  18.966 0.0000000000
61847  49.940  -25.751  17.345 0.0000000000
37164  20.028  -46.497  40.511 0.0000000000
37176  20.719  -46.003  39.827 0.0000000000
37184  22.084  -45.288  38.208 0.0000000000
37186  21.279  -45.692  38.919 0.0000000000
37200  20.071  -45.781  38.312 0.0000000000
38372  21.029  -46.079  40.244 0.0000000000
38375  17.451  -45.750  40.249 0.0000000000
38388  19.489  -45.774  39.403 0.0000000000
38391  17.579  -45.418  38.844 0.0000000000
38401  27.638  -43.843  37.333 0.0000000000
38402  27.207  -44.179  37.386 0.0000000000
38403  22.300  -45.154  38.323 0.0000000000
38405  20.998  -45.412  37.836 0.0000000000
38406  20.780  -45.383  37.729 0.0000000000
38420  27.742  -43.683  37.202 0.0000000000
38438  27.094  -44.256  36.676 0.0000000000
39528  22.312  -45.082  39.247 0.0000000000
39529  17.556  -45.938  39.638 0.0000000000
39538  31.313  -43.007  37.785 0.0000000000
39542  28.442  -43.951  37.598 0.0000000000
39547  22.424  -44.961  39.049 0.0000000000
39548  20.898  -45.279  37.593 0.0000000000
39549  20.640  -45.235  37.553 0.0000000000
39552  18.038  -44.881  38.186 0.0000000000
39554  16.768  -44.721  38.503 0.0000000000
39566  26.210  -44.516  37.353 0.0000000000
39573  19.410  -45.108  37.510 0.0000000000
39596  15.775  -44.728  36.411 0.0000000000
39611  20.209  -44.636  36.192 0.0000000000
39623  26.272  -44.300  35.557 0.0000000000
39635  38.971  -44.770  31.695 0.0000000000
39662  39.352  -46.230  29.710 0.0000000000
40715  33.445  -42.533  38.326 0.0000000000
40721  27.725  -43.375  38.613 0.0000000000
40722  27.646  -43.732  38.338 0.0000000000
40724  22.455  -44.793  39.509 0.0000000000
40731  33.532  -42.760  37.868 0.0000000000
40732  32.856  -43.026  38.192 0.0000000000
40752  30.207  -43.972  36.918 0.0000000000
40756  16.568  -44.677  37.700 0.0000000000
40763  33.810  -43.063  37.226 0.0000000000
40767  29.694  -44.192  36.644 0.0000000000
40783  27.867  -43.759  35.813 0.0000000000
40836  38.194  -44.345  32.198 0.0000000000
40839  16.837  -44.233  33.021 0.0000000000
40844  39.983  -44.533  31.735 0.0000000000
40867  41.062  -43.717  30.297 0.0000000000
40880  34.212  -43.452  28.165 0.0000000000
40916  40.206  -45.343  25.743 0.0000000000
41895  34.621  -41.976  38.497 0.0000000000
41901  26.505  -42.936  38.905 0.0000000000
41913  34.686  -42.123  38.275 0.0000000000
41915  32.804  -42.629  38.490 0.0000000000
41918  27.521  -43.042  38.809 0.0000000000
41921  24.538  -43.119  38.100 0.0000000000
41928  34.315  -42.230  37.386 0.0000000000
41929  34.065  -42.541  37.384 0.0000000000
41932  25.640  -43.781  37.993 0.0000000000
41956  15.951  -43.582  35.554 0.0000000000
41957  15.728  -43.493  36.098 0.0000000000
41961  31.764  -42.388  34.852 0.0000000000
41996  41.058  -42.878  31.745 0.0000000000
42030  18.559  -43.050  32.185 0.0000000000
42043  40.931  -43.839  31.011 0.0000000000
42044  35.409  -43.512  29.823 0.0000000000
42060  33.636  -42.631  28.626 0.0000000000
42132  36.348  -43.307  25.070 0.0000000000
43210  35.796  -42.094  39.102 0.0000000000
43230  35.736  -42.176  38.748 0.0000000000
43231  34.897  -42.079  38.302 0.0000000000
43268  34.196  -40.958  35.617 0.0000000000
43269  33.874  -41.110  35.637 0.0000000000
43279  33.576  -41.153  35.423 0.0000000000
43285  15.628  -43.096  35.007 0.0000000000
43314  37.199  -42.246  31.622 0.0000000000
43353  17.985  -42.930  31.365 0.0000000000
43360  34.295  -42.662  29.044 0.0000000000
43362  33.427  -42.249  29.113 0.0000000000
43377  33.819  -42.608  28.932 0.0000000000
43381  18.787  -41.772  29.887 0.0000000000
43393  33.417  -42.705  27.975 0.0000000000
43406  33.357  -42.837  27.742 0.0000000000
43418  32.808  -42.548  26.706 0.0000000000
44532  36.146  -41.501  39.152 0.0000000000
44549  36.178  -41.486  38.902 0.0000000000
44550  35.923  -41.767  38.617 0.0000000000
44567  36.035  -41.188  38.785 0.0000000000
44584  34.005  -41.444  36.363 0.0000000000
44585  33.650  -41.576  36.206 0.0000000000
44601  33.608  -41.501  35.973 0.0000000000
44611  33.855  -40.765  35.338 0.0000000000
44670  38.820  -41.043  30.090 0.0000000000
44673  33.600  -42.126  29.283 0.0000000000
44693  33.496  -41.357  28.837 0.0000000000
44714  38.502  -41.868  28.981 0.0000000000
44743  29.190  -40.601  28.453 0.0000000000
44768  24.837  -39.843  27.156 0.0000000000
44774  35.271  -41.688  26.172 0.0000000000
44791  30.049  -41.300  24.732 0.0000000000
45794  35.994  -41.286  39.131 0.0000000000
45797  34.260  -39.843  39.594 0.0000000000
45807  35.847  -40.986  38.992 0.0000000000
45809  35.249  -39.926  38.954 0.0000000000
45854  35.058  -39.493  36.339 0.0000000000
45883  33.052  -40.120  33.760 0.0000000000
45886  42.545  -39.747  32.852 0.0000000000
45902  29.720  -41.057  31.342 0.0000000000
45916  34.307  -41.057  29.724 0.0000000000
45963  25.515  -39.884  27.399 0.0000000000
45964  23.952  -40.142  27.183 0.0000000000
45965  23.379  -39.835  27.251 0.0000000000
45992  31.665  -41.330  26.313 0.0000000000
46008  30.625  -41.234  25.202 0.0000000000
46930  34.608  -39.361  39.517 0.0000000000
46943  36.316  -38.527  38.019 0.0000000000
46956  35.975  -38.530  37.066 0.0000000000
46973  35.919  -38.541  36.833 0.0000000000
47041  37.989  -39.616  31.902 0.0000000000
47057  35.928  -39.054  30.742 0.0000000000
47069  36.047  -39.520  30.643 0.0000000000
47072  33.877  -39.106  29.931 0.0000000000
47095  23.085  -39.582  26.834 0.0000000000
48043  34.428  -38.642  39.826 0.0000000000
48066  36.228  -37.787  39.264 0.0000000000
48092  35.721  -38.862  39.026 0.0000000000
48115  36.185  -38.403  37.111 0.0000000000
48138  36.136  -38.426  36.867 0.0000000000
48200  39.157  -38.058  33.421 0.0000000000
48226  32.675  -39.049  32.204 0.0000000000
48249  39.050  -38.239  30.400 0.0000000000
48260  33.152  -38.729  30.091 0.0000000000
48269  36.137  -38.041  27.812 0.0000000000
49143  38.876  -36.090  41.381 0.0000000000
49146  36.574  -36.279  40.760 0.0000000000
49147  36.041  -36.592  40.635 0.0000000000
49156  38.848  -35.893  41.194 0.0000000000
49157  38.596  -36.148  40.893 0.0000000000
49158  38.161  -35.969  40.884 0.0000000000
49172  35.505  -38.084  39.545 0.0000000000
49186  38.070  -36.597  38.204 0.0000000000
49202  36.652  -37.721  36.913 0.0000000000
49260  34.849  -38.404  34.708 0.0000000000
50284  39.168  -36.108  41.382 0.0000000000
50285  38.715  -35.858  41.168 0.0000000000
50297  39.175  -36.357  40.835 0.0000000000
50298  38.437  -35.706  40.899 0.0000000000
50335  39.675  -34.737  36.607 0.0000000000
50336  39.474  -34.871  36.728 0.0000000000
50390  42.749  -35.905  33.622 0.0000000000
50395  37.298  -36.555  33.537 0.0000000000
50419  38.616  -36.703  32.938 0.0000000000
51366  38.970  -35.753  41.121 0.0000000000
51367  38.804  -35.155  40.697 0.0000000000
51379  38.986  -35.969  41.114 0.0000000000
51380  39.023  -35.436  40.664 0.0000000000
51382  37.550  -35.221  39.965 0.0000000000
51392  38.241  -35.384  39.179 0.0000000000
51413  40.833  -34.400  37.239 0.0000000000
51415  39.302  -35.047  36.685 0.0000000000
51450  37.619  -35.252  35.225 0.0000000000
51485  42.485  -34.974  33.347 0.0000000000
51508  43.069  -35.271  33.359 0.0000000000
51606  36.685  -34.824  27.157 0.0000000000
52454  38.186  -34.839  41.172 0.0000000000
52455  37.756  -34.757  41.187 0.0000000000
52502  40.880  -33.700  38.446 0.0000000000
52530  41.527  -33.702  37.514 0.0000000000
52531  40.909  -33.636  37.970 0.0000000000
52577  41.442  -34.256  36.841 0.0000000000
52596  37.882  -34.879  35.093 0.0000000000
52597  37.681  -35.056  34.961 0.0000000000
52614  38.068  -34.807  34.937 0.0000000000
52615  37.885  -34.972  34.814 0.0000000000
52646  43.059  -34.888  33.199 0.0000000000
52724  37.060  -34.747  27.981 0.0000000000
53782  40.913  -33.488  38.535 0.0000000000
53809  42.061  -33.263  37.082 0.0000000000
53822  41.846  -33.593  36.674 0.0000000000
53867  42.146  -33.982  34.634 0.0000000000
53954  37.257  -33.020  28.562 0.0000000000
53974  37.450  -34.100  28.261 0.0000000000
53976  36.702  -33.154  27.984 0.0000000000
55054  39.084  -32.325  39.415 0.0000000000
55066  40.912  -32.815  38.497 0.0000000000
55068  39.460  -32.664  39.132 0.0000000000
55078  41.327  -32.821  38.009 0.0000000000
55079  41.219  -32.903  38.288 0.0000000000
55088  42.127  -33.090  37.012 0.0000000000
55105  40.963  -32.523  36.528 0.0000000000
55121  41.900  -33.175  36.039 0.0000000000
55157  41.910  -33.583  35.073 0.0000000000
56234  40.991  -32.444  38.275 0.0000000000
56249  40.420  -31.662  38.205 0.0000000000
56296  40.898  -32.311  36.383 0.0000000000
56352  47.976  -30.305  30.325 0.0000000000
56354  47.140  -30.505  30.043 0.0000000000
56366  48.070  -30.351  30.090 0.0000000000
56368  47.617  -30.491  29.991 0.0000000000
56458  35.587  -31.230  23.763 0.0000000000
56472  40.139  -31.722  22.970 0.0000000000
57340  40.774  -32.026  37.620 0.0000000000
57421  48.129  -30.153  30.619 0.0000000000
57422  47.679  -30.081  30.490 0.0000000000
57521  44.203  -30.194  25.810 0.0000000000
58348  39.299  -29.795  39.719 0.0000000000
58372  40.090  -30.952  37.390 0.0000000000
58382  40.021  -30.838  37.168 0.0000000000
58423  47.913  -30.019  30.618 0.0000000000
58441  48.104  -30.045  30.462 0.0000000000
58464  37.661  -29.287  29.525 0.0000000000
58482  47.328  -29.720  28.183 0.0000000000
58487  38.008  -29.009  28.994 0.0000000000
58517  50.036  -29.191  27.079 0.0000000000
58541  47.678  -28.625  26.202 0.0000000000
58545  42.367  -29.667  26.133 0.0000000000
58563  38.653  -28.614  23.430 0.0000000000
58581  36.785  -29.354  23.267 0.0000000000
58613  41.859  -29.628  19.078 0.0000000000
59466  47.943  -28.690  29.195 0.0000000000
59471  37.657  -28.812  29.741 0.0000000000
59486  48.491  -27.883  27.335 0.0000000000
59501  48.809  -27.935  27.361 0.0000000000
59519  47.274  -28.329  26.341 0.0000000000
59605  44.809  -28.061  23.789 0.0000000000
59647  41.661  -28.873  19.083 0.0000000000
60462  38.582  -26.904  35.724 0.0000000000
60495  46.736  -27.162  33.500 0.0000000000
60561  42.697  -26.397  30.721 0.0000000000
60602  48.667  -27.711  27.501 0.0000000000
60635  46.990  -28.019  25.575 0.0000000000
60636  46.704  -27.824  25.856 0.0000000000
60724  44.152  -27.107  20.321 0.0000000000
61537  38.625  -27.663  38.498 0.0000000000
61568  38.589  -26.781  35.940 0.0000000000
61577  38.655  -26.671  35.760 0.0000000000
61630  42.734  -26.039  31.905 0.0000000000
61641  49.006  -27.159  30.731 0.0000000000
61660  42.589  -26.304  30.541 0.0000000000
61717  50.824  -27.079  26.043 0.0000000000
62661  43.846  -24.009  36.129 0.0000000000
62755  42.407  -26.030  30.525 0.0000000000
62770  42.218  -25.751  30.225 0.0000000000
62771  41.626  -25.608  30.215 0.0000000000
62909  46.159  -25.514  18.424 0.0000000000
63796  43.700  -24.272  35.598 0.0000000000
65305  55.327  -23.256  21.170 0.0000000000
66622  50.892  -22.920  21.110 0.0000000000
67775  52.334  -20.826  20.998 0.0000000000
67796  56.153  -20.813  19.910 0.0000000000
67821  55.913  -20.926  19.658 0.0000000000
68928  52.852  -20.742  20.840 0.0000000000
68972  56.130  -20.356  19.713 0.0000000000
70178  56.196  -19.918  19.843 0.0000000000
71373  56.202  -19.598  20.028 0.0000000000
71396  56.149  -19.530  19.791 0.0000000000
72654  56.244  -17.457  19.297 0.0000000000
73894  56.236  -17.210  19.534 0.0000000000
