#!ascii label  , from subject 4136 vox2ras=TkReg
1199
70894  -12.627  -24.688  72.058 0.0000000000
79032  -34.885  -18.631  58.548 0.0000000000
86962  -37.401  -12.705  52.517 0.0000000000
81637  -30.658  -16.231  61.720 0.0000000000
91089  -40.880  -9.723  41.066 0.0000000000
90985  -36.201  -9.368  45.201 0.0000000000
78932  -37.001  -18.426  62.969 0.0000000000
76234  -32.656  -21.087  61.192 0.0000000000
92444  -47.032  -7.718  43.663 0.0000000000
101107  -49.236  -2.784  42.422 0.0000000000
104698  -50.891  0.619  39.689 0.0000000000
96151  -37.057  -6.836  53.944 0.0000000000
90950  -33.483  -10.817  49.405 0.0000000000
96200  -38.544  -5.513  50.273 0.0000000000
93725  -41.583  -6.827  47.310 0.0000000000
81634  -21.969  -17.391  62.373 0.0000000000
70797  -11.005  -25.250  76.492 0.0000000000
85615  -35.419  -13.512  56.909 0.0000000000
92252  -39.755  -10.185  55.768 0.0000000000
81684  -25.013  -16.264  58.572 0.0000000000
80393  -30.176  -18.869  55.820 0.0000000000
99994  -48.146  -3.020  34.778 0.0000000000
102415  -52.527  0.239  36.401 0.0000000000
89619  -39.854  -9.896  43.395 0.0000000000
90994  -45.563  -8.893  45.135 0.0000000000
72299  -13.928  -24.289  67.242 0.0000000000
67141  -7.343  -28.486  74.863 0.0000000000
97500  -47.820  -4.991  43.937 0.0000000000
97403  -37.643  -5.306  52.137 0.0000000000
74948  -21.994  -21.854  61.285 0.0000000000
69596  -12.601  -24.180  74.840 0.0000000000
83079  -33.774  -16.707  56.850 0.0000000000
83053  -35.013  -16.433  58.779 0.0000000000
83027  -28.037  -15.515  60.087 0.0000000000
81722  -27.315  -17.020  56.264 0.0000000000
80346  -30.262  -17.890  59.421 0.0000000000
76256  -34.871  -20.682  59.361 0.0000000000
76291  -32.723  -21.492  57.683 0.0000000000
76293  -34.364  -20.910  57.179 0.0000000000
82959  -29.578  -14.359  63.606 0.0000000000
82998  -26.343  -15.236  62.020 0.0000000000
97520  -43.865  -5.286  38.998 0.0000000000
101145  -46.971  -2.366  36.607 0.0000000000
104710  -51.807  1.303  38.147 0.0000000000
92356  -34.271  -9.633  47.505 0.0000000000
91030  -38.077  -10.135  43.985 0.0000000000
92366  -44.366  -8.098  46.107 0.0000000000
72358  -20.777  -23.679  65.136 0.0000000000
70987  -19.171  -23.999  67.096 0.0000000000
70950  -17.641  -23.596  68.980 0.0000000000
72336  -16.232  -24.503  64.927 0.0000000000
67172  -8.091  -28.108  73.550 0.0000000000
78973  -36.141  -18.251  61.112 0.0000000000
83028  -36.081  -16.178  60.895 0.0000000000
81650  -37.865  -15.600  62.257 0.0000000000
80270  -32.902  -17.123  62.902 0.0000000000
78950  -31.054  -19.197  61.616 0.0000000000
77492  -33.058  -20.095  63.185 0.0000000000
76207  -36.579  -20.923  61.881 0.0000000000
91078  -44.396  -9.187  42.938 0.0000000000
93808  -44.668  -7.846  42.245 0.0000000000
98744  -46.070  -4.233  42.334 0.0000000000
101122  -46.722  -2.234  41.217 0.0000000000
102407  -48.090  -0.989  39.040 0.0000000000
103613  -50.439  -0.882  41.479 0.0000000000
92308  -36.945  -9.856  52.929 0.0000000000
88233  -35.334  -12.348  50.963 0.0000000000
93683  -35.646  -8.206  51.939 0.0000000000
94980  -35.559  -7.475  49.227 0.0000000000
93721  -37.136  -7.763  47.802 0.0000000000
92361  -39.025  -7.396  46.557 0.0000000000
94985  -40.404  -5.891  48.672 0.0000000000
78891  -20.773  -18.923  64.375 0.0000000000
74936  -21.450  -22.446  63.226 0.0000000000
101176  -52.032  -1.834  33.708 0.0000000000
70780  -8.922  -24.673  76.433 0.0000000000
85640  -33.215  -14.623  55.599 0.0000000000
85644  -37.068  -13.955  54.629 0.0000000000
85577  -36.711  -14.415  59.357 0.0000000000
86892  -37.976  -12.292  56.182 0.0000000000
89504  -38.179  -11.379  53.401 0.0000000000
93638  -38.224  -8.318  55.120 0.0000000000
79011  -30.897  -20.030  58.222 0.0000000000
84294  -23.899  -15.304  63.877 0.0000000000
81657  -23.120  -16.890  59.711 0.0000000000
103641  -48.932  -0.201  37.498 0.0000000000
102429  -50.327  -0.857  34.984 0.0000000000
99996  -51.218  -1.535  33.948 0.0000000000
102423  -53.368  0.014  35.503 0.0000000000
69675  -10.868  -26.213  69.326 0.0000000000
69654  -10.571  -26.407  70.873 0.0000000000
89640  -40.705  -10.120  42.775 0.0000000000
90989  -40.556  -8.403  45.104 0.0000000000
89602  -42.446  -9.276  44.331 0.0000000000
89643  -43.766  -9.279  43.699 0.0000000000
89627  -45.842  -8.678  44.277 0.0000000000
72243  -13.651  -24.340  70.370 0.0000000000
70872  -9.636  -25.484  72.903 0.0000000000
70829  -8.056  -24.847  74.271 0.0000000000
69582  -7.078  -26.138  75.000 0.0000000000
70852  -12.481  -23.772  73.627 0.0000000000
79031  -34.792  -18.912  57.715 0.0000000000
81727  -34.657  -17.775  57.569 0.0000000000
81708  -35.314  -17.474  58.873 0.0000000000
81647  -29.353  -15.857  61.191 0.0000000000
81671  -28.746  -16.145  59.275 0.0000000000
80333  -30.792  -17.217  60.237 0.0000000000
76257  -34.819  -19.842  59.371 0.0000000000
76274  -34.378  -21.179  58.387 0.0000000000
77598  -34.766  -19.702  58.391 0.0000000000
77641  -34.612  -20.421  56.630 0.0000000000
82984  -31.462  -15.306  62.902 0.0000000000
84281  -31.167  -14.473  64.473 0.0000000000
83001  -29.986  -15.681  62.398 0.0000000000
83000  -29.146  -15.484  61.963 0.0000000000
101144  -46.378  -2.494  37.267 0.0000000000
85674  -36.574  -13.975  52.792 0.0000000000
85708  -36.465  -13.550  51.676 0.0000000000
90969  -34.935  -9.585  46.430 0.0000000000
91002  -35.046  -10.752  45.253 0.0000000000
91005  -37.489  -9.109  44.404 0.0000000000
71033  -19.176  -24.349  64.335 0.0000000000
71023  -20.079  -23.998  66.100 0.0000000000
71020  -18.498  -24.282  65.151 0.0000000000
72323  -17.714  -23.568  66.557 0.0000000000
72354  -17.240  -24.538  64.448 0.0000000000
78952  -36.455  -17.975  62.142 0.0000000000
80336  -36.747  -17.192  61.559 0.0000000000
81639  -37.540  -16.731  62.458 0.0000000000
80251  -34.353  -17.678  64.257 0.0000000000
78893  -33.420  -18.401  63.185 0.0000000000
78880  -34.324  -18.621  64.702 0.0000000000
78914  -37.722  -18.789  63.706 0.0000000000
77496  -36.958  -20.402  63.572 0.0000000000
77512  -37.420  -19.413  62.658 0.0000000000
77531  -36.747  -19.724  61.562 0.0000000000
91079  -45.264  -8.810  43.098 0.0000000000
92453  -44.826  -8.662  42.653 0.0000000000
93822  -46.172  -7.830  42.960 0.0000000000
98734  -48.392  -3.677  43.155 0.0000000000
97498  -46.338  -5.228  42.819 0.0000000000
99926  -47.924  -3.271  42.593 0.0000000000
99940  -46.459  -2.944  41.570 0.0000000000
101123  -47.889  -2.078  41.462 0.0000000000
102392  -48.115  -1.641  40.971 0.0000000000
102385  -50.044  -1.732  41.814 0.0000000000
93659  -36.905  -8.010  53.435 0.0000000000
92320  -35.983  -9.651  52.159 0.0000000000
94951  -35.952  -7.385  52.868 0.0000000000
96187  -38.080  -5.463  51.214 0.0000000000
96198  -36.294  -6.153  50.706 0.0000000000
94968  -36.898  -6.602  49.798 0.0000000000
95002  -36.730  -7.317  48.323 0.0000000000
94982  -37.486  -6.783  48.643 0.0000000000
93701  -38.478  -7.322  48.153 0.0000000000
94984  -39.545  -5.957  48.752 0.0000000000
82936  -22.013  -15.552  64.876 0.0000000000
81563  -20.981  -16.584  65.595 0.0000000000
80286  -21.390  -18.243  63.278 0.0000000000
74937  -21.562  -21.927  62.379 0.0000000000
101169  -52.816  -1.292  34.270 0.0000000000
101186  -52.899  -1.352  33.445 0.0000000000
70781  -9.372  -25.194  76.985 0.0000000000
84369  -34.109  -15.111  57.810 0.0000000000
84379  -32.729  -15.199  56.010 0.0000000000
85628  -34.658  -13.886  56.131 0.0000000000
85642  -34.928  -13.764  54.875 0.0000000000
85629  -35.838  -13.969  55.852 0.0000000000
84325  -37.153  -14.213  60.780 0.0000000000
83043  -36.496  -14.863  60.379 0.0000000000
86836  -38.167  -13.473  59.978 0.0000000000
89460  -39.758  -11.046  56.702 0.0000000000
86893  -38.552  -11.984  56.881 0.0000000000
88179  -38.806  -11.688  55.689 0.0000000000
86928  -38.139  -12.032  54.774 0.0000000000
90882  -39.199  -10.940  54.556 0.0000000000
92290  -38.591  -10.435  54.061 0.0000000000
93640  -39.003  -9.879  55.107 0.0000000000
81705  -29.086  -17.543  56.599 0.0000000000
77551  -31.423  -20.112  61.174 0.0000000000
78972  -30.820  -19.618  60.542 0.0000000000
77573  -31.340  -20.418  60.035 0.0000000000
76290  -32.121  -21.195  57.338 0.0000000000
82939  -26.284  -15.138  64.855 0.0000000000
83025  -25.510  -15.495  59.893 0.0000000000
83010  -24.728  -15.639  60.806 0.0000000000
83036  -24.113  -16.507  59.218 0.0000000000
78984  -23.698  -18.629  59.418 0.0000000000
103625  -49.348  -0.298  39.583 0.0000000000
102413  -47.879  -0.915  37.845 0.0000000000
103632  -49.642  0.251  38.666 0.0000000000
103645  -52.432  0.418  37.038 0.0000000000
103651  -50.532  -0.107  36.634 0.0000000000
102421  -52.009  -0.061  36.170 0.0000000000
102430  -50.816  -0.776  34.920 0.0000000000
101148  -52.030  -0.607  35.215 0.0000000000
101149  -52.710  -0.605  35.133 0.0000000000
102422  -52.779  -0.028  35.882 0.0000000000
89557  -34.600  -11.390  50.674 0.0000000000
86971  -34.730  -13.138  50.255 0.0000000000
88374  -39.942  -11.937  42.321 0.0000000000
88344  -40.267  -10.322  42.953 0.0000000000
92348  -40.448  -6.689  46.919 0.0000000000
92381  -39.834  -8.057  45.821 0.0000000000
92363  -41.207  -7.197  46.504 0.0000000000
90973  -44.616  -8.567  45.443 0.0000000000
90991  -42.911  -8.813  45.211 0.0000000000
91011  -43.650  -8.938  44.599 0.0000000000
89622  -42.610  -9.330  43.832 0.0000000000
89624  -44.352  -8.946  44.217 0.0000000000
89644  -44.501  -9.027  43.906 0.0000000000
91034  -45.788  -8.845  44.840 0.0000000000
72263  -16.281  -23.775  68.307 0.0000000000
72262  -15.627  -24.123  68.751 0.0000000000
70947  -14.958  -24.337  70.180 0.0000000000
72279  -13.753  -24.300  68.428 0.0000000000
72278  -12.803  -24.551  68.860 0.0000000000
72318  -12.593  -24.950  66.921 0.0000000000
68444  -9.964  -27.240  71.046 0.0000000000
69624  -10.153  -25.565  72.685 0.0000000000
68442  -8.932  -26.566  71.805 0.0000000000
67158  -7.528  -28.186  74.067 0.0000000000
68415  -7.977  -26.415  73.855 0.0000000000
68414  -7.621  -27.195  74.162 0.0000000000
70811  -7.454  -25.156  74.616 0.0000000000
68408  -7.116  -27.204  74.845 0.0000000000
78882  -35.960  -19.399  65.564 0.0000000000
93810  -48.610  -6.989  43.860 0.0000000000
95074  -47.215  -6.938  43.522 0.0000000000
96261  -49.558  -5.519  43.834 0.0000000000
97387  -36.744  -6.124  53.276 0.0000000000
78948  -21.956  -18.857  61.168 0.0000000000
78928  -21.638  -19.203  62.147 0.0000000000
69573  -13.252  -24.797  76.463 0.0000000000
69584  -11.619  -25.295  75.254 0.0000000000
80394  -34.202  -18.239  56.529 0.0000000000
83067  -34.076  -16.703  57.571 0.0000000000
85588  -35.139  -14.953  58.681 0.0000000000
93602  -39.944  -8.462  56.974 0.0000000000
83039  -26.267  -16.069  59.148 0.0000000000
83064  -26.378  -16.363  57.410 0.0000000000
83052  -27.471  -16.348  58.515 0.0000000000
81687  -28.946  -17.518  57.767 0.0000000000
80375  -29.855  -17.994  57.252 0.0000000000
76236  -34.333  -21.248  60.510 0.0000000000
76272  -32.809  -21.418  59.045 0.0000000000
76273  -33.671  -21.643  58.636 0.0000000000
76292  -33.672  -21.558  57.373 0.0000000000
76310  -34.170  -20.964  56.003 0.0000000000
84278  -28.076  -13.671  64.342 0.0000000000
82957  -26.827  -14.540  63.812 0.0000000000
82981  -27.959  -14.865  62.926 0.0000000000
83012  -27.205  -15.212  61.025 0.0000000000
96304  -43.977  -6.318  39.560 0.0000000000
101152  -47.476  -2.756  35.971 0.0000000000
105801  -51.979  1.405  40.275 0.0000000000
104709  -50.967  0.947  38.597 0.0000000000
90960  -33.805  -10.156  48.249 0.0000000000
89618  -38.079  -11.284  43.546 0.0000000000
91031  -39.179  -9.567  43.597 0.0000000000
93727  -43.700  -6.690  48.126 0.0000000000
93747  -42.591  -7.395  46.822 0.0000000000
93764  -44.684  -7.437  46.929 0.0000000000
76158  -20.895  -21.644  66.134 0.0000000000
73625  -20.936  -22.547  66.794 0.0000000000
70971  -19.745  -23.541  67.999 0.0000000000
70970  -18.642  -24.225  68.084 0.0000000000
72302  -17.051  -23.626  67.203 0.0000000000
72321  -15.471  -24.032  65.993 0.0000000000
72334  -13.977  -25.052  65.580 0.0000000000
71017  -14.623  -25.735  65.059 0.0000000000
78992  -35.766  -18.513  60.296 0.0000000000
81673  -35.786  -17.208  59.746 0.0000000000
81660  -36.455  -16.931  60.838 0.0000000000
83014  -37.124  -15.490  61.954 0.0000000000
81624  -31.621  -16.317  62.402 0.0000000000
80307  -31.806  -17.222  61.680 0.0000000000
80308  -32.285  -17.769  61.924 0.0000000000
77508  -32.113  -19.451  62.495 0.0000000000
77529  -32.742  -20.476  61.982 0.0000000000
77477  -35.226  -20.401  64.235 0.0000000000
76192  -34.326  -21.090  62.963 0.0000000000
76220  -34.106  -21.362  61.493 0.0000000000
76222  -36.131  -21.066  61.052 0.0000000000
77553  -36.128  -19.769  60.726 0.0000000000
82962  -32.669  -15.578  64.105 0.0000000000
91076  -42.594  -9.242  42.084 0.0000000000
91104  -41.726  -9.874  39.936 0.0000000000
91092  -43.447  -9.045  41.790 0.0000000000
92451  -43.831  -8.326  41.308 0.0000000000
93833  -43.874  -7.812  40.857 0.0000000000
95059  -46.422  -6.861  42.956 0.0000000000
96281  -45.180  -6.343  42.287 0.0000000000
96293  -44.035  -6.413  40.746 0.0000000000
98758  -44.814  -4.284  40.769 0.0000000000
99937  -44.709  -3.426  39.978 0.0000000000
99951  -45.626  -2.641  39.279 0.0000000000
101140  -46.333  -2.487  38.154 0.0000000000
102406  -47.353  -1.266  39.503 0.0000000000
102400  -49.213  -0.903  40.251 0.0000000000
103619  -50.461  -0.319  40.829 0.0000000000
103607  -51.376  -1.017  42.436 0.0000000000
104695  -52.028  1.016  41.119 0.0000000000
88220  -37.153  -11.924  52.146 0.0000000000
88234  -36.212  -12.519  51.618 0.0000000000
89536  -36.118  -11.122  51.717 0.0000000000
90938  -35.066  -10.347  51.419 0.0000000000
92327  -34.523  -9.329  50.668 0.0000000000
96184  -35.565  -6.784  51.962 0.0000000000
93689  -35.104  -8.387  50.813 0.0000000000
93718  -34.338  -8.616  49.093 0.0000000000
93719  -35.020  -7.928  48.762 0.0000000000
92343  -35.219  -8.283  47.524 0.0000000000
92359  -37.039  -8.250  46.328 0.0000000000
92360  -38.106  -7.867  46.333 0.0000000000
92346  -38.456  -7.410  47.142 0.0000000000
93723  -39.032  -7.134  47.535 0.0000000000
93703  -40.904  -6.496  48.142 0.0000000000
94986  -41.375  -5.788  48.777 0.0000000000
93705  -42.851  -6.130  48.530 0.0000000000
78877  -20.403  -19.088  65.317 0.0000000000
78910  -21.354  -19.301  63.068 0.0000000000
77470  -20.970  -20.315  64.264 0.0000000000
76176  -21.025  -20.880  64.770 0.0000000000
73656  -20.800  -23.407  64.170 0.0000000000
85658  -36.368  -14.085  53.711 0.0000000000
86925  -37.318  -13.356  53.710 0.0000000000
83041  -35.580  -16.493  59.721 0.0000000000
84346  -35.707  -15.087  59.098 0.0000000000
85602  -36.454  -13.338  57.810 0.0000000000
85592  -37.740  -12.751  57.962 0.0000000000
85617  -37.329  -13.093  56.441 0.0000000000
85631  -37.396  -13.308  55.464 0.0000000000
85661  -37.433  -12.720  54.306 0.0000000000
88222  -37.630  -12.154  52.953 0.0000000000
90906  -37.901  -10.879  53.048 0.0000000000
93677  -37.696  -9.602  53.655 0.0000000000
94927  -37.301  -7.336  54.573 0.0000000000
93600  -37.927  -7.843  56.469 0.0000000000
96129  -37.568  -6.721  55.785 0.0000000000
80334  -31.049  -18.180  59.948 0.0000000000
79009  -29.906  -18.672  59.304 0.0000000000
79029  -30.632  -19.665  57.351 0.0000000000
77596  -31.487  -20.472  58.833 0.0000000000
77618  -30.880  -20.323  57.285 0.0000000000
84264  -22.988  -14.948  65.231 0.0000000000
84292  -22.499  -15.729  63.268 0.0000000000
82979  -25.525  -15.281  62.981 0.0000000000
82996  -23.867  -15.699  61.719 0.0000000000
81645  -22.436  -17.155  61.121 0.0000000000
78967  -23.189  -18.408  59.901 0.0000000000
101141  -47.115  -1.946  37.751 0.0000000000
101142  -47.695  -1.722  37.037 0.0000000000
102427  -48.559  -1.568  35.714 0.0000000000
103642  -50.059  0.392  37.525 0.0000000000
102418  -48.984  -0.612  35.960 0.0000000000
101154  -48.885  -2.238  34.990 0.0000000000
101165  -49.404  -2.570  34.539 0.0000000000
101167  -50.517  -2.377  33.894 0.0000000000
100007  -50.940  -2.708  33.794 0.0000000000
99997  -51.519  -1.810  33.815 0.0000000000
101158  -52.714  -1.023  34.623 0.0000000000
70919  -11.608  -25.181  70.480 0.0000000000
69641  -11.926  -25.306  71.403 0.0000000000
69674  -10.482  -26.481  70.073 0.0000000000
86973  -35.858  -13.219  51.087 0.0000000000
89673  -40.495  -10.249  41.410 0.0000000000
92397  -38.329  -8.595  45.042 0.0000000000
90988  -39.483  -8.389  45.025 0.0000000000
91007  -39.865  -8.199  43.985 0.0000000000
90970  -42.256  -8.236  45.713 0.0000000000
91008  -41.183  -8.731  44.202 0.0000000000
91033  -40.943  -8.753  43.294 0.0000000000
89621  -41.568  -8.929  43.537 0.0000000000
89641  -41.835  -8.865  43.042 0.0000000000
91061  -42.280  -9.140  42.401 0.0000000000
89661  -44.039  -9.287  43.422 0.0000000000
89663  -45.359  -8.801  43.899 0.0000000000
91065  -46.926  -8.014  43.853 0.0000000000
70875  -14.234  -23.903  72.735 0.0000000000
70896  -14.347  -24.013  71.825 0.0000000000
70921  -13.510  -24.275  71.071 0.0000000000
70946  -12.080  -24.935  69.468 0.0000000000
69693  -11.296  -26.456  67.861 0.0000000000
69625  -11.206  -25.554  72.614 0.0000000000
69609  -11.077  -25.448  73.668 0.0000000000
70831  -9.854  -25.437  74.433 0.0000000000
69622  -8.533  -25.893  72.777 0.0000000000
70848  -8.506  -24.806  73.807 0.0000000000
70814  -9.624  -25.404  75.299 0.0000000000
70794  -8.692  -24.909  75.558 0.0000000000
70793  -8.113  -24.704  75.277 0.0000000000
67124  -7.066  -28.840  75.670 0.0000000000
68407  -6.574  -26.981  75.052 0.0000000000
70874  -13.328  -24.007  72.821 0.0000000000
70873  -12.456  -24.069  73.014 0.0000000000
80378  -35.195  -17.970  58.772 0.0000000000
81636  -29.801  -16.030  61.477 0.0000000000
81648  -30.162  -16.346  60.832 0.0000000000
79012  -35.362  -18.559  59.546 0.0000000000
76276  -34.741  -19.698  58.761 0.0000000000
77599  -34.750  -19.239  58.865 0.0000000000
77623  -34.847  -19.123  58.171 0.0000000000
81623  -30.726  -16.053  62.355 0.0000000000
82983  -30.524  -15.145  62.657 0.0000000000
99979  -45.766  -2.964  37.515 0.0000000000
86961  -37.057  -13.299  52.437 0.0000000000
85692  -36.435  -13.913  51.894 0.0000000000
85693  -36.694  -13.429  51.962 0.0000000000
92377  -35.991  -9.113  45.698 0.0000000000
90984  -35.441  -9.713  45.687 0.0000000000
91003  -35.836  -10.217  44.948 0.0000000000
91004  -36.585  -9.759  44.614 0.0000000000
90986  -36.873  -9.003  44.938 0.0000000000
71032  -18.162  -24.594  63.966 0.0000000000
72355  -17.828  -24.295  64.933 0.0000000000
80324  -37.454  -17.290  62.027 0.0000000000
80309  -37.287  -17.469  62.943 0.0000000000
80252  -34.645  -18.120  65.209 0.0000000000
78879  -34.217  -18.356  64.207 0.0000000000
80291  -37.366  -17.965  63.625 0.0000000000
77532  -36.411  -18.967  62.415 0.0000000000
80234  -34.613  -17.300  65.133 0.0000000000
91080  -46.096  -8.303  43.348 0.0000000000
92442  -45.532  -8.361  42.842 0.0000000000
92443  -46.097  -8.138  43.149 0.0000000000
99920  -49.007  -3.172  42.790 0.0000000000
99919  -48.488  -3.274  42.774 0.0000000000
99927  -48.569  -3.009  42.568 0.0000000000
101113  -47.562  -2.586  41.895 0.0000000000
101114  -48.829  -2.575  41.953 0.0000000000
102384  -49.425  -2.129  41.623 0.0000000000
101115  -49.589  -2.352  41.888 0.0000000000
94939  -36.458  -7.375  53.368 0.0000000000
93675  -36.135  -8.150  52.843 0.0000000000
96199  -37.428  -5.878  50.456 0.0000000000
94969  -37.947  -6.011  49.433 0.0000000000
94983  -38.680  -6.389  48.669 0.0000000000
94970  -39.056  -5.729  49.409 0.0000000000
82954  -21.715  -16.263  63.722 0.0000000000
82953  -21.334  -16.787  64.088 0.0000000000
81622  -21.660  -17.282  63.037 0.0000000000
101170  -53.391  -0.935  34.500 0.0000000000
101177  -53.010  -1.441  33.929 0.0000000000
102439  -53.545  -1.131  33.886 0.0000000000
70783  -11.342  -25.034  77.175 0.0000000000
70782  -10.330  -25.211  77.149 0.0000000000
70796  -10.048  -25.291  76.260 0.0000000000
85614  -34.442  -14.449  57.439 0.0000000000
85613  -33.803  -14.585  57.197 0.0000000000
85567  -37.689  -13.742  60.377 0.0000000000
86837  -38.664  -13.349  60.217 0.0000000000
90869  -39.895  -10.611  56.339 0.0000000000
90884  -39.509  -10.747  55.650 0.0000000000
89476  -39.377  -11.186  54.748 0.0000000000
92273  -39.520  -10.612  55.404 0.0000000000
81700  -24.391  -17.301  58.377 0.0000000000
81701  -24.694  -16.980  57.692 0.0000000000
77552  -32.007  -20.859  60.678 0.0000000000
83038  -25.124  -15.949  59.071 0.0000000000
83024  -24.494  -15.912  59.814 0.0000000000
81670  -24.647  -16.275  58.832 0.0000000000
81682  -24.275  -17.037  58.788 0.0000000000
103626  -50.136  0.165  39.844 0.0000000000
103633  -50.412  0.527  39.035 0.0000000000
103653  -51.999  -0.105  37.037 0.0000000000
101147  -51.533  -0.546  35.312 0.0000000000
89556  -33.690  -11.364  49.888 0.0000000000
88249  -34.063  -12.373  49.817 0.0000000000
89555  -33.430  -11.374  49.362 0.0000000000
89639  -39.271  -10.486  43.212 0.0000000000
88360  -39.236  -11.352  42.719 0.0000000000
88361  -39.868  -10.726  42.567 0.0000000000
88343  -39.824  -10.430  43.012 0.0000000000
92349  -40.924  -6.693  47.074 0.0000000000
93746  -41.897  -7.319  46.679 0.0000000000
90993  -44.920  -8.941  45.046 0.0000000000
90992  -43.975  -8.764  44.920 0.0000000000
89594  -44.340  -8.871  45.020 0.0000000000
89604  -44.182  -8.875  44.516 0.0000000000
89595  -44.805  -8.934  44.798 0.0000000000
89605  -45.020  -8.972  44.753 0.0000000000
91013  -45.611  -8.965  44.928 0.0000000000
72281  -15.706  -23.997  67.813 0.0000000000
72280  -14.791  -24.254  68.094 0.0000000000
72261  -14.677  -24.256  69.272 0.0000000000
68443  -9.291  -27.122  71.546 0.0000000000
69592  -7.412  -26.167  74.496 0.0000000000
97373  -38.053  -5.077  53.759 0.0000000000
77547  -22.540  -19.640  60.585 0.0000000000
69586  -13.272  -24.134  75.743 0.0000000000
69585  -12.244  -24.411  75.862 0.0000000000
69595  -11.929  -25.041  74.618 0.0000000000
79049  -34.330  -18.958  56.367 0.0000000000
81707  -34.752  -17.191  58.245 0.0000000000
81706  -34.403  -17.097  57.583 0.0000000000
83068  -34.456  -16.170  58.378 0.0000000000
84345  -35.037  -15.411  58.765 0.0000000000
83026  -26.735  -15.587  60.028 0.0000000000
83040  -27.508  -16.013  59.038 0.0000000000
81672  -29.313  -17.137  58.761 0.0000000000
80360  -29.651  -18.268  58.469 0.0000000000
76237  -35.144  -21.061  60.299 0.0000000000
76254  -33.572  -21.298  59.777 0.0000000000
76255  -34.377  -21.228  59.485 0.0000000000
76275  -34.795  -20.308  58.313 0.0000000000
77642  -34.970  -19.915  56.372 0.0000000000
84280  -30.015  -14.165  64.403 0.0000000000
84279  -28.795  -13.885  64.365 0.0000000000
82958  -28.076  -13.873  63.662 0.0000000000
83013  -28.498  -15.313  61.102 0.0000000000
90966  -33.541  -10.584  48.064 0.0000000000
90967  -33.853  -10.306  47.624 0.0000000000
91048  -38.573  -10.516  43.516 0.0000000000
95018  -44.573  -6.962  47.836 0.0000000000
93748  -43.985  -7.372  46.945 0.0000000000
93750  -45.853  -8.124  46.150 0.0000000000
73636  -20.843  -22.867  65.960 0.0000000000
74883  -21.019  -22.139  66.232 0.0000000000
72341  -20.873  -23.575  65.874 0.0000000000
71006  -19.668  -23.918  66.534 0.0000000000
71007  -20.108  -23.764  66.564 0.0000000000
70989  -20.078  -23.555  67.236 0.0000000000
69696  -19.193  -24.110  68.011 0.0000000000
70986  -18.706  -24.063  67.345 0.0000000000
72322  -16.623  -23.698  66.134 0.0000000000
72303  -17.667  -23.576  67.253 0.0000000000
72301  -16.035  -23.737  66.979 0.0000000000
72335  -14.948  -24.730  65.219 0.0000000000
80349  -35.996  -17.678  60.273 0.0000000000
80335  -36.420  -17.595  61.027 0.0000000000
81649  -37.705  -16.444  61.784 0.0000000000
81661  -36.565  -16.259  61.563 0.0000000000
81625  -32.235  -16.509  62.665 0.0000000000
80288  -31.994  -16.984  62.188 0.0000000000
80289  -32.531  -17.459  62.425 0.0000000000
78913  -33.108  -19.390  63.574 0.0000000000
78912  -32.725  -18.781  62.933 0.0000000000
77491  -32.533  -19.674  62.880 0.0000000000
77509  -32.730  -20.228  62.401 0.0000000000
76190  -33.395  -20.370  62.875 0.0000000000
78897  -36.618  -20.000  65.081 0.0000000000
78896  -35.593  -19.881  64.952 0.0000000000
77510  -36.495  -20.937  62.413 0.0000000000
77495  -36.054  -20.892  63.242 0.0000000000
76206  -35.837  -21.247  62.112 0.0000000000
76205  -34.757  -21.414  62.193 0.0000000000
76221  -35.142  -21.452  61.225 0.0000000000
78951  -36.040  -18.852  61.723 0.0000000000
77554  -35.831  -19.117  60.873 0.0000000000
77576  -35.813  -18.964  60.319 0.0000000000
81584  -33.515  -16.656  64.357 0.0000000000
81583  -33.071  -16.145  64.103 0.0000000000
81604  -32.038  -15.897  62.889 0.0000000000
91077  -43.343  -9.286  42.305 0.0000000000
91091  -42.524  -9.299  41.262 0.0000000000
92441  -44.680  -8.244  42.362 0.0000000000
92452  -44.074  -8.713  41.814 0.0000000000
92440  -44.207  -8.256  41.656 0.0000000000
93819  -44.021  -8.094  41.214 0.0000000000
95070  -44.394  -7.703  41.805 0.0000000000
96284  -47.538  -6.030  43.811 0.0000000000
95073  -46.452  -7.788  43.397 0.0000000000
97486  -46.815  -5.928  43.655 0.0000000000
96282  -46.011  -6.138  42.781 0.0000000000
97497  -45.455  -5.225  42.135 0.0000000000
95083  -44.477  -6.616  41.640 0.0000000000
96294  -44.620  -5.752  41.445 0.0000000000
97511  -44.862  -4.889  41.254 0.0000000000
99939  -45.912  -2.914  41.288 0.0000000000
101121  -45.601  -2.546  40.770 0.0000000000
99950  -45.101  -3.014  39.591 0.0000000000
101127  -45.814  -2.364  40.013 0.0000000000
101128  -46.575  -1.732  39.874 0.0000000000
102398  -47.383  -1.492  40.523 0.0000000000
102394  -49.893  -1.051  40.907 0.0000000000
102401  -49.809  -0.476  40.297 0.0000000000
104686  -51.570  0.252  41.443 0.0000000000
90924  -36.911  -10.763  52.199 0.0000000000
89518  -36.815  -11.391  51.863 0.0000000000
90940  -36.820  -10.946  51.932 0.0000000000
92319  -35.422  -9.253  51.719 0.0000000000
90922  -35.630  -9.912  51.830 0.0000000000
90937  -34.436  -9.987  50.916 0.0000000000
92328  -34.927  -9.308  51.240 0.0000000000
97402  -36.691  -5.804  52.432 0.0000000000
96185  -36.080  -6.191  51.738 0.0000000000
94967  -35.719  -7.143  50.235 0.0000000000
93699  -35.179  -7.858  49.766 0.0000000000
93698  -34.688  -8.559  49.864 0.0000000000
93720  -36.011  -7.668  47.978 0.0000000000
92344  -36.395  -7.829  47.096 0.0000000000
92345  -37.536  -7.626  47.080 0.0000000000
93722  -38.072  -7.519  47.772 0.0000000000
93702  -39.647  -6.674  48.174 0.0000000000
93724  -40.328  -6.717  47.538 0.0000000000
94987  -42.230  -5.740  48.921 0.0000000000
93704  -41.937  -6.286  48.175 0.0000000000
80248  -20.777  -17.226  65.197 0.0000000000
80232  -20.607  -17.230  65.648 0.0000000000
80233  -20.374  -17.836  66.124 0.0000000000
76214  -21.697  -20.949  61.845 0.0000000000
77503  -21.543  -20.107  62.502 0.0000000000
76199  -21.399  -20.975  62.948 0.0000000000
74922  -21.414  -21.715  63.602 0.0000000000
74906  -21.209  -21.617  64.745 0.0000000000
73678  -21.227  -23.027  63.668 0.0000000000
72152  -8.863  -24.356  76.808 0.0000000000
83104  -32.753  -16.292  54.865 0.0000000000
84390  -33.678  -14.460  54.100 0.0000000000
85643  -36.125  -14.109  54.714 0.0000000000
85675  -37.097  -13.765  53.206 0.0000000000
85659  -37.108  -13.657  53.733 0.0000000000
81674  -35.911  -16.699  60.262 0.0000000000
83042  -35.838  -15.652  60.167 0.0000000000
84335  -36.369  -14.711  59.657 0.0000000000
85590  -36.349  -14.300  58.894 0.0000000000
86877  -38.227  -12.240  57.129 0.0000000000
85604  -37.787  -12.569  57.240 0.0000000000
85603  -37.123  -12.755  57.422 0.0000000000
85618  -37.785  -12.747  56.282 0.0000000000
88193  -38.142  -11.791  54.227 0.0000000000
86911  -37.731  -12.330  54.776 0.0000000000
86946  -37.670  -12.241  53.664 0.0000000000
88210  -37.736  -11.937  53.426 0.0000000000
89520  -37.739  -11.816  52.993 0.0000000000
93661  -38.389  -9.687  54.338 0.0000000000
93678  -38.106  -10.152  53.805 0.0000000000
93660  -38.015  -8.377  54.009 0.0000000000
94928  -37.835  -7.802  54.763 0.0000000000
94898  -39.277  -7.640  57.020 0.0000000000
93601  -38.684  -8.111  56.509 0.0000000000
96119  -38.949  -6.930  57.186 0.0000000000
97343  -37.894  -6.304  55.718 0.0000000000
81703  -27.106  -16.585  57.394 0.0000000000
81721  -26.315  -16.675  56.664 0.0000000000
78949  -31.500  -18.311  61.469 0.0000000000
80323  -31.298  -17.717  60.850 0.0000000000
78971  -30.790  -18.679  60.858 0.0000000000
78990  -30.771  -19.842  59.378 0.0000000000
78989  -30.342  -18.946  59.853 0.0000000000
79010  -30.240  -19.213  58.654 0.0000000000
77597  -32.135  -21.051  58.383 0.0000000000
84277  -24.086  -15.335  64.678 0.0000000000
84276  -23.231  -15.134  64.330 0.0000000000
84293  -23.225  -15.336  63.502 0.0000000000
82980  -26.713  -14.995  63.006 0.0000000000
82956  -25.960  -15.324  63.967 0.0000000000
83009  -23.516  -16.314  60.571 0.0000000000
83008  -22.768  -16.690  60.919 0.0000000000
82995  -22.732  -16.464  61.659 0.0000000000
80321  -22.364  -17.604  60.728 0.0000000000
80332  -22.710  -17.765  60.137 0.0000000000
102412  -47.436  -1.377  38.566 0.0000000000
102417  -48.310  -0.988  36.650 0.0000000000
101146  -47.977  -2.112  36.308 0.0000000000
104722  -51.268  0.982  37.776 0.0000000000
102419  -49.970  -0.522  35.798 0.0000000000
102428  -49.421  -1.233  35.320 0.0000000000
101155  -49.877  -1.783  34.755 0.0000000000
101156  -50.932  -1.223  34.398 0.0000000000
101150  -53.115  -0.550  35.027 0.0000000000
101159  -52.881  -0.978  34.885 0.0000000000
102431  -53.454  -0.187  35.093 0.0000000000
70945  -11.392  -25.198  69.955 0.0000000000
69655  -11.319  -25.619  70.630 0.0000000000
88218  -35.915  -11.960  51.566 0.0000000000
89657  -40.440  -10.951  41.905 0.0000000000
89658  -41.162  -9.639  42.316 0.0000000000
92379  -37.670  -8.520  45.338 0.0000000000
92380  -38.802  -8.306  45.487 0.0000000000
92365  -43.235  -7.929  46.172 0.0000000000
92364  -42.175  -7.834  46.089 0.0000000000
90971  -42.681  -8.358  45.707 0.0000000000
91009  -42.218  -9.172  44.806 0.0000000000
89601  -41.871  -9.207  44.308 0.0000000000
89642  -42.870  -9.341  43.429 0.0000000000
89659  -42.182  -9.010  42.735 0.0000000000
89660  -43.110  -9.366  42.962 0.0000000000
89626  -45.527  -8.805  44.512 0.0000000000
89645  -45.073  -8.886  44.051 0.0000000000
89646  -45.567  -8.731  44.152 0.0000000000
91064  -45.920  -8.563  43.762 0.0000000000
91050  -46.162  -8.544  44.221 0.0000000000
72244  -14.300  -24.297  70.061 0.0000000000
70922  -14.526  -24.275  70.893 0.0000000000
72242  -13.054  -24.460  70.579 0.0000000000
72259  -12.875  -24.485  69.953 0.0000000000
70983  -12.201  -25.355  67.287 0.0000000000
70967  -11.911  -25.173  68.187 0.0000000000
69694  -11.836  -25.832  67.572 0.0000000000
69640  -11.281  -25.797  71.595 0.0000000000
69626  -11.836  -24.902  72.380 0.0000000000
70851  -10.538  -25.507  73.693 0.0000000000
70832  -10.591  -25.482  74.212 0.0000000000
70850  -9.957  -25.466  73.512 0.0000000000
67186  -8.426  -27.677  72.905 0.0000000000
69593  -7.824  -25.949  74.051 0.0000000000
69607  -8.146  -25.582  73.602 0.0000000000
70830  -8.982  -25.173  74.467 0.0000000000
70813  -8.775  -25.314  75.154 0.0000000000
70792  -7.592  -24.802  75.188 0.0000000000
72162  -8.348  -24.255  75.588 0.0000000000
67140  -6.584  -28.184  74.943 0.0000000000
69610  -11.668  -24.137  73.632 0.0000000000
80395  -34.557  -18.405  57.134 0.0000000000
80377  -34.814  -18.149  58.011 0.0000000000
81688  -35.090  -16.865  58.698 0.0000000000
81658  -29.186  -15.861  60.349 0.0000000000
81659  -29.793  -16.743  59.804 0.0000000000
76294  -34.726  -20.366  57.571 0.0000000000
77621  -34.652  -20.376  57.240 0.0000000000
77622  -34.777  -19.765  57.606 0.0000000000
82942  -32.068  -15.003  64.689 0.0000000000
82960  -30.872  -14.539  63.531 0.0000000000
82982  -29.187  -14.943  62.896 0.0000000000
99962  -44.225  -3.968  38.987 0.0000000000
99986  -46.205  -3.215  36.739 0.0000000000
84417  -35.838  -14.561  52.360 0.0000000000
90968  -34.493  -10.014  47.022 0.0000000000
90983  -34.578  -10.496  46.192 0.0000000000
91029  -37.028  -10.451  44.236 0.0000000000
71034  -19.610  -24.109  64.976 0.0000000000
72340  -20.720  -23.964  65.888 0.0000000000
71021  -19.170  -24.252  65.523 0.0000000000
71004  -18.614  -23.874  66.372 0.0000000000
72338  -18.062  -23.910  65.813 0.0000000000
72337  -17.280  -24.047  65.437 0.0000000000
71019  -16.266  -25.201  64.262 0.0000000000
78974  -36.371  -17.743  61.507 0.0000000000
81640  -38.077  -16.076  62.791 0.0000000000
80250  -33.862  -17.382  63.790 0.0000000000
80271  -33.368  -17.556  63.210 0.0000000000
80272  -33.916  -17.817  63.694 0.0000000000
78894  -33.606  -18.757  63.997 0.0000000000
77475  -33.503  -19.784  63.744 0.0000000000
77497  -37.592  -19.763  63.606 0.0000000000
77511  -37.039  -20.391  62.482 0.0000000000
76223  -36.736  -20.548  61.533 0.0000000000
81585  -34.238  -16.738  64.827 0.0000000000
91093  -44.519  -9.009  42.657 0.0000000000
91094  -45.006  -8.932  42.966 0.0000000000
93821  -45.363  -7.788  42.577 0.0000000000
98747  -48.272  -4.333  43.591 0.0000000000
97499  -47.031  -5.422  43.513 0.0000000000
98746  -47.702  -4.252  43.308 0.0000000000
98745  -46.936  -4.091  42.672 0.0000000000
99924  -46.182  -3.444  41.839 0.0000000000
99925  -46.885  -3.089  42.087 0.0000000000
101112  -47.080  -2.631  41.730 0.0000000000
102391  -47.521  -1.779  41.092 0.0000000000
101124  -48.508  -1.980  41.372 0.0000000000
102393  -49.068  -1.659  41.104 0.0000000000
93676  -37.137  -8.868  53.192 0.0000000000
92321  -36.501  -10.036  52.385 0.0000000000
92307  -36.497  -9.274  52.587 0.0000000000
93684  -35.917  -8.925  52.260 0.0000000000
96186  -36.958  -5.685  51.417 0.0000000000
94981  -36.373  -7.121  49.146 0.0000000000
95001  -35.826  -7.453  48.681 0.0000000000
93700  -37.661  -7.620  48.185 0.0000000000
82924  -21.846  -15.666  66.074 0.0000000000
82923  -21.353  -16.157  65.234 0.0000000000
81602  -21.136  -17.165  64.381 0.0000000000
80269  -21.070  -18.035  64.181 0.0000000000
73699  -21.726  -22.410  61.665 0.0000000000
73677  -21.056  -23.575  63.080 0.0000000000
101185  -51.836  -1.921  33.036 0.0000000000
84355  -33.603  -16.173  57.413 0.0000000000
83090  -32.969  -16.315  56.212 0.0000000000
84367  -33.237  -15.806  56.831 0.0000000000
85627  -33.553  -14.497  56.460 0.0000000000
85641  -33.702  -13.971  55.095 0.0000000000
85630  -36.804  -13.747  55.628 0.0000000000
83029  -36.556  -15.320  61.132 0.0000000000
84336  -36.824  -14.480  60.106 0.0000000000
85578  -37.278  -14.083  59.598 0.0000000000
86894  -39.371  -11.793  57.488 0.0000000000
88166  -39.527  -11.482  56.932 0.0000000000
86903  -38.733  -11.738  56.494 0.0000000000
86913  -38.420  -11.799  55.880 0.0000000000
86912  -38.231  -12.020  55.372 0.0000000000
88195  -38.969  -12.063  55.169 0.0000000000
89490  -39.125  -11.685  54.776 0.0000000000
89489  -38.835  -11.285  54.340 0.0000000000
90907  -38.378  -10.845  53.553 0.0000000000
92291  -38.911  -10.440  54.486 0.0000000000
93662  -38.825  -10.217  54.574 0.0000000000
93639  -38.515  -9.096  55.130 0.0000000000
96108  -38.750  -6.156  57.293 0.0000000000
81704  -28.067  -17.198  57.061 0.0000000000
82938  -25.192  -15.510  64.872 0.0000000000
83011  -25.929  -15.359  60.956 0.0000000000
82997  -25.091  -15.338  61.910 0.0000000000
83023  -23.907  -16.429  59.601 0.0000000000
80345  -23.486  -17.733  59.559 0.0000000000
81668  -23.879  -16.954  59.197 0.0000000000
80359  -24.191  -17.851  58.924 0.0000000000
103624  -48.720  -0.696  39.560 0.0000000000
103631  -48.747  -0.440  38.695 0.0000000000
103644  -51.746  0.550  37.471 0.0000000000
103652  -51.422  -0.103  36.788 0.0000000000
102420  -50.987  -0.483  35.586 0.0000000000
101157  -51.955  -1.186  34.396 0.0000000000
68465  -10.821  -27.454  68.560 0.0000000000
88232  -34.718  -12.785  50.316 0.0000000000
88250  -34.706  -12.215  50.412 0.0000000000
93744  -39.292  -6.837  46.848 0.0000000000
92362  -40.023  -7.051  46.408 0.0000000000
92382  -40.864  -7.793  45.802 0.0000000000
90972  -43.638  -8.460  45.559 0.0000000000
91010  -43.097  -9.101  44.728 0.0000000000
89603  -43.280  -9.219  44.365 0.0000000000
89623  -43.539  -9.275  44.035 0.0000000000
89625  -45.204  -9.006  44.242 0.0000000000
91035  -46.063  -8.688  44.629 0.0000000000
70949  -16.566  -23.730  69.206 0.0000000000
70948  -15.669  -24.259  69.788 0.0000000000
72260  -13.670  -24.337  69.506 0.0000000000
72298  -12.727  -24.453  67.555 0.0000000000
71001  -12.636  -25.641  66.666 0.0000000000
69639  -10.230  -26.113  71.616 0.0000000000
69638  -9.396  -26.035  71.843 0.0000000000
69623  -9.246  -25.625  72.466 0.0000000000
67171  -7.674  -27.816  73.850 0.0000000000
68420  -7.868  -27.538  73.754 0.0000000000
70828  -7.718  -25.430  74.428 0.0000000000
78881  -34.967  -19.014  65.527 0.0000000000
78900  -37.913  -18.258  64.680 0.0000000000
93809  -47.904  -7.422  43.710 0.0000000000
93824  -47.483  -7.026  43.627 0.0000000000
93825  -48.050  -7.081  43.662 0.0000000000
95075  -48.172  -6.537  43.701 0.0000000000
96285  -48.375  -5.532  43.918 0.0000000000
99921  -49.665  -3.602  43.210 0.0000000000
101108  -49.835  -2.671  42.535 0.0000000000
102379  -50.398  -2.125  42.378 0.0000000000
97372  -37.385  -6.036  54.086 0.0000000000
97388  -37.429  -5.532  53.105 0.0000000000
96201  -39.690  -5.489  50.321 0.0000000000
80305  -21.736  -18.204  61.983 0.0000000000
80304  -21.627  -17.981  62.649 0.0000000000
77523  -21.929  -19.951  61.486 0.0000000000
70817  -11.977  -24.622  76.211 0.0000000000
70816  -11.579  -24.874  75.993 0.0000000000
81725  -33.875  -17.144  56.586 0.0000000000
81726  -34.316  -17.356  56.947 0.0000000000
83066  -33.827  -16.538  57.273 0.0000000000
84356  -33.877  -15.787  57.993 0.0000000000
84357  -34.441  -15.251  58.218 0.0000000000
85600  -34.930  -14.717  58.415 0.0000000000
93621  -39.455  -9.290  55.833 0.0000000000
83050  -25.749  -16.142  58.278 0.0000000000
83063  -25.478  -16.456  57.509 0.0000000000
83051  -26.991  -16.271  58.166 0.0000000000
81685  -27.285  -16.637  58.002 0.0000000000
81686  -27.873  -16.787  58.296 0.0000000000
76235  -33.403  -21.327  60.846 0.0000000000
76253  -32.733  -21.262  60.186 0.0000000000
76308  -32.968  -21.930  56.427 0.0000000000
82940  -27.060  -14.109  64.603 0.0000000000
82999  -27.629  -15.169  62.033 0.0000000000
95109  -43.502  -7.734  39.374 0.0000000000
99993  -47.462  -3.396  35.356 0.0000000000
104699  -51.476  1.180  39.472 0.0000000000
105811  -52.115  1.547  39.355 0.0000000000
103646  -53.050  0.593  36.600 0.0000000000
92335  -33.696  -9.977  49.134 0.0000000000
89573  -33.294  -11.386  48.830 0.0000000000
90959  -33.522  -10.582  48.573 0.0000000000
93726  -42.742  -6.834  47.669 0.0000000000
93749  -44.492  -7.763  46.430 0.0000000000
92367  -45.140  -8.205  46.050 0.0000000000
90974  -45.304  -8.582  45.493 0.0000000000
90975  -45.906  -8.544  45.606 0.0000000000
90995  -45.943  -8.778  45.210 0.0000000000
72326  -20.759  -23.002  66.639 0.0000000000
72305  -20.803  -22.804  67.253 0.0000000000
70969  -18.034  -24.205  68.048 0.0000000000
70985  -18.069  -23.770  67.347 0.0000000000
70984  -17.544  -23.724  67.550 0.0000000000
70968  -17.204  -23.877  68.039 0.0000000000
72282  -16.445  -23.719  67.687 0.0000000000
72300  -15.030  -24.123  67.029 0.0000000000
72320  -14.290  -24.245  66.090 0.0000000000
80362  -35.642  -17.787  59.535 0.0000000000
80363  -35.788  -18.128  59.998 0.0000000000
83030  -37.293  -14.572  61.713 0.0000000000
81638  -31.307  -16.314  62.003 0.0000000000
80306  -31.354  -16.648  61.473 0.0000000000
78930  -32.192  -18.594  61.969 0.0000000000
80290  -33.057  -17.961  62.637 0.0000000000
78931  -32.166  -18.960  62.611 0.0000000000
77507  -32.058  -19.241  62.110 0.0000000000
77527  -31.669  -19.558  62.025 0.0000000000
77528  -32.306  -20.445  61.758 0.0000000000
76218  -32.690  -20.800  61.585 0.0000000000
78895  -34.601  -19.495  64.626 0.0000000000
77476  -34.176  -20.035  64.070 0.0000000000
77478  -36.314  -20.409  64.288 0.0000000000
77494  -34.797  -20.811  63.560 0.0000000000
76191  -33.662  -20.593  62.910 0.0000000000
76204  -33.849  -21.101  62.374 0.0000000000
76219  -33.073  -20.894  61.831 0.0000000000
77530  -36.329  -20.291  61.038 0.0000000000
76238  -35.609  -20.313  60.284 0.0000000000
77575  -35.482  -19.286  60.045 0.0000000000
78991  -35.619  -18.824  60.158 0.0000000000
82943  -32.786  -15.682  64.841 0.0000000000
82961  -32.016  -15.111  63.601 0.0000000000
91090  -41.768  -9.639  41.089 0.0000000000
92463  -43.361  -8.818  41.482 0.0000000000
91106  -42.984  -8.836  41.176 0.0000000000
93823  -46.880  -7.915  43.540 0.0000000000
95072  -46.235  -7.101  42.748 0.0000000000
97485  -46.552  -6.194  43.345 0.0000000000
95071  -44.807  -7.293  42.175 0.0000000000
95082  -44.080  -7.317  41.302 0.0000000000
95094  -43.766  -7.420  40.050 0.0000000000
97510  -44.099  -5.125  40.333 0.0000000000
98743  -45.447  -4.104  41.497 0.0000000000
98757  -44.442  -3.986  40.136 0.0000000000
99949  -44.459  -3.687  39.443 0.0000000000
99963  -44.668  -3.628  38.632 0.0000000000
99964  -45.506  -2.915  38.535 0.0000000000
101133  -46.087  -2.301  39.079 0.0000000000
101134  -46.823  -1.864  38.799 0.0000000000
102399  -48.247  -1.096  40.183 0.0000000000
104693  -50.771  0.298  40.456 0.0000000000
102386  -50.780  -1.109  42.009 0.0000000000
103620  -51.043  0.152  41.073 0.0000000000
104694  -51.503  0.775  40.699 0.0000000000
105791  -51.964  1.170  40.824 0.0000000000
88236  -37.268  -12.225  52.205 0.0000000000
88235  -36.933  -12.373  51.956 0.0000000000
88219  -36.536  -12.060  51.809 0.0000000000
89517  -36.070  -11.666  51.661 0.0000000000
89535  -35.551  -11.497  51.426 0.0000000000
90923  -36.044  -10.305  52.014 0.0000000000
90952  -34.517  -10.691  50.887 0.0000000000
90951  -34.083  -10.331  50.384 0.0000000000
96168  -35.975  -6.648  52.710 0.0000000000
96167  -35.594  -6.892  52.351 0.0000000000
94960  -35.484  -7.397  51.394 0.0000000000
96197  -35.703  -6.654  51.186 0.0000000000
93688  -34.749  -8.743  50.447 0.0000000000
92336  -34.168  -9.299  49.573 0.0000000000
92341  -33.794  -9.972  48.576 0.0000000000
92342  -34.115  -9.208  48.259 0.0000000000
92357  -34.636  -9.117  47.084 0.0000000000
92358  -35.787  -8.823  46.431 0.0000000000
92378  -36.568  -8.756  45.598 0.0000000000
92347  -38.859  -7.105  47.169 0.0000000000
93745  -39.753  -6.675  47.081 0.0000000000
94971  -40.031  -5.622  49.444 0.0000000000
94973  -41.874  -5.474  49.864 0.0000000000
80287  -21.533  -18.627  62.629 0.0000000000
78909  -21.107  -18.863  63.710 0.0000000000
77486  -21.267  -20.226  63.424 0.0000000000
78878  -20.707  -19.701  64.551 0.0000000000
77456  -20.541  -20.250  65.340 0.0000000000
76159  -20.823  -21.206  65.627 0.0000000000
74905  -21.081  -22.365  65.308 0.0000000000
73657  -21.001  -23.210  65.018 0.0000000000
73676  -20.629  -23.808  63.384 0.0000000000
72357  -20.182  -23.831  64.303 0.0000000000
85657  -35.136  -14.023  53.609 0.0000000000
85673  -35.677  -14.304  52.892 0.0000000000
86943  -37.008  -13.763  52.839 0.0000000000
86944  -37.234  -13.525  53.142 0.0000000000
81689  -35.451  -16.928  59.042 0.0000000000
83054  -35.389  -15.898  59.342 0.0000000000
85589  -35.441  -14.718  58.720 0.0000000000
85601  -35.537  -13.976  58.025 0.0000000000
86849  -37.993  -13.120  59.077 0.0000000000
86863  -38.397  -12.486  58.294 0.0000000000
85591  -37.344  -13.374  58.419 0.0000000000
86875  -35.894  -13.142  57.424 0.0000000000
85616  -36.313  -12.906  56.706 0.0000000000
85645  -37.321  -13.261  54.661 0.0000000000
86901  -37.859  -12.342  55.396 0.0000000000
85646  -37.446  -12.722  54.767 0.0000000000
85660  -37.338  -13.134  54.152 0.0000000000
86926  -37.374  -13.072  53.859 0.0000000000
86945  -37.556  -12.841  53.252 0.0000000000
88221  -37.483  -12.128  52.592 0.0000000000
89519  -37.528  -11.387  52.628 0.0000000000
90905  -37.390  -10.678  52.846 0.0000000000
92310  -38.172  -10.558  53.537 0.0000000000
92309  -37.683  -10.382  53.360 0.0000000000
94940  -37.332  -7.519  53.851 0.0000000000
93620  -38.859  -8.564  55.862 0.0000000000
93619  -37.940  -8.231  55.945 0.0000000000
94897  -38.465  -7.416  56.799 0.0000000000
93599  -37.767  -7.638  56.391 0.0000000000
94916  -37.858  -7.977  55.333 0.0000000000
94915  -37.496  -7.516  55.550 0.0000000000
96139  -37.259  -6.749  54.909 0.0000000000
80322  -31.189  -16.785  61.056 0.0000000000
78988  -30.219  -18.549  59.558 0.0000000000
80361  -30.228  -18.729  57.701 0.0000000000
80376  -30.362  -18.763  56.684 0.0000000000
77574  -32.020  -21.052  59.532 0.0000000000
77619  -31.492  -20.710  57.478 0.0000000000
84263  -22.698  -15.203  64.633 0.0000000000
84275  -22.530  -15.431  64.042 0.0000000000
82976  -22.238  -16.490  62.658 0.0000000000
82955  -24.824  -15.545  63.914 0.0000000000
82978  -24.205  -15.384  62.934 0.0000000000
82977  -23.062  -15.685  62.580 0.0000000000
82994  -22.298  -16.929  62.124 0.0000000000
80320  -22.059  -17.902  61.241 0.0000000000
78966  -22.637  -18.698  60.410 0.0000000000
101153  -48.012  -2.468  35.441 0.0000000000
104708  -50.360  0.630  38.336 0.0000000000
103643  -50.984  0.375  37.389 0.0000000000
103650  -49.571  -0.216  36.661 0.0000000000
103649  -48.896  -0.412  36.642 0.0000000000
99995  -48.813  -2.953  34.542 0.0000000000
100005  -49.351  -3.391  34.320 0.0000000000
101166  -50.064  -2.435  34.241 0.0000000000
100006  -50.220  -3.300  34.103 0.0000000000
100008  -51.638  -2.701  33.530 0.0000000000
101168  -52.125  -1.602  34.017 0.0000000000
101171  -53.753  -0.381  34.681 0.0000000000
70920  -12.241  -24.768  70.775 0.0000000000
68464  -10.337  -27.302  69.453 0.0000000000
68453  -9.954  -27.222  70.212 0.0000000000
86974  -36.753  -13.061  51.802 0.0000000000
85707  -36.146  -14.054  50.977 0.0000000000
88269  -33.422  -12.573  49.183 0.0000000000
91074  -41.208  -9.643  41.886 0.0000000000
92396  -38.059  -8.723  44.793 0.0000000000
90987  -39.005  -8.446  45.007 0.0000000000
91006  -38.614  -8.509  44.377 0.0000000000
91032  -40.276  -8.969  43.440 0.0000000000
92383  -41.553  -7.805  45.918 0.0000000000
90990  -41.839  -8.452  45.431 0.0000000000
89620  -40.542  -9.713  43.282 0.0000000000
91075  -41.723  -9.376  41.819 0.0000000000
89674  -43.221  -9.335  42.619 0.0000000000
89675  -43.752  -9.368  42.943 0.0000000000
89676  -44.248  -9.261  43.246 0.0000000000
91062  -44.750  -9.050  43.342 0.0000000000
91063  -45.077  -8.906  43.452 0.0000000000
91014  -46.071  -8.772  45.024 0.0000000000
70895  -13.326  -24.029  71.820 0.0000000000
70966  -11.445  -25.554  68.951 0.0000000000
72319  -13.253  -24.857  66.410 0.0000000000
71002  -13.140  -25.821  66.062 0.0000000000
69594  -11.247  -25.418  74.675 0.0000000000
69583  -11.249  -25.446  75.062 0.0000000000
70815  -10.774  -25.423  75.307 0.0000000000
68433  -9.017  -27.694  71.993 0.0000000000
68432  -8.522  -27.078  72.200 0.0000000000
68421  -8.195  -26.927  73.406 0.0000000000
70870  -8.644  -25.233  73.347 0.0000000000
70849  -9.174  -25.061  73.749 0.0000000000
70795  -9.288  -25.003  75.967 0.0000000000
70812  -8.140  -25.141  74.930 0.0000000000
70779  -8.656  -24.462  75.686 0.0000000000
67125  -7.832  -29.297  75.980 0.0000000000
69608  -10.451  -25.531  73.379 0.0000000000
69637  -8.829  -26.161  72.103 0.0000000000
69656  -11.831  -25.286  70.965 0.0000000000
69695  -18.957  -24.210  67.797 0.0000000000
69697  -19.391  -23.876  68.023 0.0000000000
69715  -18.951  -24.106  67.428 0.0000000000
70799  -12.185  -24.680  76.351 0.0000000000
70871  -9.183  -25.352  73.065 0.0000000000
70954  -19.942  -23.103  68.558 0.0000000000
71003  -18.284  -23.646  66.771 0.0000000000
71005  -19.195  -24.027  66.438 0.0000000000
71022  -19.913  -23.974  65.656 0.0000000000
72324  -18.251  -23.678  66.403 0.0000000000
72325  -20.514  -23.541  66.523 0.0000000000
72339  -20.504  -23.887  65.298 0.0000000000
72359  -21.003  -23.741  65.537 0.0000000000
73655  -20.678  -23.613  63.742 0.0000000000
74884  -21.039  -21.794  65.615 0.0000000000
74921  -21.258  -22.412  64.266 0.0000000000
76138  -20.919  -21.724  66.617 0.0000000000
76186  -21.305  -20.946  63.970 0.0000000000
76193  -35.175  -21.208  62.851 0.0000000000
76203  -33.356  -20.481  62.570 0.0000000000
77493  -33.924  -20.412  63.422 0.0000000000
77620  -32.126  -21.134  57.723 0.0000000000
78892  -21.009  -19.603  63.842 0.0000000000
78911  -32.635  -18.347  62.327 0.0000000000
78929  -31.944  -18.082  61.620 0.0000000000
78983  -23.281  -19.188  60.007 0.0000000000
79013  -35.666  -18.304  59.841 0.0000000000
79030  -30.903  -20.233  57.597 0.0000000000
80249  -20.582  -17.976  65.028 0.0000000000
80268  -20.902  -17.471  64.750 0.0000000000
80331  -22.269  -18.186  60.718 0.0000000000
80347  -30.548  -18.391  59.692 0.0000000000
80348  -35.805  -17.579  59.840 0.0000000000
81582  -21.022  -16.835  64.965 0.0000000000
81603  -21.346  -17.309  63.759 0.0000000000
81605  -32.702  -16.428  63.261 0.0000000000
81606  -33.234  -16.664  63.737 0.0000000000
81635  -22.206  -17.353  61.774 0.0000000000
81646  -22.614  -16.967  60.426 0.0000000000
81669  -24.324  -16.587  58.966 0.0000000000
81683  -24.614  -16.680  58.510 0.0000000000
81702  -26.624  -16.481  57.142 0.0000000000
81747  -33.923  -17.883  56.352 0.0000000000
82935  -21.349  -16.424  64.545 0.0000000000
83037  -24.398  -16.210  59.210 0.0000000000
83049  -25.065  -16.433  58.118 0.0000000000
83055  -35.867  -15.265  59.484 0.0000000000
83065  -26.848  -16.379  57.659 0.0000000000
83078  -26.196  -16.466  57.019 0.0000000000
83080  -34.175  -16.890  57.035 0.0000000000
84268  -29.242  -13.794  64.967 0.0000000000
84347  -36.049  -14.827  59.286 0.0000000000
84368  -33.630  -15.147  57.356 0.0000000000
84380  -33.222  -15.121  56.725 0.0000000000
85632  -37.643  -12.785  55.416 0.0000000000
86862  -37.891  -12.866  58.452 0.0000000000
86876  -36.272  -12.870  57.341 0.0000000000
86890  -35.777  -12.879  56.964 0.0000000000
86891  -36.059  -12.724  57.127 0.0000000000
86902  -38.178  -11.937  56.040 0.0000000000
86927  -37.648  -12.399  54.142 0.0000000000
86960  -36.883  -13.656  52.634 0.0000000000
86975  -37.262  -12.487  52.177 0.0000000000
88178  -38.688  -12.063  55.136 0.0000000000
88194  -38.856  -12.034  54.861 0.0000000000
88209  -37.654  -12.355  53.090 0.0000000000
88248  -33.409  -11.928  49.288 0.0000000000
89475  -39.185  -11.179  54.523 0.0000000000
89477  -39.314  -11.177  55.664 0.0000000000
89491  -39.115  -11.845  55.178 0.0000000000
89503  -38.106  -11.173  52.993 0.0000000000
89516  -35.846  -11.686  51.574 0.0000000000
89537  -36.648  -10.991  51.759 0.0000000000
89606  -45.378  -8.904  44.803 0.0000000000
89647  -45.874  -8.604  43.951 0.0000000000
89662  -44.696  -9.051  43.576 0.0000000000
89664  -45.669  -8.680  43.939 0.0000000000
90868  -39.957  -10.324  56.180 0.0000000000
90883  -39.610  -10.910  55.059 0.0000000000
90891  -38.721  -10.924  54.021 0.0000000000
90925  -37.490  -10.962  52.610 0.0000000000
90939  -36.294  -10.828  51.873 0.0000000000
91012  -45.236  -9.007  44.914 0.0000000000
91059  -41.344  -9.508  42.204 0.0000000000
91060  -41.641  -9.275  42.264 0.0000000000
91081  -46.619  -8.011  43.521 0.0000000000
91103  -41.091  -10.113  40.303 0.0000000000
92253  -39.631  -10.544  55.795 0.0000000000
92271  -38.948  -10.670  54.397 0.0000000000
92272  -39.260  -10.521  54.902 0.0000000000
92384  -44.696  -7.935  46.302 0.0000000000
92385  -44.977  -8.076  46.222 0.0000000000
92428  -44.341  -8.268  41.855 0.0000000000
92429  -44.465  -8.026  42.058 0.0000000000
92439  -44.052  -8.271  41.410 0.0000000000
92454  -45.191  -8.710  42.881 0.0000000000
93618  -37.705  -7.758  56.195 0.0000000000
93658  -36.445  -7.853  53.262 0.0000000000
93674  -35.793  -7.916  52.363 0.0000000000
93690  -42.721  -5.704  48.987 0.0000000000
93767  -46.013  -8.063  46.219 0.0000000000
93807  -44.375  -8.024  41.839 0.0000000000
93820  -44.203  -7.916  41.419 0.0000000000
94896  -37.724  -7.279  56.379 0.0000000000
94941  -37.728  -7.672  54.224 0.0000000000
94950  -35.626  -7.394  52.335 0.0000000000
95000  -35.442  -7.589  48.872 0.0000000000
95046  -46.546  -7.090  43.012 0.0000000000
95047  -46.830  -7.086  43.252 0.0000000000
95048  -46.711  -6.854  43.200 0.0000000000
95057  -44.454  -7.864  41.981 0.0000000000
95058  -44.528  -7.719  42.063 0.0000000000
96117  -37.791  -6.710  56.261 0.0000000000
96150  -36.602  -6.649  53.386 0.0000000000
96259  -46.616  -6.818  43.169 0.0000000000
96260  -46.689  -6.631  43.298 0.0000000000
96262  -49.801  -5.575  43.854 0.0000000000
96271  -46.473  -6.657  43.057 0.0000000000
96272  -49.201  -5.812  43.835 0.0000000000
96283  -47.004  -6.605  43.449 0.0000000000
97371  -36.980  -6.413  53.626 0.0000000000
98732  -46.560  -3.664  42.285 0.0000000000
98733  -46.817  -3.585  42.373 0.0000000000
98768  -44.077  -4.381  39.412 0.0000000000
99917  -46.590  -3.385  42.089 0.0000000000
99918  -46.782  -3.400  42.226 0.0000000000
99923  -45.610  -3.389  41.388 0.0000000000
99938  -45.069  -3.213  40.725 0.0000000000
101120  -45.239  -2.721  40.637 0.0000000000
101126  -45.305  -2.691  40.326 0.0000000000
102414  -52.332  0.163  36.540 0.0000000000
104721  -50.705  0.788  37.880 0.0000000000
104723  -51.601  1.042  37.708 0.0000000000
155914  -46.647  -7.961  42.974 0.0000000000
