#!ascii label  , from subject 4136 vox2ras=TkReg
315
81333  -29.486  -17.835  -10.272 0.0000000000
86556  -26.712  -14.845  -14.932 0.0000000000
104174  -25.690  -0.719  -20.314 0.0000000000
99449  -25.854  -4.507  -18.166 0.0000000000
95739  -27.647  -7.824  -15.493 0.0000000000
90364  -30.051  -11.602  -12.126 0.0000000000
105265  -24.869  0.526  -20.676 0.0000000000
97006  -26.635  -6.546  -17.177 0.0000000000
93188  -26.700  -9.858  -16.926 0.0000000000
84010  -27.890  -16.171  -12.398 0.0000000000
87802  -28.408  -13.403  -13.191 0.0000000000
86498  -29.847  -14.651  -10.889 0.0000000000
75896  -26.990  -22.965  -9.230 0.0000000000
80017  -27.154  -19.118  -11.683 0.0000000000
110955  -24.134  5.405  -18.968 0.0000000000
109766  -23.979  4.392  -20.096 0.0000000000
108577  -24.775  2.927  -21.212 0.0000000000
107441  -25.813  2.010  -20.643 0.0000000000
106346  -27.113  1.118  -19.254 0.0000000000
100610  -25.405  -3.240  -19.262 0.0000000000
104161  -28.322  -0.768  -18.055 0.0000000000
101781  -28.491  -2.335  -16.824 0.0000000000
99426  -28.544  -3.966  -15.171 0.0000000000
98160  -28.803  -6.435  -13.602 0.0000000000
90399  -27.101  -11.517  -15.939 0.0000000000
91818  -28.838  -9.918  -13.719 0.0000000000
94534  -26.028  -8.813  -18.473 0.0000000000
91853  -25.705  -10.525  -18.228 0.0000000000
82669  -28.448  -16.986  -11.315 0.0000000000
85233  -28.795  -15.528  -12.088 0.0000000000
83968  -29.603  -16.276  -10.689 0.0000000000
70634  -28.290  -26.336  -5.697 0.0000000000
71997  -28.313  -25.616  -6.417 0.0000000000
73341  -28.419  -24.575  -6.973 0.0000000000
81365  -26.329  -18.454  -12.960 0.0000000000
80016  -26.268  -19.586  -12.058 0.0000000000
108576  -24.395  3.096  -20.695 0.0000000000
104173  -24.883  -0.464  -20.098 0.0000000000
105266  -25.316  0.583  -20.971 0.0000000000
105267  -25.834  0.451  -20.842 0.0000000000
107442  -26.701  2.010  -19.775 0.0000000000
104175  -26.186  -0.505  -19.978 0.0000000000
100599  -25.817  -3.782  -18.638 0.0000000000
101810  -26.162  -2.215  -18.509 0.0000000000
101794  -26.490  -2.707  -18.024 0.0000000000
101796  -27.876  -2.162  -17.454 0.0000000000
100601  -27.109  -3.457  -17.263 0.0000000000
96989  -27.230  -6.878  -16.200 0.0000000000
98204  -27.236  -4.859  -15.813 0.0000000000
98179  -28.213  -6.380  -14.908 0.0000000000
98180  -28.746  -5.613  -14.300 0.0000000000
96959  -28.496  -6.910  -14.343 0.0000000000
86597  -26.380  -14.129  -16.620 0.0000000000
89090  -26.545  -12.527  -16.757 0.0000000000
87839  -27.385  -13.043  -15.364 0.0000000000
89040  -28.974  -12.466  -12.849 0.0000000000
90371  -28.771  -11.523  -13.351 0.0000000000
91795  -29.797  -10.800  -12.582 0.0000000000
94464  -29.623  -8.669  -13.124 0.0000000000
91796  -30.493  -10.580  -11.988 0.0000000000
75887  -28.916  -22.155  -8.125 0.0000000000
77189  -27.098  -21.720  -9.824 0.0000000000
78566  -28.817  -21.170  -9.099 0.0000000000
78581  -28.609  -20.424  -9.926 0.0000000000
97018  -25.404  -6.436  -18.426 0.0000000000
98221  -26.262  -5.655  -17.959 0.0000000000
97005  -26.194  -6.755  -18.007 0.0000000000
95753  -26.947  -7.571  -16.930 0.0000000000
94504  -27.238  -8.747  -16.335 0.0000000000
85293  -27.167  -15.437  -14.316 0.0000000000
86558  -27.580  -13.915  -14.155 0.0000000000
86519  -28.317  -14.367  -12.859 0.0000000000
87790  -28.888  -13.641  -12.323 0.0000000000
87781  -30.029  -12.895  -11.235 0.0000000000
75872  -28.514  -23.414  -7.394 0.0000000000
84042  -26.646  -16.291  -14.612 0.0000000000
82702  -27.061  -16.765  -13.483 0.0000000000
82668  -27.928  -17.351  -11.971 0.0000000000
81332  -28.723  -18.298  -10.800 0.0000000000
112099  -23.718  6.315  -19.752 0.0000000000
109763  -24.357  4.351  -18.718 0.0000000000
109787  -23.660  4.776  -22.165 0.0000000000
110963  -24.602  4.458  -21.330 0.0000000000
110964  -25.166  5.160  -21.023 0.0000000000
106365  -24.914  1.207  -21.273 0.0000000000
108578  -25.368  2.897  -20.704 0.0000000000
109775  -26.133  4.007  -20.388 0.0000000000
109768  -27.128  3.875  -19.620 0.0000000000
107443  -27.618  2.510  -19.195 0.0000000000
107435  -28.174  1.956  -18.753 0.0000000000
103039  -25.736  -1.554  -19.455 0.0000000000
103040  -26.323  -1.250  -19.188 0.0000000000
104160  -27.144  -0.475  -18.479 0.0000000000
106348  -28.654  1.219  -18.445 0.0000000000
104162  -29.216  -0.463  -17.950 0.0000000000
101782  -29.030  -2.166  -16.340 0.0000000000
99432  -26.919  -4.746  -16.563 0.0000000000
99434  -28.280  -3.796  -15.781 0.0000000000
90425  -25.676  -11.639  -17.426 0.0000000000
91843  -26.816  -10.693  -16.426 0.0000000000
93176  -27.551  -9.556  -15.237 0.0000000000
89061  -27.565  -12.423  -14.792 0.0000000000
91816  -27.879  -10.352  -14.917 0.0000000000
94479  -28.037  -8.595  -14.801 0.0000000000
95704  -28.709  -7.676  -13.744 0.0000000000
95683  -29.963  -7.765  -12.610 0.0000000000
78593  -27.351  -20.206  -10.899 0.0000000000
80000  -28.801  -19.395  -10.499 0.0000000000
80001  -29.419  -18.665  -10.317 0.0000000000
82651  -28.882  -17.196  -10.663 0.0000000000
83967  -28.854  -16.555  -11.115 0.0000000000
82652  -29.591  -17.050  -10.226 0.0000000000
83951  -30.012  -16.644  -10.073 0.0000000000
70635  -29.193  -26.425  -5.405 0.0000000000
70648  -28.067  -26.098  -6.055 0.0000000000
71986  -28.851  -25.860  -5.635 0.0000000000
104190  -25.578  -0.059  -20.745 0.0000000000
104191  -26.073  -0.237  -20.762 0.0000000000
98242  -25.437  -5.280  -18.484 0.0000000000
99468  -25.305  -4.409  -19.135 0.0000000000
100600  -26.443  -3.543  -17.947 0.0000000000
101795  -27.016  -2.600  -17.464 0.0000000000
99450  -26.616  -4.478  -17.423 0.0000000000
96990  -27.372  -7.369  -15.808 0.0000000000
96973  -27.383  -6.693  -15.793 0.0000000000
96974  -27.631  -6.830  -15.413 0.0000000000
96958  -28.130  -6.898  -14.916 0.0000000000
95723  -28.153  -7.482  -14.966 0.0000000000
86578  -26.789  -14.414  -15.693 0.0000000000
87838  -27.109  -13.292  -16.238 0.0000000000
86579  -27.280  -13.704  -15.391 0.0000000000
89041  -29.554  -12.234  -12.281 0.0000000000
90363  -29.275  -11.535  -12.798 0.0000000000
90343  -30.752  -11.532  -11.378 0.0000000000
77175  -28.524  -21.872  -8.752 0.0000000000
95768  -25.784  -7.404  -18.290 0.0000000000
93201  -26.185  -9.843  -17.817 0.0000000000
94520  -26.408  -8.774  -18.114 0.0000000000
94503  -26.944  -8.757  -17.120 0.0000000000
85274  -27.414  -15.659  -13.228 0.0000000000
85275  -27.739  -14.941  -13.450 0.0000000000
85253  -28.011  -15.496  -12.589 0.0000000000
85234  -29.336  -15.503  -11.481 0.0000000000
86510  -28.931  -14.629  -12.040 0.0000000000
87779  -29.092  -14.012  -11.944 0.0000000000
87780  -29.524  -13.772  -11.536 0.0000000000
87767  -30.257  -13.608  -10.633 0.0000000000
69452  -27.413  -26.973  -5.899 0.0000000000
69437  -27.193  -27.470  -5.722 0.0000000000
74578  -28.517  -23.978  -7.224 0.0000000000
75873  -29.035  -22.584  -7.343 0.0000000000
84028  -26.955  -16.732  -14.147 0.0000000000
80029  -26.719  -18.698  -12.388 0.0000000000
81366  -27.185  -18.165  -12.420 0.0000000000
81349  -28.033  -18.315  -11.648 0.0000000000
112087  -24.347  6.158  -18.422 0.0000000000
112093  -24.247  6.472  -19.103 0.0000000000
110959  -23.777  5.521  -19.725 0.0000000000
108569  -23.920  3.122  -19.559 0.0000000000
109772  -23.669  4.915  -20.901 0.0000000000
109786  -23.307  4.911  -21.810 0.0000000000
109773  -24.332  4.285  -21.256 0.0000000000
109774  -25.018  3.834  -21.171 0.0000000000
106366  -25.454  1.207  -20.997 0.0000000000
108570  -26.233  2.897  -20.135 0.0000000000
109767  -26.614  3.464  -19.906 0.0000000000
107433  -26.980  1.510  -19.479 0.0000000000
107434  -27.365  1.742  -19.130 0.0000000000
106347  -27.704  1.170  -18.694 0.0000000000
100630  -24.546  -3.472  -19.950 0.0000000000
101809  -25.472  -2.057  -19.089 0.0000000000
103041  -27.105  -1.396  -18.275 0.0000000000
105243  -27.921  0.382  -18.153 0.0000000000
105244  -29.142  0.326  -18.166 0.0000000000
101780  -27.562  -2.691  -17.047 0.0000000000
103024  -28.663  -1.481  -17.488 0.0000000000
103008  -28.989  -1.750  -17.093 0.0000000000
103009  -29.254  -1.481  -16.581 0.0000000000
98222  -26.592  -5.427  -17.064 0.0000000000
99425  -27.968  -4.510  -15.538 0.0000000000
100581  -28.753  -3.097  -15.528 0.0000000000
98161  -29.444  -5.703  -12.785 0.0000000000
89074  -26.947  -12.336  -16.168 0.0000000000
90412  -26.725  -11.408  -16.410 0.0000000000
91831  -27.397  -10.510  -15.628 0.0000000000
87820  -27.934  -13.321  -13.892 0.0000000000
87819  -27.458  -13.326  -14.614 0.0000000000
89062  -27.927  -12.700  -14.244 0.0000000000
91808  -28.664  -10.918  -13.456 0.0000000000
91817  -28.266  -10.611  -13.917 0.0000000000
93163  -28.060  -9.684  -14.559 0.0000000000
93164  -28.592  -9.329  -13.952 0.0000000000
94480  -28.436  -8.405  -14.035 0.0000000000
93148  -28.905  -9.135  -13.724 0.0000000000
94443  -30.078  -8.640  -12.636 0.0000000000
78582  -29.656  -20.060  -9.496 0.0000000000
79986  -29.244  -19.829  -9.988 0.0000000000
79987  -29.750  -19.289  -9.861 0.0000000000
94519  -25.887  -8.255  -18.403 0.0000000000
93210  -25.768  -9.925  -18.617 0.0000000000
83989  -28.570  -16.327  -11.953 0.0000000000
85215  -29.841  -15.519  -10.846 0.0000000000
83969  -30.187  -16.230  -10.184 0.0000000000
83952  -30.608  -16.371  -9.708 0.0000000000
69438  -27.932  -27.052  -5.626 0.0000000000
73342  -29.041  -24.725  -6.302 0.0000000000
81380  -26.271  -18.094  -13.779 0.0000000000
80028  -26.316  -19.100  -12.547 0.0000000000
107451  -24.763  2.058  -21.055 0.0000000000
104189  -25.207  0.176  -20.686 0.0000000000
106355  -26.099  1.197  -20.393 0.0000000000
105254  -26.250  0.403  -20.125 0.0000000000
105241  -26.541  0.130  -19.536 0.0000000000
100611  -25.976  -3.103  -18.418 0.0000000000
101811  -26.904  -1.997  -17.800 0.0000000000
103042  -27.811  -1.728  -17.916 0.0000000000
101812  -27.432  -2.063  -17.613 0.0000000000
98203  -26.907  -5.755  -16.165 0.0000000000
98188  -27.353  -6.354  -15.762 0.0000000000
98189  -27.788  -5.630  -15.346 0.0000000000
98190  -28.386  -4.782  -14.940 0.0000000000
96943  -28.774  -7.008  -13.711 0.0000000000
87856  -26.304  -13.364  -17.109 0.0000000000
89075  -27.300  -12.346  -15.582 0.0000000000
89049  -28.447  -12.561  -13.678 0.0000000000
90362  -28.949  -11.825  -12.938 0.0000000000
90372  -29.029  -11.225  -13.110 0.0000000000
91809  -29.111  -10.627  -13.261 0.0000000000
93149  -29.154  -9.440  -13.527 0.0000000000
93130  -29.912  -9.604  -12.593 0.0000000000
93131  -30.735  -9.592  -11.958 0.0000000000
94444  -30.684  -8.555  -12.028 0.0000000000
75897  -27.782  -22.176  -9.126 0.0000000000
77190  -28.077  -21.372  -9.452 0.0000000000
78580  -27.620  -20.947  -10.111 0.0000000000
78567  -29.451  -20.702  -8.977 0.0000000000
95769  -26.299  -7.734  -17.655 0.0000000000
95754  -27.070  -7.976  -16.147 0.0000000000
94491  -27.426  -8.702  -15.691 0.0000000000
86557  -27.232  -14.322  -14.739 0.0000000000
85294  -27.501  -14.542  -14.035 0.0000000000
86536  -27.954  -14.098  -13.618 0.0000000000
87791  -29.352  -12.963  -12.165 0.0000000000
89042  -29.887  -12.167  -11.933 0.0000000000
89030  -30.269  -12.242  -11.624 0.0000000000
86499  -30.478  -14.533  -10.193 0.0000000000
68264  -26.819  -28.256  -5.437 0.0000000000
75885  -27.452  -23.354  -8.629 0.0000000000
74594  -27.947  -24.130  -7.912 0.0000000000
74607  -27.669  -23.608  -8.397 0.0000000000
75886  -28.161  -22.960  -8.396 0.0000000000
85292  -26.253  -15.475  -15.356 0.0000000000
84043  -26.980  -16.191  -14.213 0.0000000000
84029  -27.149  -16.187  -13.711 0.0000000000
84009  -27.344  -16.202  -12.829 0.0000000000
82684  -26.695  -17.850  -13.151 0.0000000000
82685  -27.174  -17.195  -12.830 0.0000000000
83988  -27.755  -16.662  -12.369 0.0000000000
81350  -28.424  -17.659  -11.300 0.0000000000
112094  -24.613  6.595  -18.541 0.0000000000
109761  -24.515  4.430  -17.546 0.0000000000
109765  -23.674  5.067  -20.278 0.0000000000
110962  -23.108  5.648  -21.098 0.0000000000
110973  -24.386  4.787  -21.927 0.0000000000
107452  -25.119  1.991  -21.205 0.0000000000
112104  -26.050  6.322  -20.851 0.0000000000
110965  -26.496  5.344  -20.417 0.0000000000
109776  -27.317  4.678  -20.067 0.0000000000
108571  -27.062  3.015  -19.686 0.0000000000
101826  -24.234  -2.800  -19.648 0.0000000000
103054  -25.104  -1.595  -19.435 0.0000000000
103055  -25.882  -1.204  -19.845 0.0000000000
104159  -26.626  -0.341  -19.207 0.0000000000
105242  -27.047  0.420  -18.879 0.0000000000
104146  -29.039  -0.937  -17.852 0.0000000000
104147  -29.508  -0.712  -17.313 0.0000000000
104130  -29.898  -0.635  -16.484 0.0000000000
99451  -27.276  -4.036  -16.908 0.0000000000
100591  -27.687  -3.270  -16.704 0.0000000000
99433  -27.724  -4.088  -16.272 0.0000000000
100592  -28.262  -3.187  -16.200 0.0000000000
101768  -28.725  -2.539  -16.092 0.0000000000
99416  -29.068  -4.235  -14.455 0.0000000000
91854  -25.832  -10.911  -17.536 0.0000000000
91842  -26.224  -10.510  -17.020 0.0000000000
90411  -26.228  -11.520  -16.893 0.0000000000
93189  -27.213  -9.544  -16.222 0.0000000000
90384  -28.283  -11.897  -14.277 0.0000000000
90383  -27.761  -11.389  -15.049 0.0000000000
95724  -28.296  -7.804  -14.341 0.0000000000
94463  -28.971  -8.652  -13.656 0.0000000000
95705  -29.326  -7.952  -13.308 0.0000000000
96944  -29.223  -7.038  -13.173 0.0000000000
78608  -26.757  -19.777  -11.557 0.0000000000
78594  -28.194  -19.905  -10.583 0.0000000000
79999  -27.861  -19.452  -10.826 0.0000000000
81331  -28.128  -18.924  -11.092 0.0000000000
69451  -26.892  -26.955  -6.180 0.0000000000
70633  -27.935  -26.592  -5.787 0.0000000000
75857  -28.712  -23.687  -6.991 0.0000000000
82634  -30.228  -17.356  -9.830 0.0000000000
83990  -29.153  -16.187  -11.364 0.0000000000
85252  -27.504  -15.764  -12.821 0.0000000000
86511  -29.413  -14.651  -11.491 0.0000000000
87766  -29.861  -14.013  -11.009 0.0000000000
89029  -29.711  -12.676  -11.749 0.0000000000
90398  -26.681  -11.876  -16.393 0.0000000000
93132  -31.016  -9.580  -11.616 0.0000000000
93165  -28.867  -9.562  -13.741 0.0000000000
93200  -25.886  -10.095  -18.249 0.0000000000
93211  -26.067  -9.262  -18.438 0.0000000000
105255  -26.719  0.664  -19.505 0.0000000000
106356  -26.670  1.155  -19.773 0.0000000000
108572  -27.932  3.395  -19.318 0.0000000000
113269  -24.563  7.119  -19.238 0.0000000000
