#!ascii label  , from subject 4135 vox2ras=TkReg
959
111294  46.324  9.193  42.644 0.0000000000
109348  48.736  7.118  36.381 0.0000000000
116543  53.501  14.105  31.377 0.0000000000
106460  51.146  4.543  27.469 0.0000000000
106338  46.411  3.937  41.354 0.0000000000
116459  55.635  14.387  37.123 0.0000000000
107435  49.691  6.202  30.435 0.0000000000
111377  46.734  10.087  33.385 0.0000000000
113389  54.129  9.360  39.535 0.0000000000
108343  50.215  6.450  40.596 0.0000000000
103370  48.637  1.439  39.035 0.0000000000
116532  48.107  14.892  33.816 0.0000000000
113507  47.829  11.752  27.826 0.0000000000
112415  52.252  11.020  32.929 0.0000000000
111447  50.043  9.695  25.833 0.0000000000
115538  45.672  13.766  33.943 0.0000000000
111304  50.863  9.916  41.855 0.0000000000
110293  48.014  8.291  40.733 0.0000000000
104348  47.895  2.390  41.113 0.0000000000
116492  52.193  14.275  34.985 0.0000000000
116479  49.188  14.965  36.537 0.0000000000
116546  50.469  14.980  32.255 0.0000000000
114542  49.569  12.963  30.503 0.0000000000
115587  50.940  13.747  27.970 0.0000000000
110312  51.092  8.639  37.627 0.0000000000
112373  52.947  10.503  36.074 0.0000000000
111359  50.015  9.198  34.792 0.0000000000
108448  51.892  6.127  27.750 0.0000000000
110410  49.359  8.484  28.325 0.0000000000
109443  50.580  7.012  25.561 0.0000000000
109460  48.842  7.903  25.102 0.0000000000
106473  48.804  4.977  26.582 0.0000000000
105442  47.569  2.858  28.172 0.0000000000
109307  43.126  7.690  42.269 0.0000000000
108335  45.754  6.560  40.721 0.0000000000
116507  55.207  13.691  34.164 0.0000000000
106366  48.822  4.460  35.103 0.0000000000
109369  46.196  7.511  34.416 0.0000000000
106395  50.483  4.148  32.138 0.0000000000
107432  53.578  5.290  29.765 0.0000000000
112308  57.166  10.091  41.862 0.0000000000
112310  54.389  9.576  42.782 0.0000000000
109317  52.176  7.198  40.024 0.0000000000
107365  50.196  6.011  38.692 0.0000000000
107356  48.064  5.328  40.825 0.0000000000
105337  49.246  3.917  39.883 0.0000000000
106355  48.460  4.214  37.193 0.0000000000
104364  50.078  1.690  36.078 0.0000000000
110259  41.508  8.114  43.630 0.0000000000
118435  46.109  16.754  36.416 0.0000000000
117495  45.892  15.638  34.324 0.0000000000
114525  47.669  12.783  32.793 0.0000000000
112435  47.502  10.621  30.407 0.0000000000
111414  45.014  8.978  28.896 0.0000000000
113406  56.209  11.120  38.420 0.0000000000
113443  55.484  11.533  33.990 0.0000000000
114530  54.023  12.199  30.933 0.0000000000
110378  49.773  8.821  31.486 0.0000000000
113487  50.894  11.322  29.277 0.0000000000
114565  52.122  13.325  27.253 0.0000000000
113525  48.771  11.548  25.311 0.0000000000
110428  45.609  8.331  26.593 0.0000000000
115539  44.633  13.621  34.636 0.0000000000
116536  44.430  14.848  33.679 0.0000000000
111292  48.519  9.762  42.469 0.0000000000
111307  47.644  8.837  41.619 0.0000000000
116528  52.568  14.436  32.879 0.0000000000
116511  51.276  14.460  34.096 0.0000000000
116545  51.600  14.674  32.049 0.0000000000
116567  50.955  14.382  30.352 0.0000000000
116574  52.108  14.256  29.159 0.0000000000
109338  49.915  7.619  37.589 0.0000000000
110331  50.350  9.003  36.182 0.0000000000
109355  48.949  8.006  35.392 0.0000000000
107475  52.005  5.463  27.262 0.0000000000
108465  51.575  5.979  26.856 0.0000000000
107476  51.259  5.781  26.652 0.0000000000
107488  50.204  6.093  25.828 0.0000000000
106461  50.339  4.579  27.331 0.0000000000
105453  49.175  3.386  27.414 0.0000000000
105452  50.282  3.777  27.786 0.0000000000
108330  43.318  6.194  41.892 0.0000000000
116474  54.120  14.769  35.866 0.0000000000
115526  55.968  13.453  35.331 0.0000000000
105364  50.544  3.202  34.233 0.0000000000
105378  49.764  4.024  33.722 0.0000000000
105376  51.519  3.386  33.423 0.0000000000
106407  53.883  4.399  31.028 0.0000000000
107443  54.702  4.902  29.486 0.0000000000
107456  54.535  5.072  28.615 0.0000000000
110291  50.167  8.140  40.596 0.0000000000
110278  52.219  8.443  41.156 0.0000000000
109318  51.610  7.227  40.378 0.0000000000
108352  51.372  7.090  39.389 0.0000000000
107353  50.475  5.956  40.075 0.0000000000
107358  46.036  5.042  40.775 0.0000000000
108346  47.306  6.227  40.519 0.0000000000
106345  47.688  4.539  41.142 0.0000000000
103364  48.494  1.470  40.040 0.0000000000
105335  48.761  3.315  40.096 0.0000000000
104354  48.585  2.418  39.516 0.0000000000
106353  48.933  4.280  38.342 0.0000000000
104357  48.694  2.349  38.423 0.0000000000
105343  48.738  3.245  36.391 0.0000000000
103378  49.415  1.005  37.417 0.0000000000
102350  52.370  0.024  38.071 0.0000000000
116514  48.465  14.862  34.957 0.0000000000
117480  47.974  15.789  36.502 0.0000000000
117493  47.288  15.430  35.016 0.0000000000
118450  46.051  15.830  34.845 0.0000000000
116533  47.113  15.040  33.434 0.0000000000
116550  47.026  14.498  33.191 0.0000000000
116549  47.591  14.642  32.857 0.0000000000
113497  49.159  11.964  28.760 0.0000000000
113481  49.171  11.874  30.508 0.0000000000
113490  47.918  11.316  29.121 0.0000000000
112444  46.185  10.127  29.046 0.0000000000
112453  46.037  10.497  28.118 0.0000000000
111309  56.281  9.228  40.687 0.0000000000
113386  56.684  10.794  40.158 0.0000000000
112333  55.406  9.545  39.319 0.0000000000
112396  52.758  10.517  34.251 0.0000000000
113434  54.401  10.880  34.838 0.0000000000
112405  53.545  10.697  33.613 0.0000000000
114514  55.013  11.914  32.845 0.0000000000
114523  53.327  12.039  32.184 0.0000000000
108413  48.640  6.666  32.150 0.0000000000
109381  49.101  7.942  32.970 0.0000000000
109402  49.354  7.826  31.087 0.0000000000
111439  49.758  9.520  26.890 0.0000000000
112451  49.723  10.138  28.223 0.0000000000
112461  50.265  10.727  27.719 0.0000000000
114558  52.270  12.496  28.477 0.0000000000
113515  50.779  11.606  26.378 0.0000000000
114585  51.045  12.940  25.942 0.0000000000
113524  49.905  11.526  25.103 0.0000000000
107492  47.096  6.159  25.617 0.0000000000
110433  47.626  8.397  26.071 0.0000000000
107482  46.331  6.344  26.405 0.0000000000
109447  45.330  7.584  26.816 0.0000000000
115494  55.247  13.394  38.772 0.0000000000
113446  46.065  11.940  34.711 0.0000000000
113456  46.649  11.645  34.165 0.0000000000
112303  51.924  10.476  43.853 0.0000000000
112314  50.475  10.340  43.200 0.0000000000
111305  49.535  9.581  41.585 0.0000000000
110292  49.170  8.056  40.810 0.0000000000
105324  47.632  3.194  41.266 0.0000000000
116477  50.927  14.457  36.041 0.0000000000
116512  50.197  14.386  34.277 0.0000000000
116547  49.403  14.744  32.508 0.0000000000
116559  48.589  14.533  32.031 0.0000000000
116568  50.061  14.388  30.733 0.0000000000
115579  50.300  13.504  29.458 0.0000000000
114560  49.743  12.840  28.338 0.0000000000
111327  52.819  9.107  38.686 0.0000000000
112358  53.920  10.035  37.713 0.0000000000
111338  51.910  9.621  37.289 0.0000000000
111357  51.352  10.121  35.643 0.0000000000
112398  51.138  10.160  33.586 0.0000000000
107460  50.921  6.215  28.584 0.0000000000
109424  49.485  7.439  28.872 0.0000000000
108449  50.779  6.611  27.936 0.0000000000
109437  50.454  7.621  26.468 0.0000000000
110430  49.854  8.605  25.572 0.0000000000
111455  49.473  9.435  25.144 0.0000000000
109451  49.947  7.528  25.238 0.0000000000
107490  48.405  6.338  26.029 0.0000000000
106474  47.895  5.003  26.348 0.0000000000
104478  47.914  2.229  27.823 0.0000000000
110269  45.138  8.471  42.099 0.0000000000
110281  45.976  7.978  41.351 0.0000000000
109313  44.348  7.171  41.502 0.0000000000
107350  44.854  5.322  41.152 0.0000000000
105327  44.914  3.764  41.889 0.0000000000
116475  53.122  14.601  35.786 0.0000000000
115527  53.792  14.453  35.326 0.0000000000
116527  53.777  13.974  32.640 0.0000000000
107374  48.189  5.333  35.687 0.0000000000
109367  48.423  7.487  34.804 0.0000000000
107394  48.710  5.585  33.737 0.0000000000
107402  49.212  5.436  32.931 0.0000000000
106411  49.664  5.082  31.591 0.0000000000
105392  52.322  3.509  32.494 0.0000000000
106409  51.503  4.297  31.171 0.0000000000
106425  51.231  5.033  30.135 0.0000000000
107458  52.556  5.578  28.240 0.0000000000
107467  53.257  5.274  27.644 0.0000000000
106458  52.793  4.390  27.429 0.0000000000
104474  51.804  3.059  28.230 0.0000000000
110263  56.354  8.932  42.812 0.0000000000
110287  54.817  8.871  40.936 0.0000000000
111288  53.006  10.118  42.214 0.0000000000
110277  53.138  8.422  41.478 0.0000000000
110298  53.328  8.259  40.143 0.0000000000
109329  52.053  7.945  39.064 0.0000000000
109331  50.791  7.682  38.323 0.0000000000
108362  49.078  6.911  37.204 0.0000000000
110294  46.976  7.834  40.877 0.0000000000
109322  47.733  7.163  40.648 0.0000000000
108344  49.393  6.295  40.798 0.0000000000
106336  48.027  3.928  41.481 0.0000000000
106343  49.226  4.649  40.869 0.0000000000
107354  49.736  5.471  40.546 0.0000000000
107363  49.968  5.219  39.711 0.0000000000
107367  48.815  5.121  37.833 0.0000000000
107369  48.397  5.251  36.812 0.0000000000
106357  48.232  4.364  36.017 0.0000000000
104382  49.712  2.672  35.710 0.0000000000
104381  50.540  2.240  35.410 0.0000000000
102363  50.883  0.190  37.659 0.0000000000
102377  51.327  0.647  36.810 0.0000000000
111280  43.518  9.171  43.170 0.0000000000
109300  42.414  7.904  42.905 0.0000000000
108320  40.497  6.314  44.016 0.0000000000
120286  47.704  18.337  36.757 0.0000000000
119387  45.133  17.202  36.609 0.0000000000
115548  45.998  14.314  33.451 0.0000000000
114515  47.294  12.988  33.425 0.0000000000
113465  47.697  11.690  32.740 0.0000000000
114534  48.699  12.971  31.872 0.0000000000
113473  47.940  11.510  32.055 0.0000000000
112419  47.196  10.347  31.999 0.0000000000
114481  56.114  12.130  37.631 0.0000000000
112371  54.833  10.637  36.654 0.0000000000
112369  56.249  11.041  36.241 0.0000000000
115525  56.334  12.931  35.993 0.0000000000
114506  55.994  12.333  34.214 0.0000000000
115552  54.983  13.176  32.229 0.0000000000
115568  54.156  13.283  30.752 0.0000000000
110341  48.730  8.202  34.146 0.0000000000
111375  49.991  9.204  33.266 0.0000000000
112417  50.868  10.309  32.245 0.0000000000
110401  49.132  8.528  29.297 0.0000000000
112433  49.870  10.191  30.044 0.0000000000
112431  51.247  10.910  31.259 0.0000000000
114541  52.121  12.206  30.768 0.0000000000
114548  53.006  12.840  29.230 0.0000000000
116564  53.451  14.220  29.489 0.0000000000
116586  51.668  14.005  27.262 0.0000000000
115595  50.086  13.423  26.622 0.0000000000
114589  47.341  12.521  25.991 0.0000000000
111449  48.448  9.463  25.050 0.0000000000
112472  47.180  9.779  25.934 0.0000000000
113517  46.726  11.494  26.604 0.0000000000
111431  45.177  9.270  27.212 0.0000000000
105432  47.200  3.188  29.102 0.0000000000
111277  46.711  9.487  43.409 0.0000000000
111293  47.404  9.073  42.394 0.0000000000
110267  46.734  8.794  42.221 0.0000000000
116544  52.676  14.387  31.778 0.0000000000
116556  51.814  14.645  31.050 0.0000000000
116555  52.827  14.559  30.733 0.0000000000
109347  49.204  7.641  36.452 0.0000000000
106470  51.691  5.097  27.137 0.0000000000
106471  50.807  5.237  27.066 0.0000000000
116450  55.467  14.277  38.015 0.0000000000
116473  55.203  14.481  35.991 0.0000000000
115517  56.039  13.648  36.448 0.0000000000
104401  50.853  2.550  34.508 0.0000000000
105363  51.329  2.811  34.045 0.0000000000
106421  55.353  4.502  30.414 0.0000000000
107454  55.424  4.393  29.458 0.0000000000
107455  55.087  4.646  29.132 0.0000000000
111386  46.413  9.825  32.223 0.0000000000
109319  50.713  7.250  40.615 0.0000000000
110290  51.363  8.046  40.854 0.0000000000
108342  50.950  6.669  40.246 0.0000000000
106347  46.197  4.472  41.101 0.0000000000
106346  46.805  4.502  41.034 0.0000000000
103379  48.894  1.374  37.951 0.0000000000
117492  47.955  15.210  35.403 0.0000000000
117507  47.240  15.430  34.149 0.0000000000
116560  47.980  14.491  32.279 0.0000000000
113498  48.384  11.711  28.455 0.0000000000
113489  48.733  11.475  29.493 0.0000000000
113499  47.525  11.303  28.402 0.0000000000
112452  46.729  10.785  28.182 0.0000000000
112463  46.598  10.998  27.677 0.0000000000
112325  55.072  9.482  39.941 0.0000000000
111320  55.790  9.581  39.682 0.0000000000
112334  54.817  9.228  39.239 0.0000000000
112406  52.583  10.763  33.417 0.0000000000
113453  53.279  11.187  32.998 0.0000000000
113454  52.699  11.119  32.932 0.0000000000
108423  49.036  6.463  31.486 0.0000000000
108412  49.090  7.235  31.642 0.0000000000
108422  49.303  6.772  30.794 0.0000000000
111438  49.892  9.423  26.280 0.0000000000
112471  49.902  9.993  26.895 0.0000000000
112470  50.199  10.381  26.626 0.0000000000
113506  50.761  11.468  27.291 0.0000000000
112479  50.568  10.658  25.827 0.0000000000
113523  50.508  11.464  25.665 0.0000000000
112480  50.021  10.465  25.280 0.0000000000
107481  46.717  5.822  25.992 0.0000000000
108480  46.928  6.180  25.721 0.0000000000
107470  46.009  6.187  26.959 0.0000000000
114508  45.404  12.821  34.738 0.0000000000
114507  46.095  12.973  34.329 0.0000000000
114516  46.641  12.674  33.898 0.0000000000
112304  50.791  10.279  44.033 0.0000000000
112305  50.192  10.245  43.586 0.0000000000
111306  48.309  9.135  41.310 0.0000000000
111316  48.700  8.657  40.852 0.0000000000
111315  49.369  8.904  40.816 0.0000000000
116476  51.909  14.461  35.942 0.0000000000
117476  51.475  14.842  36.694 0.0000000000
116529  51.426  14.619  33.059 0.0000000000
116530  50.323  14.638  33.243 0.0000000000
116531  49.249  14.598  33.484 0.0000000000
116558  49.497  14.602  31.514 0.0000000000
116557  50.707  14.715  31.306 0.0000000000
116575  51.249  14.263  29.522 0.0000000000
115572  50.734  14.139  29.762 0.0000000000
115578  50.602  13.942  29.115 0.0000000000
114559  50.386  13.474  28.599 0.0000000000
110311  51.912  8.869  38.088 0.0000000000
111337  52.672  9.570  38.054 0.0000000000
111339  51.271  9.276  36.859 0.0000000000
111358  50.583  9.520  35.393 0.0000000000
111349  50.977  9.442  36.216 0.0000000000
111365  51.235  10.138  34.876 0.0000000000
111366  50.714  9.793  34.293 0.0000000000
108466  50.998  6.589  26.192 0.0000000000
108459  50.857  6.895  26.771 0.0000000000
108467  50.781  7.141  26.223 0.0000000000
110424  50.130  8.572  26.084 0.0000000000
109444  50.466  7.539  25.838 0.0000000000
109450  50.370  6.937  25.441 0.0000000000
107478  49.535  5.651  26.366 0.0000000000
107489  49.345  6.230  25.935 0.0000000000
107479  48.580  5.755  26.421 0.0000000000
105461  48.241  4.345  26.684 0.0000000000
104477  48.571  2.481  27.695 0.0000000000
110270  44.110  8.183  42.219 0.0000000000
110282  44.844  7.832  41.641 0.0000000000
109306  43.882  7.547  41.944 0.0000000000
108337  43.900  6.203  41.559 0.0000000000
107351  43.853  5.112  41.582 0.0000000000
106340  44.413  4.417  41.565 0.0000000000
116489  55.257  13.998  34.734 0.0000000000
116490  54.306  14.405  34.994 0.0000000000
116508  54.665  13.937  33.770 0.0000000000
116509  53.536  14.367  33.850 0.0000000000
107385  48.462  5.048  35.280 0.0000000000
107384  48.576  5.487  34.786 0.0000000000
106385  50.290  4.110  32.863 0.0000000000
106387  49.155  5.103  33.487 0.0000000000
107401  49.501  4.975  32.568 0.0000000000
107412  49.398  5.276  32.089 0.0000000000
106396  49.727  4.703  32.072 0.0000000000
105391  53.354  3.469  32.502 0.0000000000
106423  53.628  4.843  30.311 0.0000000000
106408  52.818  4.219  30.882 0.0000000000
106424  52.617  5.070  30.184 0.0000000000
106438  52.171  5.118  29.257 0.0000000000
107445  53.168  5.445  29.196 0.0000000000
106456  54.309  4.490  28.100 0.0000000000
107466  53.996  5.057  27.935 0.0000000000
106457  53.586  4.550  27.616 0.0000000000
106468  53.016  4.922  27.323 0.0000000000
105450  52.284  3.752  27.815 0.0000000000
111272  55.364  9.330  43.285 0.0000000000
111271  55.942  9.164  43.505 0.0000000000
111286  55.211  9.179  42.669 0.0000000000
110274  55.775  8.456  41.774 0.0000000000
110266  54.635  8.923  41.881 0.0000000000
112313  51.213  10.497  42.879 0.0000000000
112312  52.403  10.396  42.659 0.0000000000
112320  52.242  10.037  42.073 0.0000000000
110289  52.617  7.794  40.647 0.0000000000
110288  53.823  8.475  40.810 0.0000000000
110299  52.725  7.774  39.857 0.0000000000
110302  52.579  8.333  39.108 0.0000000000
109326  52.057  7.548  39.477 0.0000000000
108356  50.677  6.670  38.786 0.0000000000
108355  51.129  7.244  38.856 0.0000000000
109332  50.208  7.129  38.294 0.0000000000
108357  49.606  6.473  38.232 0.0000000000
110295  46.473  7.522  41.049 0.0000000000
108345  48.423  6.260  40.733 0.0000000000
107355  49.001  5.390  41.019 0.0000000000
105331  48.446  3.529  40.980 0.0000000000
105334  49.084  4.009  40.573 0.0000000000
106350  49.578  4.554  40.228 0.0000000000
106352  49.471  4.408  39.330 0.0000000000
104365  49.456  2.215  36.292 0.0000000000
105342  49.391  2.907  35.948 0.0000000000
102352  50.795  -0.195  38.465 0.0000000000
102362  51.907  0.228  37.533 0.0000000000
102376  52.334  0.589  36.791 0.0000000000
110258  41.987  8.542  43.504 0.0000000000
110257  42.847  8.501  43.128 0.0000000000
109309  41.720  6.749  42.796 0.0000000000
109301  41.446  7.388  43.422 0.0000000000
118434  47.232  16.345  36.445 0.0000000000
119379  46.877  17.439  36.763 0.0000000000
120287  46.627  18.463  36.501 0.0000000000
119380  45.758  17.620  36.791 0.0000000000
120273  45.299  18.093  36.956 0.0000000000
118436  45.519  16.991  36.492 0.0000000000
117496  45.213  15.653  34.270 0.0000000000
116535  45.354  14.724  33.594 0.0000000000
117509  45.622  15.300  33.734 0.0000000000
115546  47.401  13.424  32.980 0.0000000000
115547  46.751  13.819  33.289 0.0000000000
114533  49.092  13.308  31.232 0.0000000000
115564  48.493  13.952  31.557 0.0000000000
112434  48.380  11.122  30.446 0.0000000000
112426  48.504  11.437  30.965 0.0000000000
112427  47.914  10.890  31.415 0.0000000000
112428  46.934  10.192  31.246 0.0000000000
112436  46.561  9.931  30.200 0.0000000000
111413  45.406  9.516  29.243 0.0000000000
113382  56.682  10.851  41.154 0.0000000000
113405  56.249  10.601  38.973 0.0000000000
113394  56.291  11.521  39.381 0.0000000000
114474  55.851  12.265  38.519 0.0000000000
113415  56.078  11.399  37.181 0.0000000000
112359  52.879  10.250  37.101 0.0000000000
112372  53.820  10.556  36.425 0.0000000000
113433  55.201  10.996  34.880 0.0000000000
112384  55.560  10.889  35.780 0.0000000000
113432  56.153  11.296  35.044 0.0000000000
113424  56.390  11.463  35.947 0.0000000000
114497  56.358  12.295  35.248 0.0000000000
113442  56.075  11.708  34.464 0.0000000000
114521  54.585  12.427  32.156 0.0000000000
114520  55.210  12.688  32.518 0.0000000000
115559  54.500  13.136  31.383 0.0000000000
114529  54.290  12.794  30.854 0.0000000000
109368  47.414  7.458  34.460 0.0000000000
110342  47.948  7.945  34.009 0.0000000000
109391  49.257  8.148  31.941 0.0000000000
110351  49.412  8.539  33.376 0.0000000000
110365  49.788  8.695  32.450 0.0000000000
111383  50.360  9.459  32.635 0.0000000000
110364  50.244  9.080  32.002 0.0000000000
110411  49.126  8.848  28.805 0.0000000000
112450  50.354  10.722  28.725 0.0000000000
112440  50.424  10.668  29.675 0.0000000000
112432  50.585  10.556  30.679 0.0000000000
113478  51.382  11.355  30.718 0.0000000000
113471  51.927  11.550  31.556 0.0000000000
113486  51.486  11.761  29.913 0.0000000000
114566  52.004  12.688  27.440 0.0000000000
114557  52.847  13.240  28.103 0.0000000000
115577  53.653  13.802  29.282 0.0000000000
115585  53.015  13.814  28.222 0.0000000000
116579  52.755  14.132  28.162 0.0000000000
115592  52.528  13.781  27.674 0.0000000000
115607  50.300  12.802  25.884 0.0000000000
115600  50.853  13.584  26.369 0.0000000000
114576  49.357  12.807  26.289 0.0000000000
114588  48.456  12.367  25.829 0.0000000000
110439  48.803  8.535  25.088 0.0000000000
111456  49.147  9.383  24.941 0.0000000000
110427  46.429  8.348  26.429 0.0000000000
111440  47.217  9.338  25.977 0.0000000000
111441  46.734  9.261  26.207 0.0000000000
112473  46.452  10.452  26.312 0.0000000000
111442  45.761  9.293  26.565 0.0000000000
112466  45.032  9.917  26.947 0.0000000000
111430  45.460  8.844  26.884 0.0000000000
108460  45.162  6.826  27.571 0.0000000000
109439  44.892  7.715  27.494 0.0000000000
105431  47.373  2.636  28.602 0.0000000000
116515  44.905  14.370  34.088 0.0000000000
111275  48.785  9.818  43.768 0.0000000000
110279  47.750  8.734  41.234 0.0000000000
116510  52.386  14.371  33.956 0.0000000000
116566  52.019  14.240  30.129 0.0000000000
116581  51.373  14.229  28.725 0.0000000000
110313  50.406  8.338  37.325 0.0000000000
110322  50.686  8.831  36.814 0.0000000000
110323  49.994  8.385  36.705 0.0000000000
110332  49.692  8.692  35.682 0.0000000000
108457  51.951  5.802  27.351 0.0000000000
108458  51.416  6.320  27.081 0.0000000000
107487  50.801  6.128  26.011 0.0000000000
108475  50.565  6.585  25.692 0.0000000000
107477  50.462  5.655  26.388 0.0000000000
106472  49.786  4.958  26.869 0.0000000000
105460  48.938  4.162  26.907 0.0000000000
105459  49.661  4.205  27.319 0.0000000000
104476  49.643  2.473  27.866 0.0000000000
109315  42.848  6.976  41.872 0.0000000000
109314  43.495  7.052  41.728 0.0000000000
108331  42.813  6.295  42.195 0.0000000000
117473  54.507  15.270  36.660 0.0000000000
106365  49.405  3.934  34.722 0.0000000000
106377  49.367  4.223  34.166 0.0000000000
105365  49.827  3.735  34.250 0.0000000000
105377  50.420  3.819  33.361 0.0000000000
105394  50.611  3.950  32.720 0.0000000000
105407  54.139  3.829  31.742 0.0000000000
106406  54.845  4.471  31.163 0.0000000000
106422  54.522  4.658  30.256 0.0000000000
107431  54.190  5.052  29.789 0.0000000000
107444  54.079  5.453  29.233 0.0000000000
112301  53.965  10.030  43.617 0.0000000000
111313  51.466  9.065  41.104 0.0000000000
108340  51.812  7.123  39.747 0.0000000000
108341  51.552  6.860  39.920 0.0000000000
108353  50.899  6.527  39.632 0.0000000000
107362  50.418  5.879  39.236 0.0000000000
108348  45.526  5.763  40.724 0.0000000000
108334  46.490  6.625  40.661 0.0000000000
108347  46.352  5.908  40.508 0.0000000000
107357  47.071  5.211  40.606 0.0000000000
104351  48.350  2.453  40.468 0.0000000000
105338  48.930  3.410  39.063 0.0000000000
105340  48.653  3.263  37.773 0.0000000000
104366  48.738  2.282  37.260 0.0000000000
103394  49.206  1.602  37.093 0.0000000000
103393  49.817  1.181  36.682 0.0000000000
101371  52.067  -0.370  38.968 0.0000000000
101380  53.175  0.045  38.233 0.0000000000
116495  49.234  14.552  35.619 0.0000000000
116480  48.654  15.157  36.329 0.0000000000
116496  48.565  14.904  35.855 0.0000000000
117486  47.429  15.551  35.892 0.0000000000
118441  46.932  15.869  35.860 0.0000000000
118442  46.269  16.015  35.602 0.0000000000
117487  46.886  15.696  35.407 0.0000000000
117494  46.570  15.648  34.696 0.0000000000
117508  46.449  15.405  33.818 0.0000000000
116534  46.298  14.783  33.357 0.0000000000
115556  47.259  14.185  32.911 0.0000000000
115555  47.624  13.877  32.328 0.0000000000
113480  49.672  12.404  30.039 0.0000000000
112442  47.989  10.978  29.752 0.0000000000
112443  47.198  10.719  29.307 0.0000000000
111422  44.972  9.773  28.517 0.0000000000
111300  56.663  9.268  41.590 0.0000000000
112317  56.762  9.997  40.894 0.0000000000
112324  56.590  9.968  39.969 0.0000000000
112332  56.060  10.086  39.317 0.0000000000
112345  55.641  10.272  38.527 0.0000000000
112387  52.891  10.514  35.130 0.0000000000
112386  53.760  10.722  35.306 0.0000000000
112395  53.733  10.572  34.404 0.0000000000
113445  54.221  10.692  34.418 0.0000000000
113444  54.647  10.863  34.152 0.0000000000
113452  54.411  11.455  33.174 0.0000000000
113460  54.189  11.886  32.403 0.0000000000
114522  53.854  12.202  31.992 0.0000000000
108424  47.146  6.979  31.360 0.0000000000
110366  47.918  8.603  32.163 0.0000000000
109392  48.690  7.780  32.198 0.0000000000
110417  49.679  8.528  27.223 0.0000000000
111427  49.453  9.371  27.738 0.0000000000
113496  50.877  11.396  28.294 0.0000000000
113495  51.506  11.965  28.914 0.0000000000
113514  51.316  12.177  27.012 0.0000000000
114573  52.067  13.169  26.867 0.0000000000
114574  51.402  12.770  26.442 0.0000000000
114586  50.525  12.416  25.896 0.0000000000
108478  48.277  6.864  25.699 0.0000000000
109453  48.244  7.724  25.577 0.0000000000
108479  47.400  6.658  25.935 0.0000000000
109445  46.788  7.461  26.385 0.0000000000
109446  46.036  7.508  26.431 0.0000000000
108470  45.837  6.819  26.596 0.0000000000
112410  46.787  10.948  33.856 0.0000000000
111290  50.549  10.270  42.672 0.0000000000
111291  49.820  9.995  42.907 0.0000000000
111314  50.471  9.102  40.881 0.0000000000
109320  49.810  7.188  40.905 0.0000000000
105325  46.765  3.094  41.457 0.0000000000
104344  47.246  2.313  41.601 0.0000000000
103349  47.727  1.372  41.758 0.0000000000
103357  48.170  1.422  40.905 0.0000000000
102327  48.732  0.612  40.649 0.0000000000
102341  48.931  0.679  39.713 0.0000000000
102354  49.091  0.627  38.739 0.0000000000
117477  50.808  14.762  36.596 0.0000000000
116478  50.098  14.604  36.412 0.0000000000
116493  51.107  14.257  35.117 0.0000000000
116494  50.112  14.310  35.341 0.0000000000
116513  49.188  14.479  34.555 0.0000000000
116548  48.444  14.739  32.765 0.0000000000
115563  49.372  13.912  30.827 0.0000000000
115573  50.240  13.763  30.072 0.0000000000
114551  50.001  12.938  29.576 0.0000000000
114561  48.960  12.165  28.229 0.0000000000
114568  48.426  12.298  27.540 0.0000000000
111326  53.328  9.015  39.056 0.0000000000
112347  53.848  9.658  38.739 0.0000000000
111336  53.284  9.565  38.504 0.0000000000
112360  52.222  10.351  36.618 0.0000000000
111348  51.550  10.041  36.471 0.0000000000
112374  52.078  10.611  35.860 0.0000000000
112388  51.976  10.494  34.972 0.0000000000
112397  51.699  10.461  34.090 0.0000000000
112407  51.720  10.619  33.252 0.0000000000
108430  50.307  6.266  29.294 0.0000000000
108431  49.713  6.643  29.749 0.0000000000
108440  50.127  6.710  28.830 0.0000000000
108450  50.079  7.075  28.368 0.0000000000
109432  49.957  7.575  27.821 0.0000000000
109431  50.499  7.319  27.190 0.0000000000
109438  50.144  7.850  27.035 0.0000000000
110416  50.062  8.267  26.611 0.0000000000
111448  49.727  9.575  25.391 0.0000000000
109458  49.648  8.078  25.113 0.0000000000
109452  48.996  7.462  25.289 0.0000000000
108476  50.014  6.659  25.502 0.0000000000
108477  49.193  6.822  25.550 0.0000000000
107491  47.460  6.260  25.851 0.0000000000
107480  47.708  5.783  26.171 0.0000000000
105455  47.302  4.191  27.319 0.0000000000
105454  48.024  3.474  27.334 0.0000000000
111295  45.372  9.161  42.593 0.0000000000
110268  46.094  8.712  42.061 0.0000000000
109312  45.294  7.248  41.119 0.0000000000
108336  44.889  6.411  40.991 0.0000000000
107359  45.469  5.297  40.899 0.0000000000
106339  45.495  4.369  41.255 0.0000000000
105326  45.838  3.284  41.915 0.0000000000
117475  52.537  14.840  36.807 0.0000000000
115528  53.506  14.493  35.427 0.0000000000
116491  53.277  14.353  34.928 0.0000000000
108371  48.525  6.447  36.467 0.0000000000
109356  48.615  7.235  35.847 0.0000000000
108379  48.415  6.455  35.318 0.0000000000
108389  48.241  6.593  34.165 0.0000000000
106378  48.934  4.828  34.044 0.0000000000
108401  48.466  6.242  33.011 0.0000000000
107413  48.860  5.805  32.153 0.0000000000
107423  48.820  6.070  31.675 0.0000000000
107421  50.142  5.365  30.696 0.0000000000
105375  52.604  3.256  33.261 0.0000000000
105393  51.259  3.771  32.442 0.0000000000
105408  53.118  3.690  31.622 0.0000000000
105409  52.069  3.742  31.658 0.0000000000
106394  51.179  3.992  31.877 0.0000000000
106410  50.257  4.828  31.113 0.0000000000
106426  50.504  5.236  30.493 0.0000000000
107434  50.406  5.742  30.023 0.0000000000
107446  51.019  5.484  29.196 0.0000000000
106449  51.816  5.343  28.787 0.0000000000
107457  53.680  5.424  28.426 0.0000000000
107468  52.552  5.554  27.494 0.0000000000
107474  52.709  5.263  27.364 0.0000000000
106469  52.448  4.941  27.192 0.0000000000
106459  52.023  4.430  27.406 0.0000000000
105451  51.433  3.795  27.859 0.0000000000
103493  52.114  2.717  28.352 0.0000000000
111284  56.821  9.315  42.498 0.0000000000
110285  56.218  8.662  41.420 0.0000000000
110286  55.647  8.679  41.052 0.0000000000
111311  54.600  9.083  40.341 0.0000000000
112302  53.022  10.542  43.715 0.0000000000
112311  53.446  10.036  42.709 0.0000000000
112319  53.910  9.563  42.311 0.0000000000
111303  52.222  9.429  41.671 0.0000000000
111302  53.347  9.473  41.932 0.0000000000
111301  54.145  9.224  42.017 0.0000000000
110276  54.154  8.909  41.484 0.0000000000
111321  53.655  8.787  39.601 0.0000000000
110301  53.132  8.401  39.568 0.0000000000
110303  51.969  8.331  38.710 0.0000000000
110304  51.419  8.280  38.396 0.0000000000
109327  51.681  7.382  39.359 0.0000000000
109330  51.570  7.666  38.948 0.0000000000
109337  50.506  8.106  37.759 0.0000000000
110280  47.067  8.533  41.541 0.0000000000
109323  46.878  7.052  40.973 0.0000000000
109321  48.795  7.213  40.684 0.0000000000
106337  47.272  3.859  41.358 0.0000000000
106344  48.556  4.487  41.154 0.0000000000
105330  48.898  4.161  40.985 0.0000000000
107366  49.603  5.360  38.716 0.0000000000
108358  48.978  5.810  38.282 0.0000000000
108363  48.666  6.077  37.615 0.0000000000
106367  48.473  4.813  35.362 0.0000000000
105349  48.720  3.810  35.672 0.0000000000
105348  49.601  3.315  35.246 0.0000000000
105347  50.388  2.848  34.867 0.0000000000
104380  51.423  1.845  35.125 0.0000000000
102365  49.223  0.499  37.902 0.0000000000
102364  49.908  0.254  37.445 0.0000000000
102378  50.490  0.678  36.895 0.0000000000
102351  51.733  -0.141  38.376 0.0000000000
103392  50.697  1.208  36.112 0.0000000000
103411  51.290  1.567  35.564 0.0000000000
111278  45.722  9.517  43.355 0.0000000000
111296  44.397  8.987  42.552 0.0000000000
110271  43.359  8.439  42.666 0.0000000000
111281  42.720  8.977  43.488 0.0000000000
109299  42.960  8.107  42.804 0.0000000000
109308  42.259  7.045  42.478 0.0000000000
109293  41.074  7.713  43.922 0.0000000000
109302  40.898  6.816  43.803 0.0000000000
108326  41.032  6.201  43.461 0.0000000000
119388  44.580  17.518  36.210 0.0000000000
118443  45.195  16.643  35.836 0.0000000000
118444  44.162  16.907  35.484 0.0000000000
117510  44.684  15.427  33.853 0.0000000000
115537  46.328  13.352  33.879 0.0000000000
113455  47.242  11.946  33.509 0.0000000000
112409  47.358  10.896  33.230 0.0000000000
115565  48.098  14.242  31.979 0.0000000000
115554  48.200  13.530  31.972 0.0000000000
114524  48.098  13.111  32.257 0.0000000000
114543  49.067  12.584  31.167 0.0000000000
113472  48.546  11.902  31.494 0.0000000000
113464  48.120  12.330  32.210 0.0000000000
112418  47.557  10.787  32.453 0.0000000000
111385  47.143  10.172  32.639 0.0000000000
111412  45.843  9.643  29.827 0.0000000000
113387  56.181  11.633  40.390 0.0000000000
115506  55.925  13.224  37.566 0.0000000000
112346  54.733  9.587  38.552 0.0000000000
112357  55.159  10.303  37.611 0.0000000000
112356  55.798  10.773  37.671 0.0000000000
112385  54.592  10.882  35.649 0.0000000000
112370  55.812  10.868  36.670 0.0000000000
113414  56.251  11.669  36.547 0.0000000000
114480  56.144  12.140  36.906 0.0000000000
115516  56.263  12.820  36.738 0.0000000000
114498  56.096  12.876  34.759 0.0000000000
115535  55.661  13.301  34.348 0.0000000000
114513  55.415  12.269  33.087 0.0000000000
115543  55.530  12.991  33.526 0.0000000000
115544  55.183  13.572  33.014 0.0000000000
115545  54.603  13.637  32.533 0.0000000000
115553  54.233  13.593  31.847 0.0000000000
115560  53.948  13.668  30.977 0.0000000000
109366  48.786  8.118  34.761 0.0000000000
110340  49.250  8.675  34.606 0.0000000000
110352  48.504  8.235  33.190 0.0000000000
111367  49.895  9.272  33.956 0.0000000000
111374  50.550  9.644  33.431 0.0000000000
112408  51.078  10.141  32.936 0.0000000000
112416  51.680  10.836  32.533 0.0000000000
109413  49.112  7.582  30.017 0.0000000000
110390  49.301  8.643  30.420 0.0000000000
111418  49.311  9.361  28.743 0.0000000000
111410  49.393  9.410  29.691 0.0000000000
111393  50.156  9.435  31.389 0.0000000000
111401  50.381  9.932  31.232 0.0000000000
112424  51.452  10.806  31.842 0.0000000000
113463  51.883  11.224  32.100 0.0000000000
114532  52.467  12.161  31.369 0.0000000000
114540  53.003  12.511  30.524 0.0000000000
114549  52.240  12.347  29.631 0.0000000000
114539  53.554  13.185  30.132 0.0000000000
114538  53.954  13.253  30.524 0.0000000000
115569  53.808  13.712  30.194 0.0000000000
116554  53.501  14.271  30.386 0.0000000000
116565  52.920  14.506  29.757 0.0000000000
116580  51.979  14.385  28.038 0.0000000000
115586  51.543  14.041  27.578 0.0000000000
116591  51.769  13.841  27.024 0.0000000000
116587  51.080  14.128  27.074 0.0000000000
114567  49.338  12.946  27.071 0.0000000000
114577  48.340  12.537  26.539 0.0000000000
114578  47.389  12.156  26.788 0.0000000000
112488  49.644  9.929  24.996 0.0000000000
112481  49.208  10.359  24.849 0.0000000000
110432  48.192  8.688  25.441 0.0000000000
112482  47.773  10.516  25.460 0.0000000000
113526  47.572  11.786  25.576 0.0000000000
112483  47.034  11.226  25.725 0.0000000000
114590  46.870  12.149  26.318 0.0000000000
113509  46.709  11.302  27.203 0.0000000000
112464  46.261  10.669  27.377 0.0000000000
112454  45.181  10.255  27.837 0.0000000000
111423  44.717  9.421  27.995 0.0000000000
110418  45.085  8.394  27.003 0.0000000000
110419  44.863  8.520  27.764 0.0000000000
104475  50.865  3.006  28.139 0.0000000000
101381  52.759  -0.004  38.142 0.0000000000
104458  47.159  2.336  28.854 0.0000000000
105410  51.501  3.914  31.781 0.0000000000
106358  48.320  4.762  35.543 0.0000000000
106386  49.639  4.500  33.132 0.0000000000
106436  54.919  4.601  29.977 0.0000000000
106437  54.725  4.711  29.842 0.0000000000
106439  51.442  5.214  29.316 0.0000000000
106450  51.421  5.423  28.920 0.0000000000
106475  47.325  5.368  26.239 0.0000000000
107349  45.467  5.016  41.016 0.0000000000
107375  48.280  4.993  35.462 0.0000000000
107403  46.869  5.954  32.936 0.0000000000
107404  46.628  6.060  33.034 0.0000000000
107414  46.700  6.186  32.710 0.0000000000
107415  46.504  6.248  32.915 0.0000000000
107422  49.496  5.719  31.177 0.0000000000
107430  54.518  4.825  29.795 0.0000000000
107433  51.000  5.308  29.669 0.0000000000
107441  55.603  4.292  29.873 0.0000000000
107442  55.264  4.508  29.736 0.0000000000
107447  50.730  5.917  29.023 0.0000000000
107459  51.463  5.922  28.555 0.0000000000
108338  43.251  6.573  41.816 0.0000000000
108351  51.744  7.246  39.555 0.0000000000
108370  48.811  7.060  36.662 0.0000000000
108390  46.882  6.787  34.169 0.0000000000
108391  45.959  6.769  34.252 0.0000000000
108392  45.720  6.934  34.100 0.0000000000
108402  47.374  6.277  33.378 0.0000000000
108403  46.369  6.283  33.400 0.0000000000
108404  45.716  6.715  33.750 0.0000000000
108414  47.422  6.508  32.193 0.0000000000
108415  46.290  6.588  32.471 0.0000000000
108416  45.874  6.600  33.205 0.0000000000
108425  46.777  6.670  31.616 0.0000000000
108439  50.596  6.357  28.759 0.0000000000
108447  52.304  5.748  27.622 0.0000000000
108468  47.079  7.000  26.198 0.0000000000
108469  46.641  6.663  26.207 0.0000000000
109311  46.148  7.177  41.026 0.0000000000
109370  45.776  7.082  34.293 0.0000000000
109380  49.294  8.136  32.661 0.0000000000
109382  45.863  7.679  33.479 0.0000000000
109383  45.667  7.157  33.990 0.0000000000
109393  48.143  7.166  31.968 0.0000000000
109394  46.208  7.505  32.529 0.0000000000
109395  45.540  7.015  33.165 0.0000000000
109403  48.188  8.295  31.574 0.0000000000
109404  47.725  7.740  31.176 0.0000000000
109405  46.684  7.439  31.393 0.0000000000
109414  47.309  8.134  30.987 0.0000000000
109415  47.092  7.977  30.899 0.0000000000
109454  47.439  7.478  26.198 0.0000000000
109459  49.315  8.010  25.039 0.0000000000
110255  56.243  9.050  43.201 0.0000000000
110256  56.088  8.891  43.010 0.0000000000
110264  55.871  8.682  42.510 0.0000000000
110265  55.199  8.755  42.113 0.0000000000
110273  56.410  8.642  42.117 0.0000000000
110275  55.059  8.758  41.532 0.0000000000
110283  44.304  7.686  41.851 0.0000000000
110310  52.379  8.850  38.537 0.0000000000
110343  46.997  8.248  34.354 0.0000000000
110353  47.439  8.498  33.354 0.0000000000
110354  46.480  8.290  33.610 0.0000000000
110367  46.949  8.506  32.489 0.0000000000
110368  46.314  8.111  32.777 0.0000000000
110377  50.179  9.233  31.679 0.0000000000
110379  47.861  8.412  31.424 0.0000000000
110380  47.295  8.329  31.406 0.0000000000
110381  46.619  8.159  31.847 0.0000000000
110391  47.095  8.226  31.040 0.0000000000
110392  46.899  8.135  31.171 0.0000000000
110402  49.029  8.886  29.063 0.0000000000
110425  49.802  8.842  26.532 0.0000000000
110426  47.145  8.038  26.539 0.0000000000
110431  49.571  9.090  25.378 0.0000000000
110434  47.048  8.599  26.324 0.0000000000
110437  49.769  8.220  25.248 0.0000000000
110438  49.454  8.677  25.186 0.0000000000
111256  55.330  9.533  44.062 0.0000000000
111285  55.759  9.020  42.979 0.0000000000
111287  54.640  9.170  42.271 0.0000000000
111289  52.655  9.989  41.997 0.0000000000
111297  43.807  8.771  42.579 0.0000000000
111310  55.485  9.236  40.227 0.0000000000
111312  53.972  8.829  40.092 0.0000000000
111319  56.125  9.548  39.927 0.0000000000
111376  47.325  10.379  32.977 0.0000000000
111384  49.863  8.991  32.929 0.0000000000
111392  50.401  9.715  31.831 0.0000000000
111402  49.892  9.586  30.731 0.0000000000
111411  49.121  9.124  29.200 0.0000000000
111419  49.090  9.107  28.915 0.0000000000
111420  46.501  10.790  28.102 0.0000000000
111421  46.381  10.746  28.076 0.0000000000
111428  46.531  10.918  27.954 0.0000000000
111429  46.355  10.776  27.869 0.0000000000
111443  45.272  9.681  26.802 0.0000000000
111450  47.653  9.303  25.650 0.0000000000
111451  47.254  8.982  26.050 0.0000000000
112300  54.745  9.601  43.531 0.0000000000
112309  54.939  9.439  43.045 0.0000000000
112318  54.257  9.387  42.319 0.0000000000
112321  51.770  10.130  42.182 0.0000000000
112326  54.424  9.277  39.704 0.0000000000
112327  54.038  9.170  39.569 0.0000000000
112335  53.860  9.313  39.219 0.0000000000
112344  56.101  10.502  38.789 0.0000000000
112383  56.184  10.969  35.906 0.0000000000
112394  54.229  10.622  34.169 0.0000000000
112404  54.182  10.664  33.843 0.0000000000
112425  50.757  10.429  31.538 0.0000000000
112441  49.807  10.116  29.186 0.0000000000
112445  45.470  10.079  28.538 0.0000000000
112455  44.797  9.974  27.325 0.0000000000
112462  49.826  10.051  27.310 0.0000000000
112465  45.421  10.248  27.049 0.0000000000
112474  45.409  9.989  26.638 0.0000000000
112475  45.141  9.902  26.719 0.0000000000
112489  49.423  9.788  24.889 0.0000000000
113388  54.304  9.308  39.477 0.0000000000
113393  56.433  10.678  39.349 0.0000000000
113395  54.373  9.270  39.237 0.0000000000
113396  54.038  9.450  39.248 0.0000000000
113407  54.556  9.259  38.910 0.0000000000
113408  54.127  9.550  38.911 0.0000000000
113425  56.227  11.229  36.510 0.0000000000
113435  54.023  10.738  34.711 0.0000000000
113451  55.177  11.750  33.224 0.0000000000
113461  53.662  11.684  32.500 0.0000000000
113462  52.615  11.555  32.367 0.0000000000
113470  52.488  11.970  31.786 0.0000000000
113479  50.893  11.192  30.080 0.0000000000
113488  49.552  12.129  29.458 0.0000000000
113505  51.430  12.107  27.890 0.0000000000
113508  47.167  11.502  27.517 0.0000000000
113516  46.945  11.728  26.925 0.0000000000
113527  46.742  11.799  25.910 0.0000000000
114490  56.380  12.219  36.232 0.0000000000
114505  56.280  11.855  34.699 0.0000000000
114531  53.098  12.215  31.516 0.0000000000
114547  53.351  13.454  28.927 0.0000000000
114550  50.282  13.314  29.016 0.0000000000
114556  53.162  13.621  28.466 0.0000000000
114569  47.674  11.969  27.383 0.0000000000
114575  50.753  12.095  26.128 0.0000000000
114579  46.933  11.952  26.606 0.0000000000
114587  49.668  12.434  25.657 0.0000000000
115505  56.154  12.590  37.215 0.0000000000
115518  54.015  14.475  35.500 0.0000000000
115519  53.740  14.550  35.591 0.0000000000
115536  55.261  13.511  33.766 0.0000000000
115551  55.398  12.947  32.808 0.0000000000
115561  52.966  12.306  31.030 0.0000000000
115562  52.790  12.278  31.200 0.0000000000
115570  52.715  12.350  30.927 0.0000000000
115571  52.517  12.308  31.095 0.0000000000
115584  53.316  13.830  28.659 0.0000000000
115588  50.145  13.470  27.346 0.0000000000
115593  51.285  13.902  27.289 0.0000000000
115594  50.790  13.799  26.968 0.0000000000
115598  52.012  13.728  27.114 0.0000000000
115599  51.492  13.516  26.652 0.0000000000
115601  50.178  13.110  26.056 0.0000000000
115605  51.126  13.035  25.863 0.0000000000
115606  50.734  13.082  25.934 0.0000000000
116526  54.582  13.770  32.993 0.0000000000
116572  53.270  14.094  28.769 0.0000000000
116573  52.823  14.303  28.854 0.0000000000
116578  53.136  14.015  28.430 0.0000000000
116585  52.166  14.057  27.469 0.0000000000
116592  51.345  13.769  26.811 0.0000000000
116593  50.770  13.959  26.634 0.0000000000
117485  48.181  15.298  36.160 0.0000000000
117506  47.805  15.202  34.632 0.0000000000
119366  45.555  17.830  36.932 0.0000000000
119367  45.325  17.821  36.999 0.0000000000
119381  45.017  17.717  36.963 0.0000000000
119389  43.791  17.699  35.682 0.0000000000
120272  45.582  18.060  36.907 0.0000000000
120288  45.678  18.350  36.581 0.0000000000
120289  44.971  18.277  36.613 0.0000000000
