#!ascii label  , from subject 4135 vox2ras=TkReg
304
26464  38.391  -63.449  7.194 0.0000000000
26569  44.552  -63.707  0.117 0.0000000000
22719  45.594  -66.369  5.405 0.0000000000
24031  39.518  -65.657  2.413 0.0000000000
16383  42.748  -71.447  3.675 0.0000000000
18848  43.705  -69.559  6.073 0.0000000000
15101  43.880  -72.794  6.860 0.0000000000
25338  41.358  -64.813  0.056 0.0000000000
30349  39.495  -60.082  3.125 0.0000000000
25235  41.355  -64.385  6.441 0.0000000000
22737  41.418  -66.474  4.529 0.0000000000
20189  41.089  -68.416  2.303 0.0000000000
21494  43.193  -68.034  0.781 0.0000000000
17629  45.540  -70.617  2.975 0.0000000000
28925  38.841  -61.058  9.368 0.0000000000
27683  42.745  -62.764  7.710 0.0000000000
26474  44.531  -63.385  6.838 0.0000000000
29012  36.766  -61.137  3.625 0.0000000000
17568  46.363  -71.185  7.970 0.0000000000
25337  42.542  -64.837  -0.137 0.0000000000
27776  41.687  -62.264  1.136 0.0000000000
25253  43.806  -64.657  6.017 0.0000000000
22721  43.236  -66.308  5.399 0.0000000000
17603  42.996  -70.924  6.150 0.0000000000
18862  41.945  -69.372  4.626 0.0000000000
17633  41.759  -70.059  3.410 0.0000000000
20214  41.911  -68.754  1.412 0.0000000000
17645  42.921  -70.388  2.587 0.0000000000
21462  46.054  -68.517  2.309 0.0000000000
27659  43.496  -62.519  8.570 0.0000000000
27702  43.881  -62.826  6.942 0.0000000000
27680  44.843  -63.304  8.050 0.0000000000
25286  38.752  -64.946  3.419 0.0000000000
26521  38.023  -63.799  2.740 0.0000000000
32884  39.392  -58.913  2.907 0.0000000000
32906  37.960  -58.547  2.575 0.0000000000
20126  47.121  -68.109  6.157 0.0000000000
20128  45.291  -68.171  5.776 0.0000000000
18846  46.372  -69.750  6.880 0.0000000000
17586  44.709  -71.251  7.207 0.0000000000
15118  43.447  -72.479  5.440 0.0000000000
24059  40.078  -65.591  0.781 0.0000000000
26553  38.949  -63.335  1.614 0.0000000000
26551  40.462  -63.179  0.554 0.0000000000
30368  40.839  -60.567  2.614 0.0000000000
27790  45.866  -62.901  0.697 0.0000000000
26479  39.822  -63.896  6.721 0.0000000000
24004  40.755  -65.761  4.723 0.0000000000
22748  40.314  -66.445  3.482 0.0000000000
21430  42.780  -67.880  4.964 0.0000000000
21446  41.344  -67.493  3.976 0.0000000000
22759  40.205  -66.456  2.245 0.0000000000
22780  41.091  -67.083  0.773 0.0000000000
21507  42.462  -67.394  0.561 0.0000000000
22777  43.643  -66.383  0.254 0.0000000000
16382  43.783  -71.639  3.508 0.0000000000
18885  44.563  -69.788  2.293 0.0000000000
21492  45.280  -67.316  1.269 0.0000000000
24053  45.636  -65.207  0.451 0.0000000000
30266  37.720  -61.250  8.625 0.0000000000
27664  39.041  -62.385  8.491 0.0000000000
27662  40.992  -62.262  8.556 0.0000000000
27685  40.658  -62.824  7.998 0.0000000000
26477  41.895  -63.769  7.029 0.0000000000
25233  43.432  -63.946  6.428 0.0000000000
25251  45.962  -65.028  5.812 0.0000000000
25215  46.204  -65.062  6.296 0.0000000000
23964  47.113  -65.736  6.174 0.0000000000
29010  38.147  -61.039  2.871 0.0000000000
27688  37.613  -62.791  7.525 0.0000000000
27689  36.652  -62.524  7.134 0.0000000000
26570  43.437  -63.905  -0.173 0.0000000000
27793  42.965  -63.008  0.477 0.0000000000
23986  44.142  -65.455  5.654 0.0000000000
23987  43.050  -65.410  5.631 0.0000000000
22720  44.429  -66.341  5.395 0.0000000000
16365  42.281  -71.122  4.450 0.0000000000
17615  42.232  -70.330  5.025 0.0000000000
16384  42.145  -70.806  3.766 0.0000000000
17646  42.143  -70.123  2.779 0.0000000000
18883  46.795  -69.329  2.146 0.0000000000
27681  44.158  -63.041  7.652 0.0000000000
25299  38.797  -64.915  2.790 0.0000000000
25287  38.153  -64.322  3.399 0.0000000000
25300  38.389  -64.149  2.410 0.0000000000
34227  38.169  -58.074  1.488 0.0000000000
20110  46.727  -68.847  6.470 0.0000000000
18831  46.942  -70.165  7.544 0.0000000000
16332  44.694  -72.088  7.432 0.0000000000
18833  45.289  -70.850  7.374 0.0000000000
16333  43.998  -71.959  6.687 0.0000000000
25339  40.085  -64.678  0.527 0.0000000000
26573  40.210  -63.718  0.393 0.0000000000
29053  41.433  -61.717  1.789 0.0000000000
30347  41.272  -60.143  2.641 0.0000000000
31670  40.779  -59.664  2.812 0.0000000000
25236  40.359  -64.354  6.210 0.0000000000
25256  40.853  -64.831  5.749 0.0000000000
24018  40.222  -65.820  4.111 0.0000000000
22738  40.662  -66.133  4.210 0.0000000000
20112  44.758  -69.013  6.130 0.0000000000
20129  44.044  -68.339  5.639 0.0000000000
18855  43.387  -68.899  5.571 0.0000000000
18863  41.329  -69.334  3.923 0.0000000000
20147  41.590  -68.433  4.290 0.0000000000
20165  41.039  -68.341  3.452 0.0000000000
21463  40.791  -67.397  3.396 0.0000000000
20190  40.762  -67.746  2.518 0.0000000000
21482  40.691  -67.453  2.029 0.0000000000
21481  41.029  -67.871  1.746 0.0000000000
20213  42.919  -68.932  1.306 0.0000000000
21495  42.237  -68.183  0.922 0.0000000000
22778  42.672  -66.566  0.205 0.0000000000
21506  43.399  -67.173  0.545 0.0000000000
13976  42.397  -73.631  1.774 0.0000000000
16399  45.418  -71.542  2.549 0.0000000000
15172  44.359  -72.573  2.719 0.0000000000
16380  45.311  -71.661  3.183 0.0000000000
16381  44.734  -71.479  3.354 0.0000000000
17630  44.444  -70.702  3.056 0.0000000000
18873  44.986  -70.193  2.730 0.0000000000
21479  46.529  -67.296  1.870 0.0000000000
21480  45.826  -68.135  2.028 0.0000000000
22766  45.901  -66.651  1.114 0.0000000000
21504  44.937  -66.718  0.667 0.0000000000
22774  46.100  -65.675  0.611 0.0000000000
30245  36.751  -60.161  9.102 0.0000000000
30244  37.965  -60.491  9.088 0.0000000000
28944  38.388  -61.606  8.773 0.0000000000
27661  41.949  -62.304  8.510 0.0000000000
28941  41.212  -61.755  9.142 0.0000000000
27684  41.701  -62.802  8.030 0.0000000000
26461  41.292  -63.344  7.525 0.0000000000
26460  42.333  -63.212  7.530 0.0000000000
26475  43.838  -63.066  6.527 0.0000000000
25232  44.333  -63.965  6.423 0.0000000000
25231  45.335  -64.537  6.484 0.0000000000
23944  45.435  -65.388  7.382 0.0000000000
23943  46.359  -65.688  6.679 0.0000000000
23965  46.820  -65.440  6.083 0.0000000000
27753  39.206  -62.069  1.984 0.0000000000
27754  38.558  -62.151  2.244 0.0000000000
30370  39.012  -60.725  2.754 0.0000000000
32886  37.627  -58.597  3.191 0.0000000000
26571  42.176  -63.758  -0.153 0.0000000000
26572  40.969  -63.646  0.164 0.0000000000
25254  42.776  -64.736  5.980 0.0000000000
25255  41.781  -64.921  6.013 0.0000000000
22736  42.472  -66.715  5.049 0.0000000000
17588  43.182  -70.307  6.134 0.0000000000
18856  42.753  -69.392  5.396 0.0000000000
17616  41.772  -70.190  4.252 0.0000000000
18874  41.254  -69.195  3.130 0.0000000000
20215  41.443  -68.608  1.691 0.0000000000
18888  41.679  -69.583  2.489 0.0000000000
18887  42.479  -69.909  2.149 0.0000000000
20188  43.261  -69.428  1.641 0.0000000000
18872  45.647  -69.633  2.518 0.0000000000
18871  46.430  -69.385  2.337 0.0000000000
21461  46.460  -68.240  2.294 0.0000000000
27660  42.744  -62.414  8.426 0.0000000000
27682  43.382  -62.794  7.624 0.0000000000
26458  44.912  -63.380  7.414 0.0000000000
26522  37.491  -63.326  3.027 0.0000000000
27740  37.438  -62.156  2.872 0.0000000000
31672  38.988  -59.503  3.128 0.0000000000
32905  38.630  -58.614  2.251 0.0000000000
34228  37.526  -57.562  1.696 0.0000000000
21426  46.862  -67.317  5.806 0.0000000000
21427  45.949  -67.276  5.572 0.0000000000
20127  46.358  -68.158  5.886 0.0000000000
20111  45.775  -69.006  6.311 0.0000000000
18847  45.020  -70.054  6.874 0.0000000000
17587  43.823  -70.829  6.557 0.0000000000
16349  43.330  -71.611  6.156 0.0000000000
24045  39.687  -65.447  1.326 0.0000000000
25317  39.046  -64.499  1.618 0.0000000000
27778  39.634  -62.464  1.587 0.0000000000
29055  39.787  -61.789  2.059 0.0000000000
27777  40.626  -62.470  1.176 0.0000000000
29054  40.488  -61.772  1.874 0.0000000000
30369  39.906  -60.601  2.687 0.0000000000
31671  39.972  -59.454  3.158 0.0000000000
32904  39.629  -58.771  2.201 0.0000000000
26568  45.404  -63.635  0.437 0.0000000000
26463  39.267  -63.462  7.284 0.0000000000
24019  39.427  -65.490  3.594 0.0000000000
22749  39.696  -66.009  3.106 0.0000000000
21445  42.273  -67.462  4.683 0.0000000000
20146  42.410  -68.479  4.811 0.0000000000
22747  40.975  -66.927  3.807 0.0000000000
22760  39.820  -66.229  2.840 0.0000000000
24044  40.108  -66.084  1.225 0.0000000000
22767  40.553  -66.810  1.281 0.0000000000
24058  40.710  -66.048  0.381 0.0000000000
21496  41.399  -68.103  1.337 0.0000000000
22779  41.712  -66.778  0.344 0.0000000000
24057  41.929  -65.856  -0.105 0.0000000000
25336  43.425  -64.944  -0.138 0.0000000000
25335  44.222  -64.670  -0.019 0.0000000000
13975  43.170  -73.053  1.994 0.0000000000
16364  43.799  -71.817  3.759 0.0000000000
15153  43.306  -71.977  3.855 0.0000000000
17631  43.355  -70.911  3.100 0.0000000000
17644  43.760  -70.400  2.577 0.0000000000
20187  43.869  -69.271  1.600 0.0000000000
18884  45.222  -69.240  2.234 0.0000000000
20186  44.903  -68.665  1.746 0.0000000000
21493  44.134  -67.687  0.910 0.0000000000
21505  44.337  -66.954  0.610 0.0000000000
24054  44.814  -65.412  0.293 0.0000000000
25334  45.074  -64.498  0.281 0.0000000000
25333  45.836  -64.329  0.526 0.0000000000
30268  35.773  -60.382  8.615 0.0000000000
30267  36.940  -61.073  8.317 0.0000000000
28945  37.573  -61.918  8.325 0.0000000000
27687  38.697  -62.931  7.810 0.0000000000
28943  39.368  -61.708  9.041 0.0000000000
27663  40.013  -62.291  8.525 0.0000000000
27686  39.658  -62.898  7.931 0.0000000000
26462  40.253  -63.390  7.399 0.0000000000
26478  40.824  -63.898  6.918 0.0000000000
25234  42.415  -64.221  6.529 0.0000000000
26476  42.992  -63.315  6.990 0.0000000000
25252  44.879  -64.780  5.964 0.0000000000
23984  46.275  -65.650  5.561 0.0000000000
25230  46.490  -65.071  6.003 0.0000000000
25250  46.713  -65.378  5.831 0.0000000000
23983  46.903  -65.816  5.798 0.0000000000
26533  38.355  -63.235  2.316 0.0000000000
26534  37.954  -62.583  2.576 0.0000000000
29011  37.539  -61.186  3.143 0.0000000000
30350  38.393  -60.372  3.120 0.0000000000
31673  37.987  -59.496  3.266 0.0000000000
13959  43.671  -72.873  2.453 0.0000000000
13974  43.544  -72.655  2.013 0.0000000000
15150  44.995  -72.229  2.917 0.0000000000
15152  43.522  -71.818  3.830 0.0000000000
16350  42.738  -71.291  5.461 0.0000000000
16363  44.187  -72.071  3.594 0.0000000000
16366  41.863  -70.602  3.983 0.0000000000
17569  45.430  -71.412  7.701 0.0000000000
17604  42.647  -70.358  5.790 0.0000000000
17632  42.479  -70.628  3.240 0.0000000000
17647  41.835  -69.922  2.896 0.0000000000
18845  47.150  -69.365  6.898 0.0000000000
18849  43.005  -69.878  5.902 0.0000000000
18870  46.963  -69.009  2.168 0.0000000000
18882  47.134  -68.850  2.114 0.0000000000
18886  43.402  -69.946  1.950 0.0000000000
18901  46.664  -69.483  1.813 0.0000000000
18902  42.835  -69.540  1.738 0.0000000000
18903  42.158  -69.389  1.730 0.0000000000
18904  41.551  -69.042  1.842 0.0000000000
20125  47.377  -68.123  6.498 0.0000000000
20130  43.105  -68.360  5.255 0.0000000000
20162  46.815  -68.665  2.286 0.0000000000
20163  46.224  -68.887  2.379 0.0000000000
20164  45.671  -68.848  2.246 0.0000000000
20166  40.785  -67.851  2.910 0.0000000000
20211  44.559  -68.017  1.331 0.0000000000
20212  43.950  -68.458  1.237 0.0000000000
21444  42.765  -67.086  5.007 0.0000000000
21464  40.488  -67.268  2.793 0.0000000000
21497  40.961  -67.508  1.333 0.0000000000
21508  41.665  -67.556  0.751 0.0000000000
21509  41.244  -67.592  0.997 0.0000000000
22718  46.548  -66.442  5.615 0.0000000000
22735  42.951  -66.853  5.184 0.0000000000
22775  45.529  -66.232  0.606 0.0000000000
22776  44.537  -66.235  0.380 0.0000000000
23982  47.127  -65.895  5.984 0.0000000000
23985  45.282  -65.514  5.544 0.0000000000
24020  38.719  -64.952  3.895 0.0000000000
24030  39.938  -65.872  1.807 0.0000000000
24055  43.933  -65.571  0.084 0.0000000000
24056  43.016  -65.732  -0.144 0.0000000000
25229  46.934  -65.434  5.975 0.0000000000
25249  46.952  -65.585  5.893 0.0000000000
25318  38.582  -63.825  1.918 0.0000000000
26459  42.899  -62.963  7.359 0.0000000000
26552  39.728  -63.436  0.924 0.0000000000
26567  46.106  -63.560  0.637 0.0000000000
27665  38.219  -62.412  8.294 0.0000000000
27703  43.395  -62.843  7.067 0.0000000000
27704  43.093  -62.841  7.238 0.0000000000
27741  36.893  -61.836  3.337 0.0000000000
27755  38.035  -61.956  2.566 0.0000000000
27779  38.875  -62.629  1.865 0.0000000000
27789  46.375  -63.055  0.792 0.0000000000
27791  44.979  -62.867  0.584 0.0000000000
27795  41.098  -62.815  0.602 0.0000000000
29029  41.183  -61.194  2.347 0.0000000000
29030  40.266  -61.201  2.344 0.0000000000
29031  39.315  -61.394  2.363 0.0000000000
29032  38.483  -61.363  2.600 0.0000000000
29033  37.905  -61.533  2.782 0.0000000000
30246  36.185  -59.917  9.055 0.0000000000
30348  40.445  -60.037  3.052 0.0000000000
30367  41.746  -60.652  2.471 0.0000000000
30371  38.504  -60.853  2.831 0.0000000000
32883  40.294  -59.094  2.744 0.0000000000
32885  38.430  -58.988  2.876 0.0000000000
34212  37.898  -58.217  2.094 0.0000000000
