#!ascii label  , from subject 4135 vox2ras=TkReg
2089
21546  41.870  -67.734  -2.604 0.2000000030
21544  43.949  -67.676  -2.483 0.2000000030
21562  43.577  -67.846  -3.739 0.2000000030
21532  41.394  -68.026  -1.896 0.2000000030
21592  43.392  -67.809  -5.343 0.1000000015
21530  43.354  -67.985  -1.695 0.3000000119
20297  43.290  -68.070  -4.348 0.1000000015
21564  41.404  -67.960  -3.550 0.2000000030
21577  44.218  -67.399  -4.328 0.1000000015
21578  43.633  -67.830  -4.685 0.1000000015
21591  43.886  -67.319  -5.113 0.1000000015
24098  44.212  -66.005  -5.350 0.1000000015
22856  43.349  -67.124  -5.758 0.1000000015
25383  43.280  -64.524  -4.799 0.1000000015
22837  43.362  -66.689  -5.741 0.1000000015
22838  42.760  -66.667  -5.769 0.1000000015
25401  42.704  -65.073  -4.970 0.1000000015
24081  45.999  -65.499  -2.826 0.1000000015
25372  46.145  -64.557  -3.406 0.1000000015
21561  44.527  -67.323  -3.233 0.2000000030
24097  44.734  -65.735  -4.675 0.1000000015
22818  44.679  -66.901  -4.006 0.1000000015
22825  44.412  -66.667  -4.810 0.1000000015
25382  44.301  -64.937  -5.189 0.1000000015
26630  44.010  -63.913  -4.469 0.1000000015
27859  42.753  -62.710  -3.789 0.2000000030
26613  43.742  -63.105  -3.850 0.2000000030
29114  42.951  -61.470  -3.496 0.1000000015
26631  42.837  -63.518  -4.063 0.2000000030
30449  42.484  -60.653  -3.512 0.2000000030
30450  41.393  -60.663  -3.503 0.1000000015
31766  41.028  -59.814  -3.671 0.1000000015
25381  45.120  -64.896  -4.506 0.1000000015
26611  45.683  -63.750  -3.833 0.1000000015
30448  43.546  -60.593  -3.407 0.2000000030
31764  43.124  -59.813  -3.719 0.2000000030
31779  42.723  -59.097  -3.991 0.2000000030
31765  42.072  -59.831  -3.656 0.2000000030
32993  42.353  -58.449  -4.304 0.1000000015
32994  41.304  -58.395  -4.265 0.2000000030
26629  44.929  -64.141  -4.519 0.1000000015
26612  44.720  -63.302  -4.002 0.1000000015
27838  44.355  -62.457  -3.414 0.2000000030
29112  45.043  -61.575  -3.108 0.2000000030
29113  43.954  -61.504  -3.213 0.3000000119
34318  43.653  -58.107  -4.863 0.3000000119
34320  42.012  -57.779  -4.646 0.2000000030
34321  40.975  -57.678  -4.659 0.2000000030
33011  39.328  -58.340  -4.885 0.2000000030
30447  44.657  -60.557  -3.253 0.3000000119
32991  44.364  -58.331  -4.768 0.3000000119
34339  43.930  -57.499  -5.188 0.3000000119
35729  44.609  -56.454  -5.369 0.3000000119
34340  42.729  -57.175  -4.990 0.2000000030
34322  40.083  -57.639  -4.799 0.2000000030
34343  39.748  -57.365  -5.561 0.2000000030
35727  46.889  -56.561  -5.652 0.4000000060
32990  45.493  -58.382  -4.540 0.3000000119
33009  45.293  -57.807  -4.859 0.3000000119
31763  44.200  -59.719  -3.620 0.2000000030
31778  43.754  -59.075  -4.132 0.2000000030
35730  43.416  -56.433  -5.271 0.3000000119
34341  41.662  -57.069  -5.036 0.2000000030
35731  42.305  -56.352  -5.272 0.2000000030
34342  40.661  -57.038  -5.168 0.2000000030
37057  46.525  -55.695  -5.985 0.3000000119
35728  45.790  -56.476  -5.533 0.3000000119
37059  44.017  -55.542  -5.508 0.2000000030
38360  42.363  -54.769  -5.693 0.2000000030
38359  43.371  -54.693  -5.651 0.2000000030
38377  42.068  -54.420  -6.589 0.1000000015
37061  41.870  -55.553  -5.509 0.2000000030
37063  40.626  -55.870  -6.236 0.2000000030
37062  41.071  -55.652  -5.854 0.2000000030
35733  40.434  -56.428  -5.809 0.2000000030
37076  47.223  -54.888  -6.364 0.3000000119
37077  46.219  -54.768  -6.270 0.3000000119
38372  46.990  -53.858  -6.672 0.2000000030
37078  45.353  -54.532  -5.987 0.3000000119
39650  46.146  -53.044  -6.550 0.2000000030
37058  45.313  -55.460  -5.749 0.3000000119
38374  44.826  -53.816  -5.927 0.1000000015
38375  43.795  -53.833  -5.803 0.1000000015
39667  42.620  -53.750  -7.169 0.1000000015
39653  43.268  -53.234  -6.499 0.1000000015
40853  44.465  -52.444  -6.578 0.1000000015
38394  41.056  -55.147  -7.159 0.1000000015
39648  48.717  -53.438  -6.681 0.3000000119
38371  47.963  -53.997  -6.669 0.2000000030
39664  48.462  -53.083  -7.364 0.2000000030
40882  48.826  -52.532  -7.871 0.2000000030
42151  48.769  -51.696  -8.198 0.1000000015
39649  46.965  -52.882  -6.858 0.1000000015
42130  48.330  -51.725  -7.838 0.1000000015
40850  46.914  -52.303  -6.942 0.1000000015
39651  45.186  -53.016  -6.167 0.1000000015
40869  43.691  -52.398  -7.067 0.1000000015
39666  43.118  -53.057  -7.625 0.1000000015
42152  48.164  -51.204  -7.862 0.1000000015
43470  47.448  -50.668  -8.204 0.1000000015
42132  47.161  -51.245  -7.675 0.1000000015
42133  46.089  -50.937  -7.795 0.1000000015
40852  45.410  -52.286  -6.706 0.1000000015
42154  45.821  -50.750  -8.468 0.1000000015
40868  44.619  -51.701  -7.502 0.1000000015
43485  48.012  -50.235  -9.015 0.1000000015
43472  45.755  -50.788  -9.016 0.1000000015
40883  44.516  -51.975  -8.813 0.1000000015
43484  48.685  -50.219  -8.803 0.1000000015
25399  43.828  -65.721  -5.490 0.1000000015
24092  45.350  -65.609  -3.757 0.1000000015
29134  41.207  -62.026  -3.997 0.1000000015
25236  40.359  -64.354  6.210 0.5000000000
26478  40.824  -63.898  6.918 0.5000000000
26479  39.822  -63.896  6.721 0.5000000000
26480  38.792  -63.986  6.537 0.5000000000
27660  42.744  -62.414  8.426 0.2000000030
27683  42.745  -62.764  7.710 0.2000000030
26460  42.333  -63.212  7.530 0.3000000119
26461  41.292  -63.344  7.525 0.5000000000
26462  40.253  -63.390  7.399 0.5000000000
27686  39.658  -62.898  7.931 0.5000000000
26463  39.267  -63.462  7.284 0.5000000000
26464  38.391  -63.449  7.194 0.5000000000
25258  38.941  -64.660  5.536 0.5000000000
26493  37.295  -63.666  5.441 0.5000000000
25270  39.093  -65.170  5.082 0.5000000000
24019  39.427  -65.490  3.594 0.5000000000
27661  41.949  -62.304  8.510 0.3000000119
27662  40.992  -62.262  8.556 0.3000000119
27685  40.658  -62.824  7.998 0.5000000000
27688  37.613  -62.791  7.525 0.5000000000
26481  37.709  -63.579  6.493 0.5000000000
26505  37.728  -63.981  4.825 0.5000000000
25272  37.749  -64.032  4.155 0.5000000000
21481  41.029  -67.871  1.746 0.4000000060
21482  40.691  -67.453  2.029 0.5000000000
22759  40.205  -66.456  2.245 0.5000000000
22749  39.696  -66.009  3.106 0.5000000000
25286  38.752  -64.946  3.419 0.5000000000
21496  41.399  -68.103  1.337 0.4000000060
28941  41.212  -61.755  9.142 0.4000000060
27664  39.041  -62.385  8.491 0.5000000000
27687  38.697  -62.931  7.810 0.5000000000
28945  37.573  -61.918  8.325 0.5000000000
28955  36.932  -61.950  7.733 0.5000000000
27689  36.652  -62.524  7.134 0.5000000000
27705  37.025  -63.031  6.718 0.5000000000
26494  36.592  -63.051  5.323 0.5000000000
25287  38.153  -64.322  3.399 0.6000000238
25299  38.797  -64.915  2.790 0.5000000000
20213  42.919  -68.932  1.306 0.4000000060
20214  41.911  -68.754  1.412 0.4000000060
22780  41.091  -67.083  0.773 0.5000000000
26402  44.326  -63.240  12.933 0.1000000015
27619  43.272  -62.489  12.338 0.1000000015
28875  41.596  -61.678  12.619 0.1000000015
28894  42.796  -62.148  11.807 0.1000000015
28895  41.337  -61.406  11.411 0.1000000015
28909  42.448  -61.805  10.501 0.1000000015
28939  42.746  -61.973  8.975 0.2000000030
28921  42.184  -61.711  9.651 0.1000000015
28940  42.065  -61.870  9.071 0.3000000119
27663  40.013  -62.291  8.525 0.5000000000
28942  40.306  -61.695  9.107 0.4000000060
28944  38.388  -61.606  8.773 0.4000000060
30266  37.720  -61.250  8.625 0.5000000000
30267  36.940  -61.073  8.317 0.5000000000
30286  35.973  -61.292  7.793 0.5000000000
28956  36.259  -61.921  7.402 0.5000000000
26506  37.018  -63.339  4.270 0.5000000000
24031  39.518  -65.657  2.413 0.5000000000
24044  40.108  -66.084  1.225 0.5000000000
21495  42.237  -68.183  0.922 0.4000000060
20187  43.869  -69.271  1.600 0.5000000000
23854  43.234  -65.595  13.724 0.1000000015
25126  44.017  -64.622  13.598 0.1000000015
26381  43.653  -63.585  13.399 0.1000000015
27603  42.899  -62.545  12.783 0.1000000015
28874  42.263  -62.128  12.993 0.1000000015
28851  41.576  -62.111  13.368 0.1000000015
26382  42.640  -63.503  13.557 0.1000000015
27579  42.389  -62.730  13.441 0.1000000015
28876  40.473  -61.276  12.419 0.1000000015
32759  38.775  -58.979  10.494 0.2000000030
32749  38.168  -58.683  10.925 0.2000000030
28910  41.533  -61.269  10.360 0.1000000015
30225  40.786  -60.775  10.354 0.1000000015
31539  39.272  -59.402  10.376 0.2000000030
30241  40.515  -60.548  9.928 0.2000000030
31556  39.254  -59.493  9.865 0.2000000030
32760  38.147  -58.572  10.347 0.2000000030
28922  41.291  -61.235  9.717 0.2000000030
28923  40.499  -61.032  9.564 0.2000000030
28924  39.658  -60.975  9.474 0.3000000119
30244  37.965  -60.491  9.088 0.3000000119
30245  36.751  -60.161  9.102 0.4000000060
26522  37.491  -63.326  3.027 0.5000000000
30268  35.773  -60.382  8.615 0.4000000060
27754  38.558  -62.151  2.244 0.5000000000
26534  37.954  -62.583  2.576 0.5000000000
27740  37.438  -62.156  2.872 0.5000000000
26553  38.949  -63.335  1.614 0.5000000000
26533  38.355  -63.235  2.316 0.5000000000
26521  38.023  -63.799  2.740 0.5000000000
27707  35.827  -61.972  6.178 0.5000000000
27690  36.049  -62.265  6.825 0.5000000000
24059  40.078  -65.591  0.781 0.5000000000
25317  39.046  -64.499  1.618 0.5000000000
27727  36.925  -62.597  3.445 0.5000000000
22779  41.712  -66.778  0.344 0.5000000000
22767  40.553  -66.810  1.281 0.5000000000
25300  38.389  -64.149  2.410 0.5000000000
24045  39.687  -65.447  1.326 0.5000000000
21494  43.193  -68.034  0.781 0.4000000060
22573  42.517  -66.179  14.026 0.1000000015
23855  42.342  -65.082  13.738 0.1000000015
25128  41.802  -64.199  13.747 0.1000000015
25106  39.710  -64.546  14.373 0.1000000015
25127  42.930  -64.423  13.593 0.1000000015
26383  41.992  -63.292  13.731 0.1000000015
27581  40.988  -62.454  13.762 0.1000000015
28852  40.820  -61.790  13.309 0.1000000015
30188  38.666  -60.679  12.450 0.1000000015
30207  40.361  -60.787  11.230 0.1000000015
30209  38.175  -59.942  11.717 0.2000000030
31525  38.650  -59.248  11.080 0.2000000030
30227  39.463  -59.685  10.767 0.1000000015
31524  39.184  -59.463  10.873 0.2000000030
31557  38.451  -59.426  9.572 0.3000000119
32775  37.896  -58.627  9.841 0.3000000119
34063  37.577  -58.252  10.241 0.2000000030
31558  37.429  -59.416  9.498 0.3000000119
34081  37.320  -58.111  9.992 0.2000000030
31560  35.773  -58.969  9.493 0.3000000119
31578  35.898  -59.757  9.047 0.4000000060
31673  37.987  -59.496  3.266 0.5000000000
31674  37.020  -59.365  3.707 0.5000000000
29012  36.766  -61.137  3.625 0.5000000000
34196  36.438  -57.638  3.475 0.5000000000
32868  36.316  -58.677  4.160 0.5000000000
30352  36.642  -60.362  3.946 0.5000000000
28994  36.312  -61.096  4.211 0.6000000238
28957  35.621  -61.668  6.974 0.5000000000
30287  34.969  -60.708  7.308 0.5000000000
34182  35.979  -57.836  4.163 0.5000000000
32869  35.628  -58.357  4.704 0.5000000000
31652  36.307  -59.784  4.354 0.6000000238
27728  36.427  -62.079  4.125 0.5000000000
27718  36.146  -62.115  5.272 0.5000000000
28995  35.998  -60.955  4.651 0.5000000000
26507  36.499  -62.674  4.735 0.5000000000
18884  45.222  -69.240  2.234 0.4000000060
20186  44.903  -68.665  1.746 0.4000000060
20188  43.261  -69.428  1.641 0.4000000060
26363  37.458  -63.883  14.792 0.1000000015
26361  39.207  -63.635  14.409 0.1000000015
27568  37.944  -62.721  14.748 0.1000000015
26358  41.445  -63.420  13.940 0.1000000015
26360  40.144  -63.642  14.262 0.1000000015
27566  39.733  -62.853  14.191 0.1000000015
27567  38.793  -62.635  14.314 0.1000000015
27565  40.530  -62.927  14.128 0.1000000015
27583  39.479  -62.154  13.911 0.1000000015
28854  38.733  -61.603  13.569 0.1000000015
28877  39.392  -61.166  12.820 0.1000000015
28878  38.831  -61.109  13.000 0.1000000015
31510  37.290  -59.755  11.916 0.2000000030
31527  37.047  -58.932  11.601 0.2000000030
32750  37.241  -58.380  11.290 0.2000000030
34048  37.556  -58.149  10.688 0.2000000030
39435  37.641  -52.920  5.842 0.2000000030
34082  36.738  -57.807  9.939 0.2000000030
39436  36.673  -53.139  6.022 0.2000000030
39437  35.532  -53.502  5.983 0.2000000030
38171  35.137  -54.192  6.400 0.2000000030
38172  34.682  -54.826  6.573 0.2000000030
32776  37.028  -58.553  9.762 0.2000000030
39469  35.516  -53.170  5.071 0.2000000030
39470  34.787  -53.656  5.085 0.2000000030
38191  34.627  -54.436  5.673 0.2000000030
36890  34.341  -55.463  5.909 0.2000000030
35551  34.181  -56.271  6.481 0.2000000030
34141  33.925  -56.930  6.848 0.4000000060
39500  34.737  -54.087  4.011 0.2000000030
38209  34.497  -54.421  4.773 0.3000000119
36912  34.264  -55.385  4.907 0.3000000119
35601  34.064  -55.915  5.013 0.4000000060
35575  34.114  -56.102  5.522 0.3000000119
34162  34.377  -57.012  5.965 0.4000000060
32836  34.041  -57.965  6.901 0.5000000000
31580  34.539  -59.063  8.378 0.4000000060
30269  34.755  -59.885  8.217 0.5000000000
35630  35.591  -56.410  2.764 0.5000000000
36950  35.001  -55.565  2.944 0.4000000060
36931  34.919  -55.877  3.846 0.4000000060
36932  34.648  -55.334  4.070 0.4000000060
34184  34.633  -57.329  5.011 0.4000000060
32854  34.591  -58.212  5.817 0.5000000000
31620  34.337  -59.120  6.618 0.5000000000
30288  34.397  -59.741  7.396 0.5000000000
35616  35.382  -56.579  3.639 0.5000000000
34183  35.388  -57.404  4.427 0.5000000000
30334  35.866  -60.387  4.846 0.5000000000
28983  35.710  -61.217  5.226 0.5000000000
27719  35.730  -61.647  5.698 0.5000000000
28970  35.283  -61.233  6.123 0.5000000000
26351  36.045  -63.511  15.751 0.1000000015
26350  36.921  -63.569  15.289 0.1000000015
28828  36.407  -61.813  15.540 0.1000000015
28842  37.495  -61.978  14.740 0.1000000015
28827  36.977  -62.077  15.276 0.1000000015
28856  37.198  -61.485  14.344 0.1000000015
30162  36.374  -61.124  14.606 0.1000000015
30175  37.922  -61.090  13.173 0.1000000015
30176  36.700  -61.050  13.748 0.1000000015
30190  36.176  -60.215  12.746 0.2000000030
31512  35.838  -59.391  12.639 0.2000000030
31511  36.726  -59.428  12.048 0.2000000030
34049  36.906  -57.572  11.054 0.2000000030
34064  37.034  -57.704  10.398 0.2000000030
39409  37.421  -53.366  6.588 0.1000000015
39410  36.491  -53.477  6.756 0.2000000030
39411  35.779  -53.943  6.940 0.2000000030
34083  35.836  -57.531  10.028 0.2000000030
39384  38.045  -53.420  7.111 0.1000000015
39385  37.186  -53.424  7.322 0.1000000015
39386  36.377  -53.621  7.561 0.1000000015
38148  35.198  -54.485  7.204 0.1000000015
36869  34.423  -55.563  6.878 0.1000000015
35552  34.083  -56.539  6.888 0.2000000030
32794  35.450  -58.651  9.454 0.3000000119
32778  35.427  -58.080  9.594 0.2000000030
36847  34.459  -55.542  7.552 0.1000000015
35529  34.206  -56.287  7.370 0.1000000015
34118  33.929  -57.138  7.662 0.3000000119
32795  34.814  -58.337  9.053 0.2000000030
31639  34.741  -59.093  5.937 0.5000000000
30306  34.471  -59.990  6.710 0.5000000000
32853  35.175  -58.790  5.387 0.5000000000
31638  35.106  -59.615  5.714 0.5000000000
30305  34.884  -60.317  6.216 0.5000000000
30321  35.395  -60.388  5.512 0.5000000000
26330  35.311  -63.375  16.590 0.1000000015
27527  35.210  -62.163  17.121 0.1000000015
28808  35.654  -61.490  16.439 0.1000000015
28807  36.000  -61.841  16.030 0.1000000015
28829  35.872  -61.321  15.611 0.1000000015
30130  35.532  -60.808  16.720 0.1000000015
28844  36.209  -61.291  15.061 0.1000000015
30163  35.778  -60.695  14.756 0.1000000015
31452  35.423  -59.702  15.458 0.1000000015
30177  35.736  -60.224  13.599 0.1000000015
30191  35.649  -59.899  12.988 0.2000000030
32738  36.169  -58.584  12.270 0.2000000030
34034  36.441  -57.843  11.731 0.2000000030
35420  36.059  -57.280  12.016 0.2000000030
35462  36.439  -56.964  10.773 0.2000000030
34065  36.433  -57.365  10.352 0.2000000030
40594  37.612  -52.900  7.672 0.1000000015
39387  35.650  -54.022  7.847 0.1000000015
38129  34.946  -54.595  8.196 0.1000000015
35487  35.330  -56.653  9.899 0.1000000015
34084  35.035  -57.433  9.472 0.2000000030
38130  34.594  -55.180  7.976 0.1000000015
36824  34.427  -55.716  8.141 0.1000000015
35509  34.294  -56.464  8.368 0.2000000030
34100  34.427  -57.364  8.684 0.2000000030
28777  35.228  -61.386  17.805 0.1000000015
28789  35.440  -61.300  17.103 0.1000000015
31401  35.763  -59.788  19.217 0.1000000015
30113  35.466  -60.644  17.386 0.1000000015
31414  35.662  -59.522  18.557 0.1000000015
32645  35.657  -58.889  17.357 0.1000000015
30145  35.560  -60.669  15.938 0.1000000015
31469  35.490  -59.525  14.323 0.1000000015
32693  35.359  -58.511  13.848 0.1000000015
32715  35.514  -58.543  12.899 0.1000000015
34015  35.285  -57.520  13.273 0.1000000015
34035  35.806  -57.748  12.410 0.2000000030
35440  36.256  -56.909  11.506 0.2000000030
36766  36.094  -56.193  11.042 0.2000000030
36787  36.028  -56.430  10.704 0.2000000030
36788  35.579  -55.800  10.427 0.1000000015
35463  35.944  -56.791  10.422 0.2000000030
41879  38.769  -51.776  7.594 0.1000000015
41880  37.927  -51.987  7.900 0.1000000015
40573  37.179  -52.410  8.359 0.1000000015
39365  36.183  -53.554  8.396 0.1000000015
40574  36.510  -52.852  8.774 0.1000000015
38113  34.644  -55.167  8.574 0.1000000015
36807  34.564  -55.737  8.961 0.1000000015
35488  34.640  -56.585  9.254 0.2000000030
31413  36.087  -58.928  18.724 0.1000000015
32644  36.210  -58.362  17.736 0.1000000015
33954  35.960  -57.971  17.203 0.1000000015
32660  35.481  -58.784  16.095 0.1000000015
34000  35.250  -57.480  14.319 0.1000000015
35421  35.588  -56.783  12.347 0.2000000030
36746  35.492  -55.516  12.367 0.1000000015
35441  35.760  -56.133  11.662 0.2000000030
36767  35.753  -55.370  11.276 0.1000000015
41834  37.356  -51.632  9.697 0.1000000015
41820  36.866  -52.212  10.350 0.1000000015
40542  36.577  -52.562  10.562 0.1000000015
38097  35.945  -53.951  11.055 0.1000000015
38098  35.751  -54.582  10.576 0.1000000015
41857  37.582  -51.611  8.763 0.1000000015
41858  36.830  -52.088  9.152 0.1000000015
40554  36.429  -52.736  9.641 0.1000000015
39349  35.703  -54.034  9.536 0.1000000015
39336  35.705  -54.276  9.950 0.1000000015
39348  36.074  -53.466  9.222 0.1000000015
38112  35.107  -54.815  9.474 0.1000000015
36806  34.895  -55.877  9.700 0.1000000015
33935  37.004  -57.710  18.018 0.1000000015
33988  36.191  -57.052  15.759 0.1000000015
33989  35.672  -57.566  15.531 0.1000000015
35382  35.643  -56.492  14.591 0.1000000015
36728  35.552  -55.426  13.557 0.1000000015
40519  38.347  -52.464  12.273 0.1000000015
40520  37.458  -52.481  12.293 0.1000000015
40510  36.820  -52.817  12.647 0.1000000015
39308  36.177  -53.370  12.498 0.1000000015
38062  35.761  -54.368  12.713 0.1000000015
40540  39.270  -51.617  10.813 0.1000000015
40529  39.140  -52.214  11.543 0.1000000015
40531  37.250  -52.242  11.482 0.1000000015
39309  35.645  -53.736  12.014 0.1000000015
38083  35.668  -54.236  11.619 0.1000000015
41817  38.834  -51.257  10.250 0.1000000015
41818  37.911  -51.423  10.377 0.1000000015
41808  37.659  -51.742  11.071 0.1000000015
40532  36.643  -52.567  11.304 0.1000000015
39324  36.028  -53.393  11.440 0.1000000015
38082  35.836  -53.837  11.358 0.1000000015
35381  36.296  -55.885  14.906 0.1000000015
36709  36.848  -55.357  14.932 0.1000000015
36710  36.115  -55.370  14.392 0.1000000015
38026  37.376  -54.618  14.536 0.1000000015
38027  36.634  -54.732  14.346 0.1000000015
39307  37.868  -52.728  12.793 0.1000000015
39286  37.738  -53.307  13.329 0.1000000015
38044  36.958  -53.996  13.839 0.1000000015
40509  37.308  -52.825  12.920 0.1000000015
27684  41.701  -62.802  8.030 0.4000000060
26482  36.988  -63.219  6.038 0.5000000000
28943  39.368  -61.708  9.041 0.4000000060
27618  43.785  -62.472  12.000 0.1000000015
28896  40.594  -61.139  11.715 0.1000000015
28925  38.841  -61.058  9.368 0.4000000060
23831  42.505  -65.619  13.870 0.1000000015
28850  41.983  -62.380  13.419 0.1000000015
32773  39.081  -59.087  10.115 0.3000000119
30226  39.904  -60.094  10.444 0.2000000030
31555  39.537  -59.775  9.875 0.2000000030
30242  39.812  -60.143  9.802 0.2000000030
32774  38.720  -58.870  9.949 0.3000000119
30243  39.018  -60.226  9.561 0.3000000119
31559  36.310  -59.340  9.415 0.3000000119
29011  37.539  -61.186  3.143 0.5000000000
23856  41.727  -65.024  13.830 0.1000000015
25105  40.818  -64.428  14.114 0.1000000015
27564  41.127  -62.977  14.073 0.1000000015
28853  39.873  -61.620  13.386 0.1000000015
27582  40.241  -62.262  13.827 0.1000000015
30187  39.795  -60.721  12.078 0.1000000015
30208  39.322  -60.003  11.370 0.1000000015
31526  37.598  -59.285  11.498 0.2000000030
31579  35.340  -59.351  9.048 0.4000000060
34195  37.127  -57.924  3.157 0.5000000000
32887  36.930  -58.411  3.569 0.5000000000
34214  36.794  -57.460  2.606 0.5000000000
35615  35.848  -57.013  3.243 0.5000000000
26362  38.207  -63.609  14.638 0.1000000015
27557  37.338  -62.706  15.267 0.1000000015
28841  38.139  -62.100  14.293 0.1000000015
28855  37.672  -61.598  13.949 0.1000000015
30189  37.336  -60.380  12.339 0.1000000015
32737  36.702  -58.628  11.750 0.2000000030
40645  36.083  -52.936  5.451 0.2000000030
38190  34.975  -53.936  5.988 0.2000000030
36891  34.198  -55.671  5.347 0.3000000119
32817  34.266  -58.153  8.059 0.4000000060
38254  34.641  -54.702  3.464 0.5000000000
38231  34.572  -54.782  4.237 0.4000000060
39499  35.219  -53.228  4.207 0.2000000030
36911  34.569  -55.915  4.397 0.4000000060
35600  34.235  -56.372  4.937 0.5000000000
31602  34.272  -58.933  7.541 0.5000000000
38253  34.772  -54.676  2.735 0.5000000000
35599  34.885  -56.573  4.385 0.5000000000
32870  35.033  -58.052  5.021 0.5000000000
27559  35.946  -62.832  16.058 0.1000000015
27558  36.553  -62.687  15.625 0.1000000015
31439  35.413  -59.916  16.667 0.1000000015
31492  35.484  -59.383  13.346 0.2000000030
40593  38.423  -52.710  7.393 0.1000000015
39364  36.939  -53.259  8.092 0.1000000015
39366  35.529  -54.017  8.793 0.1000000015
30106  35.394  -60.532  18.255 0.1000000015
28768  35.198  -61.385  18.755 0.1000000015
30097  35.518  -60.425  19.223 0.1000000015
31400  36.352  -59.362  19.434 0.1000000015
31425  35.497  -59.896  17.659 0.1000000015
32631  35.994  -58.760  18.205 0.1000000015
32676  35.332  -58.595  14.941 0.1000000015
34001  35.072  -57.075  14.150 0.1000000015
32630  36.660  -58.321  18.510 0.1000000015
33972  35.693  -58.052  16.571 0.1000000015
35383  35.235  -56.961  14.316 0.1000000015
35401  35.214  -56.494  13.432 0.1000000015
41819  37.173  -51.955  10.515 0.1000000015
41833  38.239  -51.255  9.457 0.1000000015
40541  36.983  -52.256  10.982 0.1000000015
39335  36.023  -53.611  10.248 0.1000000015
33953  36.605  -57.707  17.510 0.1000000015
33971  36.294  -57.317  16.467 0.1000000015
35343  36.798  -56.843  16.422 0.1000000015
35366  35.992  -56.833  15.432 0.1000000015
40530  38.033  -51.983  11.684 0.1000000015
40518  39.057  -52.705  12.297 0.1000000015
38061  36.293  -53.868  13.231 0.1000000015
40521  36.635  -52.690  11.985 0.1000000015
39287  36.802  -53.235  13.195 0.1000000015
41807  38.455  -51.565  11.021 0.1000000015
38045  36.142  -54.590  13.713 0.1000000015
38043  38.004  -54.048  14.042 0.1000000015
39323  39.696  -52.744  12.048 0.1000000015
39306  38.537  -52.999  12.810 0.1000000015
25231  45.335  -64.537  6.484 0.1000000015
25230  46.490  -65.071  6.003 0.1000000015
25232  44.333  -63.965  6.423 0.1000000015
26475  43.838  -63.066  6.527 0.1000000015
26458  44.912  -63.380  7.414 0.1000000015
27681  44.158  -63.041  7.652 0.1000000015
25215  46.204  -65.062  6.296 0.2000000030
27682  43.382  -62.794  7.624 0.1000000015
25250  46.713  -65.378  5.831 0.2000000030
25251  45.962  -65.028  5.812 0.1000000015
23983  46.903  -65.816  5.798 0.2000000030
26476  42.992  -63.315  6.990 0.1000000015
22717  47.160  -66.548  5.898 0.2000000030
23984  46.275  -65.650  5.561 0.2000000030
25233  43.432  -63.946  6.428 0.2000000030
25252  44.879  -64.780  5.964 0.2000000030
25253  43.806  -64.657  6.017 0.2000000030
26477  41.895  -63.769  7.029 0.3000000119
25234  42.415  -64.221  6.529 0.3000000119
23986  44.142  -65.455  5.654 0.2000000030
20127  46.358  -68.158  5.886 0.2000000030
25254  42.776  -64.736  5.980 0.2000000030
21427  45.949  -67.276  5.572 0.2000000030
16332  44.694  -72.088  7.432 0.1000000015
20126  47.121  -68.109  6.157 0.2000000030
22719  45.594  -66.369  5.405 0.2000000030
21426  46.862  -67.317  5.806 0.2000000030
25235  41.355  -64.385  6.441 0.3000000119
18832  45.951  -70.598  7.461 0.1000000015
20110  46.727  -68.847  6.470 0.1000000015
23987  43.050  -65.410  5.631 0.2000000030
17568  46.363  -71.185  7.970 0.1000000015
25256  40.853  -64.831  5.749 0.4000000060
18846  46.372  -69.750  6.880 0.2000000030
22720  44.429  -66.341  5.395 0.2000000030
20111  45.775  -69.006  6.311 0.2000000030
16333  43.998  -71.959  6.687 0.1000000015
18833  45.289  -70.850  7.374 0.1000000015
17586  44.709  -71.251  7.207 0.1000000015
20128  45.291  -68.171  5.776 0.2000000030
22721  43.236  -66.308  5.399 0.2000000030
22722  42.292  -66.086  5.301 0.2000000030
23988  42.026  -65.490  5.546 0.4000000060
18847  45.020  -70.054  6.874 0.1000000015
22723  41.752  -65.984  5.151 0.4000000060
20112  44.758  -69.013  6.130 0.3000000119
20129  44.044  -68.339  5.639 0.3000000119
18848  43.705  -69.559  6.073 0.4000000060
24003  41.416  -65.815  5.067 0.4000000060
25257  39.860  -64.873  5.514 0.4000000060
21429  43.377  -67.308  5.192 0.3000000119
20146  42.410  -68.479  4.811 0.4000000060
18855  43.387  -68.899  5.571 0.3000000119
39433  39.700  -53.509  5.095 0.1000000015
39408  38.325  -53.290  6.332 0.1000000015
23990  40.493  -65.292  5.230 0.4000000060
22737  41.418  -66.474  4.529 0.4000000060
24004  40.755  -65.761  4.723 0.5000000000
21445  42.273  -67.462  4.683 0.4000000060
21430  42.780  -67.880  4.964 0.3000000119
21446  41.344  -67.493  3.976 0.4000000060
39434  38.682  -53.020  5.279 0.1000000015
39468  39.351  -53.200  4.475 0.1000000015
24006  39.030  -65.232  4.419 0.5000000000
24018  40.222  -65.820  4.111 0.5000000000
40643  37.763  -52.588  5.058 0.1000000015
40644  36.859  -52.626  5.322 0.1000000015
40675  37.981  -52.255  4.463 0.1000000015
40677  36.011  -52.543  4.636 0.1000000015
25216  45.559  -64.638  7.034 0.1000000015
26474  44.531  -63.385  6.838 0.1000000015
27702  43.881  -62.826  6.942 0.1000000015
26473  45.181  -63.843  7.120 0.1000000015
27680  44.843  -63.304  8.050 0.1000000015
27659  43.496  -62.519  8.570 0.1000000015
25237  39.436  -64.363  6.086 0.4000000060
23943  46.359  -65.688  6.679 0.1000000015
25255  41.781  -64.921  6.013 0.3000000119
21428  44.796  -67.280  5.429 0.2000000030
23989  41.220  -65.346  5.365 0.4000000060
22736  42.472  -66.715  5.049 0.3000000119
27657  45.438  -63.080  8.690 0.1000000015
18946  34.251  -69.671  -0.140 0.1000000015
17703  33.837  -70.570  -0.966 0.1000000015
16455  35.446  -71.807  -0.762 0.1000000015
18947  33.596  -69.479  -0.445 0.1000000015
16446  36.050  -71.441  -0.256 0.1000000015
20249  33.586  -69.072  0.094 0.1000000015
18948  32.674  -69.082  -0.666 0.1000000015
18971  31.061  -69.359  -1.266 0.1000000015
18969  33.054  -69.792  -1.135 0.1000000015
7794  33.447  -80.004  1.264 0.1000000015
16418  29.189  -71.625  1.663 0.1000000015
17659  29.378  -70.612  1.443 0.1000000015
18925  35.478  -69.715  0.566 0.1000000015
18929  29.586  -69.656  0.711 0.1000000015
18945  34.874  -69.821  0.003 0.1000000015
18950  30.511  -69.109  -0.075 0.1000000015
17669  36.130  -70.588  0.403 0.1000000015
18972  30.049  -69.585  -1.051 0.1000000015
15235  36.024  -72.229  -0.738 0.1000000015
7781  33.482  -79.874  2.215 0.1000000015
7811  33.815  -79.866  0.679 0.1000000015
8766  34.126  -79.282  0.679 0.1000000015
7755  34.420  -79.561  4.142 0.1000000015
7768  34.156  -80.130  2.975 0.1000000015
6916  33.986  -80.318  1.526 0.1000000015
6915  34.679  -80.193  1.447 0.1000000015
10821  33.728  -77.203  1.732 0.1000000015
13981  31.794  -73.979  2.101 0.1000000015
15177  30.918  -72.455  2.442 0.1000000015
18908  35.061  -69.118  1.079 0.1000000015
20233  34.267  -68.755  0.768 0.1000000015
20250  33.116  -68.823  0.023 0.1000000015
18924  36.339  -70.012  1.073 0.1000000015
16445  36.833  -71.733  0.033 0.1000000015
15234  36.845  -72.478  -0.459 0.1000000015
7793  34.874  -79.595  1.459 0.1000000015
8750  34.472  -78.688  1.226 0.1000000015
7754  34.906  -80.098  4.394 0.1000000015
6893  34.789  -80.404  3.501 0.1000000015
7780  34.023  -80.299  2.422 0.1000000015
6914  35.171  -80.001  1.734 0.1000000015
8734  35.254  -78.673  2.471 0.1000000015
9780  34.192  -77.692  1.810 0.1000000015
10809  34.543  -76.555  2.855 0.1000000015
12845  33.909  -75.102  2.617 0.1000000015
12855  32.401  -74.714  1.923 0.1000000015
12834  33.493  -74.196  3.050 0.1000000015
13980  32.333  -74.162  2.247 0.1000000015
15175  32.283  -72.980  3.181 0.1000000015
15176  31.662  -72.592  3.018 0.1000000015
16402  31.417  -71.958  3.236 0.1000000015
17658  30.285  -70.675  2.148 0.1000000015
20219  32.324  -68.365  1.710 0.1000000015
18907  35.763  -69.229  1.474 0.1000000015
20217  34.469  -68.558  1.276 0.1000000015
20234  33.777  -68.662  0.575 0.1000000015
20236  31.833  -68.599  0.914 0.1000000015
17657  36.907  -70.227  1.356 0.1000000015
16435  36.638  -71.191  0.319 0.1000000015
9763  35.317  -77.635  3.442 0.1000000015
7743  35.104  -79.664  5.123 0.1000000015
6883  35.328  -80.469  4.200 0.1000000015
6892  35.471  -80.543  3.265 0.1000000015
6903  35.488  -80.279  2.368 0.1000000015
9771  35.085  -77.749  2.798 0.1000000015
12832  34.785  -75.272  3.652 0.1000000015
13946  33.958  -74.027  3.994 0.1000000015
13930  33.293  -72.871  4.514 0.1000000015
6876  35.936  -80.372  5.040 0.1000000015
6882  36.287  -80.650  4.092 0.1000000015
7778  36.288  -80.105  2.985 0.1000000015
7767  35.972  -79.310  3.072 0.1000000015
13964  33.158  -73.979  2.917 0.1000000015
13948  32.617  -73.148  3.284 0.1000000015
15158  31.639  -72.179  3.473 0.1000000015
16370  31.610  -70.803  4.008 0.1000000015
16389  30.956  -71.088  3.206 0.1000000015
17620  31.671  -70.283  4.224 0.1000000015
17637  31.057  -70.719  3.322 0.1000000015
20197  31.400  -69.066  2.840 0.1000000015
18893  31.145  -69.667  3.093 0.1000000015
20171  33.374  -68.107  3.763 0.1000000015
20196  31.914  -68.564  2.673 0.1000000015
18910  30.654  -69.661  2.018 0.1000000015
20193  35.252  -68.446  2.250 0.1000000015
20194  34.001  -68.177  2.452 0.1000000015
20218  33.384  -68.259  1.524 0.1000000015
18891  36.724  -69.026  2.501 0.1000000015
18906  36.852  -69.615  1.827 0.1000000015
16433  38.134  -71.408  1.122 0.1000000015
17667  37.511  -70.992  0.997 0.1000000015
16415  38.721  -71.344  1.839 0.1000000015
17655  38.160  -70.828  1.843 0.1000000015
10800  35.433  -76.575  4.314 0.1000000015
10808  34.917  -76.593  3.506 0.1000000015
6875  36.700  -80.593  5.094 0.1000000015
6881  37.238  -80.364  4.415 0.1000000015
7752  37.379  -79.937  4.187 0.1000000015
8723  36.772  -79.121  4.092 0.1000000015
8724  36.022  -78.740  3.613 0.1000000015
9756  35.849  -77.770  4.299 0.1000000015
11787  35.073  -75.778  3.858 0.1000000015
12822  34.506  -74.242  4.376 0.1000000015
13912  33.612  -72.982  5.220 0.1000000015
6890  36.800  -80.359  3.749 0.1000000015
15122  33.619  -72.768  5.907 0.1000000015
15139  32.764  -72.460  4.444 0.1000000015
15140  32.381  -71.946  4.545 0.1000000015
15124  32.418  -71.557  4.980 0.1000000015
16369  31.956  -71.146  4.513 0.1000000015
16354  32.342  -71.011  5.478 0.1000000015
17619  31.956  -70.217  4.919 0.1000000015
20153  32.551  -68.738  4.539 0.1000000015
18859  32.323  -69.439  5.131 0.1000000015
20192  36.155  -68.490  2.775 0.1000000015
20150  35.517  -67.905  4.322 0.1000000015
20169  35.468  -68.134  3.361 0.1000000015
20170  34.577  -67.943  3.366 0.1000000015
20172  32.244  -68.650  3.575 0.1000000015
20168  36.292  -68.282  3.617 0.1000000015
20191  36.811  -68.715  3.065 0.1000000015
20167  37.087  -68.705  3.794 0.1000000015
18890  37.566  -69.496  2.811 0.1000000015
17649  37.713  -70.078  2.203 0.1000000015
16400  39.280  -71.640  2.395 0.1000000015
6857  36.721  -80.908  7.301 0.1000000015
7732  36.290  -80.518  6.578 0.1000000015
7733  35.699  -80.075  6.100 0.1000000015
7731  37.963  -80.038  5.692 0.1000000015
7741  38.016  -79.662  5.055 0.1000000015
11777  35.325  -75.708  4.327 0.1000000015
6868  36.797  -80.563  6.068 0.1000000015
7753  37.326  -79.516  4.404 0.1000000015
9755  36.470  -77.835  4.888 0.1000000015
10790  35.881  -76.420  4.972 0.1000000015
11767  35.617  -75.582  4.998 0.1000000015
12809  35.165  -74.373  5.247 0.1000000015
13911  34.374  -73.425  5.665 0.1000000015
11754  35.697  -75.001  5.636 0.1000000015
13895  34.673  -73.323  6.735 0.1000000015
15106  33.393  -72.216  6.517 0.1000000015
15123  32.814  -72.165  5.448 0.1000000015
16338  32.853  -71.428  6.492 0.1000000015
16323  33.449  -71.578  7.311 0.1000000015
17592  32.662  -70.715  6.577 0.1000000015
18841  32.619  -69.854  6.483 0.1000000015
18853  32.661  -69.497  6.015 0.1000000015
20152  33.208  -68.348  4.901 0.1000000015
20136  32.772  -68.857  5.405 0.1000000015
21449  33.835  -67.883  4.628 0.1000000015
20149  36.472  -68.261  4.506 0.1000000015
20134  35.931  -67.912  5.035 0.1000000015
20148  37.190  -68.789  4.785 0.1000000015
18876  37.731  -69.307  4.094 0.1000000015
17648  38.191  -70.467  2.390 0.1000000015
16401  38.850  -71.073  2.746 0.1000000015
10782  36.717  -77.107  6.551 0.1000000015
11740  36.323  -76.016  7.310 0.1000000015
6867  37.553  -80.334  6.398 0.1000000015
7740  38.384  -79.289  5.715 0.1000000015
7742  37.652  -79.268  4.857 0.1000000015
9750  37.108  -78.023  5.630 0.1000000015
12797  36.127  -75.023  6.969 0.1000000015
6874  37.477  -80.354  5.387 0.1000000015
10789  36.262  -76.914  5.483 0.1000000015
12798  35.692  -74.501  6.328 0.1000000015
13877  35.397  -73.427  7.728 0.1000000015
15086  34.436  -72.605  7.511 0.1000000015
13894  35.305  -73.735  6.958 0.1000000015
16307  33.793  -71.511  7.914 0.1000000015
17575  32.954  -70.599  7.220 0.1000000015
18840  32.812  -69.473  6.941 0.1000000015
18852  32.889  -69.111  6.385 0.1000000015
21412  34.329  -67.708  6.174 0.1000000015
20116  33.225  -68.635  6.487 0.1000000015
21431  35.888  -67.593  5.681 0.1000000015
21432  35.104  -67.611  5.223 0.1000000015
21433  34.168  -67.765  5.292 0.1000000015
20133  36.666  -68.123  5.486 0.1000000015
18865  37.787  -69.379  5.064 0.1000000015
9730  38.798  -78.360  7.650 0.1000000015
6855  37.932  -80.069  7.265 0.1000000015
8662  38.681  -78.828  6.937 0.1000000015
9731  38.153  -77.961  7.308 0.1000000015
9732  37.341  -77.581  7.012 0.1000000015
11726  36.773  -75.852  8.443 0.1000000015
6052  36.986  -81.109  7.930 0.1000000015
6856  37.474  -80.547  7.496 0.1000000015
7730  38.313  -79.531  6.202 0.1000000015
8680  38.677  -79.062  6.291 0.1000000015
9742  38.222  -78.479  6.362 0.1000000015
9743  37.603  -77.949  6.438 0.1000000015
12782  36.181  -75.010  7.864 0.1000000015
13864  35.745  -73.672  8.370 0.1000000015
12783  35.818  -74.199  7.468 0.1000000015
16289  34.626  -71.894  9.110 0.1000000015
16306  34.198  -71.809  8.242 0.1000000015
17537  33.888  -70.947  8.822 0.1000000015
18823  33.467  -69.845  7.897 0.1000000015
20074  33.728  -69.091  8.529 0.1000000015
20097  33.619  -68.644  7.521 0.1000000015
21393  34.337  -67.871  7.357 0.1000000015
21410  36.337  -67.562  6.519 0.1000000015
21411  35.230  -67.522  6.404 0.1000000015
20114  38.005  -68.345  6.734 0.1000000015
20131  38.330  -69.095  6.066 0.1000000015
8650  39.149  -78.740  8.117 0.1000000015
9722  38.313  -77.431  8.042 0.1000000015
10762  37.416  -76.624  8.317 0.1000000015
7719  38.302  -79.572  7.389 0.1000000015
10773  37.837  -77.151  7.983 0.1000000015
12770  36.443  -74.650  8.656 0.1000000015
13850  36.307  -73.851  9.144 0.1000000015
13851  35.968  -73.656  8.855 0.1000000015
15028  35.752  -72.534  9.811 0.1000000015
16273  34.938  -71.832  9.771 0.1000000015
17523  34.539  -71.087  9.866 0.1000000015
18813  33.951  -69.984  9.489 0.1000000015
18814  33.660  -69.919  8.729 0.1000000015
20064  34.945  -68.009  9.920 0.1000000015
20066  33.747  -69.360  9.136 0.1000000015
21364  35.628  -67.270  8.597 0.1000000015
21365  34.695  -67.779  8.433 0.1000000015
21363  36.789  -66.904  8.781 0.1000000015
21392  35.436  -67.463  7.496 0.1000000015
21390  37.633  -67.609  7.712 0.1000000015
21391  36.514  -67.345  7.660 0.1000000015
20095  38.320  -68.073  7.389 0.1000000015
20113  38.693  -68.984  6.647 0.1000000015
18838  39.518  -69.762  7.122 0.1000000015
9721  39.041  -77.772  8.249 0.1000000015
11725  37.462  -76.193  8.682 0.1000000015
11709  36.884  -75.150  8.957 0.1000000015
12746  36.924  -74.364  9.944 0.1000000015
15045  36.253  -73.404  9.579 0.1000000015
16257  35.680  -71.263  10.853 0.1000000015
18810  34.527  -69.918  10.194 0.1000000015
20061  34.691  -69.210  10.371 0.1000000015
21347  34.905  -67.662  9.330 0.1000000015
20094  38.959  -68.590  7.252 0.1000000015
20092  41.058  -68.715  7.708 0.1000000015
18835  42.854  -69.880  7.777 0.1000000015
8648  40.435  -77.859  8.703 0.1000000015
8649  40.107  -78.119  8.446 0.1000000015
10760  39.229  -76.901  8.857 0.1000000015
11707  38.554  -75.915  9.705 0.1000000015
12732  38.033  -74.406  10.827 0.1000000015
13819  37.515  -73.728  10.671 0.1000000015
10751  38.550  -76.339  9.237 0.1000000015
11708  37.595  -75.557  9.312 0.1000000015
15027  36.421  -72.869  10.135 0.1000000015
16271  36.248  -72.181  10.541 0.1000000015
16256  36.389  -71.692  11.054 0.1000000015
18809  34.948  -69.776  11.017 0.1000000015
21336  35.909  -67.845  11.034 0.1000000015
21346  35.735  -67.411  9.905 0.1000000015
25206  43.077  -64.942  8.844 0.1000000015
23906  42.006  -65.223  9.142 0.1000000015
23927  41.296  -65.805  8.749 0.1000000015
23929  39.840  -65.553  9.271 0.1000000015
22665  38.302  -66.435  8.992 0.1000000015
21345  36.548  -66.780  9.801 0.1000000015
23926  42.326  -65.803  8.199 0.1000000015
22661  42.029  -66.290  7.994 0.1000000015
23928  40.364  -65.643  9.028 0.1000000015
22650  37.047  -66.505  9.387 0.1000000015
23925  43.571  -65.280  8.109 0.1000000015
23946  43.010  -65.990  7.735 0.1000000015
22685  42.313  -66.591  7.819 0.1000000015
21359  40.885  -67.021  8.083 0.1000000015
21361  38.903  -67.150  8.521 0.1000000015
21362  37.911  -67.160  8.529 0.1000000015
23945  44.163  -65.796  7.591 0.1000000015
22684  43.491  -66.750  7.604 0.1000000015
21385  42.820  -67.690  7.669 0.1000000015
21388  39.450  -67.899  7.944 0.1000000015
20089  44.729  -69.054  8.323 0.1000000015
20091  42.210  -68.730  7.642 0.1000000015
18834  43.905  -69.988  8.244 0.1000000015
9713  40.751  -77.408  9.430 0.1000000015
9720  40.130  -77.465  8.784 0.1000000015
10749  40.236  -76.799  9.537 0.1000000015
10736  39.756  -76.431  9.913 0.1000000015
11691  39.182  -75.855  10.367 0.1000000015
10750  39.336  -76.451  9.532 0.1000000015
12744  38.280  -75.071  10.578 0.1000000015
13818  38.214  -73.748  11.404 0.1000000015
15026  37.037  -73.250  10.497 0.1000000015
15013  37.230  -72.726  10.950 0.1000000015
15014  36.579  -72.352  10.670 0.1000000015
17508  35.719  -70.648  11.273 0.1000000015
21329  36.171  -68.174  11.473 0.1000000015
22635  37.871  -66.446  10.695 0.1000000015
21335  36.616  -67.186  10.740 0.1000000015
23907  41.039  -65.237  9.394 0.1000000015
23909  39.488  -65.527  9.738 0.1000000015
22648  38.722  -65.912  9.849 0.1000000015
22636  37.087  -66.531  10.207 0.1000000015
23944  45.435  -65.388  7.382 0.1000000015
22683  44.736  -66.700  7.461 0.1000000015
10747  41.642  -76.894  9.888 0.1000000015
11690  40.313  -76.025  10.660 0.1000000015
10735  40.362  -76.399  10.062 0.1000000015
12731  38.723  -74.900  11.183 0.1000000015
13802  39.285  -73.785  11.926 0.1000000015
11677  39.579  -75.503  11.060 0.1000000015
13817  38.911  -74.321  11.556 0.1000000015
13803  38.498  -73.235  11.801 0.1000000015
15012  38.000  -72.718  11.675 0.1000000015
16254  38.109  -72.197  11.936 0.1000000015
16255  37.485  -71.751  11.739 0.1000000015
17507  36.727  -70.668  11.874 0.1000000015
20057  36.525  -68.669  11.821 0.1000000015
18803  36.665  -69.626  12.106 0.1000000015
21326  38.298  -67.001  12.012 0.1000000015
21315  37.922  -68.045  12.379 0.1000000015
20056  36.950  -68.082  11.897 0.1000000015
25188  41.656  -64.766  9.821 0.1000000015
23893  40.932  -65.102  10.829 0.1000000015
22634  38.848  -66.152  10.938 0.1000000015
21328  36.555  -67.823  11.503 0.1000000015
25186  43.785  -64.355  9.467 0.1000000015
25170  42.325  -64.572  10.462 0.1000000015
25205  44.235  -64.535  8.627 0.1000000015
11676  40.330  -75.568  11.184 0.1000000015
12719  39.877  -74.538  11.819 0.1000000015
14998  38.577  -72.720  12.082 0.1000000015
16238  38.415  -71.671  12.188 0.1000000015
16239  37.723  -71.276  12.085 0.1000000015
17495  37.687  -70.594  12.223 0.1000000015
17496  37.047  -70.160  12.259 0.1000000015
21314  38.639  -67.658  12.405 0.1000000015
20042  37.391  -68.635  12.304 0.1000000015
22623  39.024  -66.654  12.019 0.1000000015
22605  39.273  -67.277  12.415 0.1000000015
23881  39.832  -65.870  11.388 0.1000000015
25187  42.670  -64.631  9.648 0.1000000015
23924  44.780  -64.982  8.018 0.1000000015
12729  40.399  -75.040  11.605 0.1000000015
13801  40.315  -73.634  12.412 0.1000000015
14996  40.481  -72.624  12.473 0.1000000015
14997  39.425  -72.674  12.336 0.1000000015
16237  39.610  -71.626  12.373 0.1000000015
17494  38.798  -70.631  12.351 0.1000000015
18789  38.102  -69.658  12.445 0.1000000015
20041  38.404  -68.724  12.503 0.1000000015
22604  39.882  -67.116  12.388 0.1000000015
23880  40.349  -65.670  11.452 0.1000000015
22622  40.039  -66.338  11.893 0.1000000015
25169  43.395  -64.434  10.371 0.1000000015
25157  42.068  -64.789  11.156 0.1000000015
23923  45.495  -64.698  7.952 0.1000000015
16236  40.686  -71.611  12.444 0.1000000015
17493  39.865  -70.633  12.438 0.1000000015
18787  40.111  -69.685  12.564 0.1000000015
18788  39.103  -69.674  12.493 0.1000000015
20040  39.370  -68.728  12.553 0.1000000015
21313  39.671  -67.886  12.534 0.1000000015
25204  45.346  -64.327  8.497 0.1000000015
25185  45.021  -64.060  9.346 0.1000000015
23879  41.320  -65.296  11.425 0.1000000015
25203  45.788  -64.264  8.157 0.1000000015
18786  41.119  -69.691  12.473 0.1000000015
17492  40.900  -70.635  12.471 0.1000000015
21311  41.570  -67.861  12.406 0.1000000015
20038  41.343  -68.771  12.450 0.1000000015
21310  42.602  -67.834  12.418 0.1000000015
20039  40.359  -68.767  12.569 0.1000000015
21312  40.596  -67.884  12.504 0.1000000015
25168  44.602  -64.435  10.263 0.1000000015
25156  43.003  -64.784  11.120 0.1000000015
23878  42.541  -65.359  11.601 0.1000000015
22621  41.029  -66.097  12.099 0.1000000015
25155  44.128  -64.884  11.002 0.1000000015
22601  42.872  -66.937  12.288 0.1000000015
22619  43.208  -66.166  11.923 0.1000000015
22602  41.811  -66.942  12.305 0.1000000015
23877  43.638  -65.504  11.484 0.1000000015
22620  42.110  -66.047  12.073 0.1000000015
15194  29.855  -72.561  1.767 0.1000000015
16417  30.103  -71.737  2.129 0.1000000015
18894  30.833  -69.858  2.746 0.1000000015
18911  30.041  -69.944  1.498 0.1000000015
17702  34.518  -70.924  -0.753 0.1000000015
18928  30.355  -69.233  1.103 0.1000000015
17682  35.391  -70.468  -0.108 0.1000000015
20251  32.244  -68.673  0.069 0.1000000015
20237  30.980  -68.783  0.912 0.1000000015
18949  31.667  -68.956  -0.574 0.1000000015
18970  32.149  -69.574  -1.311 0.1000000015
20252  31.429  -68.758  0.230 0.1000000015
7782  33.009  -79.492  1.424 0.1000000015
17660  28.804  -71.028  1.278 0.1000000015
6904  34.554  -80.428  2.427 0.1000000015
10815  33.926  -76.629  2.180 0.1000000015
13965  32.475  -73.632  2.713 0.1000000015
13966  31.397  -73.203  2.415 0.1000000015
20216  35.150  -68.812  1.502 0.1000000015
20235  32.780  -68.341  0.725 0.1000000015
8749  35.011  -79.177  1.735 0.1000000015
7779  35.891  -79.787  2.730 0.1000000015
9772  34.632  -77.549  2.452 0.1000000015
11797  34.175  -75.690  2.736 0.1000000015
11798  33.688  -75.594  2.274 0.1000000015
11788  34.635  -75.741  3.309 0.1000000015
12833  34.188  -74.691  3.334 0.1000000015
15157  32.296  -72.515  3.751 0.1000000015
16388  31.454  -71.443  3.661 0.1000000015
20195  32.872  -68.340  2.620 0.1000000015
20220  31.267  -68.762  1.901 0.1000000015
18892  36.158  -68.941  2.142 0.1000000015
12821  35.108  -75.002  4.166 0.1000000015
13929  34.001  -73.514  4.578 0.1000000015
13947  33.284  -73.510  3.584 0.1000000015
7766  36.703  -79.796  3.501 0.1000000015
18866  31.863  -69.396  4.235 0.1000000015
21466  34.215  -67.774  4.004 0.1000000015
10799  36.042  -77.057  4.750 0.1000000015
6869  36.246  -80.526  5.775 0.1000000015
8710  37.000  -78.864  4.888 0.1000000015
8711  36.411  -78.500  4.367 0.1000000015
12810  34.586  -73.832  4.930 0.1000000015
17607  32.317  -70.086  5.566 0.1000000015
21448  34.683  -67.773  4.474 0.1000000015
8696  38.350  -78.952  5.725 0.1000000015
11766  35.933  -76.146  5.389 0.1000000015
13910  35.118  -73.821  6.158 0.1000000015
11753  36.079  -75.744  6.067 0.1000000015
13878  34.947  -73.233  7.384 0.1000000015
15105  34.071  -72.769  6.582 0.1000000015
16322  33.928  -71.975  7.657 0.1000000015
21413  33.660  -68.060  5.963 0.1000000015
20132  37.588  -68.727  5.708 0.1000000015
18864  38.323  -69.828  4.531 0.1000000015
18875  38.248  -69.879  3.597 0.1000000015
10774  37.118  -76.983  7.628 0.1000000015
8681  38.580  -78.844  6.288 0.1000000015
9749  37.881  -78.463  5.857 0.1000000015
15066  35.311  -73.014  8.412 0.1000000015
15085  35.035  -72.900  7.858 0.1000000015
17538  33.607  -70.396  8.373 0.1000000015
21394  33.725  -68.048  6.744 0.1000000015
20115  37.183  -68.047  6.246 0.1000000015
18858  38.020  -69.254  5.582 0.1000000015
8663  38.447  -78.560  6.690 0.1000000015
13863  36.127  -73.986  8.630 0.1000000015
15047  35.113  -72.582  8.957 0.1000000015
20096  34.059  -68.307  7.678 0.1000000015
20073  34.167  -68.419  8.154 0.1000000015
21409  37.188  -67.680  6.931 0.1000000015
18851  39.033  -69.747  6.405 0.1000000015
10761  38.154  -76.779  8.627 0.1000000015
13835  36.945  -73.792  10.259 0.1000000015
16272  35.564  -71.865  10.298 0.1000000015
20065  34.308  -68.702  9.491 0.1000000015
20060  35.185  -68.568  10.671 0.1000000015
22666  37.439  -66.567  9.001 0.1000000015
20093  39.979  -68.765  7.606 0.1000000015
18837  40.594  -69.731  7.476 0.1000000015
12745  37.543  -74.646  10.209 0.1000000015
17522  35.130  -70.788  10.630 0.1000000015
20058  35.865  -68.517  11.373 0.1000000015
21389  38.517  -67.829  7.946 0.1000000015
18836  41.703  -69.788  7.645 0.1000000015
11692  38.188  -75.427  10.065 0.1000000015
18804  35.867  -69.489  11.559 0.1000000015
23908  40.235  -65.242  9.569 0.1000000015
22663  40.545  -66.309  8.493 0.1000000015
22664  39.400  -66.020  8.926 0.1000000015
22649  37.691  -66.257  9.641 0.1000000015
21334  37.234  -66.833  10.856 0.1000000015
22686  41.785  -66.847  7.873 0.1000000015
21360  39.925  -67.042  8.305 0.1000000015
21387  40.462  -67.799  7.855 0.1000000015
21386  41.576  -67.427  7.794 0.1000000015
20090  43.418  -68.866  7.788 0.1000000015
20072  45.121  -69.784  8.536 0.1000000015
21327  37.511  -67.367  11.708 0.1000000015
25189  40.764  -64.796  9.944 0.1000000015
25173  40.165  -65.151  10.562 0.1000000015
23896  39.084  -65.817  10.410 0.1000000015
17506  37.389  -71.074  12.026 0.1000000015
18790  37.289  -69.636  12.334 0.1000000015
22603  40.803  -66.996  12.359 0.1000000015
22738  40.662  -66.133  4.210 0.4000000060
18862  41.945  -69.372  4.626 0.3000000119
20147  41.590  -68.433  4.290 0.3000000119
22747  40.975  -66.927  3.807 0.4000000060
22748  40.314  -66.445  3.482 0.4000000060
20165  41.039  -68.341  3.452 0.3000000119
22760  39.820  -66.229  2.840 0.4000000060
16444  42.932  -71.504  -0.470 0.1000000015
17665  44.766  -70.511  0.514 0.1000000015
17653  46.241  -70.061  1.623 0.2000000030
21462  46.054  -68.517  2.309 0.3000000119
25339  40.085  -64.678  0.527 0.4000000060
18856  42.753  -69.392  5.396 0.3000000119
21493  44.134  -67.687  0.910 0.4000000060
18871  46.430  -69.385  2.337 0.2000000030
21480  45.826  -68.135  2.028 0.3000000119
21506  43.399  -67.173  0.545 0.4000000060
21507  42.462  -67.394  0.561 0.4000000060
16452  42.336  -71.524  -1.076 0.1000000015
18883  46.795  -69.329  2.146 0.3000000119
22778  42.672  -66.566  0.205 0.4000000060
24057  41.929  -65.856  -0.105 0.4000000060
25338  41.358  -64.813  0.056 0.4000000060
17681  42.934  -70.653  -0.622 0.1000000015
27778  39.634  -62.464  1.587 0.5000000000
20210  46.953  -68.888  1.434 0.2000000030
21461  46.460  -68.240  2.294 0.3000000119
21492  45.280  -67.316  1.269 0.3000000119
25337  42.542  -64.837  -0.137 0.4000000060
27753  39.206  -62.069  1.984 0.4000000060
29010  38.147  -61.039  2.871 0.4000000060
21505  44.337  -66.954  0.610 0.4000000060
22777  43.643  -66.383  0.254 0.4000000060
26571  42.176  -63.758  -0.153 0.4000000060
26572  40.969  -63.646  0.164 0.4000000060
26573  40.210  -63.718  0.393 0.5000000000
18944  43.478  -69.970  -0.354 0.2000000030
17679  44.366  -70.053  0.182 0.2000000030
18941  45.535  -69.275  0.360 0.2000000030
20184  47.403  -68.462  1.964 0.2000000030
17663  46.087  -69.846  1.187 0.2000000030
22766  45.901  -66.651  1.114 0.3000000119
21504  44.937  -66.718  0.667 0.3000000119
17698  42.185  -70.626  -1.107 0.1000000015
25336  43.425  -64.944  -0.138 0.4000000060
21479  46.529  -67.296  1.870 0.3000000119
24054  44.814  -65.412  0.293 0.4000000060
26551  40.462  -63.179  0.554 0.5000000000
29055  39.787  -61.789  2.059 0.5000000000
30370  39.012  -60.725  2.754 0.4000000060
25335  44.222  -64.670  -0.019 0.4000000060
27777  40.626  -62.470  1.176 0.5000000000
29054  40.488  -61.772  1.874 0.5000000000
30349  39.495  -60.082  3.125 0.4000000060
18943  44.129  -69.660  -0.189 0.2000000030
18922  45.983  -69.500  0.737 0.2000000030
21478  47.452  -67.260  1.701 0.2000000030
21491  46.088  -66.833  1.436 0.3000000119
22758  47.115  -66.670  1.619 0.4000000060
22774  46.100  -65.675  0.611 0.3000000119
27776  41.687  -62.264  1.136 0.5000000000
30369  39.906  -60.601  2.687 0.5000000000
31672  38.988  -59.503  3.128 0.4000000060
30350  38.393  -60.372  3.120 0.4000000060
22765  46.621  -66.125  1.130 0.4000000060
25334  45.074  -64.498  0.281 0.4000000060
26570  43.437  -63.905  -0.173 0.4000000060
29053  41.433  -61.717  1.789 0.5000000000
20231  46.604  -68.594  0.506 0.2000000030
20247  44.601  -69.039  -0.493 0.2000000030
20209  47.376  -68.280  1.063 0.2000000030
32906  37.960  -58.547  2.575 0.4000000060
21490  47.835  -67.554  1.287 0.2000000030
24053  45.636  -65.207  0.451 0.3000000119
26569  44.552  -63.707  0.117 0.4000000060
27793  42.965  -63.008  0.477 0.4000000060
18965  42.930  -69.608  -0.717 0.2000000030
21503  47.066  -68.024  0.423 0.2000000030
22757  47.664  -65.978  1.328 0.3000000119
22764  47.297  -65.548  1.217 0.4000000060
32886  37.627  -58.597  3.191 0.4000000060
24052  46.436  -64.964  0.674 0.3000000119
27775  42.654  -62.323  1.163 0.5000000000
30368  40.839  -60.567  2.614 0.5000000000
20260  43.844  -68.717  -0.928 0.2000000030
20246  45.529  -68.686  -0.206 0.2000000030
26568  45.404  -63.635  0.437 0.4000000060
27792  44.000  -62.986  0.563 0.4000000060
31671  39.972  -59.454  3.158 0.5000000000
32905  38.630  -58.614  2.251 0.4000000060
39528  34.672  -54.139  3.462 0.4000000060
20261  42.685  -68.700  -1.261 0.2000000030
20245  46.214  -68.030  -0.440 0.2000000030
21489  48.217  -66.802  0.780 0.2000000030
21477  48.121  -66.539  1.252 0.2000000030
25332  46.422  -64.088  0.705 0.4000000060
29052  42.411  -61.708  1.778 0.5000000000
30347  41.272  -60.143  2.641 0.5000000000
20262  41.652  -68.667  -1.509 0.2000000030
24043  47.146  -65.024  1.025 0.4000000060
25333  45.836  -64.329  0.526 0.3000000119
29051  43.332  -61.665  1.691 0.5000000000
29028  42.146  -61.213  2.332 0.5000000000
32884  39.392  -58.913  2.907 0.5000000000
21531  42.315  -68.007  -1.831 0.2000000030
38267  35.393  -54.752  1.867 0.4000000060
39527  34.771  -53.656  2.971 0.2000000030
35643  35.876  -56.393  2.098 0.4000000060
34213  37.496  -57.890  2.555 0.4000000060
20259  44.933  -68.503  -1.222 0.2000000030
24029  48.189  -64.916  1.232 0.4000000060
34228  37.526  -57.562  1.696 0.4000000060
21501  47.809  -66.732  0.148 0.2000000030
22763  48.335  -65.794  0.833 0.2000000030
20257  46.104  -67.730  -0.930 0.2000000030
36966  35.938  -55.702  1.408 0.4000000060
35641  37.054  -57.191  1.639 0.4000000060
35652  37.194  -56.840  1.160 0.4000000060
27773  44.522  -62.226  1.107 0.3000000119
30346  42.068  -60.338  2.297 0.5000000000
31670  40.779  -59.664  2.812 0.5000000000
34227  38.169  -58.074  1.488 0.4000000060
25315  47.615  -64.226  1.246 0.4000000060
27790  45.866  -62.901  0.697 0.4000000060
27772  45.497  -62.254  1.154 0.3000000119
29050  44.147  -61.612  1.608 0.4000000060
26550  47.364  -63.395  1.274 0.4000000060
31668  42.447  -60.289  2.048 0.5000000000
22789  46.893  -67.070  -0.667 0.2000000030
35653  36.516  -56.270  0.761 0.4000000060
32904  39.629  -58.771  2.201 0.5000000000
32918  39.771  -58.739  1.274 0.5000000000
29025  44.501  -61.232  2.015 0.4000000060
29027  43.139  -61.128  2.144 0.5000000000
32882  40.965  -59.574  2.371 0.5000000000
31686  43.313  -60.405  2.047 0.5000000000
30365  43.967  -60.764  2.422 0.5000000000
21463  40.791  -67.397  3.396 0.4000000060
24058  40.710  -66.048  0.381 0.4000000060
36967  35.446  -55.821  2.141 0.4000000060
35642  36.510  -56.847  1.745 0.4000000060
31688  41.638  -59.653  1.861 0.5000000000
16384  42.145  -70.806  3.766 0.3000000119
17633  41.759  -70.059  3.410 0.3000000119
18874  41.254  -69.195  3.130 0.2000000030
20189  41.089  -68.416  2.303 0.2000000030
15153  43.306  -71.977  3.855 0.2000000030
16383  42.748  -71.447  3.675 0.3000000119
17645  42.921  -70.388  2.587 0.3000000119
18887  42.479  -69.909  2.149 0.3000000119
16382  43.783  -71.639  3.508 0.2000000030
17630  44.444  -70.702  3.056 0.2000000030
17644  43.760  -70.400  2.577 0.2000000030
17654  45.872  -70.824  1.981 0.2000000030
20273  39.867  -68.345  -2.100 0.1000000015
21549  39.174  -67.905  -2.948 0.1000000015
26594  47.718  -63.237  -1.666 0.1000000015
17587  43.823  -70.829  6.557 0.1000000015
17615  42.232  -70.330  5.025 0.2000000030
17616  41.772  -70.190  4.252 0.2000000030
16365  42.281  -71.122  4.450 0.2000000030
15118  43.447  -72.479  5.440 0.1000000015
15119  42.798  -71.788  4.960 0.2000000030
13925  43.464  -73.431  4.287 0.1000000015
18966  41.977  -69.612  -1.257 0.1000000015
20263  40.573  -68.527  -1.726 0.1000000015
22797  46.854  -65.996  -1.329 0.1000000015
24067  47.673  -65.329  -0.675 0.1000000015
25349  48.576  -64.211  0.068 0.1000000015
26583  49.201  -63.217  0.330 0.1000000015
22807  46.217  -66.079  -2.124 0.1000000015
25356  47.692  -64.305  -1.225 0.1000000015
26584  48.618  -63.298  -0.383 0.1000000015
27788  50.155  -62.607  0.933 0.1000000015
26593  48.305  -63.313  -1.130 0.1000000015
27818  49.286  -61.930  -0.556 0.1000000015
31705  49.165  -60.809  0.091 0.1000000015
30401  49.475  -61.163  0.071 0.1000000015
31715  49.152  -60.177  -0.660 0.1000000015
16349  43.330  -71.611  6.156 0.2000000030
26532  48.498  -63.919  1.507 0.1000000015
29048  45.978  -61.674  1.487 0.3000000119
20270  45.302  -67.794  -1.671 0.1000000015
21527  46.038  -67.381  -1.304 0.1000000015
22773  48.168  -65.994  0.309 0.1000000015
25296  49.039  -64.150  1.400 0.1000000015
27769  48.774  -62.799  1.757 0.2000000030
29047  47.235  -61.818  1.637 0.3000000119
31694  45.012  -60.532  1.441 0.3000000119
31710  44.195  -60.114  0.672 0.3000000119
21547  40.657  -67.863  -2.403 0.1000000015
21543  44.874  -67.696  -2.097 0.1000000015
25331  48.878  -64.368  0.738 0.1000000015
27768  49.166  -62.598  1.650 0.1000000015
30395  45.981  -60.607  1.284 0.3000000119
21560  45.136  -67.103  -2.544 0.1000000015
30392  48.888  -61.400  0.815 0.1000000015
31707  47.590  -60.606  0.225 0.2000000030
31719  45.003  -59.935  -0.216 0.3000000119
31716  48.241  -60.094  -0.501 0.1000000015
32937  46.992  -59.693  -0.816 0.2000000030
31727  44.751  -59.350  -0.942 0.4000000060
32936  47.735  -59.483  -0.920 0.1000000015
32947  46.733  -59.146  -1.366 0.3000000119
22701  46.959  -66.089  6.244 0.1000000015
22680  47.405  -67.567  6.919 0.1000000015
32917  40.419  -59.114  0.939 0.4000000060
31698  41.528  -59.504  1.210 0.4000000060
30384  44.339  -60.610  2.139 0.3000000119
31696  43.352  -59.990  1.399 0.4000000060
31697  42.425  -59.557  1.157 0.4000000060
31721  43.238  -59.576  -0.353 0.4000000060
31730  42.628  -59.313  -1.136 0.4000000060
31728  43.875  -59.338  -1.038 0.4000000060
32950  43.577  -58.734  -1.636 0.5000000000
32948  45.478  -58.852  -1.542 0.3000000119
32949  44.482  -58.755  -1.607 0.5000000000
32934  49.349  -59.247  -1.328 0.2000000030
32935  48.761  -59.309  -1.022 0.1000000015
34263  45.092  -58.196  -2.223 0.4000000060
30427  48.786  -60.377  -1.910 0.1000000015
31740  49.428  -59.355  -2.296 0.1000000015
34260  48.420  -58.309  -2.192 0.2000000030
32946  48.115  -58.773  -1.454 0.2000000030
29104  46.795  -61.666  -2.614 0.1000000015
30428  48.026  -60.518  -2.443 0.1000000015
34259  49.124  -58.435  -2.333 0.2000000030
29111  46.025  -61.787  -2.787 0.1000000015
30430  46.585  -60.992  -2.792 0.1000000015
32929  39.135  -58.412  0.519 0.4000000060
34241  38.409  -57.945  0.650 0.3000000119
32942  39.387  -58.394  -0.203 0.4000000060
32926  41.287  -59.178  -0.117 0.4000000060
32916  41.085  -59.338  0.643 0.4000000060
32925  42.000  -59.253  -0.279 0.4000000060
34253  40.149  -58.217  -1.135 0.4000000060
31729  43.102  -59.347  -1.134 0.4000000060
34265  43.164  -58.162  -2.249 0.4000000060
34266  42.256  -58.197  -2.243 0.4000000060
34264  44.100  -58.147  -2.241 0.5000000000
34279  44.632  -57.431  -2.696 0.4000000060
34261  47.358  -58.276  -2.090 0.3000000119
34262  46.188  -58.276  -2.153 0.4000000060
34278  45.681  -57.467  -2.668 0.4000000060
32974  48.421  -58.684  -3.590 0.2000000030
32973  49.006  -58.613  -3.387 0.2000000030
34276  47.811  -57.600  -2.621 0.2000000030
30445  47.003  -60.232  -3.174 0.1000000015
31742  48.125  -59.683  -2.774 0.2000000030
25384  42.273  -64.392  -4.508 0.1000000015
34255  38.729  -57.691  -0.426 0.4000000060
34256  37.769  -57.534  -0.025 0.4000000060
34269  39.966  -57.561  -1.460 0.4000000060
34283  41.197  -57.547  -2.233 0.4000000060
35670  40.351  -57.202  -1.872 0.4000000060
34282  41.776  -57.426  -2.433 0.4000000060
34281  42.698  -57.384  -2.574 0.4000000060
34280  43.653  -57.374  -2.614 0.3000000119
35681  45.165  -56.711  -3.204 0.4000000060
35682  44.153  -56.608  -3.001 0.4000000060
35679  47.293  -56.790  -2.994 0.3000000119
35680  46.244  -56.730  -3.115 0.3000000119
31761  46.686  -59.250  -3.604 0.2000000030
32987  48.308  -58.375  -4.207 0.2000000030
35676  49.330  -57.850  -3.583 0.2000000030
34275  48.712  -57.854  -2.818 0.2000000030
30446  45.911  -60.564  -3.169 0.2000000030
24101  39.864  -65.145  -4.885 0.1000000015
24100  40.831  -65.223  -4.787 0.1000000015
26632  41.596  -63.512  -4.208 0.1000000015
36988  37.801  -55.926  -0.885 0.4000000060
35666  37.097  -56.658  -0.031 0.3000000119
34270  39.309  -57.329  -1.234 0.4000000060
37018  39.926  -55.045  -2.514 0.4000000060
35671  39.832  -56.680  -1.804 0.4000000060
35685  40.916  -56.730  -2.463 0.4000000060
35686  40.117  -55.935  -2.420 0.4000000060
35684  42.188  -56.537  -2.679 0.4000000060
37016  41.759  -55.571  -2.852 0.4000000060
37014  43.698  -55.786  -3.286 0.4000000060
37015  42.752  -55.676  -3.092 0.3000000119
37032  47.380  -55.482  -3.911 0.3000000119
37033  46.527  -55.331  -3.810 0.3000000119
37012  45.738  -55.810  -3.590 0.3000000119
37013  44.643  -55.873  -3.460 0.3000000119
32989  46.493  -58.229  -4.444 0.2000000030
34315  48.154  -57.882  -4.621 0.2000000030
37030  48.629  -56.335  -4.406 0.3000000119
37009  48.593  -56.612  -3.812 0.2000000030
37011  46.833  -56.066  -3.505 0.3000000119
31775  46.600  -58.623  -4.025 0.2000000030
35697  49.395  -57.565  -3.927 0.2000000030
31762  45.361  -59.634  -3.620 0.2000000030
36975  36.394  -55.330  0.585 0.3000000119
39568  36.139  -52.963  0.076 0.3000000119
36990  36.556  -55.182  0.019 0.3000000119
36989  37.036  -55.220  -0.511 0.4000000060
38320  38.840  -53.999  -2.141 0.3000000119
38307  38.265  -54.193  -1.739 0.4000000060
38319  39.691  -54.113  -2.543 0.4000000060
37019  39.135  -54.822  -2.399 0.4000000060
38318  40.579  -54.287  -2.724 0.4000000060
37017  40.806  -55.336  -2.637 0.4000000060
39597  42.224  -53.528  -3.305 0.3000000119
39613  45.366  -53.735  -4.193 0.3000000119
39614  44.473  -53.505  -4.116 0.2000000030
39596  43.055  -53.965  -3.697 0.2000000030
38315  43.331  -54.901  -3.507 0.3000000119
38316  42.394  -54.709  -3.368 0.3000000119
38330  46.825  -54.733  -4.270 0.3000000119
38331  45.775  -54.738  -4.046 0.3000000119
39594  44.787  -54.395  -3.945 0.2000000030
38314  44.219  -55.057  -3.656 0.2000000030
34336  47.188  -57.199  -5.145 0.2000000030
35725  48.592  -56.643  -4.975 0.3000000119
38328  48.440  -55.571  -4.625 0.3000000119
37031  48.174  -55.836  -4.123 0.3000000119
38279  35.667  -53.984  0.864 0.3000000119
38266  35.821  -55.083  1.444 0.3000000119
38278  36.030  -54.827  1.078 0.3000000119
40796  40.962  -52.452  -2.661 0.3000000119
40812  43.463  -52.393  -3.636 0.2000000030
42073  43.048  -51.517  -3.282 0.2000000030
40795  41.817  -52.509  -3.013 0.2000000030
42071  44.662  -52.014  -4.377 0.2000000030
40811  44.161  -52.571  -4.203 0.2000000030
40813  42.654  -52.468  -3.285 0.2000000030
40722  35.453  -52.543  2.346 0.2000000030
35726  47.826  -56.524  -5.422 0.3000000119
31776  45.912  -58.856  -4.082 0.2000000030
20190  40.762  -67.746  2.518 0.3000000119
20215  41.443  -68.608  1.691 0.3000000119
18888  41.679  -69.583  2.489 0.3000000119
18885  44.563  -69.788  2.293 0.2000000030
23964  47.113  -65.736  6.174 0.1000000015
17588  43.182  -70.307  6.134 0.2000000030
18863  41.329  -69.334  3.923 0.2000000030
24028  48.621  -64.599  1.174 0.1000000015
27771  46.640  -62.589  1.252 0.3000000119
39542  35.518  -53.388  1.692 0.3000000119
24051  48.458  -65.078  0.458 0.1000000015
34242  37.783  -57.311  0.880 0.3000000119
26549  48.247  -63.532  1.558 0.3000000119
29049  44.931  -61.556  1.487 0.2000000030
27770  47.773  -62.654  1.686 0.2000000030
22788  47.217  -66.300  -0.762 0.1000000015
17646  42.143  -70.123  2.779 0.3000000119
17631  43.355  -70.911  3.100 0.2000000030
27819  48.858  -62.426  -0.810 0.1000000015
17603  42.996  -70.924  6.150 0.2000000030
22799  45.922  -66.980  -1.683 0.1000000015
24073  47.093  -65.350  -1.203 0.1000000015
24066  48.228  -65.271  -0.170 0.1000000015
26529  49.819  -63.006  1.301 0.1000000015
27807  48.955  -62.790  -0.184 0.1000000015
29075  49.820  -61.950  0.533 0.1000000015
30393  47.905  -61.090  0.859 0.1000000015
26548  48.781  -63.348  1.683 0.2000000030
30379  48.630  -61.753  1.508 0.2000000030
30382  46.426  -61.178  1.502 0.3000000119
31709  45.360  -60.243  0.859 0.4000000060
31711  43.298  -59.699  0.538 0.4000000060
30381  47.318  -61.308  1.362 0.3000000119
31708  46.552  -60.446  0.423 0.3000000119
31718  46.202  -59.988  -0.437 0.3000000119
32941  40.003  -58.586  -0.455 0.4000000060
32952  41.844  -58.787  -1.659 0.4000000060
31741  48.737  -59.641  -2.551 0.2000000030
32956  49.436  -58.754  -2.591 0.2000000030
32953  41.209  -58.581  -1.495 0.4000000060
32986  48.970  -58.307  -3.987 0.2000000030
35672  38.713  -56.504  -1.312 0.4000000060
37010  47.781  -56.284  -3.576 0.3000000119
35678  48.236  -57.074  -3.214 0.2000000030
34333  49.145  -57.513  -4.549 0.2000000030
37002  38.305  -55.106  -1.792 0.4000000060
37003  37.697  -55.122  -1.109 0.4000000060
34335  47.989  -57.169  -4.811 0.2000000030
34334  48.722  -57.384  -4.748 0.2000000030
39567  36.977  -53.384  -0.658 0.4000000060
38317  41.481  -54.484  -3.022 0.4000000060
40825  45.650  -52.578  -4.498 0.2000000030
40810  45.067  -52.779  -4.395 0.2000000030
39595  43.933  -54.173  -3.751 0.2000000030
38308  37.620  -54.243  -1.236 0.3000000119
40787  37.555  -52.264  -0.803 0.3000000119
38294  35.828  -53.504  0.322 0.2000000030
39552  35.935  -52.741  0.445 0.2000000030
16381  44.734  -71.479  3.354 0.1000000015
16380  45.311  -71.661  3.183 0.1000000015
17629  45.540  -70.617  2.975 0.1000000015
18873  44.986  -70.193  2.730 0.1000000015
15187  44.576  -71.799  1.877 0.1000000015
18872  45.647  -69.633  2.518 0.1000000015
17643  45.944  -71.048  2.799 0.1000000015
40703  35.512  -52.324  3.477 0.1000000015
41965  36.363  -51.380  3.224 0.1000000015
41966  35.712  -51.828  2.656 0.1000000015
41986  35.724  -51.903  1.900 0.1000000015
41985  36.087  -51.363  2.264 0.1000000015
40736  35.900  -52.080  1.095 0.1000000015
43302  36.448  -50.860  1.833 0.1000000015
43314  36.488  -50.922  1.129 0.1000000015
40767  36.575  -51.957  0.048 0.1000000015
40766  36.884  -52.382  -0.356 0.2000000030
42014  36.575  -51.298  0.403 0.1000000015
43330  37.077  -50.612  0.369 0.2000000030
40799  38.618  -52.793  -1.908 0.2000000030
43329  37.775  -50.145  0.200 0.2000000030
42048  37.585  -51.697  -0.686 0.2000000030
42047  37.953  -51.464  -0.936 0.2000000030
40786  38.357  -52.370  -1.520 0.2000000030
44738  38.063  -49.500  0.589 0.2000000030
43348  37.980  -50.638  -0.502 0.2000000030
43365  38.559  -50.850  -1.076 0.2000000030
40798  39.091  -52.291  -2.060 0.2000000030
39600  39.451  -53.202  -2.398 0.2000000030
39599  40.320  -53.310  -2.664 0.2000000030
42060  41.575  -51.477  -2.730 0.1000000015
44722  37.987  -49.265  1.284 0.2000000030
42046  38.837  -51.525  -1.615 0.2000000030
42062  39.818  -51.607  -2.205 0.2000000030
40797  40.060  -52.405  -2.406 0.1000000015
43377  40.288  -50.796  -2.196 0.1000000015
42061  40.666  -51.550  -2.434 0.1000000015
41942  36.898  -51.611  3.933 0.1000000015
43288  36.570  -50.877  2.557 0.1000000015
42013  36.880  -51.033  0.076 0.2000000030
37055  48.250  -55.579  -5.480 0.2000000030
38329  47.836  -54.934  -4.536 0.2000000030
38344  48.288  -54.910  -5.180 0.2000000030
37056  47.506  -55.742  -5.916 0.2000000030
38357  48.311  -54.224  -5.959 0.2000000030
39611  47.177  -53.955  -4.773 0.2000000030
39626  48.188  -53.549  -5.606 0.2000000030
38345  47.848  -54.252  -5.119 0.2000000030
37075  47.870  -54.892  -6.055 0.2000000030
39612  46.242  -53.928  -4.404 0.2000000030
40823  47.241  -52.862  -5.147 0.2000000030
40824  46.221  -52.564  -4.647 0.2000000030
40840  48.791  -52.649  -6.069 0.1000000015
40822  48.128  -52.346  -5.644 0.1000000015
42086  47.490  -51.609  -5.504 0.1000000015
40849  49.821  -52.395  -6.971 0.1000000015
40863  49.598  -52.352  -7.588 0.1000000015
44723  37.517  -49.686  1.576 0.1000000015
42106  48.015  -51.451  -5.781 0.1000000015
42087  46.453  -51.829  -5.151 0.1000000015
40839  49.420  -52.099  -6.492 0.1000000015
42105  48.586  -51.622  -6.109 0.1000000015
42117  50.047  -51.614  -6.833 0.1000000015
42104  49.492  -51.219  -6.631 0.1000000015
43466  50.300  -50.456  -8.058 0.1000000015
46046  39.077  -48.305  1.538 0.1000000015
47260  39.705  -48.057  3.354 0.1000000015
46047  38.380  -48.637  1.822 0.1000000015
42072  44.080  -51.372  -3.919 0.1000000015
42088  45.414  -51.855  -4.684 0.1000000015
43397  46.701  -50.974  -5.456 0.1000000015
43398  45.813  -50.958  -5.204 0.1000000015
43414  48.798  -50.478  -6.569 0.1000000015
43430  50.333  -50.351  -7.374 0.1000000015
44812  49.925  -49.936  -7.072 0.1000000015
46030  39.022  -48.239  2.404 0.1000000015
44756  38.477  -49.582  -0.066 0.1000000015
44816  44.905  -49.191  -5.362 0.1000000015
42089  44.744  -51.454  -4.397 0.1000000015
44815  45.929  -49.380  -5.826 0.1000000015
43418  45.478  -50.101  -5.396 0.1000000015
43399  44.843  -50.559  -4.642 0.1000000015
44833  46.801  -49.241  -6.234 0.1000000015
44814  46.463  -49.810  -5.892 0.1000000015
46150  48.336  -48.458  -6.782 0.1000000015
44832  47.833  -49.249  -6.462 0.1000000015
43415  47.834  -50.814  -6.041 0.1000000015
43416  46.962  -50.288  -5.858 0.1000000015
47392  49.814  -47.594  -7.460 0.1000000015
46149  49.245  -48.528  -7.089 0.1000000015
44831  48.770  -49.500  -6.636 0.1000000015
44830  49.626  -49.376  -7.125 0.1000000015
47289  39.644  -47.565  1.830 0.1000000015
46062  38.608  -48.720  0.682 0.1000000015
47374  47.902  -47.333  -6.829 0.1000000015
46151  47.421  -48.311  -6.580 0.1000000015
47393  48.807  -47.581  -7.209 0.1000000015
43385  43.242  -50.395  -3.501 0.1000000015
39639  48.737  -53.336  -6.174 0.1000000015
39638  49.220  -52.862  -6.579 0.1000000015
44813  49.390  -49.954  -6.791 0.1000000015
44829  50.370  -49.568  -7.501 0.1000000015
29157  38.222  -61.442  -5.600 0.1000000015
30485  38.523  -60.454  -5.838 0.1000000015
27890  37.976  -62.529  -6.415 0.1000000015
27891  37.578  -63.057  -6.382 0.1000000015
25430  37.604  -64.456  -7.505 0.1000000015
24170  37.455  -65.230  -8.185 0.1000000015
22931  37.889  -66.961  -10.328 0.1000000015
30466  38.492  -60.569  -4.957 0.1000000015
31801  38.729  -59.643  -5.161 0.1000000015
26672  37.884  -63.445  -7.229 0.1000000015
26659  37.477  -63.647  -6.478 0.1000000015
33029  38.806  -59.171  -5.789 0.1000000015
33012  38.950  -58.891  -5.307 0.1000000015
31782  39.378  -59.469  -4.190 0.1000000015
29137  38.435  -61.497  -4.441 0.1000000015
27876  37.892  -62.605  -5.158 0.1000000015
29171  38.767  -61.240  -6.810 0.1000000015
32995  40.212  -58.351  -4.306 0.1000000015
31767  40.170  -59.748  -3.674 0.1000000015
31815  39.100  -59.387  -6.543 0.1000000015
33028  39.090  -58.351  -5.937 0.1000000015
35734  39.882  -56.842  -6.216 0.1000000015
33044  39.478  -58.382  -7.098 0.1000000015
34358  39.528  -57.499  -6.451 0.1000000015
35767  40.032  -57.105  -7.229 0.1000000015
31783  38.860  -60.048  -4.657 0.1000000015
21666  38.631  -67.586  -10.767 0.1000000015
6866  37.996  -80.069  6.915 0.1000000015
6884  34.838  -80.275  4.073 0.1000000015
6891  36.244  -80.415  3.164 0.1000000015
6902  36.009  -80.218  2.807 0.1000000015
6905  33.992  -80.341  2.130 0.1000000015
6924  34.324  -80.045  0.884 0.1000000015
6925  34.206  -80.219  1.032 0.1000000015
7720  37.886  -80.056  7.511 0.1000000015
7765  37.107  -80.133  3.914 0.1000000015
7792  35.309  -79.643  2.033 0.1000000015
7810  34.439  -79.668  0.916 0.1000000015
8637  40.579  -78.039  8.877 0.1000000015
8695  38.614  -79.114  5.976 0.1000000015
8697  37.797  -78.868  5.268 0.1000000015
8735  34.651  -78.176  1.954 0.1000000015
9712  41.414  -77.087  9.692 0.1000000015
9714  40.289  -77.123  9.164 0.1000000015
9764  34.905  -77.214  3.003 0.1000000015
9781  33.731  -77.757  1.387 0.1000000015
10748  41.105  -76.805  9.713 0.1000000015
10759  39.892  -76.905  9.111 0.1000000015
10816  33.512  -76.085  1.928 0.1000000015
11689  40.981  -75.974  10.791 0.1000000015
11805  33.245  -75.581  1.878 0.1000000015
12730  39.565  -74.817  11.511 0.1000000015
12757  37.196  -74.781  9.722 0.1000000015
12758  36.802  -74.600  9.383 0.1000000015
12771  36.030  -74.292  8.205 0.1000000015
12846  33.245  -74.668  2.457 0.1000000015
12847  32.618  -74.303  2.326 0.1000000015
13836  36.553  -73.828  9.792 0.1000000015
15046  35.724  -73.144  9.253 0.1000000015
15067  34.799  -72.457  8.349 0.1000000015
15087  33.808  -72.287  7.164 0.1000000015
15136  42.968  -71.971  4.396 0.2000000030
15156  32.978  -72.788  4.024 0.1000000015
15245  41.871  -72.457  -1.508 0.1000000015
16288  35.262  -72.322  9.563 0.1000000015
16339  32.555  -70.999  6.148 0.1000000015
16350  42.738  -71.291  5.461 0.2000000030
16353  32.590  -71.438  5.917 0.1000000015
16366  41.863  -70.602  3.983 0.3000000119
16387  31.941  -71.817  4.178 0.1000000015
16403  30.948  -71.566  2.820 0.1000000015
16416  38.144  -71.020  1.592 0.1000000015
16432  38.660  -71.747  1.351 0.1000000015
16434  37.341  -71.450  0.527 0.1000000015
17555  33.830  -71.301  8.271 0.1000000015
17556  33.563  -70.881  7.993 0.1000000015
17569  45.430  -71.412  7.701 0.1000000015
17576  32.639  -70.180  6.718 0.1000000015
17593  32.526  -70.330  6.153 0.1000000015
17604  42.647  -70.358  5.790 0.2000000030
17628  46.035  -69.965  2.594 0.1000000015
17632  42.479  -70.628  3.240 0.3000000119
17636  31.366  -70.293  3.625 0.1000000015
17642  46.315  -70.133  2.373 0.2000000030
17647  41.835  -69.922  2.896 0.3000000119
17650  30.957  -70.195  3.160 0.1000000015
17651  30.703  -70.539  2.821 0.1000000015
17656  37.603  -70.508  1.605 0.1000000015
17664  45.626  -70.403  1.131 0.2000000030
17668  36.921  -70.703  0.880 0.1000000015
17670  29.111  -70.174  0.745 0.1000000015
17680  43.725  -70.615  0.025 0.1000000015
17683  34.594  -70.334  -0.494 0.1000000015
17684  34.066  -70.003  -0.532 0.1000000015
18839  39.030  -69.279  6.887 0.1000000015
18849  43.005  -69.878  5.902 0.2000000030
18867  31.597  -69.839  3.901 0.1000000015
18870  46.963  -69.009  2.168 0.3000000119
18877  31.765  -69.025  3.693 0.1000000015
18878  31.539  -69.432  3.523 0.1000000015
18882  47.134  -68.850  2.114 0.3000000119
18886  43.402  -69.946  1.950 0.4000000060
18889  38.259  -69.994  2.955 0.1000000015
18901  46.664  -69.483  1.813 0.3000000119
18902  42.835  -69.540  1.738 0.3000000119
18903  42.158  -69.389  1.730 0.3000000119
18904  41.551  -69.042  1.842 0.3000000119
18905  37.467  -69.882  2.070 0.1000000015
18909  31.021  -69.362  2.525 0.1000000015
18921  46.447  -69.406  1.221 0.2000000030
18923  45.406  -69.872  0.539 0.2000000030
18926  34.504  -69.194  0.535 0.1000000015
18927  33.908  -69.255  0.165 0.1000000015
18942  44.899  -69.543  0.145 0.2000000030
18964  43.712  -69.402  -0.519 0.2000000030
20043  36.924  -69.129  12.208 0.1000000015
20071  45.660  -69.636  8.492 0.1000000015
20117  32.973  -68.921  6.004 0.1000000015
20125  47.377  -68.123  6.498 0.2000000030
20130  43.105  -68.360  5.255 0.3000000119
20135  33.238  -68.490  5.690 0.1000000015
20151  34.962  -68.010  3.908 0.1000000015
20162  46.815  -68.665  2.286 0.3000000119
20163  46.224  -68.887  2.379 0.3000000119
20164  45.671  -68.848  2.246 0.3000000119
20166  40.785  -67.851  2.910 0.3000000119
20173  31.720  -68.889  3.279 0.1000000015
20185  47.057  -69.038  1.933 0.2000000030
20211  44.559  -68.017  1.331 0.4000000060
20212  43.950  -68.458  1.237 0.5000000000
20221  30.794  -69.046  1.474 0.1000000015
20230  47.195  -68.157  0.633 0.2000000030
20232  45.914  -68.977  0.380 0.2000000030
20248  44.099  -69.186  -0.525 0.2000000030
20258  45.639  -67.992  -1.184 0.2000000030
20264  39.894  -68.844  -1.761 0.1000000015
20271  45.147  -68.050  -1.597 0.1000000015
20272  40.337  -68.169  -2.007 0.1000000015
20283  43.371  -67.990  -4.078 0.1000000015
20284  43.119  -68.026  -4.053 0.1000000015
20298  42.620  -68.237  -4.394 0.1000000015
20334  42.830  -68.192  -5.556 0.1000000015
21358  41.319  -66.989  7.960 0.1000000015
21380  47.492  -68.391  7.127 0.1000000015
21408  47.431  -67.807  6.640 0.1000000015
21425  47.357  -67.427  6.160 0.2000000030
21434  33.615  -68.106  5.301 0.1000000015
21444  42.765  -67.086  5.007 0.4000000060
21447  35.100  -67.734  4.648 0.1000000015
21460  47.057  -67.964  2.275 0.2000000030
21464  40.488  -67.268  2.793 0.4000000060
21465  34.649  -67.874  3.930 0.1000000015
21497  40.961  -67.508  1.333 0.5000000000
21502  47.566  -67.602  0.517 0.2000000030
21508  41.665  -67.556  0.751 0.5000000000
21509  41.244  -67.592  0.997 0.4000000060
21516  47.564  -66.590  -0.287 0.2000000030
21517  47.376  -67.069  -0.228 0.2000000030
21518  46.883  -67.705  -0.079 0.2000000030
21526  46.443  -67.443  -0.799 0.2000000030
21528  44.872  -68.098  -1.669 0.2000000030
21529  44.342  -68.043  -1.645 0.3000000119
21542  45.518  -67.366  -1.814 0.1000000015
21545  42.946  -67.758  -2.635 0.2000000030
21548  39.689  -67.867  -2.686 0.1000000015
21563  42.517  -67.873  -3.588 0.2000000030
21566  39.478  -67.848  -3.180 0.1000000015
21567  39.155  -67.952  -3.188 0.1000000015
21602  43.511  -67.322  -5.561 0.1000000015
21603  42.938  -67.692  -5.794 0.1000000015
22624  38.288  -66.696  11.482 0.1000000015
22633  39.464  -66.112  11.381 0.1000000015
22647  39.192  -65.827  9.477 0.1000000015
22662  41.543  -66.552  8.092 0.1000000015
22667  37.062  -66.600  9.025 0.1000000015
22700  47.294  -66.726  6.301 0.2000000030
22718  46.548  -66.442  5.615 0.2000000030
22735  42.951  -66.853  5.184 0.3000000119
22756  48.270  -65.432  1.090 0.2000000030
22775  45.529  -66.232  0.606 0.3000000119
22776  44.537  -66.235  0.380 0.4000000060
22787  47.815  -66.079  -0.261 0.1000000015
22798  46.461  -66.630  -1.439 0.1000000015
22808  45.679  -66.506  -2.291 0.1000000015
22824  44.830  -66.293  -4.118 0.1000000015
22836  43.854  -66.777  -5.534 0.1000000015
22890  37.037  -65.629  -8.035 0.1000000015
23832  42.011  -65.599  14.036 0.1000000015
23894  40.472  -65.243  10.923 0.1000000015
23895  39.623  -65.516  10.735 0.1000000015
23910  39.207  -65.678  10.172 0.1000000015
23947  42.509  -66.101  7.874 0.1000000015
23982  47.127  -65.895  5.984 0.1000000015
23985  45.282  -65.514  5.544 0.2000000030
24005  39.795  -65.501  4.723 0.4000000060
24020  38.719  -64.952  3.895 0.5000000000
24027  49.126  -64.466  1.349 0.1000000015
24030  39.938  -65.872  1.807 0.5000000000
24040  49.063  -64.400  1.081 0.1000000015
24041  48.675  -64.765  0.944 0.1000000015
24042  47.700  -65.006  1.217 0.4000000060
24055  43.933  -65.571  0.084 0.4000000060
24056  43.016  -65.732  -0.144 0.4000000060
24074  46.622  -65.560  -1.894 0.1000000015
24091  45.798  -65.099  -3.508 0.1000000015
24099  41.865  -65.219  -4.771 0.1000000015
24118  43.747  -66.261  -5.587 0.1000000015
24119  43.315  -66.086  -5.623 0.1000000015
24120  42.530  -65.893  -5.335 0.1000000015
24122  40.340  -65.914  -5.357 0.1000000015
24160  37.132  -65.478  -7.818 0.1000000015
24171  37.188  -65.445  -8.050 0.1000000015
24186  37.451  -65.790  -8.690 0.1000000015
25104  41.237  -63.880  14.040 0.1000000015
25129  41.370  -64.773  13.887 0.1000000015
25171  41.352  -64.831  10.585 0.1000000015
25172  40.606  -64.990  10.467 0.1000000015
25190  40.074  -65.044  10.151 0.1000000015
25229  46.934  -65.434  5.975 0.2000000030
25238  38.822  -64.380  6.000 0.5000000000
25249  46.952  -65.585  5.893 0.2000000030
25271  38.419  -64.586  4.621 0.5000000000
25288  37.584  -63.767  3.699 0.6000000238
25297  48.595  -64.242  1.389 0.1000000015
25298  47.876  -64.229  1.438 0.1000000015
25313  49.357  -64.158  1.172 0.1000000015
25314  49.193  -64.346  0.946 0.1000000015
25316  46.995  -64.174  0.911 0.4000000060
25318  38.582  -63.825  1.918 0.5000000000
25330  49.436  -64.085  0.930 0.1000000015
25348  49.180  -63.908  0.632 0.1000000015
25350  48.121  -64.633  -0.564 0.1000000015
25355  48.319  -63.981  -0.712 0.1000000015
25373  45.596  -64.712  -3.912 0.1000000015
25385  41.239  -64.430  -4.411 0.1000000015
25400  43.375  -65.343  -5.346 0.1000000015
25415  37.398  -64.522  -6.858 0.1000000015
26349  37.620  -63.291  15.036 0.1000000015
26359  40.897  -63.526  14.185 0.1000000015
26459  42.899  -62.963  7.359 0.3000000119
26492  38.187  -64.227  5.673 0.5000000000
26530  49.482  -63.562  1.393 0.1000000015
26531  48.865  -63.743  1.610 0.2000000030
26546  50.004  -63.218  1.093 0.1000000015
26547  49.722  -63.790  1.095 0.1000000015
26552  39.728  -63.436  0.924 0.4000000060
26564  49.853  -62.981  0.760 0.1000000015
26565  49.673  -63.586  0.847 0.1000000015
26566  46.703  -63.433  0.870 0.3000000119
26567  46.106  -63.560  0.637 0.4000000060
26582  49.611  -62.738  0.462 0.1000000015
26614  43.166  -62.929  -3.801 0.2000000030
26628  45.364  -64.361  -4.251 0.1000000015
26658  37.666  -63.140  -6.643 0.1000000015
26673  37.490  -63.985  -7.045 0.1000000015
27541  36.149  -62.294  15.958 0.1000000015
27542  35.726  -62.330  16.400 0.1000000015
27578  43.075  -62.967  13.297 0.1000000015
27580  41.655  -62.736  13.734 0.1000000015
27602  43.641  -62.827  12.769 0.1000000015
27665  38.219  -62.412  8.294 0.5000000000
27703  43.395  -62.843  7.067 0.1000000015
27704  43.093  -62.841  7.238 0.1000000015
27706  36.399  -62.671  6.221 0.5000000000
27741  36.893  -61.836  3.337 0.5000000000
27750  49.794  -62.663  1.327 0.1000000015
27751  49.418  -62.876  1.554 0.1000000015
27752  49.092  -63.288  1.668 0.2000000030
27755  38.035  -61.956  2.566 0.5000000000
27767  50.047  -62.654  1.134 0.1000000015
27774  43.602  -62.310  1.147 0.4000000060
27779  38.875  -62.629  1.865 0.5000000000
27789  46.375  -63.055  0.792 0.4000000060
27791  44.979  -62.867  0.584 0.4000000060
27794  41.913  -62.870  0.432 0.4000000060
27795  41.098  -62.815  0.602 0.5000000000
27805  49.893  -62.457  0.648 0.1000000015
27806  49.416  -62.357  0.015 0.1000000015
27839  43.344  -62.343  -3.569 0.2000000030
27840  42.553  -62.147  -3.634 0.2000000030
27877  37.478  -63.026  -5.975 0.1000000015
28843  36.835  -61.439  14.836 0.1000000015
28982  36.128  -61.493  4.701 0.5000000000
29023  49.565  -62.493  1.424 0.1000000015
29024  49.359  -62.524  1.536 0.1000000015
29026  43.991  -61.258  2.243 0.5000000000
29029  41.183  -61.194  2.347 0.5000000000
29030  40.266  -61.201  2.344 0.5000000000
29031  39.315  -61.394  2.363 0.4000000060
29032  38.483  -61.363  2.600 0.4000000060
29033  37.905  -61.533  2.782 0.4000000060
29044  49.858  -62.298  1.225 0.1000000015
29045  49.214  -62.135  1.515 0.1000000015
29046  48.306  -62.036  1.866 0.2000000030
29064  50.149  -62.198  1.026 0.1000000015
29065  49.738  -61.816  0.904 0.1000000015
29074  50.117  -62.293  0.803 0.1000000015
29088  49.479  -61.536  -0.289 0.1000000015
29115  41.862  -61.607  -3.555 0.1000000015
30096  35.860  -59.992  19.456 0.1000000015
30174  38.534  -61.102  13.064 0.1000000015
30186  40.309  -60.961  11.873 0.1000000015
30206  40.997  -61.060  10.797 0.1000000015
30210  37.585  -59.856  11.849 0.2000000030
30246  36.185  -59.917  9.055 0.4000000060
30270  34.477  -59.422  7.890 0.5000000000
30285  36.537  -61.556  7.796 0.5000000000
30333  36.220  -60.518  4.404 0.6000000238
30345  42.504  -60.481  2.135 0.5000000000
30348  40.445  -60.037  3.052 0.5000000000
30351  37.390  -60.307  3.482 0.5000000000
30364  44.402  -61.057  2.284 0.5000000000
30366  42.744  -60.633  2.234 0.5000000000
30367  41.746  -60.652  2.471 0.5000000000
30371  38.504  -60.853  2.831 0.4000000060
30380  48.064  -61.519  1.483 0.2000000030
30383  45.004  -60.930  1.777 0.3000000119
30394  46.973  -60.838  1.029 0.3000000119
30396  45.350  -60.570  1.375 0.3000000119
30429  47.256  -60.851  -2.716 0.1000000015
30444  47.621  -60.110  -2.870 0.2000000030
30465  38.931  -60.539  -4.362 0.1000000015
30497  38.858  -60.240  -6.452 0.1000000015
31538  39.612  -59.707  10.041 0.2000000030
31540  39.000  -59.237  10.705 0.2000000030
31619  34.705  -59.639  6.244 0.5000000000
31653  35.743  -59.417  5.004 0.5000000000
31667  42.783  -60.464  2.029 0.5000000000
31669  41.656  -59.970  2.309 0.5000000000
31685  44.057  -60.453  2.239 0.5000000000
31687  42.477  -60.013  1.828 0.5000000000
31689  41.128  -59.532  1.686 0.5000000000
31695  44.345  -60.385  1.672 0.3000000119
31699  40.894  -59.472  1.265 0.5000000000
31706  48.584  -60.696  0.134 0.1000000015
31712  42.564  -59.466  0.212 0.4000000060
31717  47.230  -60.104  -0.396 0.2000000030
31720  44.053  -59.663  -0.200 0.4000000060
31722  42.600  -59.437  -0.600 0.4000000060
31726  45.627  -59.482  -0.940 0.3000000119
31758  49.132  -59.056  -2.908 0.2000000030
31759  48.568  -59.106  -3.044 0.2000000030
31760  47.723  -59.338  -3.203 0.2000000030
31768  39.771  -60.044  -3.732 0.1000000015
31777  44.843  -59.006  -4.150 0.2000000030
31780  41.685  -59.063  -3.854 0.1000000015
31781  40.591  -59.064  -3.817 0.2000000030
31800  39.021  -59.056  -4.843 0.1000000015
31816  38.693  -59.752  -5.981 0.1000000015
32748  38.538  -58.946  10.825 0.2000000030
32758  39.068  -59.122  10.310 0.2000000030
32777  36.081  -58.433  9.777 0.2000000030
32883  40.294  -59.094  2.744 0.5000000000
32885  38.430  -58.988  2.876 0.4000000060
32902  41.069  -59.524  2.023 0.5000000000
32903  40.510  -59.244  1.869 0.5000000000
32915  41.840  -59.349  0.506 0.4000000060
32919  38.934  -58.501  1.407 0.3000000119
32927  40.549  -59.013  0.092 0.4000000060
32928  39.853  -58.760  0.374 0.4000000060
32938  42.169  -59.274  -1.073 0.4000000060
32939  41.458  -59.199  -0.969 0.4000000060
32940  40.703  -58.798  -0.892 0.4000000060
32944  49.623  -58.823  -2.043 0.1000000015
32945  49.105  -58.682  -1.616 0.2000000030
32951  42.686  -58.825  -1.601 0.4000000060
32972  49.254  -58.584  -3.052 0.2000000030
32975  47.704  -58.741  -3.726 0.2000000030
32985  49.257  -58.268  -3.669 0.2000000030
32988  47.345  -58.378  -4.185 0.2000000030
32992  43.311  -58.517  -4.502 0.3000000119
33008  46.025  -57.855  -4.693 0.3000000119
33010  44.662  -57.751  -5.037 0.3000000119
33043  39.852  -57.932  -7.408 0.1000000015
34016  35.017  -57.072  13.847 0.1000000015
34119  33.952  -56.749  7.240 0.3000000119
34142  33.943  -56.728  6.988 0.4000000060
34197  35.801  -57.310  3.782 0.5000000000
34212  37.898  -58.217  2.094 0.4000000060
34229  37.041  -57.442  2.027 0.4000000060
34254  39.544  -58.017  -0.865 0.4000000060
34267  41.468  -58.105  -2.047 0.4000000060
34268  40.722  -57.859  -1.737 0.4000000060
34274  49.243  -58.291  -2.990 0.2000000030
34277  46.765  -57.445  -2.511 0.3000000119
34299  49.364  -58.073  -3.600 0.2000000030
34313  49.360  -57.862  -4.154 0.2000000030
34314  48.876  -57.944  -4.503 0.2000000030
34316  47.335  -57.763  -4.687 0.2000000030
34317  46.662  -57.658  -4.792 0.2000000030
34319  43.015  -57.914  -4.708 0.3000000119
34337  46.152  -57.258  -5.100 0.3000000119
34338  45.077  -57.231  -5.187 0.3000000119
34371  39.747  -57.517  -7.113 0.1000000015
35402  35.106  -56.796  14.085 0.1000000015
35530  34.061  -56.562  7.127 0.2000000030
35576  34.114  -55.882  5.254 0.4000000060
35629  36.182  -56.955  2.656 0.4000000060
35665  37.918  -56.964  -0.606 0.4000000060
35667  36.642  -55.788  0.112 0.3000000119
35677  48.997  -57.490  -3.558 0.2000000030
35683  43.183  -56.557  -2.884 0.3000000119
35698  49.146  -56.956  -4.120 0.2000000030
35712  49.262  -57.288  -4.365 0.2000000030
35713  48.903  -56.782  -4.595 0.3000000119
35724  49.080  -57.113  -4.751 0.2000000030
35732  41.307  -56.330  -5.412 0.2000000030
35749  40.273  -56.341  -6.549 0.1000000015
35750  39.894  -56.919  -6.840 0.1000000015
36913  34.166  -55.698  5.094 0.4000000060
36951  34.747  -55.383  3.552 0.4000000060
37001  39.249  -55.744  -2.230 0.4000000060
37046  48.632  -55.969  -4.898 0.3000000119
37060  42.881  -55.539  -5.438 0.2000000030
37079  40.894  -55.467  -6.325 0.2000000030
38149  34.643  -54.984  7.397 0.1000000015
38292  36.987  -54.304  -0.586 0.4000000060
38293  36.186  -54.357  -0.037 0.3000000119
38313  44.998  -55.222  -3.906 0.2000000030
38358  44.449  -54.656  -5.788 0.2000000030
38361  41.519  -55.001  -5.961 0.1000000015
38362  41.159  -55.288  -6.188 0.2000000030
38373  45.828  -53.845  -6.206 0.2000000030
38376  42.825  -53.986  -5.931 0.1000000015
38378  41.143  -55.072  -6.672 0.1000000015
38390  47.963  -53.589  -7.062 0.2000000030
38391  47.676  -53.709  -6.878 0.2000000030
39325  35.722  -53.765  11.706 0.1000000015
39438  34.913  -53.831  5.697 0.2000000030
39553  35.739  -52.988  0.689 0.2000000030
39569  35.856  -53.156  0.323 0.2000000030
39585  38.303  -53.409  -1.740 0.4000000060
39586  37.724  -53.130  -1.258 0.3000000119
39598  41.231  -53.428  -2.908 0.4000000060
39601  38.833  -53.134  -2.116 0.2000000030
39615  43.667  -53.289  -3.863 0.2000000030
39616  43.016  -53.126  -3.557 0.2000000030
39627  47.632  -53.679  -5.197 0.2000000030
39647  49.312  -53.013  -7.206 0.1000000015
39652  44.220  -53.094  -6.084 0.1000000015
39654  42.713  -53.844  -6.499 0.1000000015
39663  49.134  -52.790  -7.665 0.1000000015
39665  47.633  -53.309  -7.065 0.2000000030
39679  49.052  -52.674  -7.869 0.2000000030
39680  48.888  -52.781  -7.703 0.2000000030
40642  38.326  -52.591  4.760 0.1000000015
40737  35.735  -52.355  1.332 0.1000000015
40747  36.027  -52.278  0.676 0.2000000030
40748  35.801  -52.535  0.880 0.1000000015
40785  38.766  -52.067  -1.741 0.2000000030
40808  46.558  -53.266  -4.609 0.2000000030
40809  45.878  -53.107  -4.332 0.2000000030
40851  46.317  -52.322  -6.870 0.1000000015
40854  43.870  -52.725  -6.495 0.1000000015
40864  48.344  -52.205  -7.686 0.1000000015
40865  47.540  -52.323  -7.267 0.1000000015
40866  46.635  -51.765  -7.227 0.1000000015
40867  45.720  -51.671  -7.248 0.1000000015
40881  49.228  -52.354  -8.036 0.2000000030
40884  43.780  -52.434  -8.153 0.1000000015
41809  37.298  -52.055  11.013 0.1000000015
41835  36.832  -52.148  9.978 0.1000000015
42001  36.073  -51.655  1.340 0.1000000015
42002  35.802  -51.954  1.512 0.1000000015
42028  37.702  -51.138  -0.615 0.2000000030
42029  37.219  -51.362  -0.306 0.2000000030
42030  36.746  -51.511  -0.005 0.2000000030
42063  39.318  -51.612  -1.977 0.2000000030
42085  48.081  -51.753  -5.704 0.1000000015
42103  50.103  -50.828  -6.900 0.1000000015
42116  50.163  -51.020  -7.260 0.1000000015
42131  47.907  -51.645  -7.614 0.1000000015
42134  45.355  -51.261  -7.719 0.1000000015
42149  49.981  -50.895  -7.953 0.1000000015
42150  49.644  -51.454  -8.064 0.1000000015
42153  47.686  -51.148  -7.760 0.1000000015
42155  45.223  -51.090  -8.511 0.1000000015
43331  36.693  -50.718  0.781 0.1000000015
43349  37.477  -50.650  -0.104 0.2000000030
43396  47.263  -50.907  -5.637 0.1000000015
43412  50.122  -50.190  -7.120 0.1000000015
43413  49.698  -50.448  -6.802 0.1000000015
43417  46.208  -50.267  -5.614 0.1000000015
43431  48.570  -50.011  -6.569 0.1000000015
43432  48.189  -50.022  -6.470 0.1000000015
43433  47.492  -49.953  -6.272 0.1000000015
43447  50.285  -50.522  -7.666 0.1000000015
43448  47.146  -50.843  -7.900 0.1000000015
43449  46.842  -50.749  -7.971 0.1000000015
43467  49.880  -50.533  -8.343 0.1000000015
43469  48.405  -50.722  -8.376 0.1000000015
43471  46.424  -50.596  -8.689 0.1000000015
43488  45.546  -51.135  -9.441 0.1000000015
44704  37.863  -49.262  2.146 0.1000000015
44739  37.495  -49.848  0.868 0.2000000030
44811  50.159  -49.933  -7.232 0.1000000015
44828  50.717  -49.163  -7.714 0.1000000015
44834  46.154  -48.669  -6.131 0.1000000015
44873  48.956  -49.979  -8.877 0.1000000015
47375  47.724  -47.184  -6.746 0.1000000015
47394  47.956  -47.547  -6.879 0.1000000015
48531  47.948  -47.091  -6.827 0.1000000015
48532  47.776  -46.919  -6.776 0.1000000015
