#!ascii label  , from subject 4135 vox2ras=TkReg
335
107849  26.927  5.265  -8.226 0.0000000000
95487  23.748  -5.682  -6.314 0.0000000000
112864  24.759  10.403  -7.851 0.0000000000
123448  22.000  21.538  -7.504 0.0000000000
94364  22.401  -7.440  -5.392 0.0000000000
115953  27.681  13.278  -6.938 0.0000000000
117914  26.183  15.666  -6.470 0.0000000000
105841  23.840  3.424  -6.171 0.0000000000
101844  24.460  -0.009  -6.413 0.0000000000
103929  27.496  1.959  -8.417 0.0000000000
108818  30.852  6.448  -9.358 0.0000000000
105923  29.420  3.879  -10.674 0.0000000000
110793  26.629  7.909  -8.278 0.0000000000
112844  29.695  10.041  -7.631 0.0000000000
120640  22.873  18.620  -6.251 0.0000000000
121551  26.431  18.891  -6.925 0.0000000000
98599  25.757  -3.333  -6.540 0.0000000000
115941  24.752  14.076  -5.923 0.0000000000
117915  25.036  15.772  -5.785 0.0000000000
105859  25.854  4.020  -7.131 0.0000000000
104911  25.697  3.072  -7.329 0.0000000000
105880  27.489  3.624  -7.981 0.0000000000
95446  22.719  -6.614  -5.661 0.0000000000
111827  25.453  9.447  -8.062 0.0000000000
110774  28.120  8.552  -7.743 0.0000000000
112847  26.718  10.281  -7.495 0.0000000000
116995  28.553  14.481  -8.512 0.0000000000
114988  29.609  12.273  -8.563 0.0000000000
123449  21.151  21.436  -8.170 0.0000000000
120647  21.265  18.626  -7.320 0.0000000000
122486  22.817  20.514  -6.912 0.0000000000
124395  25.694  22.509  -10.437 0.0000000000
123461  26.162  21.109  -9.386 0.0000000000
122491  26.118  20.668  -7.817 0.0000000000
121569  26.581  19.425  -9.108 0.0000000000
120653  26.625  18.536  -8.476 0.0000000000
100808  25.928  -0.435  -6.991 0.0000000000
100796  25.225  -1.346  -6.605 0.0000000000
93303  21.612  -8.351  -5.021 0.0000000000
113926  26.426  11.400  -7.138 0.0000000000
114953  25.874  12.861  -6.315 0.0000000000
116965  26.591  14.441  -6.407 0.0000000000
117937  28.088  15.663  -8.134 0.0000000000
155708  22.724  0.732  -6.181 0.0000000000
155707  24.492  1.599  -6.318 0.0000000000
102903  26.274  0.917  -7.317 0.0000000000
102901  27.578  0.917  -8.161 0.0000000000
107847  28.615  5.309  -8.561 0.0000000000
106882  28.671  4.224  -9.138 0.0000000000
107878  29.790  4.819  -10.355 0.0000000000
107826  24.996  5.622  -7.312 0.0000000000
109777  24.187  7.473  -7.482 0.0000000000
108822  27.000  6.282  -8.258 0.0000000000
108795  28.526  6.973  -7.749 0.0000000000
109796  30.217  7.850  -8.102 0.0000000000
110812  31.377  8.889  -9.310 0.0000000000
113924  28.787  11.404  -7.273 0.0000000000
112877  30.209  10.933  -9.079 0.0000000000
119724  22.443  17.577  -6.548 0.0000000000
124367  23.725  22.223  -7.292 0.0000000000
122485  24.201  20.527  -6.744 0.0000000000
121553  24.643  19.557  -6.415 0.0000000000
119722  24.935  17.798  -5.948 0.0000000000
119733  26.122  17.307  -6.653 0.0000000000
119742  27.351  17.261  -8.218 0.0000000000
98602  23.072  -4.021  -6.046 0.0000000000
100797  24.177  -1.528  -6.333 0.0000000000
105878  28.538  2.998  -9.860 0.0000000000
103928  28.381  1.894  -8.643 0.0000000000
116968  23.870  14.978  -6.499 0.0000000000
117916  24.011  15.734  -6.211 0.0000000000
106847  26.174  4.584  -7.497 0.0000000000
105881  26.570  3.759  -7.490 0.0000000000
106868  27.619  4.475  -8.115 0.0000000000
92149  21.383  -9.393  -4.353 0.0000000000
96490  23.376  -5.999  -5.992 0.0000000000
112863  25.938  10.084  -8.203 0.0000000000
112862  26.372  9.781  -7.987 0.0000000000
117950  28.430  14.986  -9.364 0.0000000000
115985  29.117  13.842  -9.014 0.0000000000
124369  21.767  22.147  -8.108 0.0000000000
122496  21.151  20.411  -7.265 0.0000000000
121563  21.775  19.763  -7.107 0.0000000000
122494  22.374  20.987  -7.296 0.0000000000
122503  26.534  20.371  -9.790 0.0000000000
121573  26.555  19.395  -10.247 0.0000000000
101858  27.011  -0.347  -6.984 0.0000000000
100795  26.701  -1.142  -6.490 0.0000000000
96507  22.222  -5.147  -6.052 0.0000000000
114971  25.107  12.481  -6.627 0.0000000000
115954  25.063  13.127  -6.327 0.0000000000
116966  25.442  14.718  -5.938 0.0000000000
116981  26.914  15.222  -6.946 0.0000000000
116980  27.778  14.532  -7.414 0.0000000000
117924  27.359  15.827  -7.302 0.0000000000
124383  20.780  22.743  -9.357 0.0000000000
155702  23.679  1.586  -6.079 0.0000000000
104913  24.494  2.582  -6.297 0.0000000000
103930  26.807  2.124  -8.075 0.0000000000
103917  26.259  2.169  -7.440 0.0000000000
102889  26.532  1.739  -7.644 0.0000000000
102902  26.708  1.284  -7.873 0.0000000000
94365  21.790  -7.625  -5.025 0.0000000000
93302  22.171  -8.359  -5.289 0.0000000000
107845  30.129  5.774  -9.101 0.0000000000
107864  29.576  5.033  -9.628 0.0000000000
107863  30.310  5.480  -9.838 0.0000000000
106849  24.610  4.884  -6.861 0.0000000000
110795  25.123  8.631  -7.790 0.0000000000
109776  25.244  7.436  -7.579 0.0000000000
109775  25.862  6.789  -7.636 0.0000000000
109798  26.260  7.300  -7.994 0.0000000000
108821  27.959  6.437  -8.137 0.0000000000
109774  27.906  7.588  -7.991 0.0000000000
111813  28.526  9.437  -7.342 0.0000000000
110773  29.019  8.600  -7.368 0.0000000000
110792  29.796  8.724  -7.827 0.0000000000
110791  30.694  8.920  -8.385 0.0000000000
111824  30.600  9.931  -8.294 0.0000000000
114969  27.093  12.333  -6.823 0.0000000000
113925  27.526  11.375  -7.173 0.0000000000
114968  28.200  12.419  -7.036 0.0000000000
113938  29.858  11.568  -8.835 0.0000000000
112876  30.676  10.477  -9.424 0.0000000000
120641  21.853  18.550  -6.738 0.0000000000
119734  21.027  18.141  -7.629 0.0000000000
123472  25.807  21.760  -9.756 0.0000000000
124366  24.822  21.933  -7.620 0.0000000000
124365  25.377  21.710  -7.969 0.0000000000
121561  26.509  19.556  -7.741 0.0000000000
121552  25.839  19.600  -6.629 0.0000000000
120638  25.223  18.687  -6.095 0.0000000000
120631  25.519  18.301  -6.138 0.0000000000
119721  25.699  17.757  -6.316 0.0000000000
120636  26.327  18.252  -6.951 0.0000000000
120659  27.217  17.733  -9.993 0.0000000000
119752  26.842  17.797  -8.770 0.0000000000
119751  27.469  17.414  -9.356 0.0000000000
118868  27.849  16.485  -9.847 0.0000000000
98585  22.733  -3.842  -5.783 0.0000000000
101845  22.670  -0.360  -6.298 0.0000000000
99680  25.609  -2.380  -6.614 0.0000000000
99681  24.455  -2.467  -6.442 0.0000000000
98600  24.720  -3.443  -6.630 0.0000000000
105910  29.129  3.874  -10.366 0.0000000000
105896  28.510  3.451  -9.999 0.0000000000
105895  29.247  3.504  -9.761 0.0000000000
115955  24.489  13.491  -6.704 0.0000000000
116982  24.271  14.383  -6.461 0.0000000000
116967  24.517  14.897  -5.893 0.0000000000
105860  25.230  3.951  -6.420 0.0000000000
104912  24.905  2.895  -6.566 0.0000000000
104930  26.795  2.893  -7.779 0.0000000000
104929  27.397  2.860  -8.753 0.0000000000
93301  22.689  -7.924  -5.352 0.0000000000
94363  23.155  -7.456  -5.623 0.0000000000
94342  23.750  -7.667  -5.286 0.0000000000
108839  31.276  6.646  -10.071 0.0000000000
108854  31.063  5.469  -10.606 0.0000000000
110796  24.119  8.880  -7.814 0.0000000000
110794  26.099  8.501  -8.115 0.0000000000
110775  27.063  8.459  -8.136 0.0000000000
111815  26.674  9.343  -7.817 0.0000000000
111814  27.485  9.382  -7.556 0.0000000000
112846  28.018  10.367  -7.263 0.0000000000
115952  28.409  13.439  -7.495 0.0000000000
114989  29.026  12.562  -7.857 0.0000000000
115970  28.849  13.581  -8.247 0.0000000000
115984  29.472  13.360  -9.463 0.0000000000
121556  21.508  19.240  -6.887 0.0000000000
121555  22.247  19.527  -6.651 0.0000000000
123471  26.300  21.374  -10.429 0.0000000000
123444  25.949  21.233  -8.014 0.0000000000
122500  26.440  20.409  -8.713 0.0000000000
120668  26.824  18.626  -10.792 0.0000000000
155696  25.703  0.042  -7.065 0.0000000000
93281  21.001  -8.517  -4.489 0.0000000000
95427  21.422  -7.129  -4.406 0.0000000000
95447  22.035  -6.595  -4.999 0.0000000000
96492  22.360  -5.635  -5.566 0.0000000000
96491  23.065  -5.874  -5.846 0.0000000000
96506  22.653  -5.276  -6.172 0.0000000000
112849  24.963  11.072  -7.370 0.0000000000
112848  25.754  10.809  -7.689 0.0000000000
113927  25.488  11.511  -6.987 0.0000000000
114970  26.087  12.210  -6.743 0.0000000000
115938  27.122  13.092  -6.448 0.0000000000
115940  25.540  13.614  -6.129 0.0000000000
115939  26.527  13.426  -6.267 0.0000000000
116964  27.278  13.784  -6.489 0.0000000000
116996  28.181  14.961  -8.188 0.0000000000
117951  28.187  15.732  -9.177 0.0000000000
123456  20.754  22.053  -8.680 0.0000000000
124376  21.182  22.613  -8.731 0.0000000000
124375  22.054  22.822  -8.369 0.0000000000
155694  24.352  1.397  -6.304 0.0000000000
155693  25.012  0.744  -6.554 0.0000000000
103918  25.264  1.852  -6.712 0.0000000000
155700  25.184  1.112  -6.594 0.0000000000
155692  25.649  0.775  -6.802 0.0000000000
101868  26.464  0.300  -7.417 0.0000000000
101867  27.420  0.140  -7.572 0.0000000000
107848  27.745  5.343  -8.234 0.0000000000
106867  28.194  4.412  -8.516 0.0000000000
107865  29.089  4.868  -9.171 0.0000000000
106893  29.399  4.381  -10.208 0.0000000000
106906  29.464  4.204  -10.791 0.0000000000
107891  30.324  4.821  -11.511 0.0000000000
106917  29.961  4.365  -12.039 0.0000000000
105934  29.838  3.917  -12.550 0.0000000000
105861  24.166  4.168  -6.395 0.0000000000
106848  25.475  4.760  -7.074 0.0000000000
107825  25.777  5.415  -7.581 0.0000000000
108798  24.595  6.568  -7.449 0.0000000000
108796  26.170  6.052  -8.068 0.0000000000
108820  28.951  6.402  -8.327 0.0000000000
108819  30.059  6.698  -8.394 0.0000000000
109773  28.705  7.765  -7.636 0.0000000000
108793  29.776  7.360  -7.915 0.0000000000
109795  31.085  7.619  -8.936 0.0000000000
109818  31.304  8.083  -9.932 0.0000000000
112845  29.141  10.349  -7.434 0.0000000000
113939  29.433  11.583  -8.041 0.0000000000
112861  29.324  10.995  -7.710 0.0000000000
112860  29.923  10.630  -8.136 0.0000000000
111840  30.934  9.773  -8.961 0.0000000000
118832  23.192  16.574  -6.334 0.0000000000
125320  22.691  23.205  -8.304 0.0000000000
125319  23.500  23.015  -8.032 0.0000000000
124368  22.605  22.439  -7.692 0.0000000000
123447  22.861  21.517  -7.233 0.0000000000
123439  23.692  21.337  -6.893 0.0000000000
121554  23.446  19.588  -6.456 0.0000000000
122492  25.467  20.493  -7.193 0.0000000000
122484  25.038  20.191  -6.716 0.0000000000
120639  24.102  18.671  -6.076 0.0000000000
119723  23.612  17.651  -6.048 0.0000000000
118831  24.390  16.714  -6.150 0.0000000000
118830  25.615  16.795  -6.304 0.0000000000
118829  26.307  16.521  -6.679 0.0000000000
119743  26.747  17.811  -8.001 0.0000000000
119731  26.903  17.372  -7.705 0.0000000000
118840  26.990  16.808  -7.368 0.0000000000
118852  27.679  16.488  -7.891 0.0000000000
97549  22.872  -4.529  -6.201 0.0000000000
97548  23.969  -4.441  -6.612 0.0000000000
100798  23.246  -1.317  -6.313 0.0000000000
99682  23.446  -2.434  -5.930 0.0000000000
98601  23.537  -3.589  -6.180 0.0000000000
105897  27.969  3.673  -9.276 0.0000000000
104945  27.713  3.246  -9.209 0.0000000000
104928  28.000  2.632  -9.117 0.0000000000
104942  30.171  3.331  -9.146 0.0000000000
104927  28.719  2.741  -9.212 0.0000000000
93280  22.361  -8.819  -4.997 0.0000000000
93322  22.057  -8.715  -5.276 0.0000000000
93323  21.888  -8.559  -5.256 0.0000000000
95466  24.089  -5.780  -6.256 0.0000000000
95467  23.769  -5.976  -6.203 0.0000000000
95486  23.943  -5.676  -6.341 0.0000000000
96505  23.494  -5.416  -6.346 0.0000000000
96518  24.111  -5.548  -6.322 0.0000000000
96519  23.891  -5.470  -6.374 0.0000000000
98584  23.184  -3.590  -5.818 0.0000000000
100817  26.002  -0.124  -7.318 0.0000000000
102890  26.173  1.436  -7.247 0.0000000000
103919  24.789  2.340  -6.468 0.0000000000
104894  24.345  3.000  -6.251 0.0000000000
104895  23.897  2.616  -5.962 0.0000000000
104926  29.512  3.078  -8.896 0.0000000000
104943  28.265  2.924  -9.769 0.0000000000
104944  27.857  3.098  -9.571 0.0000000000
105840  24.534  3.488  -6.266 0.0000000000
105877  28.851  3.107  -9.714 0.0000000000
105879  27.830  3.903  -8.533 0.0000000000
105898  27.643  3.454  -8.848 0.0000000000
105909  29.807  3.698  -10.116 0.0000000000
105922  29.786  3.724  -11.232 0.0000000000
106869  26.957  4.476  -7.752 0.0000000000
106881  29.054  4.252  -9.829 0.0000000000
106905  29.727  4.338  -11.346 0.0000000000
107824  26.400  5.157  -7.863 0.0000000000
107846  29.419  5.667  -8.845 0.0000000000
107876  30.984  5.258  -11.050 0.0000000000
107877  30.480  5.125  -10.601 0.0000000000
107892  29.899  4.633  -10.932 0.0000000000
108794  29.272  7.089  -7.726 0.0000000000
108797  25.442  6.315  -7.607 0.0000000000
108817  31.237  6.832  -9.593 0.0000000000
108840  30.944  5.835  -10.176 0.0000000000
109772  29.476  7.875  -7.657 0.0000000000
109794  31.244  7.021  -9.337 0.0000000000
109797  27.126  7.342  -8.299 0.0000000000
109799  25.673  7.971  -7.967 0.0000000000
109817  31.321  7.290  -9.752 0.0000000000
110776  26.474  8.903  -8.005 0.0000000000
111812  29.388  9.463  -7.509 0.0000000000
111825  30.061  9.632  -7.909 0.0000000000
111826  26.159  9.350  -8.083 0.0000000000
112859  30.591  10.418  -8.711 0.0000000000
113940  24.400  11.501  -7.758 0.0000000000
114952  26.555  12.752  -6.476 0.0000000000
114954  25.392  12.998  -6.294 0.0000000000
115969  29.452  13.067  -8.734 0.0000000000
116979  28.465  14.047  -7.872 0.0000000000
117913  26.780  16.215  -6.862 0.0000000000
117925  26.872  15.737  -6.816 0.0000000000
117936  28.303  15.174  -8.669 0.0000000000
118828  26.616  16.619  -6.976 0.0000000000
118841  26.427  16.944  -6.948 0.0000000000
118842  26.145  16.889  -6.615 0.0000000000
118859  28.024  16.625  -8.728 0.0000000000
119712  25.450  18.015  -6.053 0.0000000000
119713  25.286  18.206  -6.001 0.0000000000
119720  26.120  17.867  -6.713 0.0000000000
119732  26.492  17.589  -7.255 0.0000000000
119735  20.590  17.519  -7.697 0.0000000000
120630  25.661  18.117  -6.232 0.0000000000
120637  25.955  18.449  -6.391 0.0000000000
120646  26.552  18.434  -7.537 0.0000000000
120660  26.776  18.306  -9.685 0.0000000000
121562  26.066  20.123  -7.286 0.0000000000
122487  22.176  20.024  -7.130 0.0000000000
122493  24.906  20.607  -6.889 0.0000000000
123445  25.509  21.273  -7.680 0.0000000000
123446  24.852  21.098  -7.130 0.0000000000
123454  26.057  21.119  -8.520 0.0000000000
123455  25.683  21.514  -8.257 0.0000000000
123462  25.713  21.606  -8.970 0.0000000000
124377  20.591  22.380  -9.046 0.0000000000
125318  24.267  22.624  -8.024 0.0000000000
155691  24.579  1.361  -6.398 0.0000000000
155695  24.233  1.735  -6.154 0.0000000000
155701  24.667  1.138  -6.428 0.0000000000
155709  24.444  2.044  -6.223 0.0000000000
