#!ascii label  , from subject 3770 vox2ras=TkReg
719
15042  -42.874  -62.946  -25.567 0.0000000000
21468  -44.097  -56.260  -31.236 0.0000000000
22396  -41.070  -55.207  -23.069 0.0000000000
20251  -43.463  -57.506  -26.475 0.0000000000
24607  -48.354  -52.763  -23.140 0.0000000000
18000  -41.823  -59.323  -20.680 0.0000000000
23446  -37.215  -54.815  -18.165 0.0000000000
26749  -39.678  -51.687  -13.136 0.0000000000
25726  -41.204  -52.135  -20.309 0.0000000000
24615  -44.386  -53.828  -22.934 0.0000000000
28035  -43.469  -50.872  -21.226 0.0000000000
20113  -39.340  -57.363  -19.591 0.0000000000
24513  -41.425  -55.206  -16.821 0.0000000000
29149  -39.318  -48.699  -15.070 0.0000000000
29146  -36.059  -49.589  -15.037 0.0000000000
15063  -39.923  -63.025  -26.203 0.0000000000
21409  -43.699  -56.297  -28.315 0.0000000000
19167  -39.130  -58.410  -27.401 0.0000000000
17117  -41.071  -60.722  -29.800 0.0000000000
19118  -42.592  -59.010  -24.448 0.0000000000
17056  -44.017  -60.637  -26.640 0.0000000000
22440  -47.137  -55.347  -25.787 0.0000000000
24725  -47.412  -53.151  -28.552 0.0000000000
19097  -39.109  -58.493  -22.882 0.0000000000
22382  -38.004  -54.995  -21.734 0.0000000000
26838  -38.257  -51.678  -19.324 0.0000000000
22270  -42.338  -55.318  -13.752 0.0000000000
25657  -38.135  -53.691  -15.027 0.0000000000
27974  -35.634  -51.218  -17.850 0.0000000000
31810  -37.484  -47.127  -21.831 0.0000000000
18080  -39.393  -59.573  -25.813 0.0000000000
23602  -41.622  -54.841  -27.809 0.0000000000
21447  -41.519  -56.650  -30.671 0.0000000000
18214  -38.202  -59.671  -31.346 0.0000000000
28031  -40.609  -50.632  -20.339 0.0000000000
25728  -42.623  -51.810  -20.800 0.0000000000
14020  -40.981  -63.532  -26.278 0.0000000000
21431  -44.689  -56.674  -29.962 0.0000000000
20320  -42.144  -57.901  -29.345 0.0000000000
19238  -43.059  -58.737  -30.836 0.0000000000
16147  -41.398  -61.015  -30.560 0.0000000000
18218  -42.284  -59.195  -31.379 0.0000000000
20194  -41.830  -57.642  -24.236 0.0000000000
21300  -43.722  -56.688  -24.265 0.0000000000
24605  -45.979  -53.162  -22.760 0.0000000000
22412  -46.322  -55.341  -24.164 0.0000000000
23530  -47.858  -54.607  -24.802 0.0000000000
23581  -47.363  -54.304  -26.478 0.0000000000
24662  -48.490  -53.202  -26.080 0.0000000000
16986  -40.005  -60.081  -23.239 0.0000000000
18015  -39.716  -59.544  -21.717 0.0000000000
21220  -38.170  -56.221  -18.760 0.0000000000
20111  -37.490  -57.009  -20.120 0.0000000000
22371  -37.237  -55.438  -20.453 0.0000000000
24577  -38.119  -53.527  -20.677 0.0000000000
24566  -36.849  -53.722  -19.085 0.0000000000
24423  -41.278  -53.770  -12.716 0.0000000000
24469  -40.229  -54.363  -13.890 0.0000000000
24447  -38.931  -53.355  -13.425 0.0000000000
31745  -35.187  -47.790  -17.579 0.0000000000
27955  -34.997  -50.764  -16.299 0.0000000000
30495  -35.353  -48.619  -18.623 0.0000000000
29234  -36.257  -49.416  -19.128 0.0000000000
18102  -43.607  -59.713  -26.714 0.0000000000
17053  -41.022  -60.618  -26.323 0.0000000000
19146  -41.785  -58.595  -26.400 0.0000000000
18118  -37.501  -59.275  -27.171 0.0000000000
23576  -40.730  -54.216  -26.717 0.0000000000
22516  -41.779  -55.686  -29.259 0.0000000000
19235  -38.044  -58.612  -30.684 0.0000000000
24601  -41.462  -53.965  -22.204 0.0000000000
23499  -42.901  -54.213  -22.808 0.0000000000
24591  -42.854  -53.181  -21.590 0.0000000000
25751  -44.240  -52.296  -21.495 0.0000000000
25752  -45.833  -51.864  -21.876 0.0000000000
20140  -40.984  -58.284  -19.836 0.0000000000
22331  -40.502  -56.138  -17.705 0.0000000000
23423  -39.456  -55.079  -17.186 0.0000000000
27914  -39.454  -50.022  -13.734 0.0000000000
27879  -38.019  -51.151  -13.599 0.0000000000
29148  -38.100  -48.860  -14.708 0.0000000000
33017  -36.076  -47.220  -16.656 0.0000000000
34264  -35.494  -45.236  -18.734 0.0000000000
21387  -43.575  -56.149  -27.256 0.0000000000
20249  -41.147  -57.735  -26.682 0.0000000000
20296  -41.681  -57.400  -28.451 0.0000000000
19214  -39.821  -59.358  -29.024 0.0000000000
16112  -38.397  -61.066  -29.139 0.0000000000
15126  -39.751  -62.673  -29.727 0.0000000000
14119  -39.857  -63.205  -30.458 0.0000000000
14142  -39.205  -63.181  -31.125 0.0000000000
17009  -42.694  -60.941  -24.678 0.0000000000
16077  -43.597  -61.692  -26.276 0.0000000000
18065  -45.316  -59.457  -25.157 0.0000000000
19150  -45.483  -58.540  -26.092 0.0000000000
22411  -44.920  -55.772  -24.238 0.0000000000
21316  -46.480  -56.689  -24.844 0.0000000000
21356  -45.911  -56.631  -26.180 0.0000000000
23579  -46.023  -54.816  -27.423 0.0000000000
23605  -46.054  -54.724  -28.331 0.0000000000
22535  -45.967  -54.333  -30.326 0.0000000000
17008  -41.577  -60.991  -24.348 0.0000000000
19107  -40.963  -58.758  -24.215 0.0000000000
21296  -39.706  -56.878  -23.217 0.0000000000
20138  -38.795  -57.972  -20.825 0.0000000000
20178  -38.482  -57.099  -22.669 0.0000000000
22394  -39.247  -55.522  -22.471 0.0000000000
24588  -39.822  -53.470  -21.293 0.0000000000
25725  -39.288  -52.164  -20.361 0.0000000000
29237  -39.291  -50.210  -20.130 0.0000000000
25661  -41.933  -54.698  -15.642 0.0000000000
25683  -40.267  -54.556  -15.715 0.0000000000
24511  -38.265  -53.667  -16.307 0.0000000000
26775  -36.824  -51.781  -13.873 0.0000000000
25655  -36.247  -53.083  -15.639 0.0000000000
25697  -36.159  -52.978  -17.816 0.0000000000
27991  -36.763  -50.901  -18.986 0.0000000000
29236  -38.052  -49.949  -19.673 0.0000000000
16075  -41.448  -61.691  -26.481 0.0000000000
16056  -39.746  -61.370  -25.665 0.0000000000
19144  -39.290  -58.404  -26.641 0.0000000000
18078  -37.554  -59.681  -25.338 0.0000000000
26951  -49.135  -51.734  -26.932 0.0000000000
24724  -46.514  -52.999  -29.087 0.0000000000
23642  -44.538  -54.435  -30.290 0.0000000000
23640  -43.127  -55.246  -29.754 0.0000000000
21466  -42.870  -56.542  -31.287 0.0000000000
19252  -41.049  -58.530  -31.421 0.0000000000
17167  -39.071  -60.632  -31.641 0.0000000000
29266  -40.045  -49.409  -21.261 0.0000000000
29253  -41.086  -50.230  -21.081 0.0000000000
14021  -42.067  -63.470  -26.150 0.0000000000
14022  -42.887  -63.099  -26.018 0.0000000000
21449  -44.414  -56.364  -30.719 0.0000000000
19239  -43.338  -58.064  -30.457 0.0000000000
19255  -43.321  -58.044  -31.013 0.0000000000
18219  -42.646  -59.259  -31.121 0.0000000000
20357  -43.353  -57.252  -31.233 0.0000000000
21298  -41.541  -56.666  -23.761 0.0000000000
21299  -42.641  -56.633  -23.914 0.0000000000
22409  -42.337  -55.645  -23.559 0.0000000000
24606  -47.231  -53.031  -22.900 0.0000000000
23512  -47.002  -54.494  -23.948 0.0000000000
24618  -47.789  -53.567  -23.581 0.0000000000
23531  -48.247  -53.725  -25.322 0.0000000000
24619  -48.908  -52.847  -24.092 0.0000000000
16966  -42.191  -60.665  -21.287 0.0000000000
18017  -41.614  -59.692  -21.069 0.0000000000
16964  -40.370  -60.274  -21.967 0.0000000000
19085  -40.816  -59.283  -20.892 0.0000000000
22348  -37.922  -55.646  -18.444 0.0000000000
22362  -37.681  -56.103  -18.892 0.0000000000
22347  -37.210  -55.242  -18.757 0.0000000000
23462  -36.930  -54.600  -19.162 0.0000000000
23461  -36.777  -54.249  -18.598 0.0000000000
26750  -40.681  -51.478  -12.806 0.0000000000
26727  -42.221  -52.178  -12.707 0.0000000000
26726  -41.297  -52.268  -12.649 0.0000000000
25588  -41.807  -52.983  -12.484 0.0000000000
24422  -40.671  -53.273  -12.731 0.0000000000
24448  -40.037  -53.668  -13.020 0.0000000000
25613  -39.277  -52.666  -13.147 0.0000000000
31769  -34.852  -46.965  -18.185 0.0000000000
30482  -34.864  -49.018  -17.534 0.0000000000
31789  -35.688  -47.564  -19.494 0.0000000000
33110  -35.826  -45.857  -20.467 0.0000000000
19148  -44.052  -58.633  -26.507 0.0000000000
19147  -42.961  -58.589  -26.419 0.0000000000
21427  -40.230  -56.501  -29.687 0.0000000000
20340  -39.372  -57.531  -30.423 0.0000000000
20339  -38.478  -57.865  -30.235 0.0000000000
25748  -41.287  -52.957  -21.297 0.0000000000
24590  -41.877  -53.414  -21.660 0.0000000000
25749  -42.217  -52.745  -21.245 0.0000000000
28015  -42.929  -51.054  -21.125 0.0000000000
25743  -43.228  -52.111  -21.135 0.0000000000
26867  -43.955  -51.353  -21.195 0.0000000000
25762  -45.324  -52.586  -22.242 0.0000000000
26875  -45.128  -51.265  -21.477 0.0000000000
22330  -39.774  -55.816  -17.573 0.0000000000
23424  -40.214  -55.334  -16.787 0.0000000000
27915  -40.534  -49.979  -13.787 0.0000000000
29116  -39.935  -49.419  -14.434 0.0000000000
29115  -38.828  -49.502  -14.388 0.0000000000
30419  -38.312  -48.210  -15.364 0.0000000000
34238  -35.823  -45.482  -17.640 0.0000000000
15039  -38.290  -62.452  -25.479 0.0000000000
22497  -44.060  -55.923  -27.778 0.0000000000
21385  -42.178  -56.760  -27.815 0.0000000000
21408  -42.731  -56.711  -28.428 0.0000000000
18164  -41.389  -59.816  -29.786 0.0000000000
19216  -41.493  -58.535  -29.332 0.0000000000
18163  -40.595  -60.087  -29.607 0.0000000000
17115  -39.534  -61.253  -29.495 0.0000000000
16130  -38.953  -61.792  -29.455 0.0000000000
16146  -40.931  -61.572  -30.853 0.0000000000
15138  -40.541  -62.289  -30.577 0.0000000000
15155  -40.393  -62.221  -31.225 0.0000000000
13088  -39.529  -63.518  -30.793 0.0000000000
15154  -39.549  -62.398  -31.373 0.0000000000
18062  -43.180  -59.928  -24.722 0.0000000000
17010  -43.782  -60.828  -24.998 0.0000000000
19133  -45.647  -58.408  -25.639 0.0000000000
20215  -45.764  -57.774  -25.001 0.0000000000
23500  -43.728  -54.179  -22.950 0.0000000000
23510  -44.390  -54.645  -23.521 0.0000000000
22425  -47.047  -55.603  -24.589 0.0000000000
21331  -47.012  -56.205  -25.105 0.0000000000
21357  -46.470  -56.636  -25.702 0.0000000000
22469  -46.570  -55.679  -26.119 0.0000000000
22468  -45.645  -55.488  -26.630 0.0000000000
23607  -47.388  -53.965  -27.289 0.0000000000
23606  -46.768  -54.415  -27.857 0.0000000000
23627  -46.689  -54.274  -28.817 0.0000000000
23643  -46.151  -54.713  -29.670 0.0000000000
23645  -46.955  -53.595  -29.056 0.0000000000
18047  -39.618  -59.456  -23.234 0.0000000000
18048  -40.288  -59.635  -23.738 0.0000000000
19106  -39.961  -58.616  -23.664 0.0000000000
20193  -40.725  -57.653  -23.826 0.0000000000
20192  -39.775  -57.616  -23.434 0.0000000000
20139  -39.927  -58.086  -20.156 0.0000000000
19068  -39.612  -58.566  -20.832 0.0000000000
21268  -37.504  -56.081  -21.429 0.0000000000
20159  -37.547  -56.868  -21.645 0.0000000000
21280  -37.796  -56.144  -22.101 0.0000000000
21282  -39.305  -56.434  -22.830 0.0000000000
22393  -38.386  -55.381  -22.165 0.0000000000
23482  -39.881  -54.129  -21.945 0.0000000000
23494  -38.541  -54.707  -21.799 0.0000000000
24568  -37.758  -53.124  -20.108 0.0000000000
25738  -38.697  -52.837  -20.716 0.0000000000
26846  -38.603  -51.838  -19.717 0.0000000000
28010  -39.207  -51.016  -19.798 0.0000000000
27993  -38.575  -51.095  -19.654 0.0000000000
23358  -41.958  -55.342  -14.382 0.0000000000
25636  -39.541  -54.331  -14.506 0.0000000000
25659  -39.866  -54.510  -15.185 0.0000000000
25658  -38.978  -54.008  -15.175 0.0000000000
25699  -38.896  -53.989  -16.243 0.0000000000
25680  -37.721  -53.566  -15.541 0.0000000000
27912  -37.105  -50.652  -13.959 0.0000000000
27878  -37.381  -51.387  -13.689 0.0000000000
27911  -36.188  -50.283  -14.553 0.0000000000
27973  -35.009  -50.791  -17.386 0.0000000000
26812  -35.324  -51.357  -15.628 0.0000000000
26827  -35.458  -52.014  -17.304 0.0000000000
25679  -35.848  -53.118  -16.673 0.0000000000
26836  -36.142  -51.736  -18.433 0.0000000000
30526  -36.579  -47.908  -20.326 0.0000000000
29235  -36.948  -49.587  -19.574 0.0000000000
30527  -37.213  -48.218  -20.528 0.0000000000
30528  -38.357  -48.530  -20.855 0.0000000000
16076  -42.551  -61.796  -26.572 0.0000000000
18099  -40.610  -59.735  -26.178 0.0000000000
17034  -39.152  -60.435  -25.514 0.0000000000
16055  -38.812  -61.461  -25.345 0.0000000000
17033  -38.179  -60.482  -25.127 0.0000000000
20274  -39.874  -57.924  -27.483 0.0000000000
20248  -40.229  -57.851  -26.792 0.0000000000
18096  -36.543  -59.615  -26.638 0.0000000000
18097  -37.536  -59.265  -26.250 0.0000000000
25824  -48.885  -52.178  -26.313 0.0000000000
25823  -48.521  -51.898  -26.318 0.0000000000
24723  -46.042  -53.194  -28.922 0.0000000000
24739  -45.678  -53.513  -29.980 0.0000000000
24722  -44.720  -53.879  -29.320 0.0000000000
22530  -41.532  -56.042  -29.855 0.0000000000
22531  -42.391  -55.582  -29.977 0.0000000000
22546  -42.165  -56.122  -30.398 0.0000000000
22547  -42.783  -55.773  -30.825 0.0000000000
21448  -42.336  -56.411  -30.873 0.0000000000
20355  -41.540  -57.564  -31.354 0.0000000000
19250  -38.800  -58.962  -31.131 0.0000000000
18215  -39.439  -59.616  -31.437 0.0000000000
28012  -41.021  -51.139  -20.292 0.0000000000
25727  -42.064  -52.073  -20.267 0.0000000000
28013  -41.811  -51.220  -20.627 0.0000000000
28033  -42.126  -50.794  -21.047 0.0000000000
28049  -42.507  -50.307  -21.407 0.0000000000
30452  -38.791  -47.743  -15.744 0.0000000000
33020  -38.703  -46.638  -16.624 0.0000000000
14019  -40.171  -63.525  -26.234 0.0000000000
21410  -44.335  -56.214  -29.150 0.0000000000
20321  -42.866  -57.381  -29.278 0.0000000000
19218  -43.272  -57.943  -29.934 0.0000000000
19217  -42.660  -58.478  -29.988 0.0000000000
18191  -42.057  -60.004  -30.245 0.0000000000
16133  -41.296  -61.025  -30.151 0.0000000000
17139  -42.042  -60.330  -30.768 0.0000000000
17170  -42.009  -59.981  -31.270 0.0000000000
17169  -41.138  -60.250  -31.362 0.0000000000
20211  -42.481  -58.153  -24.334 0.0000000000
20195  -42.915  -57.472  -24.164 0.0000000000
20196  -43.601  -57.521  -24.374 0.0000000000
21301  -44.564  -56.715  -24.453 0.0000000000
24616  -45.299  -53.840  -23.221 0.0000000000
23511  -45.765  -54.689  -23.668 0.0000000000
24617  -46.518  -53.788  -23.365 0.0000000000
23529  -47.387  -54.773  -24.399 0.0000000000
23551  -47.001  -54.812  -26.075 0.0000000000
23552  -47.702  -54.371  -25.697 0.0000000000
24684  -47.907  -53.545  -26.579 0.0000000000
24685  -48.555  -52.739  -26.987 0.0000000000
18035  -39.986  -59.990  -22.027 0.0000000000
18034  -39.501  -59.600  -22.458 0.0000000000
21238  -38.644  -56.997  -19.281 0.0000000000
20112  -38.265  -57.301  -19.956 0.0000000000
21237  -37.914  -56.578  -19.312 0.0000000000
21236  -37.268  -56.266  -20.125 0.0000000000
22381  -37.546  -55.275  -21.239 0.0000000000
23480  -38.136  -54.349  -21.218 0.0000000000
23467  -37.076  -54.635  -20.184 0.0000000000
24567  -37.189  -53.687  -19.908 0.0000000000
25723  -37.468  -52.929  -19.639 0.0000000000
23313  -42.034  -54.459  -12.837 0.0000000000
23312  -41.510  -54.385  -13.092 0.0000000000
24470  -41.204  -54.817  -14.304 0.0000000000
24449  -41.065  -54.207  -13.492 0.0000000000
24468  -39.313  -53.908  -13.797 0.0000000000
25634  -38.041  -53.291  -14.112 0.0000000000
30450  -35.489  -48.517  -16.304 0.0000000000
27937  -35.350  -50.303  -15.428 0.0000000000
29176  -34.937  -49.799  -16.601 0.0000000000
29213  -35.071  -49.625  -18.222 0.0000000000
27990  -35.780  -50.430  -18.379 0.0000000000
30496  -35.873  -49.025  -19.063 0.0000000000
31790  -36.123  -47.464  -20.140 0.0000000000
31797  -36.759  -47.357  -20.896 0.0000000000
17055  -43.148  -60.777  -26.661 0.0000000000
18101  -42.528  -59.702  -26.510 0.0000000000
18100  -41.420  -59.680  -26.334 0.0000000000
18081  -40.038  -59.400  -25.980 0.0000000000
18119  -38.197  -59.165  -27.618 0.0000000000
23601  -40.246  -55.246  -27.884 0.0000000000
23622  -41.327  -55.438  -28.559 0.0000000000
22515  -41.137  -55.902  -29.029 0.0000000000
22529  -40.862  -56.214  -29.458 0.0000000000
21446  -40.600  -56.787  -30.415 0.0000000000
20354  -40.588  -57.839  -31.107 0.0000000000
19236  -39.032  -58.279  -30.731 0.0000000000
19249  -38.247  -59.090  -31.074 0.0000000000
23497  -40.848  -54.593  -22.519 0.0000000000
23508  -42.403  -54.816  -23.228 0.0000000000
23498  -41.845  -54.488  -22.793 0.0000000000
24602  -42.449  -53.725  -22.241 0.0000000000
24603  -43.744  -53.421  -22.178 0.0000000000
25742  -42.470  -52.209  -20.894 0.0000000000
24592  -43.506  -52.873  -21.564 0.0000000000
25761  -44.534  -52.867  -22.125 0.0000000000
25763  -46.609  -52.458  -22.295 0.0000000000
19070  -41.592  -58.938  -20.402 0.0000000000
20114  -40.477  -57.690  -19.383 0.0000000000
21223  -41.565  -56.775  -17.942 0.0000000000
20094  -40.046  -57.272  -18.748 0.0000000000
21221  -39.122  -56.524  -18.410 0.0000000000
22349  -38.968  -55.319  -17.985 0.0000000000
23447  -38.262  -54.875  -17.877 0.0000000000
27882  -41.133  -50.606  -13.207 0.0000000000
27881  -40.092  -50.794  -13.403 0.0000000000
27880  -39.019  -50.883  -13.377 0.0000000000
27913  -38.336  -50.276  -13.848 0.0000000000
29114  -37.722  -49.794  -14.501 0.0000000000
29147  -37.047  -49.180  -14.885 0.0000000000
31694  -38.056  -47.586  -15.691 0.0000000000
31692  -36.858  -48.147  -15.560 0.0000000000
30451  -36.055  -48.278  -15.957 0.0000000000
31712  -35.724  -47.604  -16.757 0.0000000000
33067  -35.161  -46.373  -18.275 0.0000000000
34291  -35.458  -45.161  -19.659 0.0000000000
21354  -44.022  -56.483  -26.625 0.0000000000
20250  -42.284  -57.444  -26.589 0.0000000000
21352  -42.293  -56.657  -27.033 0.0000000000
20275  -40.792  -57.470  -27.400 0.0000000000
20295  -40.613  -57.772  -28.143 0.0000000000
19188  -39.619  -58.801  -28.324 0.0000000000
15127  -40.334  -62.449  -30.034 0.0000000000
14097  -40.077  -63.028  -30.056 0.0000000000
13043  -39.161  -64.241  -29.938 0.0000000000
13062  -38.773  -64.514  -30.323 0.0000000000
13087  -38.947  -64.069  -30.950 0.0000000000
15017  -43.277  -62.178  -25.412 0.0000000000
15067  -43.244  -62.778  -26.026 0.0000000000
16032  -43.708  -61.647  -25.485 0.0000000000
16057  -44.093  -61.443  -25.833 0.0000000000
17037  -44.732  -60.414  -25.659 0.0000000000
17012  -45.063  -59.975  -25.185 0.0000000000
18082  -44.819  -59.854  -26.066 0.0000000000
18104  -45.084  -59.247  -26.221 0.0000000000
19149  -44.974  -58.611  -26.477 0.0000000000
20252  -44.533  -57.576  -26.459 0.0000000000
22410  -43.527  -55.684  -23.819 0.0000000000
22424  -45.988  -56.225  -24.489 0.0000000000
20232  -46.317  -57.349  -25.270 0.0000000000
20253  -45.433  -57.644  -26.327 0.0000000000
22467  -44.716  -55.807  -26.937 0.0000000000
22498  -44.478  -55.627  -27.543 0.0000000000
23580  -46.620  -54.692  -26.773 0.0000000000
22518  -44.499  -55.694  -28.393 0.0000000000
22533  -44.949  -55.652  -29.520 0.0000000000
22549  -44.950  -55.443  -30.412 0.0000000000
23670  -44.554  -55.131  -30.669 0.0000000000
16030  -42.228  -61.892  -24.591 0.0000000000
18061  -42.082  -60.032  -24.542 0.0000000000
16987  -40.588  -60.725  -23.552 0.0000000000
18060  -41.038  -60.038  -24.296 0.0000000000
19117  -41.666  -59.273  -24.408 0.0000000000
21297  -40.507  -56.683  -23.456 0.0000000000
22407  -40.618  -55.909  -23.167 0.0000000000
19069  -40.487  -58.694  -20.545 0.0000000000
19083  -39.120  -58.805  -21.679 0.0000000000
20160  -38.069  -57.735  -21.942 0.0000000000
19096  -38.703  -57.768  -22.526 0.0000000000
20179  -39.124  -57.388  -22.988 0.0000000000
21283  -40.064  -56.299  -23.071 0.0000000000
22395  -40.175  -55.547  -22.756 0.0000000000
23483  -40.496  -54.236  -22.161 0.0000000000
24589  -40.828  -53.730  -21.681 0.0000000000
25740  -40.489  -52.616  -20.842 0.0000000000
24587  -38.761  -53.770  -21.137 0.0000000000
24579  -39.709  -52.946  -20.946 0.0000000000
26865  -40.599  -52.119  -20.438 0.0000000000
28011  -40.078  -50.941  -20.015 0.0000000000
29238  -40.139  -50.430  -20.208 0.0000000000
25638  -41.333  -54.675  -15.026 0.0000000000
25660  -40.887  -54.564  -15.342 0.0000000000
25701  -40.668  -54.640  -16.137 0.0000000000
25700  -39.702  -54.459  -16.128 0.0000000000
23422  -38.671  -54.493  -17.321 0.0000000000
23421  -37.764  -54.389  -17.437 0.0000000000
26748  -38.679  -51.843  -13.489 0.0000000000
25611  -37.767  -52.433  -13.646 0.0000000000
26795  -36.804  -52.408  -14.265 0.0000000000
26793  -35.538  -51.034  -14.784 0.0000000000
26794  -36.082  -52.079  -14.834 0.0000000000
25656  -37.140  -53.086  -14.805 0.0000000000
24490  -36.621  -53.491  -16.225 0.0000000000
24509  -36.688  -53.471  -16.984 0.0000000000
24532  -36.607  -53.780  -17.640 0.0000000000
24555  -36.537  -53.643  -18.407 0.0000000000
25713  -36.701  -52.786  -19.054 0.0000000000
26837  -37.283  -51.743  -19.069 0.0000000000
28008  -36.500  -50.088  -19.059 0.0000000000
28009  -37.201  -50.319  -19.380 0.0000000000
27992  -37.841  -50.916  -19.339 0.0000000000
30516  -38.666  -49.297  -20.201 0.0000000000
30529  -39.198  -48.997  -20.676 0.0000000000
15066  -42.794  -62.680  -26.321 0.0000000000
15065  -41.798  -62.693  -26.469 0.0000000000
15064  -40.570  -62.580  -26.277 0.0000000000
17054  -42.056  -60.749  -26.520 0.0000000000
16074  -40.520  -61.446  -26.109 0.0000000000
15040  -39.472  -62.481  -25.861 0.0000000000
19145  -40.487  -58.701  -26.307 0.0000000000
19131  -38.932  -59.030  -26.042 0.0000000000
19166  -38.330  -58.643  -27.066 0.0000000000
19143  -38.317  -59.044  -26.347 0.0000000000
18079  -38.513  -59.541  -25.710 0.0000000000
29281  -42.273  -49.293  -22.210 0.0000000000
26876  -46.485  -51.105  -21.631 0.0000000000
25753  -47.226  -51.797  -21.775 0.0000000000
25764  -47.981  -52.364  -22.335 0.0000000000
24638  -48.792  -52.823  -25.234 0.0000000000
25844  -49.119  -52.263  -26.928 0.0000000000
25864  -48.386  -52.211  -27.428 0.0000000000
25842  -47.428  -51.973  -26.984 0.0000000000
25863  -47.571  -52.485  -27.689 0.0000000000
24741  -47.143  -53.047  -29.024 0.0000000000
24740  -46.377  -53.351  -29.436 0.0000000000
24754  -45.385  -53.958  -30.714 0.0000000000
23669  -44.296  -55.115  -30.791 0.0000000000
23623  -42.464  -55.298  -28.852 0.0000000000
23624  -43.645  -54.658  -29.121 0.0000000000
23625  -44.222  -54.497  -29.805 0.0000000000
23641  -43.790  -54.940  -30.250 0.0000000000
22548  -43.483  -55.302  -30.906 0.0000000000
21467  -43.579  -56.333  -31.291 0.0000000000
20356  -42.497  -57.529  -31.460 0.0000000000
19253  -42.020  -58.442  -31.638 0.0000000000
18216  -40.551  -59.454  -31.463 0.0000000000
17168  -40.155  -60.467  -31.498 0.0000000000
16168  -38.852  -61.654  -31.541 0.0000000000
13063  -39.382  -63.910  -30.383 0.0000000000
14005  -42.823  -63.134  -25.765 0.0000000000
14006  -43.235  -62.931  -25.924 0.0000000000
14023  -43.124  -63.066  -25.948 0.0000000000
14096  -39.545  -63.509  -29.921 0.0000000000
14120  -40.264  -62.807  -30.373 0.0000000000
14143  -39.897  -62.969  -31.014 0.0000000000
14144  -40.260  -62.769  -30.760 0.0000000000
15041  -40.137  -61.997  -25.870 0.0000000000
15043  -43.327  -62.462  -25.803 0.0000000000
16031  -43.178  -61.776  -24.998 0.0000000000
16058  -44.319  -61.100  -26.142 0.0000000000
16078  -44.158  -61.034  -26.370 0.0000000000
16132  -40.765  -61.523  -30.131 0.0000000000
16169  -39.866  -61.492  -31.597 0.0000000000
16171  -41.496  -60.836  -31.119 0.0000000000
16976  -39.717  -59.963  -22.938 0.0000000000
17007  -40.967  -60.761  -24.113 0.0000000000
17035  -40.084  -60.352  -25.913 0.0000000000
17036  -44.237  -60.946  -25.464 0.0000000000
17038  -45.129  -59.826  -25.361 0.0000000000
17052  -35.985  -59.880  -26.761 0.0000000000
17057  -44.446  -60.499  -26.273 0.0000000000
17116  -40.080  -60.773  -29.597 0.0000000000
17118  -41.622  -60.552  -30.215 0.0000000000
17140  -42.437  -59.821  -31.063 0.0000000000
17171  -42.382  -59.596  -31.207 0.0000000000
18016  -40.484  -59.808  -21.508 0.0000000000
18064  -45.003  -59.643  -24.862 0.0000000000
18083  -45.287  -59.353  -25.670 0.0000000000
18098  -37.979  -59.380  -25.915 0.0000000000
18103  -44.498  -59.650  -26.508 0.0000000000
18162  -39.972  -59.878  -29.337 0.0000000000
18165  -42.126  -59.350  -29.950 0.0000000000
18190  -37.958  -59.133  -31.046 0.0000000000
18192  -42.522  -59.502  -30.595 0.0000000000
18217  -41.567  -59.334  -31.480 0.0000000000
19082  -38.695  -58.209  -22.158 0.0000000000
19084  -39.953  -59.191  -21.110 0.0000000000
19108  -41.874  -58.553  -24.370 0.0000000000
19122  -45.504  -58.614  -25.273 0.0000000000
19130  -38.578  -59.180  -26.038 0.0000000000
19132  -39.615  -58.915  -26.042 0.0000000000
19142  -37.916  -59.121  -26.441 0.0000000000
19165  -37.880  -58.979  -26.648 0.0000000000
19187  -38.782  -58.877  -27.700 0.0000000000
19215  -40.445  -59.216  -29.252 0.0000000000
19254  -42.810  -58.396  -31.342 0.0000000000
20095  -41.031  -57.278  -18.715 0.0000000000
20136  -37.356  -56.653  -20.833 0.0000000000
20137  -37.771  -57.395  -20.863 0.0000000000
20161  -38.641  -58.190  -21.648 0.0000000000
20177  -37.898  -56.852  -22.333 0.0000000000
20216  -46.317  -57.361  -25.050 0.0000000000
20231  -45.953  -57.766  -25.336 0.0000000000
20254  -45.918  -57.591  -25.826 0.0000000000
20255  -46.291  -57.272  -25.475 0.0000000000
20276  -41.628  -57.063  -27.227 0.0000000000
20294  -40.116  -58.144  -28.148 0.0000000000
20297  -42.362  -57.087  -28.632 0.0000000000
20318  -38.064  -57.415  -29.904 0.0000000000
20319  -38.672  -57.298  -29.913 0.0000000000
20322  -43.857  -57.489  -30.015 0.0000000000
20323  -44.219  -57.055  -30.536 0.0000000000
20342  -40.908  -57.242  -30.853 0.0000000000
20343  -43.703  -57.492  -30.748 0.0000000000
20344  -44.001  -56.894  -31.055 0.0000000000
20358  -43.783  -56.683  -31.227 0.0000000000
21205  -39.841  -56.274  -17.866 0.0000000000
21206  -39.995  -56.432  -18.031 0.0000000000
21222  -40.490  -56.651  -18.232 0.0000000000
21256  -37.329  -55.954  -20.830 0.0000000000
21281  -38.465  -56.233  -22.514 0.0000000000
21313  -44.151  -57.241  -24.513 0.0000000000
21317  -47.076  -56.044  -24.886 0.0000000000
21330  -46.556  -56.849  -25.248 0.0000000000
21353  -43.008  -56.598  -26.712 0.0000000000
21355  -45.048  -56.568  -26.440 0.0000000000
21358  -46.890  -56.303  -25.437 0.0000000000
21386  -42.854  -56.383  -27.523 0.0000000000
21407  -42.208  -56.938  -28.340 0.0000000000
21428  -40.932  -56.387  -30.053 0.0000000000
21429  -43.240  -56.732  -28.895 0.0000000000
21430  -43.766  -56.752  -29.355 0.0000000000
21465  -42.157  -56.905  -31.264 0.0000000000
22271  -43.054  -55.365  -13.826 0.0000000000
22288  -42.047  -55.409  -13.974 0.0000000000
22289  -42.531  -55.510  -14.289 0.0000000000
22316  -40.115  -55.717  -17.367 0.0000000000
22317  -40.393  -55.748  -17.377 0.0000000000
22361  -37.169  -55.654  -19.378 0.0000000000
22392  -37.789  -55.556  -21.793 0.0000000000
22397  -41.789  -55.183  -23.240 0.0000000000
22408  -41.311  -55.874  -23.378 0.0000000000
22413  -46.968  -55.070  -24.283 0.0000000000
22441  -47.306  -55.704  -25.443 0.0000000000
22466  -44.113  -55.888  -27.131 0.0000000000
22470  -46.986  -56.015  -25.749 0.0000000000
22499  -45.199  -55.181  -27.687 0.0000000000
22517  -44.096  -55.996  -28.152 0.0000000000
22519  -45.545  -55.227  -28.912 0.0000000000
22532  -43.124  -55.355  -30.423 0.0000000000
22534  -45.974  -55.085  -29.949 0.0000000000
22550  -45.541  -54.474  -30.446 0.0000000000
22551  -45.833  -54.122  -30.626 0.0000000000
22562  -43.308  -55.817  -31.225 0.0000000000
22563  -43.907  -55.550  -31.196 0.0000000000
22564  -44.395  -55.639  -30.937 0.0000000000
23314  -42.989  -54.405  -12.673 0.0000000000
23339  -41.746  -54.994  -13.555 0.0000000000
23359  -42.640  -55.612  -14.986 0.0000000000
23398  -40.111  -55.571  -17.163 0.0000000000
23420  -37.065  -54.239  -17.654 0.0000000000
23445  -36.677  -54.242  -18.075 0.0000000000
23448  -38.908  -54.803  -17.728 0.0000000000
23468  -37.650  -54.263  -20.668 0.0000000000
23479  -37.475  -54.781  -20.796 0.0000000000
23481  -39.063  -54.196  -21.574 0.0000000000
23495  -39.166  -54.739  -22.131 0.0000000000
23496  -39.989  -54.806  -22.311 0.0000000000
23509  -43.195  -54.788  -23.424 0.0000000000
23513  -47.989  -54.049  -24.226 0.0000000000
23514  -48.398  -53.620  -24.708 0.0000000000
23553  -48.104  -53.726  -25.654 0.0000000000
23621  -40.755  -55.622  -28.563 0.0000000000
23626  -46.131  -54.710  -29.260 0.0000000000
23628  -47.275  -53.718  -28.268 0.0000000000
23644  -46.242  -54.212  -29.649 0.0000000000
23655  -44.139  -54.942  -30.751 0.0000000000
23656  -44.909  -54.507  -30.595 0.0000000000
23657  -45.606  -54.025  -30.732 0.0000000000
23658  -45.953  -53.838  -30.383 0.0000000000
24424  -42.338  -53.727  -12.436 0.0000000000
24446  -38.424  -53.257  -13.699 0.0000000000
24467  -38.650  -53.564  -13.858 0.0000000000
24471  -42.007  -55.157  -15.110 0.0000000000
24491  -37.030  -53.560  -15.631 0.0000000000
24510  -37.596  -53.607  -16.319 0.0000000000
24512  -40.753  -55.184  -16.645 0.0000000000
24533  -37.367  -53.795  -17.162 0.0000000000
24534  -38.320  -53.884  -16.748 0.0000000000
24535  -39.201  -54.396  -16.684 0.0000000000
24536  -40.115  -54.906  -16.461 0.0000000000
24537  -41.085  -54.887  -16.464 0.0000000000
24538  -41.858  -54.874  -16.684 0.0000000000
24576  -37.486  -54.025  -20.379 0.0000000000
24578  -39.041  -53.105  -21.058 0.0000000000
24586  -38.384  -53.927  -20.943 0.0000000000
24600  -40.921  -54.119  -22.136 0.0000000000
24604  -44.870  -53.272  -22.578 0.0000000000
24661  -47.991  -53.649  -26.071 0.0000000000
24705  -47.860  -52.864  -27.537 0.0000000000
24706  -48.460  -52.531  -27.287 0.0000000000
24738  -45.154  -53.870  -30.427 0.0000000000
24755  -45.638  -53.773  -30.511 0.0000000000
24756  -45.932  -53.552  -30.218 0.0000000000
25587  -41.055  -52.995  -12.557 0.0000000000
25612  -38.233  -52.707  -13.548 0.0000000000
25614  -40.362  -52.577  -12.795 0.0000000000
25633  -37.418  -52.587  -13.855 0.0000000000
25635  -38.733  -53.833  -14.426 0.0000000000
25637  -40.524  -54.542  -14.709 0.0000000000
25681  -38.467  -53.697  -15.887 0.0000000000
25682  -39.310  -54.215  -15.728 0.0000000000
25684  -41.219  -54.597  -15.855 0.0000000000
25698  -38.492  -53.745  -16.284 0.0000000000
25714  -37.796  -52.261  -19.361 0.0000000000
25715  -38.320  -52.055  -19.500 0.0000000000
25722  -37.053  -53.294  -19.406 0.0000000000
25724  -38.413  -52.411  -20.145 0.0000000000
25729  -42.968  -51.653  -21.037 0.0000000000
25739  -39.384  -52.572  -20.664 0.0000000000
25741  -41.631  -52.387  -20.812 0.0000000000
25744  -43.795  -51.889  -21.205 0.0000000000
25747  -40.622  -53.181  -21.287 0.0000000000
25750  -43.112  -52.565  -21.243 0.0000000000
25843  -48.492  -51.807  -27.201 0.0000000000
25865  -48.777  -52.283  -27.325 0.0000000000
25882  -46.320  -52.720  -28.473 0.0000000000
25883  -46.778  -52.689  -28.663 0.0000000000
25884  -47.427  -52.738  -28.324 0.0000000000
25900  -46.760  -52.961  -29.112 0.0000000000
25901  -46.974  -52.850  -29.026 0.0000000000
26747  -37.721  -51.993  -13.597 0.0000000000
26751  -41.712  -51.405  -12.893 0.0000000000
26773  -35.836  -50.713  -14.542 0.0000000000
26774  -36.169  -51.093  -14.294 0.0000000000
26813  -35.468  -52.304  -16.059 0.0000000000
26826  -35.090  -51.496  -16.538 0.0000000000
26839  -38.752  -51.455  -19.785 0.0000000000
26847  -39.345  -51.631  -20.146 0.0000000000
26848  -40.569  -51.669  -20.250 0.0000000000
26849  -41.540  -51.693  -20.260 0.0000000000
26850  -42.235  -51.597  -20.629 0.0000000000
26851  -42.808  -51.408  -21.029 0.0000000000
26852  -43.281  -51.223  -21.166 0.0000000000
26864  -39.965  -52.083  -20.495 0.0000000000
26866  -43.313  -51.542  -21.132 0.0000000000
26952  -49.242  -51.956  -26.904 0.0000000000
26969  -49.025  -51.847  -27.321 0.0000000000
26970  -49.249  -51.871  -27.121 0.0000000000
26988  -48.980  -52.039  -27.461 0.0000000000
26989  -49.175  -52.026  -27.291 0.0000000000
27910  -35.679  -50.471  -14.792 0.0000000000
27938  -35.760  -50.120  -14.895 0.0000000000
27989  -34.960  -50.241  -18.029 0.0000000000
28007  -36.111  -49.832  -18.774 0.0000000000
28014  -42.491  -51.176  -20.934 0.0000000000
28032  -41.283  -50.629  -20.709 0.0000000000
28034  -42.843  -50.807  -21.212 0.0000000000
28048  -41.669  -50.320  -21.318 0.0000000000
28050  -43.352  -50.299  -21.407 0.0000000000
29112  -36.330  -49.902  -14.699 0.0000000000
29113  -36.742  -49.891  -14.589 0.0000000000
29145  -35.409  -49.400  -15.731 0.0000000000
29197  -34.768  -49.902  -17.612 0.0000000000
29214  -35.733  -49.489  -18.703 0.0000000000
29215  -38.534  -50.602  -19.732 0.0000000000
29216  -38.912  -50.742  -19.811 0.0000000000
29252  -40.457  -50.018  -20.622 0.0000000000
29269  -42.904  -49.697  -21.690 0.0000000000
30416  -35.747  -48.970  -15.580 0.0000000000
30417  -36.345  -48.585  -15.535 0.0000000000
30418  -37.350  -48.484  -15.275 0.0000000000
30420  -39.036  -48.215  -15.515 0.0000000000
30513  -35.551  -48.028  -19.133 0.0000000000
30514  -36.279  -48.514  -19.660 0.0000000000
30515  -37.573  -49.043  -20.118 0.0000000000
30517  -39.254  -49.437  -20.326 0.0000000000
31693  -37.387  -47.842  -15.555 0.0000000000
31713  -36.420  -47.772  -16.068 0.0000000000
31715  -38.322  -47.200  -16.172 0.0000000000
31744  -34.891  -47.242  -17.972 0.0000000000
31809  -36.795  -46.808  -21.467 0.0000000000
33035  -35.095  -47.170  -17.679 0.0000000000
33036  -35.579  -46.773  -17.264 0.0000000000
33066  -34.937  -46.884  -17.833 0.0000000000
