#!ascii label  , from subject 3770 vox2ras=TkReg
1061
137948  44.501  40.830  -0.596 0.0000000000
139510  49.730  43.121  -0.546 0.0000000000
134465  50.495  36.460  6.546 0.0000000000
135299  39.123  37.499  1.422 0.0000000000
133731  42.309  35.389  2.241 0.0000000000
136131  45.719  38.585  -6.991 0.0000000000
140993  45.086  44.975  1.488 0.0000000000
141828  44.368  45.544  -1.633 0.0000000000
131117  51.484  32.244  9.383 0.0000000000
128262  48.363  29.560  2.919 0.0000000000
137007  49.960  39.228  -2.543 0.0000000000
136922  47.715  39.579  3.543 0.0000000000
138723  51.917  41.696  4.297 0.0000000000
135967  49.154  38.188  8.846 0.0000000000
144629  47.016  49.129  -5.002 0.0000000000
138823  47.954  41.323  -6.452 0.0000000000
132066  46.403  33.605  2.980 0.0000000000
136966  41.710  39.973  0.175 0.0000000000
135296  41.040  37.532  2.108 0.0000000000
136047  43.095  38.833  1.900 0.0000000000
137025  45.792  39.845  -3.996 0.0000000000
136994  42.210  39.942  -2.208 0.0000000000
143236  44.259  47.875  2.265 0.0000000000
128168  51.471  29.800  11.063 0.0000000000
128209  52.649  29.471  7.584 0.0000000000
126407  53.856  27.777  9.268 0.0000000000
143996  49.490  48.409  -8.116 0.0000000000
137978  51.254  40.420  -2.156 0.0000000000
136957  52.245  39.449  1.130 0.0000000000
139477  51.574  41.948  1.969 0.0000000000
139427  46.168  42.531  6.890 0.0000000000
139418  48.346  42.766  7.445 0.0000000000
135982  46.835  38.494  7.849 0.0000000000
133663  48.704  35.337  9.046 0.0000000000
141026  48.180  44.866  -1.577 0.0000000000
140268  46.029  43.624  -3.670 0.0000000000
139535  49.513  42.980  -4.002 0.0000000000
138014  50.541  40.141  -6.018 0.0000000000
136016  48.464  38.605  5.523 0.0000000000
134483  46.329  36.363  4.750 0.0000000000
133720  48.157  35.021  4.614 0.0000000000
132950  41.294  34.135  1.349 0.0000000000
131190  42.864  32.614  0.176 0.0000000000
137105  46.593  39.153  -10.269 0.0000000000
136159  42.156  38.900  -9.008 0.0000000000
140228  47.754  43.764  0.821 0.0000000000
139469  49.283  42.960  3.521 0.0000000000
146760  43.926  52.592  -0.797 0.0000000000
145334  43.757  49.865  -2.313 0.0000000000
143241  47.220  47.306  1.231 0.0000000000
132892  51.010  34.616  7.664 0.0000000000
131153  48.779  32.941  5.685 0.0000000000
129243  50.130  30.417  6.909 0.0000000000
128250  51.678  29.618  3.518 0.0000000000
137980  47.647  40.452  -2.058 0.0000000000
136961  46.479  40.113  1.202 0.0000000000
137933  48.952  40.072  0.424 0.0000000000
137898  49.770  40.267  3.306 0.0000000000
136889  50.685  39.241  6.289 0.0000000000
140934  50.702  44.357  5.220 0.0000000000
138685  50.474  41.436  7.649 0.0000000000
135979  51.326  38.062  7.809 0.0000000000
133672  50.480  35.466  9.177 0.0000000000
131096  49.895  32.328  10.417 0.0000000000
143934  50.153  49.360  -4.925 0.0000000000
142657  46.653  46.362  -8.591 0.0000000000
141077  44.917  44.334  -6.743 0.0000000000
139583  46.346  42.408  -9.154 0.0000000000
137093  49.078  38.109  -8.205 0.0000000000
137054  48.491  39.169  -5.355 0.0000000000
135288  44.405  37.660  3.314 0.0000000000
132929  43.996  34.605  3.285 0.0000000000
132107  44.558  33.145  -0.631 0.0000000000
130215  47.127  31.607  2.854 0.0000000000
137939  42.746  40.249  -0.318 0.0000000000
136951  42.882  39.415  1.330 0.0000000000
136964  43.659  39.876  0.806 0.0000000000
138782  44.958  41.024  -2.261 0.0000000000
137027  43.648  39.707  -3.652 0.0000000000
137967  43.571  40.898  -1.769 0.0000000000
137951  42.069  40.132  -1.462 0.0000000000
128149  51.440  28.932  12.353 0.0000000000
127300  53.312  28.391  10.991 0.0000000000
126362  52.741  27.878  12.386 0.0000000000
129308  41.997  30.715  -0.982 0.0000000000
138765  50.983  42.267  -1.836 0.0000000000
138753  51.384  40.895  -0.554 0.0000000000
138751  50.277  42.238  0.369 0.0000000000
137849  45.144  40.348  6.993 0.0000000000
137848  46.192  40.334  7.293 0.0000000000
141024  49.615  44.627  -1.587 0.0000000000
140252  49.303  44.086  -2.740 0.0000000000
140250  50.368  43.925  -2.386 0.0000000000
139522  51.197  42.457  -3.274 0.0000000000
135262  49.320  37.131  5.920 0.0000000000
134471  48.463  36.475  5.459 0.0000000000
133710  49.236  35.458  5.391 0.0000000000
134499  38.460  36.539  1.644 0.0000000000
134498  39.546  36.568  1.819 0.0000000000
134494  42.039  36.461  2.430 0.0000000000
133740  41.010  35.143  1.667 0.0000000000
133739  41.701  34.955  1.705 0.0000000000
132965  41.789  33.838  0.902 0.0000000000
132949  42.278  34.311  1.427 0.0000000000
136155  46.371  38.492  -8.884 0.0000000000
136166  44.701  38.670  -9.821 0.0000000000
136143  44.271  38.439  -7.982 0.0000000000
136055  39.685  38.680  0.230 0.0000000000
135300  38.099  37.344  0.818 0.0000000000
140229  46.951  44.360  0.860 0.0000000000
139482  46.619  42.994  2.505 0.0000000000
139483  45.791  42.936  2.919 0.0000000000
141799  44.599  45.915  1.707 0.0000000000
142556  46.267  47.800  2.322 0.0000000000
141797  46.619  46.265  1.463 0.0000000000
141810  47.752  45.762  0.548 0.0000000000
132021  51.182  33.548  8.782 0.0000000000
130199  49.618  32.023  7.380 0.0000000000
130181  50.728  31.572  8.432 0.0000000000
128225  53.880  29.015  6.221 0.0000000000
128226  52.725  29.361  6.493 0.0000000000
128240  53.672  29.446  4.237 0.0000000000
137008  49.176  39.802  -2.662 0.0000000000
137962  48.884  40.323  -1.230 0.0000000000
137943  49.659  39.923  -0.733 0.0000000000
137908  52.272  40.414  2.616 0.0000000000
136933  51.490  39.880  2.179 0.0000000000
137897  50.873  40.450  3.464 0.0000000000
137878  50.468  40.266  4.983 0.0000000000
137877  51.200  40.783  5.592 0.0000000000
140163  48.156  44.118  5.345 0.0000000000
140180  49.815  44.046  4.695 0.0000000000
141772  49.459  45.123  6.268 0.0000000000
137838  49.127  39.944  8.313 0.0000000000
139417  49.764  42.541  7.577 0.0000000000
137837  49.916  39.757  8.487 0.0000000000
137843  51.348  39.514  7.997 0.0000000000
136863  50.709  38.698  8.498 0.0000000000
135222  51.132  37.161  8.703 0.0000000000
135223  50.427  37.191  9.127 0.0000000000
132012  47.912  33.586  9.233 0.0000000000
132866  48.640  34.455  9.299 0.0000000000
144627  49.056  49.191  -5.236 0.0000000000
143967  48.184  48.329  -6.493 0.0000000000
143310  46.271  47.583  -6.965 0.0000000000
143269  43.094  47.534  -1.792 0.0000000000
143931  43.733  48.483  -3.579 0.0000000000
141839  43.525  45.872  -2.596 0.0000000000
139547  46.712  42.897  -4.927 0.0000000000
140286  45.626  43.327  -5.419 0.0000000000
139566  45.784  42.579  -6.617 0.0000000000
140305  45.832  43.298  -8.155 0.0000000000
138834  46.620  41.555  -7.394 0.0000000000
138043  47.199  40.037  -8.775 0.0000000000
138025  48.719  40.549  -6.772 0.0000000000
137036  50.622  39.306  -4.078 0.0000000000
137053  49.489  38.989  -5.567 0.0000000000
137037  49.775  38.794  -4.140 0.0000000000
137023  47.740  39.933  -3.768 0.0000000000
136946  47.320  39.905  2.030 0.0000000000
136938  45.735  39.374  2.298 0.0000000000
136037  46.282  38.981  3.300 0.0000000000
132923  46.105  34.531  4.151 0.0000000000
133724  44.919  35.342  4.088 0.0000000000
132931  45.168  33.891  2.827 0.0000000000
132089  44.722  33.343  1.211 0.0000000000
132088  45.710  33.201  1.241 0.0000000000
129259  48.140  30.295  4.370 0.0000000000
130211  47.534  31.860  4.252 0.0000000000
128263  47.495  30.078  2.961 0.0000000000
136054  40.364  38.973  0.852 0.0000000000
135298  40.172  37.547  1.665 0.0000000000
136049  40.947  38.639  1.655 0.0000000000
136043  41.671  38.144  2.154 0.0000000000
135294  42.807  37.336  2.705 0.0000000000
137057  45.688  39.022  -5.678 0.0000000000
136967  40.537  39.450  -0.022 0.0000000000
129194  51.400  31.167  10.267 0.0000000000
128195  51.797  30.015  8.911 0.0000000000
128183  52.576  29.253  9.802 0.0000000000
127311  53.474  28.539  9.632 0.0000000000
137019  51.049  39.728  -2.567 0.0000000000
136991  50.897  39.262  -1.198 0.0000000000
137942  51.840  39.950  -0.204 0.0000000000
138743  51.969  41.030  1.439 0.0000000000
138727  52.161  41.546  3.296 0.0000000000
140131  46.668  44.489  7.462 0.0000000000
140129  48.305  44.095  7.458 0.0000000000
139419  47.113  42.155  7.394 0.0000000000
137847  47.252  40.364  7.565 0.0000000000
136866  48.154  39.020  8.204 0.0000000000
135225  48.389  37.295  8.851 0.0000000000
135226  47.263  37.357  8.485 0.0000000000
133675  46.941  35.505  8.609 0.0000000000
132023  46.558  33.734  8.543 0.0000000000
144611  47.269  49.742  -3.793 0.0000000000
141826  46.793  45.117  -0.958 0.0000000000
141042  44.959  44.730  -2.646 0.0000000000
141040  46.908  44.252  -2.490 0.0000000000
140276  47.696  43.248  -4.091 0.0000000000
139555  48.881  41.957  -5.209 0.0000000000
138015  49.711  40.694  -6.324 0.0000000000
138803  50.502  41.641  -5.014 0.0000000000
138005  51.410  40.717  -4.198 0.0000000000
136913  47.765  39.438  4.503 0.0000000000
136021  46.334  38.154  4.313 0.0000000000
135270  47.037  37.072  5.343 0.0000000000
133721  47.430  35.233  4.631 0.0000000000
132065  47.062  33.522  3.273 0.0000000000
128275  49.604  29.413  1.729 0.0000000000
128298  47.556  29.399  1.061 0.0000000000
132094  39.484  33.359  1.981 0.0000000000
133741  40.119  35.532  2.048 0.0000000000
132951  40.323  34.330  1.856 0.0000000000
131182  40.015  32.524  1.666 0.0000000000
131192  41.086  32.005  0.763 0.0000000000
131200  41.883  31.960  0.050 0.0000000000
130248  42.816  31.435  -0.942 0.0000000000
138070  45.577  40.639  -11.171 0.0000000000
138055  43.964  40.302  -10.086 0.0000000000
140239  49.157  43.948  -0.325 0.0000000000
139494  48.747  42.790  1.526 0.0000000000
139495  47.700  43.001  1.595 0.0000000000
139458  47.888  43.090  4.114 0.0000000000
140938  46.667  44.569  6.012 0.0000000000
141764  45.766  45.576  6.944 0.0000000000
140149  45.448  43.581  7.037 0.0000000000
146064  43.683  51.357  -1.337 0.0000000000
144601  43.015  49.493  -0.700 0.0000000000
143264  44.178  47.197  -0.345 0.0000000000
142593  45.844  46.499  -0.127 0.0000000000
142591  47.731  46.438  -0.049 0.0000000000
141015  48.853  44.934  -0.720 0.0000000000
133704  50.431  35.419  6.587 0.0000000000
132054  49.346  33.814  5.772 0.0000000000
132047  49.803  33.830  6.695 0.0000000000
129245  49.080  31.663  6.301 0.0000000000
128244  49.149  29.825  4.850 0.0000000000
128210  51.521  30.056  7.781 0.0000000000
128236  50.255  29.817  5.833 0.0000000000
128251  50.526  29.593  3.641 0.0000000000
137965  45.885  40.779  -1.541 0.0000000000
137936  45.756  40.409  0.485 0.0000000000
137946  46.753  40.493  -0.421 0.0000000000
137934  47.898  40.247  0.400 0.0000000000
137913  48.082  40.037  1.886 0.0000000000
136959  50.573  39.446  0.221 0.0000000000
137922  49.964  39.963  1.405 0.0000000000
137899  49.079  39.987  2.865 0.0000000000
136912  48.765  39.662  4.694 0.0000000000
136015  49.411  38.718  5.721 0.0000000000
135261  50.034  37.561  6.048 0.0000000000
139468  50.377  42.727  3.210 0.0000000000
140199  50.968  43.065  3.790 0.0000000000
140159  51.464  43.000  5.021 0.0000000000
140128  49.516  43.657  7.369 0.0000000000
139424  51.041  42.526  6.195 0.0000000000
138711  51.346  41.777  5.835 0.0000000000
137857  51.234  40.472  6.990 0.0000000000
136002  51.269  38.547  7.018 0.0000000000
134464  51.165  36.897  6.831 0.0000000000
133694  51.272  35.553  7.936 0.0000000000
132891  51.258  34.863  8.396 0.0000000000
132863  51.365  34.041  10.130 0.0000000000
133662  49.472  35.279  9.324 0.0000000000
132864  50.603  34.400  10.261 0.0000000000
132002  51.220  32.679  10.326 0.0000000000
129196  50.228  30.767  10.613 0.0000000000
143982  49.914  48.579  -6.847 0.0000000000
143336  48.332  47.460  -8.796 0.0000000000
141940  46.996  45.140  -9.595 0.0000000000
141852  44.133  45.262  -4.012 0.0000000000
143311  45.479  47.124  -6.723 0.0000000000
141916  45.497  45.337  -7.918 0.0000000000
141103  46.195  44.373  -9.043 0.0000000000
140333  46.777  43.206  -9.793 0.0000000000
138854  46.730  40.907  -9.987 0.0000000000
137095  47.395  39.174  -8.830 0.0000000000
136140  47.724  37.952  -7.808 0.0000000000
138024  49.646  39.775  -6.731 0.0000000000
136127  49.107  38.656  -6.435 0.0000000000
136117  47.634  38.708  -6.145 0.0000000000
137040  46.707  39.470  -4.678 0.0000000000
137996  46.765  40.389  -3.124 0.0000000000
136949  44.720  39.590  1.586 0.0000000000
136040  44.136  38.390  2.415 0.0000000000
135289  43.464  37.100  3.255 0.0000000000
135287  45.196  37.502  3.709 0.0000000000
134490  44.133  36.383  3.610 0.0000000000
133730  42.927  35.053  2.645 0.0000000000
132090  43.751  33.696  1.328 0.0000000000
131189  43.760  32.875  -0.126 0.0000000000
132060  48.823  33.672  4.588 0.0000000000
132064  47.629  33.215  3.325 0.0000000000
131163  47.180  32.523  2.253 0.0000000000
128299  46.720  29.839  1.255 0.0000000000
131186  46.273  32.327  0.589 0.0000000000
126389  52.223  27.564  9.797 0.0000000000
126425  53.094  27.454  7.673 0.0000000000
137949  43.560  40.607  -0.832 0.0000000000
137938  43.625  40.347  0.029 0.0000000000
138756  44.711  41.204  -1.242 0.0000000000
138768  44.021  41.079  -2.330 0.0000000000
137966  44.137  41.018  -1.217 0.0000000000
137950  42.762  40.460  -1.196 0.0000000000
127273  52.458  28.093  13.241 0.0000000000
139509  50.393  43.005  -1.246 0.0000000000
138754  50.964  41.941  -0.902 0.0000000000
139504  50.297  42.411  -0.349 0.0000000000
140238  49.924  43.765  -1.101 0.0000000000
141023  50.183  44.397  -1.864 0.0000000000
140242  50.296  43.791  -1.662 0.0000000000
139513  50.684  43.151  -2.115 0.0000000000
134466  49.365  36.416  5.885 0.0000000000
133732  41.568  35.762  1.947 0.0000000000
136141  46.700  38.390  -7.900 0.0000000000
136156  45.135  38.422  -9.015 0.0000000000
136142  45.464  38.489  -7.963 0.0000000000
136051  38.957  38.183  0.883 0.0000000000
136056  38.835  37.977  -0.011 0.0000000000
140992  46.241  44.920  1.120 0.0000000000
140209  45.957  43.390  2.270 0.0000000000
140217  45.512  43.982  1.732 0.0000000000
141798  45.618  46.002  1.546 0.0000000000
131118  51.096  32.634  8.883 0.0000000000
130172  50.753  32.058  8.527 0.0000000000
130171  51.236  31.777  8.902 0.0000000000
128233  53.646  29.294  5.146 0.0000000000
136993  49.352  39.872  -1.996 0.0000000000
136992  49.963  39.657  -1.470 0.0000000000
138726  52.326  40.894  3.028 0.0000000000
137895  52.170  40.710  3.056 0.0000000000
137896  51.842  40.866  3.511 0.0000000000
137890  51.092  40.562  4.430 0.0000000000
137889  51.499  41.145  4.674 0.0000000000
141774  48.152  45.288  6.232 0.0000000000
140936  48.657  44.862  5.664 0.0000000000
141761  48.588  45.459  6.759 0.0000000000
137845  49.738  40.640  8.224 0.0000000000
137836  50.540  39.409  8.442 0.0000000000
136864  49.906  38.881  8.574 0.0000000000
135966  50.115  38.091  9.024 0.0000000000
131120  47.291  33.011  9.113 0.0000000000
144620  47.685  49.478  -4.456 0.0000000000
144619  48.733  49.482  -4.563 0.0000000000
144628  48.087  49.191  -5.154 0.0000000000
143950  47.444  48.776  -5.759 0.0000000000
143968  46.882  48.278  -6.593 0.0000000000
142599  43.607  46.603  -1.372 0.0000000000
142601  43.235  46.671  -2.301 0.0000000000
141829  43.531  46.075  -1.912 0.0000000000
138813  47.527  41.887  -5.892 0.0000000000
139557  46.605  42.560  -5.657 0.0000000000
138824  47.003  41.877  -6.528 0.0000000000
138825  46.321  42.069  -6.806 0.0000000000
138833  47.429  41.234  -7.032 0.0000000000
138026  47.874  40.821  -6.943 0.0000000000
136097  50.239  38.851  -3.272 0.0000000000
137021  49.626  39.190  -3.219 0.0000000000
136936  47.670  39.711  2.655 0.0000000000
136937  46.564  39.516  2.642 0.0000000000
136923  46.910  39.401  3.363 0.0000000000
132927  45.761  34.142  3.319 0.0000000000
132070  45.911  33.486  2.336 0.0000000000
132071  45.020  33.568  2.076 0.0000000000
128253  48.273  30.086  3.857 0.0000000000
128254  47.665  30.297  3.565 0.0000000000
136953  41.013  39.465  0.889 0.0000000000
136952  41.882  39.492  1.197 0.0000000000
136048  42.171  38.742  1.723 0.0000000000
136042  42.472  38.189  2.333 0.0000000000
136041  43.345  38.305  2.446 0.0000000000
137041  45.723  39.466  -4.774 0.0000000000
137042  44.637  39.489  -4.810 0.0000000000
137026  44.842  39.736  -3.978 0.0000000000
137009  43.217  40.125  -3.043 0.0000000000
137940  42.080  40.250  -0.703 0.0000000000
136977  41.359  39.807  -0.849 0.0000000000
128185  51.236  30.190  10.674 0.0000000000
128184  51.396  29.935  9.995 0.0000000000
128167  52.135  29.367  10.852 0.0000000000
126387  53.479  27.890  10.512 0.0000000000
127323  54.019  28.444  8.319 0.0000000000
144645  50.095  49.231  -7.315 0.0000000000
144659  49.659  49.326  -8.697 0.0000000000
137005  51.168  39.559  -1.697 0.0000000000
137960  51.474  40.153  -1.161 0.0000000000
138744  51.297  41.578  0.917 0.0000000000
138749  51.629  40.768  0.422 0.0000000000
138734  52.173  41.488  2.393 0.0000000000
139426  47.202  43.109  7.185 0.0000000000
139420  46.497  41.806  7.182 0.0000000000
136875  46.520  39.397  7.588 0.0000000000
136874  47.622  39.422  7.881 0.0000000000
135981  47.598  38.675  8.135 0.0000000000
135968  48.124  38.255  8.437 0.0000000000
135969  47.311  38.116  8.201 0.0000000000
134433  46.535  36.418  8.621 0.0000000000
132878  47.335  34.568  8.566 0.0000000000
132879  46.311  34.603  8.444 0.0000000000
141027  47.320  44.682  -1.606 0.0000000000
141028  46.308  44.672  -1.720 0.0000000000
141039  47.893  44.313  -2.197 0.0000000000
140264  49.889  43.618  -3.380 0.0000000000
140265  48.952  43.423  -3.373 0.0000000000
139536  48.881  43.047  -3.922 0.0000000000
139545  48.580  42.778  -4.543 0.0000000000
139544  49.836  42.212  -4.834 0.0000000000
139543  50.554  42.084  -4.628 0.0000000000
138780  51.312  41.631  -2.605 0.0000000000
138793  51.400  41.768  -3.510 0.0000000000
137992  51.220  40.605  -3.300 0.0000000000
136907  48.264  39.274  5.184 0.0000000000
136019  47.618  38.688  5.178 0.0000000000
135269  47.671  37.570  5.431 0.0000000000
133712  48.039  35.726  4.860 0.0000000000
132922  47.021  34.283  4.121 0.0000000000
132921  47.922  34.414  4.131 0.0000000000
132073  38.988  32.797  2.133 0.0000000000
134496  40.534  36.635  1.867 0.0000000000
132093  40.533  33.305  1.551 0.0000000000
131181  40.816  32.278  1.171 0.0000000000
132092  41.238  33.205  1.237 0.0000000000
132102  42.352  33.364  0.743 0.0000000000
131191  41.630  32.299  0.458 0.0000000000
131199  42.362  32.035  -0.224 0.0000000000
137117  46.565  40.294  -10.758 0.0000000000
137118  46.179  39.833  -10.764 0.0000000000
136167  43.729  38.951  -9.750 0.0000000000
137106  43.918  39.831  -9.926 0.0000000000
137107  43.182  39.688  -9.454 0.0000000000
136170  41.801  39.363  -9.187 0.0000000000
140227  48.534  43.930  0.280 0.0000000000
139507  48.137  43.003  1.014 0.0000000000
139471  47.267  42.813  3.388 0.0000000000
140182  47.605  43.432  4.863 0.0000000000
140924  45.182  45.106  6.651 0.0000000000
140907  45.117  44.986  7.441 0.0000000000
146771  43.883  51.880  -1.284 0.0000000000
143921  43.418  48.620  -0.193 0.0000000000
142565  46.822  47.393  1.834 0.0000000000
143253  46.870  47.433  0.981 0.0000000000
142583  45.426  47.055  0.387 0.0000000000
142582  46.404  47.080  0.448 0.0000000000
142592  46.851  46.409  0.017 0.0000000000
142581  47.229  46.901  0.474 0.0000000000
141005  47.423  44.870  0.548 0.0000000000
141809  48.396  45.961  0.063 0.0000000000
141004  48.309  44.789  0.132 0.0000000000
132904  50.485  34.639  6.874 0.0000000000
132046  50.454  34.031  7.264 0.0000000000
129229  49.994  31.529  7.526 0.0000000000
130200  49.251  32.065  6.630 0.0000000000
129244  49.576  31.271  6.797 0.0000000000
129255  49.020  30.025  5.395 0.0000000000
129251  49.383  30.349  6.002 0.0000000000
128234  52.719  29.383  5.403 0.0000000000
128235  51.563  29.609  5.600 0.0000000000
128242  51.607  29.565  4.537 0.0000000000
128243  50.407  29.676  4.695 0.0000000000
128260  50.630  29.522  2.623 0.0000000000
137964  46.744  40.664  -1.338 0.0000000000
137963  47.735  40.495  -1.237 0.0000000000
137944  48.895  40.219  -0.389 0.0000000000
137924  47.821  40.085  1.237 0.0000000000
137923  48.902  40.057  1.288 0.0000000000
136973  51.727  39.521  0.277 0.0000000000
136974  51.189  39.229  -0.251 0.0000000000
136958  51.354  39.209  0.650 0.0000000000
137910  50.719  40.235  2.613 0.0000000000
136945  50.592  39.739  1.656 0.0000000000
137911  49.944  40.025  2.264 0.0000000000
136921  48.664  39.806  3.714 0.0000000000
136920  49.368  40.023  4.174 0.0000000000
136905  50.292  39.553  5.591 0.0000000000
136911  49.667  39.881  4.882 0.0000000000
136014  50.166  38.636  5.964 0.0000000000
139479  49.574  42.653  2.364 0.0000000000
140951  50.492  44.238  4.844 0.0000000000
139456  50.181  43.239  4.060 0.0000000000
140179  50.966  43.755  4.499 0.0000000000
140198  51.370  42.954  4.039 0.0000000000
140160  51.257  43.394  5.440 0.0000000000
139416  50.534  42.469  7.071 0.0000000000
138695  51.036  41.587  6.586 0.0000000000
136871  51.265  38.827  8.040 0.0000000000
136887  51.429  39.117  7.494 0.0000000000
135980  51.221  38.085  7.289 0.0000000000
135260  51.021  37.609  6.772 0.0000000000
135241  51.300  37.657  7.338 0.0000000000
134452  51.294  36.385  7.264 0.0000000000
135240  51.549  37.258  7.773 0.0000000000
134429  50.756  36.346  8.878 0.0000000000
133671  51.116  35.456  8.823 0.0000000000
132875  51.306  34.427  9.181 0.0000000000
133660  51.018  34.910  9.759 0.0000000000
134431  48.778  36.201  9.063 0.0000000000
134421  49.292  35.825  9.124 0.0000000000
134422  49.069  35.680  9.142 0.0000000000
132010  49.474  33.345  10.047 0.0000000000
132865  49.620  34.332  9.947 0.0000000000
132004  50.023  33.150  10.400 0.0000000000
132857  50.679  33.634  10.387 0.0000000000
131095  50.690  32.190  10.599 0.0000000000
130148  50.795  31.513  10.590 0.0000000000
145346  50.460  50.215  -4.222 0.0000000000
146074  50.387  50.828  -3.730 0.0000000000
145347  50.324  50.387  -4.561 0.0000000000
143964  50.285  48.960  -5.732 0.0000000000
143322  47.245  47.538  -7.872 0.0000000000
143321  48.087  47.745  -8.035 0.0000000000
143337  47.514  47.117  -8.586 0.0000000000
142656  47.466  46.487  -9.155 0.0000000000
142672  47.170  45.774  -9.416 0.0000000000
141051  45.536  44.233  -3.268 0.0000000000
141052  44.760  44.510  -3.681 0.0000000000
140279  45.001  43.976  -4.313 0.0000000000
141068  44.922  44.243  -5.694 0.0000000000
141069  44.423  45.029  -5.456 0.0000000000
141886  44.591  45.052  -6.193 0.0000000000
141902  45.041  45.534  -6.955 0.0000000000
142634  45.236  46.394  -6.912 0.0000000000
141090  45.245  44.603  -7.515 0.0000000000
139573  46.204  42.648  -7.959 0.0000000000
140320  45.676  43.650  -8.261 0.0000000000
140319  46.140  43.533  -8.846 0.0000000000
138869  46.764  41.841  -10.383 0.0000000000
138855  46.598  41.276  -9.609 0.0000000000
137081  48.295  39.202  -8.124 0.0000000000
137094  48.535  38.407  -8.233 0.0000000000
136154  47.828  38.218  -8.341 0.0000000000
136153  48.817  37.917  -8.227 0.0000000000
136115  48.927  38.917  -5.877 0.0000000000
136128  48.487  38.402  -6.790 0.0000000000
137055  47.610  39.098  -5.369 0.0000000000
137039  47.670  39.503  -4.600 0.0000000000
137995  47.714  40.366  -2.920 0.0000000000
137981  46.746  40.578  -2.236 0.0000000000
137927  44.939  40.243  1.055 0.0000000000
137926  45.432  40.159  1.244 0.0000000000
136039  44.884  38.579  2.629 0.0000000000
136045  44.575  38.868  2.060 0.0000000000
135292  44.268  38.158  2.834 0.0000000000
135293  43.701  37.896  2.913 0.0000000000
135279  45.843  37.416  4.338 0.0000000000
132928  44.814  34.546  3.496 0.0000000000
134485  44.624  35.861  3.857 0.0000000000
133726  44.237  35.291  3.766 0.0000000000
133727  43.422  35.319  3.315 0.0000000000
132933  43.556  34.400  2.396 0.0000000000
132100  44.369  33.203  0.224 0.0000000000
131188  44.222  33.068  -0.334 0.0000000000
131197  44.148  32.905  -0.775 0.0000000000
132059  49.300  33.928  5.047 0.0000000000
131157  48.503  33.188  5.041 0.0000000000
130214  47.402  32.041  3.456 0.0000000000
131160  47.737  32.705  3.680 0.0000000000
131162  47.444  32.577  2.988 0.0000000000
132068  47.393  33.083  2.713 0.0000000000
128319  47.724  29.395  0.011 0.0000000000
128320  46.844  29.799  0.243 0.0000000000
136965  42.759  39.861  0.536 0.0000000000
136950  43.771  39.410  1.448 0.0000000000
137998  44.920  40.241  -3.420 0.0000000000
137999  44.300  40.093  -3.498 0.0000000000
137984  43.845  40.600  -2.830 0.0000000000
137968  42.685  40.377  -2.155 0.0000000000
137969  42.132  40.012  -1.934 0.0000000000
128157  51.121  29.428  11.712 0.0000000000
128155  52.499  29.031  11.440 0.0000000000
127287  52.721  28.520  12.006 0.0000000000
126361  53.044  28.080  11.876 0.0000000000
126375  52.964  27.696  11.298 0.0000000000
138764  51.229  41.199  -1.545 0.0000000000
138750  50.891  41.648  0.105 0.0000000000
139492  51.029  42.164  1.360 0.0000000000
138689  45.926  41.319  6.954 0.0000000000
135243  46.217  37.836  7.862 0.0000000000
141025  48.802  44.908  -1.377 0.0000000000
141038  48.742  44.505  -2.132 0.0000000000
141037  49.515  44.601  -2.136 0.0000000000
140251  49.976  44.150  -2.658 0.0000000000
140263  50.396  43.637  -3.146 0.0000000000
139534  50.736  42.834  -4.043 0.0000000000
139523  50.691  43.096  -2.944 0.0000000000
138781  51.017  42.549  -2.567 0.0000000000
135268  48.991  37.647  5.742 0.0000000000
134467  48.996  36.912  5.818 0.0000000000
134470  48.931  35.931  5.409 0.0000000000
133711  48.673  35.411  4.967 0.0000000000
134495  41.293  36.617  2.192 0.0000000000
133733  40.933  35.957  1.829 0.0000000000
132966  41.505  33.629  1.063 0.0000000000
132091  42.948  33.715  1.200 0.0000000000
136164  46.878  38.872  -9.525 0.0000000000
136176  45.620  39.261  -10.470 0.0000000000
136157  44.037  38.782  -8.940 0.0000000000
136158  42.942  38.732  -8.933 0.0000000000
136066  38.670  37.785  -0.830 0.0000000000
140215  47.380  43.402  1.284 0.0000000000
140216  46.715  43.543  1.547 0.0000000000
142558  44.788  47.471  2.295 0.0000000000
143235  44.952  48.208  2.515 0.0000000000
142557  45.521  47.622  2.364 0.0000000000
142566  46.088  46.975  2.064 0.0000000000
142564  47.425  46.998  1.288 0.0000000000
142580  47.610  46.555  0.540 0.0000000000
141796  47.382  46.476  1.203 0.0000000000
141006  46.880  44.926  0.755 0.0000000000
132032  50.808  33.627  7.855 0.0000000000
131127  50.189  32.754  7.753 0.0000000000
131119  50.562  32.462  8.324 0.0000000000
130182  50.219  31.878  8.071 0.0000000000
129228  50.665  30.960  7.886 0.0000000000
128208  53.678  29.024  7.412 0.0000000000
128241  52.717  29.554  4.384 0.0000000000
137979  48.533  40.187  -1.973 0.0000000000
137961  49.416  40.126  -0.963 0.0000000000
136976  49.546  39.962  -0.251 0.0000000000
136956  52.629  39.738  1.732 0.0000000000
136932  52.152  39.972  2.353 0.0000000000
137909  51.572  40.360  2.734 0.0000000000
137891  50.163  40.344  4.220 0.0000000000
140201  48.634  43.145  4.008 0.0000000000
140200  49.207  43.367  4.271 0.0000000000
140162  49.123  44.357  5.167 0.0000000000
140161  49.592  44.490  5.090 0.0000000000
140920  50.593  44.463  6.104 0.0000000000
138686  49.136  41.552  7.732 0.0000000000
137844  50.927  40.176  8.175 0.0000000000
137856  51.390  39.774  7.543 0.0000000000
136872  51.039  39.378  8.291 0.0000000000
136862  51.121  38.252  8.302 0.0000000000
135221  51.468  37.177  8.316 0.0000000000
135965  50.817  37.871  8.695 0.0000000000
132877  48.163  34.806  8.782 0.0000000000
132011  48.738  33.472  9.580 0.0000000000
145338  49.858  50.433  -3.431 0.0000000000
144608  50.209  49.817  -3.976 0.0000000000
144618  49.718  49.359  -4.744 0.0000000000
143948  49.461  48.817  -5.649 0.0000000000
143949  48.597  48.753  -5.749 0.0000000000
143985  46.911  47.763  -7.295 0.0000000000
143323  46.414  47.281  -7.678 0.0000000000
143927  43.179  48.441  -2.381 0.0000000000
144606  43.588  49.180  -2.767 0.0000000000
143272  43.076  47.524  -2.922 0.0000000000
140277  46.672  43.241  -4.332 0.0000000000
140278  45.668  43.474  -4.467 0.0000000000
140285  46.240  43.062  -4.952 0.0000000000
139558  45.768  42.925  -5.977 0.0000000000
140295  45.387  43.475  -6.326 0.0000000000
140306  45.468  43.468  -7.506 0.0000000000
139574  45.799  42.695  -7.324 0.0000000000
138843  46.398  41.525  -8.418 0.0000000000
138044  46.703  40.619  -8.605 0.0000000000
138037  46.512  40.816  -7.904 0.0000000000
138036  47.456  40.265  -7.649 0.0000000000
138035  48.934  39.587  -7.487 0.0000000000
138006  50.936  40.271  -4.803 0.0000000000
137052  50.330  39.406  -5.157 0.0000000000
137038  48.675  39.355  -4.492 0.0000000000
137022  48.775  39.734  -3.434 0.0000000000
137994  48.405  40.195  -2.628 0.0000000000
136947  46.653  39.876  1.719 0.0000000000
136948  45.729  39.809  1.612 0.0000000000
136038  45.727  38.836  2.972 0.0000000000
136032  45.179  38.205  3.293 0.0000000000
133723  45.696  35.397  4.413 0.0000000000
132924  45.402  34.724  4.021 0.0000000000
132932  44.445  34.088  2.706 0.0000000000
132072  44.264  33.748  1.979 0.0000000000
132099  45.296  33.123  0.306 0.0000000000
129253  48.259  31.656  5.299 0.0000000000
130209  48.018  32.056  4.978 0.0000000000
129257  47.937  31.273  4.984 0.0000000000
129261  47.080  31.059  3.454 0.0000000000
128264  47.064  30.399  2.617 0.0000000000
136050  39.839  38.314  1.185 0.0000000000
135295  41.885  37.400  2.373 0.0000000000
134492  42.565  36.319  2.871 0.0000000000
136119  46.084  38.674  -6.437 0.0000000000
137070  45.041  38.878  -6.502 0.0000000000
137058  44.512  39.122  -5.845 0.0000000000
136995  41.573  39.629  -1.970 0.0000000000
136978  40.370  39.115  -1.208 0.0000000000
136968  39.981  38.973  -0.563 0.0000000000
143244  43.572  47.660  1.953 0.0000000000
142568  44.141  46.905  1.965 0.0000000000
130159  51.629  31.649  10.170 0.0000000000
129215  51.381  30.891  9.063 0.0000000000
129206  51.706  31.017  9.978 0.0000000000
128194  52.593  29.556  8.619 0.0000000000
127312  53.151  28.781  10.374 0.0000000000
128182  53.149  29.170  9.160 0.0000000000
128193  53.423  29.100  8.484 0.0000000000
127337  54.368  28.423  7.164 0.0000000000
137006  50.673  39.181  -2.400 0.0000000000
136990  51.387  39.510  -0.674 0.0000000000
137930  52.323  39.935  0.815 0.0000000000
138742  52.358  40.847  1.942 0.0000000000
138733  52.386  40.877  2.541 0.0000000000
140905  47.004  45.085  7.495 0.0000000000
140904  47.963  44.978  7.418 0.0000000000
140130  47.496  44.469  7.455 0.0000000000
139425  47.776  43.585  7.389 0.0000000000
138687  47.867  41.406  7.520 0.0000000000
138688  46.804  41.226  7.338 0.0000000000
137846  48.465  40.432  7.924 0.0000000000
136873  48.476  39.592  8.136 0.0000000000
136865  48.988  39.093  8.384 0.0000000000
134432  47.618  36.401  8.821 0.0000000000
133674  47.944  35.482  8.757 0.0000000000
132022  47.271  33.648  8.808 0.0000000000
144621  46.696  49.375  -4.364 0.0000000000
141827  45.688  45.228  -1.165 0.0000000000
141029  45.399  44.854  -1.904 0.0000000000
141041  45.891  44.481  -2.538 0.0000000000
141050  46.286  44.111  -3.118 0.0000000000
140253  48.447  44.000  -2.790 0.0000000000
140266  48.033  43.514  -3.355 0.0000000000
139546  47.350  42.797  -4.782 0.0000000000
139556  47.865  42.255  -5.277 0.0000000000
138812  48.332  41.609  -5.759 0.0000000000
138822  48.670  41.128  -6.197 0.0000000000
138811  49.183  41.255  -5.746 0.0000000000
138810  50.097  41.256  -5.577 0.0000000000
138809  50.772  41.001  -5.308 0.0000000000
138794  51.241  42.008  -4.005 0.0000000000
138802  51.092  41.547  -4.597 0.0000000000
137993  51.242  39.957  -3.983 0.0000000000
137020  50.963  39.368  -3.264 0.0000000000
136914  47.070  39.312  4.042 0.0000000000
136020  46.953  38.636  4.613 0.0000000000
135278  46.709  37.537  4.940 0.0000000000
134473  46.771  36.818  5.153 0.0000000000
134472  47.315  36.358  5.108 0.0000000000
134482  46.905  35.780  4.811 0.0000000000
133722  46.566  35.225  4.577 0.0000000000
132926  46.464  33.990  3.592 0.0000000000
128261  49.480  29.499  2.758 0.0000000000
128276  48.487  29.423  1.891 0.0000000000
131164  39.347  32.251  1.923 0.0000000000
130232  39.806  31.476  1.471 0.0000000000
130231  40.507  31.704  1.148 0.0000000000
131180  41.361  32.744  0.982 0.0000000000
130249  41.750  31.447  0.013 0.0000000000
137119  45.256  39.718  -10.535 0.0000000000
138071  44.519  40.361  -10.337 0.0000000000
136132  44.509  38.751  -6.859 0.0000000000
136144  43.219  38.800  -8.074 0.0000000000
139511  49.245  43.136  -0.132 0.0000000000
139505  49.636  42.645  0.132 0.0000000000
139506  48.744  43.041  0.445 0.0000000000
139480  48.509  42.733  2.499 0.0000000000
139481  47.550  42.751  2.555 0.0000000000
139470  48.186  42.763  3.382 0.0000000000
140937  47.658  44.770  5.793 0.0000000000
141763  46.777  45.553  6.839 0.0000000000
140906  46.054  45.092  7.548 0.0000000000
140132  45.753  44.422  7.423 0.0000000000
145324  43.473  50.582  -1.545 0.0000000000
146055  43.238  51.550  -0.657 0.0000000000
144603  43.249  49.341  -1.831 0.0000000000
143924  43.076  48.498  -1.250 0.0000000000
143265  43.551  47.589  -0.608 0.0000000000
142595  44.043  46.873  -0.740 0.0000000000
143893  45.649  48.779  2.430 0.0000000000
143255  44.528  47.700  0.266 0.0000000000
142594  44.726  46.654  -0.342 0.0000000000
141816  45.261  45.990  -0.808 0.0000000000
141815  46.297  45.819  -0.544 0.0000000000
141814  47.329  45.800  -0.484 0.0000000000
141825  47.771  45.398  -1.152 0.0000000000
142579  48.063  46.433  0.156 0.0000000000
141813  48.244  45.701  -0.587 0.0000000000
141824  48.314  45.335  -1.203 0.0000000000
141014  49.559  44.402  -1.054 0.0000000000
133705  49.760  35.493  6.044 0.0000000000
132905  49.878  34.631  6.217 0.0000000000
131152  49.393  33.184  6.208 0.0000000000
131143  49.603  32.840  6.896 0.0000000000
131144  49.212  32.609  6.248 0.0000000000
130206  48.857  32.107  6.044 0.0000000000
129252  48.695  31.319  5.766 0.0000000000
129256  48.461  30.430  5.036 0.0000000000
129216  50.979  31.284  8.609 0.0000000000
128228  50.636  29.906  6.884 0.0000000000
128227  51.562  29.671  6.697 0.0000000000
129250  50.070  30.073  6.408 0.0000000000
128252  49.369  29.746  3.765 0.0000000000
138755  45.254  41.169  -1.059 0.0000000000
137947  45.662  40.772  -0.539 0.0000000000
137935  46.836  40.285  0.479 0.0000000000
137945  47.831  40.410  -0.389 0.0000000000
137925  47.123  40.114  1.000 0.0000000000
136975  50.311  39.573  -0.541 0.0000000000
137932  49.857  39.979  0.680 0.0000000000
136944  51.399  39.555  1.487 0.0000000000
137921  50.807  39.513  1.177 0.0000000000
137912  48.842  39.933  2.180 0.0000000000
136935  48.382  39.737  2.976 0.0000000000
136906  49.088  39.360  5.365 0.0000000000
135267  49.675  38.145  5.809 0.0000000000
139493  49.853  42.342  1.148 0.0000000000
139478  50.693  42.383  2.197 0.0000000000
139467  51.542  42.405  3.115 0.0000000000
139455  51.755  42.385  4.071 0.0000000000
140903  49.107  44.932  7.307 0.0000000000
140145  49.948  44.339  6.828 0.0000000000
140127  50.172  43.084  7.305 0.0000000000
140144  50.554  43.485  6.685 0.0000000000
139440  51.421  42.384  5.509 0.0000000000
138710  51.599  41.632  5.158 0.0000000000
137876  51.368  41.210  5.130 0.0000000000
136904  51.071  39.900  6.261 0.0000000000
136888  51.309  39.381  6.832 0.0000000000
136003  50.784  38.509  6.475 0.0000000000
134453  50.857  35.914  6.839 0.0000000000
133695  50.915  35.428  7.190 0.0000000000
134428  51.395  36.497  8.289 0.0000000000
132876  51.254  34.212  8.347 0.0000000000
132009  51.275  33.163  9.366 0.0000000000
131105  51.411  32.718  9.532 0.0000000000
135224  49.457  37.228  9.144 0.0000000000
134430  49.840  36.131  9.064 0.0000000000
133673  50.033  35.422  9.294 0.0000000000
133661  50.267  35.087  9.842 0.0000000000
132856  51.133  33.311  10.260 0.0000000000
131104  51.682  32.355  9.987 0.0000000000
129195  50.920  30.960  10.470 0.0000000000
128169  50.752  30.174  11.006 0.0000000000
143966  49.237  48.505  -6.342 0.0000000000
143983  48.956  47.965  -7.303 0.0000000000
143997  48.735  47.971  -8.259 0.0000000000
143349  47.976  46.901  -9.243 0.0000000000
142671  48.004  46.153  -9.762 0.0000000000
141113  47.478  44.481  -10.339 0.0000000000
144622  45.665  49.215  -4.502 0.0000000000
143951  45.902  48.666  -5.428 0.0000000000
141838  44.166  45.242  -3.023 0.0000000000
141853  43.614  45.803  -3.574 0.0000000000
141061  44.581  44.624  -4.711 0.0000000000
143296  45.268  47.707  -5.970 0.0000000000
143969  45.939  47.909  -6.352 0.0000000000
142644  45.738  46.480  -7.683 0.0000000000
142658  45.967  45.731  -8.353 0.0000000000
141104  45.648  44.408  -8.396 0.0000000000
141927  45.795  45.177  -8.453 0.0000000000
141926  46.324  45.199  -9.031 0.0000000000
141114  46.862  44.366  -9.688 0.0000000000
140332  47.312  43.803  -10.447 0.0000000000
139607  46.971  42.288  -10.540 0.0000000000
137104  46.914  39.649  -10.203 0.0000000000
138054  46.863  40.510  -9.239 0.0000000000
138053  46.922  40.366  -9.768 0.0000000000
138034  49.452  39.185  -7.258 0.0000000000
137067  50.153  39.361  -6.065 0.0000000000
137068  49.586  38.997  -6.749 0.0000000000
136138  49.079  38.203  -7.428 0.0000000000
136139  48.446  37.911  -7.548 0.0000000000
136129  47.701  38.425  -7.005 0.0000000000
136130  46.818  38.511  -7.103 0.0000000000
136118  46.779  38.680  -6.278 0.0000000000
137056  46.690  38.978  -5.438 0.0000000000
137024  46.750  39.905  -3.901 0.0000000000
137997  45.820  40.315  -3.291 0.0000000000
137982  45.745  40.631  -2.406 0.0000000000
138766  45.188  41.093  -1.713 0.0000000000
137937  44.613  40.439  0.388 0.0000000000
136963  44.319  39.948  1.098 0.0000000000
136939  45.121  39.230  2.023 0.0000000000
136046  43.955  38.832  1.913 0.0000000000
135290  42.965  36.769  3.043 0.0000000000
136030  46.508  38.833  3.900 0.0000000000
136031  45.841  38.285  3.692 0.0000000000
134484  45.177  36.417  4.053 0.0000000000
134489  44.725  37.007  3.670 0.0000000000
134491  43.086  36.275  3.386 0.0000000000
133728  42.772  35.653  2.993 0.0000000000
132934  42.798  34.645  2.094 0.0000000000
132948  43.074  34.192  1.658 0.0000000000
132101  43.347  33.265  0.590 0.0000000000
132912  49.429  34.620  5.416 0.0000000000
132919  49.210  34.280  4.751 0.0000000000
132920  48.655  34.464  4.457 0.0000000000
131158  48.197  32.825  4.442 0.0000000000
132061  48.264  33.598  3.834 0.0000000000
132069  46.890  33.224  2.255 0.0000000000
128277  47.486  29.628  2.052 0.0000000000
128278  46.835  30.115  2.147 0.0000000000
129278  46.796  30.842  2.340 0.0000000000
129305  46.401  30.630  0.502 0.0000000000
129294  46.557  30.792  1.362 0.0000000000
130230  46.796  31.674  1.823 0.0000000000
130237  46.554  31.628  0.867 0.0000000000
131178  46.743  32.555  1.398 0.0000000000
132087  46.419  33.149  1.570 0.0000000000
131187  45.901  32.833  0.383 0.0000000000
131196  45.696  32.911  -0.482 0.0000000000
126376  52.174  27.683  10.924 0.0000000000
126388  53.162  27.551  10.148 0.0000000000
126408  53.261  27.436  8.906 0.0000000000
126374  53.242  27.980  11.492 0.0000000000
127274  51.873  28.529  12.951 0.0000000000
127286  53.152  28.196  11.612 0.0000000000
127288  52.183  28.825  12.323 0.0000000000
127301  52.874  28.969  10.958 0.0000000000
128148  51.919  28.893  12.379 0.0000000000
128156  52.020  29.219  11.835 0.0000000000
128211  50.690  30.259  7.398 0.0000000000
128237  49.420  29.931  5.542 0.0000000000
128245  48.473  30.118  4.532 0.0000000000
129207  51.199  30.559  10.391 0.0000000000
129227  51.271  30.407  8.430 0.0000000000
129260  47.524  30.679  4.054 0.0000000000
129263  47.464  30.423  3.400 0.0000000000
129264  47.166  30.681  3.097 0.0000000000
130147  51.283  31.490  10.428 0.0000000000
130170  51.651  31.683  9.597 0.0000000000
130207  48.455  32.108  5.491 0.0000000000
130212  47.238  31.429  3.639 0.0000000000
130239  41.394  31.728  0.381 0.0000000000
131094  51.350  32.011  10.480 0.0000000000
131106  49.486  32.706  10.170 0.0000000000
131126  50.719  33.021  8.343 0.0000000000
131154  48.342  32.635  5.130 0.0000000000
131179  46.330  32.905  0.960 0.0000000000
132003  50.618  32.898  10.411 0.0000000000
132008  51.445  33.166  9.938 0.0000000000
132020  51.396  33.702  9.550 0.0000000000
132033  50.138  33.426  7.299 0.0000000000
132055  48.906  33.550  5.225 0.0000000000
132062  47.642  33.795  3.676 0.0000000000
132103  41.666  33.198  0.908 0.0000000000
132111  44.494  33.045  -1.057 0.0000000000
132858  50.080  33.814  10.326 0.0000000000
132867  47.862  34.228  8.934 0.0000000000
132913  49.106  34.853  4.903 0.0000000000
135259  51.323  37.166  7.162 0.0000000000
135277  47.188  38.124  5.086 0.0000000000
135357  48.868  37.703  -7.949 0.0000000000
135358  48.355  37.649  -8.029 0.0000000000
135359  47.978  37.745  -8.160 0.0000000000
135368  49.010  37.778  -8.186 0.0000000000
135369  48.596  37.760  -8.166 0.0000000000
135370  48.258  37.774  -8.214 0.0000000000
135964  51.295  37.666  8.303 0.0000000000
136001  51.338  38.537  7.527 0.0000000000
136085  50.734  38.896  -2.733 0.0000000000
136086  50.498  38.912  -2.804 0.0000000000
136096  50.680  38.844  -2.989 0.0000000000
136106  50.607  38.938  -3.471 0.0000000000
136107  50.326  38.844  -3.739 0.0000000000
136116  48.408  38.829  -6.018 0.0000000000
136152  49.184  37.888  -8.081 0.0000000000
136160  41.803  39.162  -9.040 0.0000000000
136165  45.890  38.771  -10.041 0.0000000000
136168  42.676  39.058  -9.303 0.0000000000
136169  42.004  39.176  -9.227 0.0000000000
136177  45.045  38.995  -10.319 0.0000000000
136178  44.432  38.871  -10.175 0.0000000000
136931  52.394  40.055  2.359 0.0000000000
136934  50.823  39.829  2.031 0.0000000000
136942  52.557  39.896  2.211 0.0000000000
136943  52.166  39.711  1.826 0.0000000000
136960  49.886  39.896  0.079 0.0000000000
136962  46.054  40.225  1.051 0.0000000000
137010  42.507  39.743  -2.797 0.0000000000
137080  49.184  38.589  -7.794 0.0000000000
137082  47.584  39.583  -8.337 0.0000000000
137108  42.276  39.605  -9.326 0.0000000000
137109  41.570  39.531  -9.131 0.0000000000
137120  44.435  39.336  -10.299 0.0000000000
137127  46.516  40.520  -11.046 0.0000000000
137128  46.391  40.319  -10.993 0.0000000000
137919  52.735  40.198  2.031 0.0000000000
137920  52.552  40.289  1.544 0.0000000000
137929  52.632  39.818  1.470 0.0000000000
137931  50.559  39.551  0.809 0.0000000000
137983  44.950  40.714  -2.826 0.0000000000
137985  43.015  40.275  -2.745 0.0000000000
138016  49.096  40.875  -6.248 0.0000000000
138023  50.069  39.536  -6.433 0.0000000000
138056  43.501  40.565  -9.783 0.0000000000
138068  46.729  40.626  -10.540 0.0000000000
138072  43.941  40.555  -10.198 0.0000000000
138078  46.711  40.817  -11.042 0.0000000000
138080  45.998  40.734  -11.559 0.0000000000
138745  50.708  42.073  0.761 0.0000000000
138767  44.419  41.248  -1.855 0.0000000000
138783  44.378  40.975  -2.443 0.0000000000
138784  44.076  40.906  -2.529 0.0000000000
138801  51.476  41.346  -3.974 0.0000000000
138835  46.063  42.255  -7.214 0.0000000000
139439  51.621  42.525  4.889 0.0000000000
139457  49.626  43.339  4.199 0.0000000000
139491  51.488  41.702  1.423 0.0000000000
139496  47.078  42.889  1.964 0.0000000000
139533  51.239  42.341  -3.755 0.0000000000
139554  49.512  41.671  -5.326 0.0000000000
139565  46.403  42.256  -6.383 0.0000000000
139595  46.669  42.317  -10.073 0.0000000000
139606  47.221  42.131  -10.830 0.0000000000
140146  47.718  44.028  7.455 0.0000000000
140147  47.228  43.906  7.368 0.0000000000
140148  46.424  43.688  7.220 0.0000000000
140164  47.162  43.918  5.493 0.0000000000
140178  51.432  43.023  4.667 0.0000000000
140181  48.643  43.606  4.688 0.0000000000
140208  46.414  43.289  2.088 0.0000000000
140237  50.213  43.539  -1.355 0.0000000000
140243  49.973  44.288  -1.468 0.0000000000
140254  47.665  43.985  -2.874 0.0000000000
140267  47.031  43.678  -3.409 0.0000000000
140269  45.333  43.860  -3.841 0.0000000000
140275  48.436  43.196  -3.864 0.0000000000
140344  47.119  42.840  -10.524 0.0000000000
140921  49.757  44.934  6.505 0.0000000000
140935  49.773  44.804  5.548 0.0000000000
140952  50.256  44.485  5.028 0.0000000000
141036  50.074  44.567  -2.167 0.0000000000
141060  45.139  43.910  -4.932 0.0000000000
141742  48.881  45.427  7.114 0.0000000000
141743  48.324  45.384  7.151 0.0000000000
141744  47.379  45.405  7.195 0.0000000000
141745  46.393  45.433  7.253 0.0000000000
141760  49.185  45.288  6.770 0.0000000000
141773  49.003  45.208  6.223 0.0000000000
141811  47.113  45.545  0.984 0.0000000000
141817  44.636  46.117  -0.946 0.0000000000
141903  44.610  45.679  -6.335 0.0000000000
141939  47.603  45.176  -10.142 0.0000000000
142555  46.574  47.861  2.257 0.0000000000
142567  45.122  46.835  1.961 0.0000000000
142590  48.222  46.388  -0.001 0.0000000000
142598  44.247  46.337  -0.996 0.0000000000
142603  43.351  46.599  -3.247 0.0000000000
142643  46.371  46.835  -8.069 0.0000000000
143233  46.272  48.220  2.313 0.0000000000
143234  45.673  48.387  2.470 0.0000000000
143252  47.361  47.151  0.797 0.0000000000
143312  44.951  47.169  -6.222 0.0000000000
143324  45.917  47.173  -7.299 0.0000000000
143335  48.872  47.853  -8.997 0.0000000000
143338  46.808  47.087  -8.212 0.0000000000
143905  43.840  48.326  2.157 0.0000000000
143935  49.979  49.219  -4.992 0.0000000000
143936  45.427  48.807  -4.782 0.0000000000
143946  50.142  49.240  -5.226 0.0000000000
143947  49.961  48.969  -5.347 0.0000000000
143965  49.995  48.629  -5.995 0.0000000000
143981  50.266  48.811  -6.289 0.0000000000
143984  47.761  47.903  -7.259 0.0000000000
144609  49.395  49.780  -3.917 0.0000000000
144617  50.251  49.541  -4.799 0.0000000000
144625  50.211  49.428  -5.460 0.0000000000
144626  49.601  49.096  -5.266 0.0000000000
144630  46.299  49.195  -4.869 0.0000000000
146080  50.381  50.560  -4.132 0.0000000000
146081  50.110  50.900  -4.152 0.0000000000
