#!ascii label  , from subject 3775 vox2ras=TkReg
1418
83685  -45.231  -7.903  31.492 0.0000000000
98008  -59.876  3.370  26.199 0.0000000000
94161  -50.015  -0.375  29.385 0.0000000000
65262  -18.003  -21.167  59.049 0.0000000000
77913  -42.076  -12.739  38.024 0.0000000000
69357  -33.393  -18.357  54.657 0.0000000000
65432  -40.379  -20.105  50.950 0.0000000000
76367  -41.157  -14.090  46.469 0.0000000000
76421  -44.219  -14.300  44.120 0.0000000000
69410  -25.018  -18.437  51.470 0.0000000000
72127  -29.482  -16.768  56.278 0.0000000000
70874  -28.182  -17.424  51.187 0.0000000000
65471  -35.457  -20.337  46.721 0.0000000000
72305  -37.955  -16.313  46.357 0.0000000000
80707  -48.872  -9.738  38.268 0.0000000000
83644  -51.011  -7.593  34.596 0.0000000000
95421  -55.011  0.668  28.805 0.0000000000
89928  -46.144  -3.497  31.329 0.0000000000
100568  -57.213  4.522  21.972 0.0000000000
65208  -13.723  -21.089  60.355 0.0000000000
77858  -47.363  -12.455  41.418 0.0000000000
79293  -44.254  -11.325  35.070 0.0000000000
68023  -31.517  -19.120  48.910 0.0000000000
65369  -36.247  -21.166  53.558 0.0000000000
89895  -51.250  -2.527  34.685 0.0000000000
105508  -64.583  9.875  19.566 0.0000000000
76388  -38.289  -13.080  45.187 0.0000000000
76439  -39.676  -13.548  43.168 0.0000000000
70855  -26.636  -17.099  51.625 0.0000000000
72334  -36.113  -16.066  44.269 0.0000000000
73629  -37.183  -14.372  44.413 0.0000000000
73600  -39.446  -14.618  46.750 0.0000000000
80762  -47.611  -9.457  35.107 0.0000000000
82198  -50.109  -9.147  36.642 0.0000000000
82274  -48.035  -8.329  33.407 0.0000000000
96722  -58.032  1.211  27.311 0.0000000000
97936  -57.959  2.161  30.027 0.0000000000
100519  -61.501  5.221  25.196 0.0000000000
66582  -16.302  -21.319  56.345 0.0000000000
65237  -16.302  -21.042  59.641 0.0000000000
76483  -44.053  -12.956  41.491 0.0000000000
76464  -46.120  -13.246  42.640 0.0000000000
77893  -44.876  -12.420  39.568 0.0000000000
79249  -45.678  -11.365  38.120 0.0000000000
77956  -43.545  -11.747  36.587 0.0000000000
70808  -31.282  -17.398  55.194 0.0000000000
72121  -31.926  -17.053  58.113 0.0000000000
69307  -34.300  -18.386  57.529 0.0000000000
66594  -34.787  -20.307  56.362 0.0000000000
69496  -29.450  -18.192  47.553 0.0000000000
68088  -31.682  -19.649  46.403 0.0000000000
65443  -37.520  -20.186  49.355 0.0000000000
64036  -35.269  -22.253  50.254 0.0000000000
64018  -38.476  -21.994  51.490 0.0000000000
65336  -38.407  -22.480  54.792 0.0000000000
67916  -21.223  -18.665  55.214 0.0000000000
70733  -23.447  -18.303  57.896 0.0000000000
70694  -23.050  -17.191  60.136 0.0000000000
92760  -47.763  -1.250  29.943 0.0000000000
88731  -48.838  -3.420  32.996 0.0000000000
92714  -49.968  -0.591  32.092 0.0000000000
106717  -65.963  10.361  18.341 0.0000000000
65160  -18.395  -20.723  63.216 0.0000000000
76327  -43.014  -14.313  48.651 0.0000000000
76348  -44.185  -13.690  47.447 0.0000000000
74961  -42.354  -14.218  45.658 0.0000000000
76460  -42.396  -13.788  42.338 0.0000000000
70801  -24.951  -17.971  54.735 0.0000000000
70759  -26.969  -17.048  56.335 0.0000000000
70803  -26.678  -17.253  54.102 0.0000000000
70826  -28.324  -16.967  53.359 0.0000000000
69396  -30.721  -18.028  52.895 0.0000000000
68117  -33.468  -19.700  44.945 0.0000000000
69553  -35.225  -17.840  44.360 0.0000000000
69499  -37.217  -18.287  46.908 0.0000000000
69439  -38.940  -17.948  49.339 0.0000000000
73551  -39.975  -16.099  48.966 0.0000000000
76325  -41.139  -14.272  48.742 0.0000000000
67984  -22.523  -18.955  51.359 0.0000000000
80637  -51.185  -11.293  41.853 0.0000000000
82073  -52.706  -10.524  42.951 0.0000000000
80690  -51.976  -9.655  39.732 0.0000000000
83582  -52.997  -8.406  38.165 0.0000000000
95418  -51.974  0.906  28.639 0.0000000000
95371  -52.026  0.674  31.344 0.0000000000
96692  -55.011  2.140  30.672 0.0000000000
63810  -10.217  -22.268  64.459 0.0000000000
86410  -45.888  -5.622  31.213 0.0000000000
91364  -45.516  -1.819  28.092 0.0000000000
94205  -49.820  0.052  26.963 0.0000000000
95451  -51.983  1.141  26.617 0.0000000000
94227  -55.329  0.724  25.404 0.0000000000
96752  -56.951  1.882  24.935 0.0000000000
99344  -59.024  3.588  23.423 0.0000000000
98074  -56.131  2.967  22.733 0.0000000000
65157  -15.904  -20.849  63.392 0.0000000000
65155  -13.827  -20.745  63.578 0.0000000000
63822  -11.966  -21.195  64.785 0.0000000000
77758  -50.165  -12.304  45.698 0.0000000000
76371  -46.091  -13.508  46.378 0.0000000000
76396  -48.073  -13.337  44.928 0.0000000000
77824  -49.371  -12.165  43.412 0.0000000000
79220  -48.000  -11.066  40.458 0.0000000000
79278  -46.801  -10.194  36.883 0.0000000000
80784  -45.028  -10.023  33.050 0.0000000000
72094  -29.786  -17.314  59.364 0.0000000000
69459  -30.459  -18.234  49.422 0.0000000000
69416  -32.931  -18.991  51.980 0.0000000000
65448  -32.916  -21.354  48.118 0.0000000000
65407  -33.496  -20.654  50.745 0.0000000000
66636  -34.913  -19.871  54.249 0.0000000000
63927  -36.478  -21.735  55.302 0.0000000000
66584  -18.368  -20.919  56.793 0.0000000000
66607  -19.600  -19.923  55.034 0.0000000000
66541  -20.135  -19.830  58.573 0.0000000000
86372  -48.153  -5.654  33.246 0.0000000000
86333  -51.214  -5.164  35.066 0.0000000000
87494  -53.687  -4.303  36.708 0.0000000000
94096  -52.424  0.283  33.751 0.0000000000
99346  -60.656  4.988  23.526 0.0000000000
100573  -62.340  5.042  22.170 0.0000000000
101753  -64.080  6.965  22.584 0.0000000000
103054  -64.069  7.337  19.665 0.0000000000
105492  -65.987  9.239  22.103 0.0000000000
76415  -37.779  -13.115  43.985 0.0000000000
77802  -38.054  -12.945  43.588 0.0000000000
77819  -37.525  -12.135  42.895 0.0000000000
74982  -36.301  -14.240  43.473 0.0000000000
74983  -36.835  -13.690  43.897 0.0000000000
76387  -37.514  -13.292  44.336 0.0000000000
82272  -46.271  -8.810  32.937 0.0000000000
82252  -47.783  -9.026  34.025 0.0000000000
83661  -46.834  -7.678  32.649 0.0000000000
96723  -58.914  1.812  27.225 0.0000000000
96711  -59.460  1.886  28.129 0.0000000000
96725  -60.367  2.795  27.440 0.0000000000
99289  -61.583  3.873  26.696 0.0000000000
99306  -60.587  4.309  25.558 0.0000000000
65287  -17.737  -21.306  57.967 0.0000000000
65260  -16.079  -21.169  58.678 0.0000000000
65238  -17.232  -20.897  59.817 0.0000000000
77874  -43.441  -12.915  40.000 0.0000000000
77875  -44.278  -12.807  40.320 0.0000000000
77892  -44.060  -13.219  39.120 0.0000000000
79233  -44.797  -12.682  38.686 0.0000000000
77935  -43.405  -12.034  37.206 0.0000000000
69287  -25.269  -17.855  58.855 0.0000000000
69356  -32.751  -17.766  54.880 0.0000000000
70788  -33.416  -16.938  55.943 0.0000000000
70768  -34.188  -18.010  56.245 0.0000000000
67899  -35.069  -19.233  57.113 0.0000000000
69338  -34.069  -19.120  55.613 0.0000000000
66708  -38.906  -19.815  49.856 0.0000000000
64039  -38.137  -21.864  50.596 0.0000000000
65410  -39.629  -21.251  51.170 0.0000000000
64002  -39.316  -22.415  52.234 0.0000000000
70756  -24.099  -17.908  56.429 0.0000000000
70734  -24.447  -18.230  57.560 0.0000000000
70715  -24.125  -18.036  58.849 0.0000000000
79082  -51.353  -11.400  46.075 0.0000000000
92761  -48.778  -1.042  30.070 0.0000000000
91283  -48.777  -1.469  31.792 0.0000000000
94138  -50.009  -0.376  31.077 0.0000000000
76347  -41.523  -14.074  47.464 0.0000000000
74920  -42.669  -13.962  47.299 0.0000000000
74939  -41.506  -14.117  46.096 0.0000000000
76440  -40.628  -13.946  43.286 0.0000000000
76480  -41.051  -13.372  41.441 0.0000000000
76503  -41.607  -13.693  40.488 0.0000000000
69374  -24.698  -18.374  53.344 0.0000000000
69354  -25.951  -17.663  53.858 0.0000000000
69375  -25.670  -17.689  53.062 0.0000000000
72212  -27.517  -17.375  51.138 0.0000000000
72176  -27.426  -17.030  52.381 0.0000000000
70856  -28.362  -17.362  52.038 0.0000000000
70844  -29.937  -17.491  53.228 0.0000000000
69412  -29.263  -17.394  51.583 0.0000000000
69579  -34.377  -17.912  43.218 0.0000000000
72319  -37.306  -15.988  45.490 0.0000000000
72303  -36.785  -17.241  45.703 0.0000000000
70933  -37.517  -17.458  46.671 0.0000000000
69481  -38.261  -18.078  47.726 0.0000000000
70916  -38.816  -17.337  47.623 0.0000000000
72243  -39.620  -16.693  48.661 0.0000000000
72286  -38.617  -15.920  47.693 0.0000000000
74938  -39.857  -14.458  46.729 0.0000000000
74918  -39.789  -14.497  47.576 0.0000000000
76346  -41.052  -14.133  47.483 0.0000000000
76326  -41.986  -13.882  48.476 0.0000000000
67985  -23.548  -18.941  51.515 0.0000000000
80663  -49.305  -10.616  40.181 0.0000000000
80638  -51.781  -10.077  41.506 0.0000000000
80689  -51.228  -9.845  39.219 0.0000000000
82218  -50.674  -8.741  35.944 0.0000000000
82200  -51.973  -8.588  37.093 0.0000000000
82220  -52.060  -8.084  36.484 0.0000000000
83611  -53.505  -7.544  36.539 0.0000000000
83625  -52.412  -7.308  35.569 0.0000000000
95420  -53.985  0.659  29.128 0.0000000000
95404  -53.338  1.171  29.822 0.0000000000
95405  -54.616  1.278  30.032 0.0000000000
97925  -58.770  2.129  31.124 0.0000000000
95450  -50.943  1.050  26.791 0.0000000000
95468  -51.274  0.849  25.571 0.0000000000
95488  -53.938  1.481  24.422 0.0000000000
95489  -54.678  1.478  24.276 0.0000000000
96751  -56.014  1.923  25.008 0.0000000000
98036  -55.590  2.206  23.505 0.0000000000
98056  -56.705  2.811  23.287 0.0000000000
65258  -14.160  -21.250  58.373 0.0000000000
65183  -13.040  -20.777  61.076 0.0000000000
66468  -18.056  -20.006  64.740 0.0000000000
65147  -17.465  -20.571  64.040 0.0000000000
66467  -17.272  -20.127  65.346 0.0000000000
65125  -15.460  -20.733  66.053 0.0000000000
65124  -14.392  -21.110  66.005 0.0000000000
65154  -12.543  -21.229  63.855 0.0000000000
65123  -13.360  -21.319  66.107 0.0000000000
63799  -12.393  -21.850  66.282 0.0000000000
74963  -44.004  -13.814  45.632 0.0000000000
76370  -45.106  -13.611  46.478 0.0000000000
74987  -45.037  -14.367  45.097 0.0000000000
77838  -46.879  -13.048  42.201 0.0000000000
76447  -47.207  -13.171  43.597 0.0000000000
77822  -47.910  -12.905  43.241 0.0000000000
77804  -49.006  -12.524  44.135 0.0000000000
77840  -48.441  -12.402  42.297 0.0000000000
79181  -49.035  -11.992  42.016 0.0000000000
79201  -47.669  -11.760  40.964 0.0000000000
79262  -45.258  -11.864  36.870 0.0000000000
79263  -46.173  -11.204  37.105 0.0000000000
79276  -45.435  -11.171  35.813 0.0000000000
80746  -46.160  -10.347  35.570 0.0000000000
79316  -44.750  -10.615  34.429 0.0000000000
70739  -28.741  -16.889  56.905 0.0000000000
70720  -28.723  -17.086  57.782 0.0000000000
72110  -29.885  -16.397  57.921 0.0000000000
69479  -31.001  -18.787  48.387 0.0000000000
69477  -29.646  -18.286  48.620 0.0000000000
69460  -31.170  -18.652  49.138 0.0000000000
69437  -31.308  -18.023  50.267 0.0000000000
68003  -32.196  -19.262  50.594 0.0000000000
66758  -34.438  -20.158  46.025 0.0000000000
66757  -33.114  -20.680  46.424 0.0000000000
65459  -34.506  -21.142  47.213 0.0000000000
63998  -35.713  -21.775  52.184 0.0000000000
64014  -34.716  -21.816  51.193 0.0000000000
65389  -35.014  -21.378  52.665 0.0000000000
66676  -34.305  -20.610  53.032 0.0000000000
66659  -35.503  -20.943  53.562 0.0000000000
65351  -35.661  -20.559  54.538 0.0000000000
65352  -36.825  -21.081  54.283 0.0000000000
70831  -41.342  -16.323  51.329 0.0000000000
67915  -20.429  -19.330  54.845 0.0000000000
66586  -20.628  -19.457  56.861 0.0000000000
66562  -20.430  -19.707  57.562 0.0000000000
70658  -23.733  -16.668  61.923 0.0000000000
87566  -46.319  -4.473  31.675 0.0000000000
86371  -47.249  -5.590  33.008 0.0000000000
87567  -46.846  -4.686  32.380 0.0000000000
89893  -49.829  -2.893  33.854 0.0000000000
87526  -49.444  -4.559  34.017 0.0000000000
88704  -50.992  -3.926  35.210 0.0000000000
87510  -52.831  -4.279  35.755 0.0000000000
88706  -52.396  -3.389  35.951 0.0000000000
95356  -52.836  1.198  32.523 0.0000000000
95333  -51.991  1.051  33.009 0.0000000000
95315  -53.027  0.981  34.219 0.0000000000
99364  -57.933  3.938  22.581 0.0000000000
99345  -59.932  4.546  23.574 0.0000000000
99365  -59.164  4.045  22.478 0.0000000000
100572  -61.380  5.121  22.048 0.0000000000
100585  -61.885  5.293  21.345 0.0000000000
100575  -64.006  6.024  22.526 0.0000000000
101761  -63.093  6.230  21.098 0.0000000000
104325  -63.945  8.895  18.700 0.0000000000
103063  -63.796  7.736  18.754 0.0000000000
104320  -64.799  8.721  20.176 0.0000000000
104313  -65.274  8.796  21.187 0.0000000000
105496  -65.817  9.668  21.605 0.0000000000
106692  -66.207  10.207  20.995 0.0000000000
104339  -65.119  8.060  17.470 0.0000000000
76389  -39.419  -13.203  45.269 0.0000000000
76390  -40.421  -14.015  45.322 0.0000000000
76416  -38.692  -13.442  43.920 0.0000000000
76438  -38.935  -13.249  42.929 0.0000000000
70839  -25.931  -17.451  51.705 0.0000000000
72368  -35.859  -15.172  42.647 0.0000000000
73628  -36.694  -14.971  43.925 0.0000000000
72320  -37.856  -15.495  45.797 0.0000000000
73598  -38.415  -15.430  46.472 0.0000000000
73614  -38.295  -14.754  45.634 0.0000000000
74936  -38.962  -13.659  45.609 0.0000000000
80728  -48.081  -9.718  37.214 0.0000000000
80729  -49.229  -9.187  37.071 0.0000000000
80749  -49.073  -9.175  36.282 0.0000000000
82237  -49.647  -8.791  35.010 0.0000000000
82255  -49.988  -8.233  34.532 0.0000000000
95423  -56.884  0.635  27.892 0.0000000000
95407  -56.399  1.138  29.279 0.0000000000
96696  -58.222  1.546  29.152 0.0000000000
97955  -59.274  1.989  29.753 0.0000000000
99326  -62.310  4.885  24.740 0.0000000000
65259  -15.141  -21.284  58.533 0.0000000000
63875  -15.030  -21.317  60.144 0.0000000000
76461  -43.448  -13.804  42.282 0.0000000000
76444  -44.897  -14.130  43.209 0.0000000000
76484  -44.888  -13.415  41.597 0.0000000000
77856  -45.693  -13.478  41.065 0.0000000000
77877  -46.049  -12.716  40.420 0.0000000000
79218  -46.693  -12.209  40.073 0.0000000000
79234  -45.435  -12.019  38.899 0.0000000000
79248  -45.042  -12.493  37.777 0.0000000000
79275  -44.017  -11.161  36.312 0.0000000000
70785  -30.618  -17.151  55.902 0.0000000000
72129  -30.350  -16.925  56.844 0.0000000000
70765  -31.985  -17.536  56.902 0.0000000000
70723  -33.228  -18.167  58.024 0.0000000000
65296  -34.770  -20.820  57.422 0.0000000000
68086  -30.182  -19.326  46.550 0.0000000000
68060  -31.178  -19.381  47.364 0.0000000000
65450  -36.493  -20.560  48.156 0.0000000000
65449  -35.993  -21.294  48.605 0.0000000000
65428  -37.018  -21.188  50.127 0.0000000000
64017  -37.423  -22.259  51.477 0.0000000000
64000  -37.603  -22.173  52.465 0.0000000000
66661  -37.728  -22.095  54.077 0.0000000000
63983  -38.360  -22.608  53.297 0.0000000000
67947  -22.261  -18.779  53.627 0.0000000000
67930  -21.825  -18.394  54.699 0.0000000000
70732  -22.655  -18.330  58.101 0.0000000000
69285  -22.461  -18.289  59.028 0.0000000000
70714  -23.119  -17.992  59.062 0.0000000000
91302  -46.884  -2.410  30.570 0.0000000000
88753  -47.816  -3.492  32.172 0.0000000000
89948  -48.198  -1.890  31.486 0.0000000000
91260  -48.872  -1.838  32.778 0.0000000000
91244  -50.757  -1.531  33.921 0.0000000000
99385  -56.614  4.695  20.253 0.0000000000
100581  -58.494  5.005  20.941 0.0000000000
100594  -57.771  5.664  20.096 0.0000000000
106702  -64.187  10.459  18.934 0.0000000000
107903  -66.156  11.276  19.700 0.0000000000
107912  -65.176  11.228  18.477 0.0000000000
106716  -65.541  10.533  17.677 0.0000000000
66511  -19.131  -20.631  60.866 0.0000000000
65189  -18.641  -21.006  61.571 0.0000000000
76309  -44.493  -13.107  49.335 0.0000000000
76328  -43.867  -14.202  48.248 0.0000000000
74942  -43.753  -13.737  46.529 0.0000000000
74984  -42.884  -14.044  44.992 0.0000000000
76418  -41.020  -13.825  44.389 0.0000000000
76441  -41.677  -14.089  43.333 0.0000000000
76442  -42.776  -14.217  43.259 0.0000000000
76482  -43.126  -13.705  41.377 0.0000000000
76504  -42.714  -13.563  40.371 0.0000000000
70757  -24.790  -18.012  56.321 0.0000000000
70758  -25.817  -17.672  56.646 0.0000000000
70780  -26.314  -17.450  55.420 0.0000000000
70781  -27.335  -16.950  55.253 0.0000000000
70782  -28.303  -16.881  55.241 0.0000000000
70840  -26.280  -17.015  52.005 0.0000000000
70825  -27.408  -16.984  53.108 0.0000000000
70805  -28.727  -16.938  54.446 0.0000000000
70828  -30.162  -17.241  54.100 0.0000000000
69377  -30.985  -18.009  53.767 0.0000000000
69379  -32.739  -18.239  53.773 0.0000000000
68138  -33.962  -18.923  44.111 0.0000000000
68090  -35.698  -19.129  45.996 0.0000000000
70967  -35.714  -17.159  44.364 0.0000000000
69516  -36.040  -18.165  45.812 0.0000000000
68062  -36.438  -19.144  46.686 0.0000000000
66735  -37.126  -19.390  48.231 0.0000000000
68025  -37.992  -18.691  48.758 0.0000000000
68007  -39.546  -18.876  50.101 0.0000000000
66695  -40.661  -18.639  51.359 0.0000000000
69440  -39.500  -17.756  50.081 0.0000000000
72198  -40.026  -16.512  50.366 0.0000000000
73537  -40.441  -15.680  50.140 0.0000000000
74896  -39.319  -15.055  48.314 0.0000000000
74897  -40.162  -15.049  48.434 0.0000000000
74882  -40.966  -14.681  49.666 0.0000000000
76305  -41.684  -14.568  49.949 0.0000000000
67948  -22.847  -18.308  53.395 0.0000000000
80615  -51.101  -11.376  42.946 0.0000000000
80617  -52.265  -10.566  42.397 0.0000000000
82102  -52.626  -9.172  41.331 0.0000000000
82129  -53.267  -8.879  40.411 0.0000000000
80709  -51.066  -9.444  38.436 0.0000000000
82180  -52.685  -8.689  38.865 0.0000000000
94163  -51.276  0.221  29.160 0.0000000000
95387  -50.981  0.684  30.477 0.0000000000
95388  -51.665  0.986  30.487 0.0000000000
95390  -53.614  1.300  30.835 0.0000000000
96660  -54.583  2.253  32.187 0.0000000000
96680  -56.591  1.712  30.877 0.0000000000
96662  -56.405  1.965  31.841 0.0000000000
85060  -44.628  -6.417  30.987 0.0000000000
85044  -45.893  -7.174  31.157 0.0000000000
86429  -44.367  -5.311  30.344 0.0000000000
87581  -44.890  -4.519  30.854 0.0000000000
89966  -44.885  -3.326  30.653 0.0000000000
91326  -45.750  -2.605  29.791 0.0000000000
92759  -47.035  -1.602  29.407 0.0000000000
92779  -47.610  -1.254  28.914 0.0000000000
94171  -49.066  -0.832  28.300 0.0000000000
94172  -49.741  -0.318  28.459 0.0000000000
95430  -50.886  0.799  27.695 0.0000000000
95432  -52.594  0.897  27.682 0.0000000000
95433  -53.930  0.605  27.840 0.0000000000
95486  -51.651  1.085  24.332 0.0000000000
95470  -53.619  1.036  25.316 0.0000000000
95453  -54.508  0.573  26.309 0.0000000000
95455  -56.581  1.202  26.366 0.0000000000
96739  -57.244  1.621  25.836 0.0000000000
96754  -58.540  2.290  25.599 0.0000000000
99304  -59.080  3.314  25.241 0.0000000000
98039  -57.899  2.647  24.407 0.0000000000
99342  -56.950  3.163  23.005 0.0000000000
99363  -56.461  3.637  22.448 0.0000000000
99378  -56.389  4.468  21.332 0.0000000000
65187  -16.853  -21.418  61.536 0.0000000000
65186  -15.912  -21.594  61.642 0.0000000000
65171  -15.358  -20.901  62.502 0.0000000000
66466  -16.677  -20.292  65.681 0.0000000000
65156  -14.946  -20.789  63.489 0.0000000000
65170  -14.344  -20.524  62.444 0.0000000000
65169  -12.979  -20.748  62.328 0.0000000000
65168  -11.828  -20.848  62.798 0.0000000000
65167  -10.946  -20.997  62.823 0.0000000000
63820  -10.756  -21.530  64.446 0.0000000000
79099  -50.587  -11.938  45.341 0.0000000000
77741  -47.612  -12.904  46.939 0.0000000000
76423  -45.951  -13.428  44.336 0.0000000000
76395  -47.303  -13.495  45.107 0.0000000000
77757  -49.291  -12.541  45.770 0.0000000000
77778  -49.711  -11.961  45.061 0.0000000000
79148  -50.633  -11.566  44.304 0.0000000000
79183  -50.443  -11.541  42.707 0.0000000000
79222  -49.748  -11.228  40.802 0.0000000000
80687  -48.443  -10.404  39.327 0.0000000000
79236  -47.529  -10.848  39.417 0.0000000000
79251  -47.504  -10.643  38.729 0.0000000000
80706  -47.743  -10.298  38.247 0.0000000000
80747  -47.196  -10.019  36.201 0.0000000000
80774  -46.357  -9.754  33.911 0.0000000000
82271  -45.345  -9.258  32.609 0.0000000000
77954  -41.850  -12.289  36.390 0.0000000000
77977  -42.347  -12.252  35.586 0.0000000000
79292  -43.009  -11.487  35.223 0.0000000000
79314  -43.481  -11.150  34.145 0.0000000000
80771  -43.799  -10.492  33.618 0.0000000000
82269  -43.751  -9.589  32.363 0.0000000000
82290  -44.168  -9.137  31.743 0.0000000000
83684  -44.386  -8.330  31.369 0.0000000000
72112  -31.217  -17.203  58.596 0.0000000000
70896  -28.028  -17.807  49.606 0.0000000000
69476  -28.800  -18.240  48.810 0.0000000000
69435  -29.095  -17.566  50.811 0.0000000000
69414  -31.106  -17.877  51.562 0.0000000000
69397  -31.974  -18.022  52.675 0.0000000000
69398  -32.857  -18.554  52.701 0.0000000000
68116  -32.301  -19.821  45.307 0.0000000000
66756  -32.238  -20.090  46.538 0.0000000000
66732  -32.368  -19.992  48.509 0.0000000000
64052  -34.558  -21.992  49.403 0.0000000000
65426  -33.342  -21.207  50.163 0.0000000000
66705  -32.543  -19.856  50.092 0.0000000000
67989  -33.161  -19.463  51.656 0.0000000000
67971  -33.817  -19.679  53.393 0.0000000000
69381  -34.160  -18.938  54.211 0.0000000000
66615  -34.816  -20.331  55.387 0.0000000000
65315  -35.676  -20.910  55.463 0.0000000000
66583  -17.013  -21.153  56.350 0.0000000000
66560  -18.761  -20.994  58.270 0.0000000000
66630  -19.590  -19.865  54.025 0.0000000000
66629  -18.619  -20.025  54.226 0.0000000000
66606  -18.612  -20.385  55.342 0.0000000000
66561  -19.550  -20.352  57.721 0.0000000000
66540  -19.475  -20.344  58.844 0.0000000000
67881  -20.049  -19.435  60.480 0.0000000000
69256  -22.428  -17.598  60.672 0.0000000000
85021  -47.289  -6.695  32.569 0.0000000000
85022  -47.838  -6.613  33.199 0.0000000000
85002  -50.100  -7.007  33.799 0.0000000000
87546  -48.732  -4.672  33.425 0.0000000000
86354  -49.996  -5.290  34.064 0.0000000000
85004  -51.345  -6.682  34.636 0.0000000000
84984  -52.803  -6.469  35.419 0.0000000000
94118  -51.010  -0.016  32.028 0.0000000000
92688  -50.950  -0.493  33.128 0.0000000000
91246  -52.104  -1.168  34.656 0.0000000000
99323  -59.774  4.201  24.556 0.0000000000
100558  -60.460  5.347  24.004 0.0000000000
99347  -61.549  4.855  23.906 0.0000000000
100571  -60.377  4.956  21.701 0.0000000000
99367  -60.980  4.741  22.790 0.0000000000
99349  -63.495  5.162  23.819 0.0000000000
100561  -64.232  5.825  23.644 0.0000000000
101743  -64.795  7.140  23.514 0.0000000000
101772  -62.984  6.005  20.151 0.0000000000
101774  -64.208  7.195  20.922 0.0000000000
104307  -65.042  8.496  22.359 0.0000000000
105521  -66.109  9.293  18.542 0.0000000000
76414  -37.004  -12.537  43.670 0.0000000000
77800  -37.244  -12.006  43.308 0.0000000000
75003  -36.584  -13.094  43.258 0.0000000000
83686  -46.044  -7.783  32.062 0.0000000000
96742  -59.751  2.872  26.499 0.0000000000
96724  -59.752  2.446  27.216 0.0000000000
97986  -60.036  3.200  26.989 0.0000000000
97987  -60.679  3.137  27.223 0.0000000000
98009  -60.580  3.388  26.646 0.0000000000
99288  -60.334  3.693  26.084 0.0000000000
65261  -17.029  -21.240  58.836 0.0000000000
65239  -18.134  -20.906  60.014 0.0000000000
77891  -42.724  -12.822  39.252 0.0000000000
77914  -43.302  -12.438  38.158 0.0000000000
70717  -25.721  -17.478  58.598 0.0000000000
70736  -25.822  -17.356  57.630 0.0000000000
69336  -33.552  -17.936  55.316 0.0000000000
69335  -33.308  -17.436  55.504 0.0000000000
69325  -34.244  -18.453  55.888 0.0000000000
69337  -33.707  -18.551  55.414 0.0000000000
66709  -39.690  -19.834  50.345 0.0000000000
65430  -39.005  -20.958  50.636 0.0000000000
65431  -39.992  -20.484  50.765 0.0000000000
65411  -40.437  -20.646  51.438 0.0000000000
70716  -24.964  -17.976  58.578 0.0000000000
94151  -49.433  -0.501  30.209 0.0000000000
94137  -49.492  -0.225  30.699 0.0000000000
94152  -50.067  -0.203  30.242 0.0000000000
76368  -41.627  -14.230  47.078 0.0000000000
76479  -40.094  -13.465  41.406 0.0000000000
67949  -25.288  -18.181  52.788 0.0000000000
67950  -25.511  -17.874  52.605 0.0000000000
72192  -27.726  -17.248  51.836 0.0000000000
70857  -29.112  -17.389  52.182 0.0000000000
70875  -28.800  -17.406  51.563 0.0000000000
70948  -37.527  -17.019  46.416 0.0000000000
70934  -38.031  -17.070  46.703 0.0000000000
70915  -38.373  -17.242  47.207 0.0000000000
72285  -38.445  -16.542  47.177 0.0000000000
72265  -39.024  -16.634  47.797 0.0000000000
76366  -40.123  -14.203  46.188 0.0000000000
76345  -40.407  -14.334  47.480 0.0000000000
67986  -24.507  -18.676  51.618 0.0000000000
67969  -24.775  -18.462  52.463 0.0000000000
80688  -49.773  -10.162  39.273 0.0000000000
82239  -51.135  -8.391  35.130 0.0000000000
82219  -51.492  -8.245  36.135 0.0000000000
83609  -51.989  -7.705  36.009 0.0000000000
83610  -52.615  -7.811  36.300 0.0000000000
83624  -51.741  -7.604  35.196 0.0000000000
97914  -58.566  2.280  32.326 0.0000000000
95467  -50.081  0.364  25.873 0.0000000000
96764  -55.048  1.850  23.688 0.0000000000
96779  -54.518  2.166  23.316 0.0000000000
65235  -14.532  -21.300  59.540 0.0000000000
67827  -17.930  -19.565  65.596 0.0000000000
65134  -13.437  -20.950  65.496 0.0000000000
63800  -13.160  -21.831  66.403 0.0000000000
74986  -44.457  -14.293  44.970 0.0000000000
74964  -44.731  -13.901  45.604 0.0000000000
77821  -47.223  -12.962  42.936 0.0000000000
77839  -47.630  -12.652  42.266 0.0000000000
77859  -47.952  -12.281  41.571 0.0000000000
79294  -44.889  -10.751  34.906 0.0000000000
70761  -28.959  -16.934  56.082 0.0000000000
72109  -29.420  -16.708  57.485 0.0000000000
72117  -29.434  -16.724  56.738 0.0000000000
69461  -31.499  -18.944  49.440 0.0000000000
69438  -31.684  -18.681  50.039 0.0000000000
65470  -34.959  -20.634  46.612 0.0000000000
63999  -36.603  -21.839  52.502 0.0000000000
65390  -35.824  -21.223  52.858 0.0000000000
66677  -35.277  -20.908  53.228 0.0000000000
72166  -41.470  -15.893  51.502 0.0000000000
67890  -21.488  -18.702  58.443 0.0000000000
88751  -46.133  -3.836  31.654 0.0000000000
88752  -47.029  -3.703  31.954 0.0000000000
89894  -50.284  -2.626  33.987 0.0000000000
88717  -50.672  -3.415  34.565 0.0000000000
88718  -51.131  -3.299  35.020 0.0000000000
88705  -51.752  -3.364  35.452 0.0000000000
89879  -51.862  -2.598  35.180 0.0000000000
95357  -53.375  1.899  32.933 0.0000000000
95334  -52.808  1.282  33.381 0.0000000000
100569  -58.184  4.601  21.831 0.0000000000
101759  -61.640  5.586  20.651 0.0000000000
101760  -62.405  5.673  20.775 0.0000000000
104326  -64.369  8.589  19.328 0.0000000000
105501  -65.104  9.394  20.395 0.0000000000
105502  -65.489  10.077  20.694 0.0000000000
106691  -65.989  10.478  21.040 0.0000000000
77820  -38.217  -12.758  43.070 0.0000000000
76456  -38.694  -13.032  42.300 0.0000000000
73656  -35.789  -14.676  42.387 0.0000000000
73613  -37.533  -15.065  44.878 0.0000000000
74957  -37.566  -13.822  45.058 0.0000000000
74958  -38.669  -13.957  45.450 0.0000000000
76365  -39.078  -13.477  45.638 0.0000000000
80748  -48.439  -9.405  35.974 0.0000000000
82236  -49.000  -8.977  34.810 0.0000000000
82253  -48.593  -8.499  34.060 0.0000000000
82254  -49.312  -8.357  34.372 0.0000000000
83641  -48.961  -7.777  33.942 0.0000000000
95436  -57.100  1.132  27.344 0.0000000000
96709  -57.562  0.845  28.447 0.0000000000
96710  -58.649  1.268  28.249 0.0000000000
97956  -60.184  2.278  29.656 0.0000000000
99308  -62.248  4.739  25.688 0.0000000000
99309  -63.317  4.850  25.777 0.0000000000
100520  -61.948  5.267  25.008 0.0000000000
65236  -15.425  -21.217  59.495 0.0000000000
65210  -15.500  -21.259  60.423 0.0000000000
76462  -44.448  -13.747  42.316 0.0000000000
77876  -45.252  -12.844  40.292 0.0000000000
77855  -44.845  -13.350  40.842 0.0000000000
77894  -45.753  -12.163  39.792 0.0000000000
79247  -44.066  -12.382  37.648 0.0000000000
79261  -44.289  -12.063  36.998 0.0000000000
70764  -31.036  -17.181  56.574 0.0000000000
70786  -31.653  -17.347  55.984 0.0000000000
70767  -33.758  -17.449  56.489 0.0000000000
70766  -33.110  -16.967  56.736 0.0000000000
70724  -33.899  -18.201  57.604 0.0000000000
66572  -34.984  -19.682  56.780 0.0000000000
66553  -35.047  -19.534  57.315 0.0000000000
66571  -34.990  -20.097  57.047 0.0000000000
68087  -30.872  -19.410  46.549 0.0000000000
68061  -31.800  -19.592  47.401 0.0000000000
66722  -36.879  -20.000  48.495 0.0000000000
65442  -36.809  -20.902  49.247 0.0000000000
65429  -37.908  -20.897  49.823 0.0000000000
63982  -37.749  -22.083  53.230 0.0000000000
64001  -38.469  -22.375  52.479 0.0000000000
63984  -39.306  -22.992  52.896 0.0000000000
69371  -22.383  -18.017  54.448 0.0000000000
70755  -23.384  -18.358  56.658 0.0000000000
70754  -22.755  -18.514  57.233 0.0000000000
70696  -24.837  -17.559  59.577 0.0000000000
70695  -23.883  -17.139  59.778 0.0000000000
91303  -47.619  -1.807  30.964 0.0000000000
91282  -47.479  -2.340  31.318 0.0000000000
92713  -49.349  -0.901  31.700 0.0000000000
91284  -49.316  -1.234  32.295 0.0000000000
89912  -50.103  -1.862  33.531 0.0000000000
91262  -50.358  -1.225  33.267 0.0000000000
100593  -57.295  5.048  20.339 0.0000000000
105518  -63.758  9.841  18.868 0.0000000000
106714  -63.752  10.685  18.422 0.0000000000
106703  -64.734  11.080  18.979 0.0000000000
106715  -64.278  10.958  18.467 0.0000000000
66497  -19.200  -20.378  61.679 0.0000000000
69195  -19.380  -19.022  65.137 0.0000000000
76308  -43.910  -14.045  49.456 0.0000000000
74900  -42.820  -13.993  47.975 0.0000000000
74941  -42.858  -13.964  46.521 0.0000000000
74962  -43.223  -13.937  45.709 0.0000000000
76417  -39.879  -13.895  44.238 0.0000000000
76459  -41.362  -13.741  42.348 0.0000000000
70779  -25.130  -17.908  55.524 0.0000000000
70804  -27.795  -16.845  54.243 0.0000000000
72177  -27.944  -17.130  52.638 0.0000000000
72161  -27.851  -16.919  52.988 0.0000000000
70806  -29.600  -17.047  54.715 0.0000000000
70827  -29.313  -17.109  53.810 0.0000000000
69395  -30.073  -17.517  52.569 0.0000000000
70845  -30.529  -17.665  53.679 0.0000000000
69378  -31.833  -17.701  53.930 0.0000000000
69552  -34.672  -18.068  43.923 0.0000000000
69551  -34.135  -18.417  43.447 0.0000000000
68139  -34.649  -18.662  44.404 0.0000000000
68118  -34.686  -19.076  45.238 0.0000000000
68119  -35.565  -18.659  45.449 0.0000000000
72351  -35.667  -15.714  43.281 0.0000000000
70981  -35.528  -16.445  43.859 0.0000000000
70947  -37.033  -17.465  46.286 0.0000000000
70946  -36.525  -17.654  45.934 0.0000000000
69517  -36.603  -17.955  46.286 0.0000000000
69498  -36.414  -18.501  46.312 0.0000000000
68063  -36.771  -19.155  47.279 0.0000000000
68040  -37.144  -18.941  47.694 0.0000000000
69462  -38.567  -18.037  48.744 0.0000000000
68005  -38.439  -18.512  49.221 0.0000000000
68006  -38.922  -18.699  49.592 0.0000000000
69441  -40.098  -18.286  50.392 0.0000000000
72219  -39.793  -16.488  49.734 0.0000000000
72220  -40.217  -16.181  50.183 0.0000000000
73536  -40.232  -16.052  49.663 0.0000000000
73599  -38.869  -14.787  46.486 0.0000000000
73582  -38.790  -15.164  47.537 0.0000000000
73583  -39.226  -14.755  47.264 0.0000000000
76324  -40.419  -14.501  48.233 0.0000000000
74898  -40.806  -14.844  48.793 0.0000000000
74881  -40.620  -15.183  49.411 0.0000000000
76307  -43.017  -14.291  49.545 0.0000000000
67967  -22.980  -18.614  52.620 0.0000000000
70800  -24.263  -17.969  55.072 0.0000000000
80616  -51.711  -10.991  42.460 0.0000000000
80665  -51.724  -9.841  40.410 0.0000000000
82101  -51.934  -9.280  40.990 0.0000000000
82128  -52.401  -9.299  40.269 0.0000000000
80730  -50.002  -9.420  37.275 0.0000000000
80708  -50.221  -9.546  38.094 0.0000000000
82177  -50.516  -9.272  37.332 0.0000000000
83594  -52.443  -8.513  37.600 0.0000000000
82179  -52.227  -8.816  38.145 0.0000000000
82181  -53.407  -8.705  38.981 0.0000000000
83583  -53.958  -8.531  38.419 0.0000000000
83612  -54.391  -7.571  36.995 0.0000000000
95417  -51.270  0.449  28.492 0.0000000000
95402  -51.381  0.673  29.583 0.0000000000
95403  -52.282  1.091  29.642 0.0000000000
95391  -54.332  1.933  31.025 0.0000000000
95373  -53.723  1.769  31.921 0.0000000000
96678  -54.890  2.230  31.412 0.0000000000
96695  -57.609  1.389  29.604 0.0000000000
96694  -56.655  1.210  29.972 0.0000000000
96681  -57.479  1.576  30.497 0.0000000000
63819  -10.045  -21.895  64.058 0.0000000000
63825  -9.207  -22.127  63.209 0.0000000000
63818  -9.565  -22.365  63.854 0.0000000000
87613  -44.262  -3.894  29.704 0.0000000000
88781  -44.553  -3.699  30.152 0.0000000000
89984  -44.674  -3.151  29.432 0.0000000000
89985  -45.280  -2.747  29.469 0.0000000000
91348  -45.600  -2.422  28.933 0.0000000000
91327  -46.447  -2.252  29.734 0.0000000000
91349  -46.378  -1.991  28.784 0.0000000000
92778  -46.952  -1.593  28.584 0.0000000000
92796  -47.402  -1.456  27.875 0.0000000000
92780  -48.412  -0.981  29.141 0.0000000000
92797  -48.272  -1.167  28.161 0.0000000000
94185  -49.388  -0.209  27.623 0.0000000000
94186  -50.064  0.157  27.796 0.0000000000
95429  -50.584  0.436  27.859 0.0000000000
95449  -50.508  0.362  27.181 0.0000000000
95452  -53.195  1.107  26.550 0.0000000000
95471  -54.817  0.766  25.043 0.0000000000
94206  -55.241  0.599  25.728 0.0000000000
95454  -55.651  0.705  26.377 0.0000000000
94207  -55.596  0.706  25.802 0.0000000000
95473  -56.540  1.494  25.470 0.0000000000
96753  -57.799  2.036  25.358 0.0000000000
98022  -57.536  2.383  24.829 0.0000000000
98023  -58.162  2.640  25.103 0.0000000000
63872  -12.136  -21.321  60.780 0.0000000000
63844  -18.524  -21.668  62.228 0.0000000000
65188  -17.881  -21.551  61.540 0.0000000000
65174  -18.098  -21.553  62.676 0.0000000000
65158  -16.766  -20.862  63.292 0.0000000000
63842  -16.500  -21.651  62.230 0.0000000000
65172  -16.191  -21.373  62.576 0.0000000000
67825  -16.788  -19.696  65.910 0.0000000000
65144  -14.692  -20.973  64.519 0.0000000000
65142  -12.541  -21.039  64.889 0.0000000000
63828  -11.780  -21.415  64.298 0.0000000000
65153  -11.435  -21.174  63.541 0.0000000000
63827  -11.011  -21.372  63.982 0.0000000000
63821  -11.535  -21.299  64.752 0.0000000000
63792  -12.147  -22.348  66.630 0.0000000000
77759  -50.545  -12.311  46.125 0.0000000000
76329  -44.703  -13.368  48.332 0.0000000000
76310  -45.164  -12.905  49.008 0.0000000000
76349  -44.961  -13.356  47.455 0.0000000000
76350  -45.755  -13.151  47.303 0.0000000000
76351  -46.579  -12.958  47.328 0.0000000000
76372  -47.058  -13.296  46.195 0.0000000000
76445  -45.607  -13.372  43.391 0.0000000000
76425  -47.603  -13.217  44.216 0.0000000000
76424  -46.820  -13.394  44.300 0.0000000000
76373  -47.742  -13.335  45.695 0.0000000000
77756  -48.426  -12.972  45.796 0.0000000000
77776  -48.778  -13.174  44.711 0.0000000000
77805  -49.544  -11.987  44.275 0.0000000000
79147  -50.041  -11.591  44.354 0.0000000000
79162  -49.907  -11.653  43.513 0.0000000000
79163  -50.502  -11.468  43.614 0.0000000000
79182  -49.693  -11.882  42.478 0.0000000000
79221  -48.967  -11.441  40.453 0.0000000000
79203  -49.412  -11.789  41.368 0.0000000000
80662  -48.541  -10.804  40.067 0.0000000000
79235  -46.384  -11.416  39.309 0.0000000000
79219  -47.214  -11.440  40.210 0.0000000000
79264  -46.777  -10.569  37.311 0.0000000000
79250  -46.855  -10.828  38.274 0.0000000000
80705  -47.166  -10.473  37.780 0.0000000000
80727  -47.198  -10.094  37.317 0.0000000000
80773  -45.503  -10.215  33.836 0.0000000000
80760  -45.855  -10.154  34.709 0.0000000000
80785  -45.729  -9.692  33.222 0.0000000000
77976  -41.075  -12.289  35.244 0.0000000000
79313  -42.226  -11.432  33.566 0.0000000000
80770  -42.976  -10.678  33.263 0.0000000000
80782  -43.399  -10.184  32.788 0.0000000000
82268  -43.068  -9.740  32.213 0.0000000000
70737  -26.827  -17.346  57.373 0.0000000000
70719  -27.804  -17.301  58.127 0.0000000000
72101  -29.352  -16.894  58.197 0.0000000000
72120  -31.062  -17.100  57.914 0.0000000000
72119  -30.317  -16.878  57.576 0.0000000000
69458  -29.478  -18.189  49.713 0.0000000000
69436  -30.289  -17.847  50.598 0.0000000000
69415  -32.036  -18.628  51.414 0.0000000000
66772  -32.864  -19.994  45.785 0.0000000000
65458  -33.450  -21.307  47.255 0.0000000000
66743  -32.669  -20.712  47.720 0.0000000000
66742  -32.241  -20.122  47.482 0.0000000000
66733  -32.704  -20.603  48.747 0.0000000000
64054  -36.011  -21.692  49.685 0.0000000000
64067  -35.177  -21.765  48.417 0.0000000000
62794  -35.083  -22.275  49.746 0.0000000000
65408  -34.134  -20.964  50.937 0.0000000000
65427  -34.008  -21.355  50.302 0.0000000000
66721  -32.747  -20.581  49.700 0.0000000000
66706  -33.070  -20.332  50.499 0.0000000000
68004  -32.925  -19.622  50.888 0.0000000000
66693  -33.420  -20.223  51.331 0.0000000000
66657  -34.534  -19.852  53.764 0.0000000000
67951  -34.314  -19.266  53.952 0.0000000000
67931  -34.373  -19.559  54.233 0.0000000000
67932  -34.058  -19.754  54.721 0.0000000000
66637  -34.643  -20.183  54.867 0.0000000000
65334  -36.646  -21.018  54.933 0.0000000000
65333  -35.564  -20.624  55.263 0.0000000000
65353  -38.004  -22.393  54.207 0.0000000000
66617  -37.544  -21.782  54.380 0.0000000000
65318  -38.707  -22.303  55.212 0.0000000000
67972  -40.816  -18.065  51.285 0.0000000000
65306  -17.267  -21.034  57.195 0.0000000000
67929  -21.232  -19.112  54.211 0.0000000000
67928  -20.409  -19.631  53.710 0.0000000000
67905  -20.358  -19.793  55.538 0.0000000000
66585  -20.028  -20.277  56.325 0.0000000000
66526  -19.873  -19.872  59.232 0.0000000000
66525  -19.427  -20.011  59.923 0.0000000000
69268  -22.412  -17.865  59.693 0.0000000000
82034  -52.990  -10.842  43.850 0.0000000000
85062  -46.189  -6.418  31.143 0.0000000000
85045  -46.687  -6.838  31.668 0.0000000000
86411  -46.577  -5.966  31.360 0.0000000000
85023  -48.753  -6.577  33.015 0.0000000000
85024  -49.598  -6.616  33.296 0.0000000000
88754  -48.292  -3.392  32.501 0.0000000000
88730  -48.133  -4.022  32.743 0.0000000000
87527  -50.413  -4.532  34.681 0.0000000000
86375  -50.438  -5.893  33.719 0.0000000000
86356  -51.604  -5.891  34.765 0.0000000000
84983  -51.989  -6.566  35.183 0.0000000000
86334  -52.215  -5.468  35.245 0.0000000000
87511  -53.857  -4.865  35.696 0.0000000000
95370  -51.219  0.678  31.247 0.0000000000
94139  -50.718  0.176  31.138 0.0000000000
95354  -51.499  0.623  31.908 0.0000000000
94095  -51.645  0.299  33.087 0.0000000000
92689  -51.737  -0.345  33.659 0.0000000000
92670  -51.240  -0.813  34.001 0.0000000000
92672  -52.345  -0.402  34.616 0.0000000000
99322  -58.796  3.152  24.575 0.0000000000
100560  -61.356  5.280  24.168 0.0000000000
100570  -59.298  4.692  21.741 0.0000000000
100582  -59.495  5.085  20.957 0.0000000000
99368  -61.963  4.545  22.916 0.0000000000
99369  -62.963  4.684  22.948 0.0000000000
99370  -63.615  5.352  23.035 0.0000000000
101742  -64.440  6.610  23.205 0.0000000000
101754  -64.521  7.194  22.973 0.0000000000
103036  -64.665  7.838  22.997 0.0000000000
101802  -63.218  6.594  18.516 0.0000000000
101787  -62.592  6.035  19.205 0.0000000000
101788  -63.473  6.655  19.442 0.0000000000
101773  -63.693  6.800  20.473 0.0000000000
103047  -64.262  7.377  20.332 0.0000000000
104308  -65.582  9.048  21.874 0.0000000000
104301  -65.666  8.623  22.530 0.0000000000
104295  -66.048  8.178  23.031 0.0000000000
104302  -66.173  8.558  22.255 0.0000000000
107914  -66.107  11.021  19.081 0.0000000000
106705  -66.293  10.414  19.301 0.0000000000
77801  -37.560  -12.580  43.365 0.0000000000
75002  -35.939  -13.664  42.749 0.0000000000
80775  -47.141  -9.576  34.307 0.0000000000
82251  -47.009  -9.201  33.626 0.0000000000
82273  -47.323  -8.515  33.182 0.0000000000
96712  -60.357  2.320  28.099 0.0000000000
99268  -61.774  3.837  27.936 0.0000000000
100507  -62.104  4.749  27.258 0.0000000000
100508  -62.492  5.018  27.210 0.0000000000
99307  -61.544  4.573  25.791 0.0000000000
65305  -16.457  -21.007  57.016 0.0000000000
65286  -16.745  -21.268  57.873 0.0000000000
76505  -43.494  -12.985  40.767 0.0000000000
77915  -44.321  -12.717  38.263 0.0000000000
69269  -25.231  -17.795  59.244 0.0000000000
70809  -32.192  -17.439  55.313 0.0000000000
70787  -32.649  -16.896  56.016 0.0000000000
70810  -32.942  -17.101  55.473 0.0000000000
70743  -34.267  -17.977  57.017 0.0000000000
69308  -34.701  -18.729  57.221 0.0000000000
70744  -34.447  -18.399  56.590 0.0000000000
69326  -34.662  -18.774  56.249 0.0000000000
67918  -34.640  -19.530  55.950 0.0000000000
64019  -39.149  -21.887  51.703 0.0000000000
64020  -39.900  -21.796  51.562 0.0000000000
64003  -40.531  -22.182  51.979 0.0000000000
92735  -48.315  -1.217  30.673 0.0000000000
91304  -48.376  -1.351  31.174 0.0000000000
92736  -48.951  -0.565  31.073 0.0000000000
92737  -49.501  -0.532  31.502 0.0000000000
74919  -42.086  -13.962  47.623 0.0000000000
74940  -41.970  -14.257  46.595 0.0000000000
74960  -41.758  -14.198  45.842 0.0000000000
76458  -40.389  -13.606  42.318 0.0000000000
76481  -42.049  -13.797  41.395 0.0000000000
69353  -25.308  -18.113  54.031 0.0000000000
70802  -25.751  -17.765  54.630 0.0000000000
69376  -26.206  -17.422  53.461 0.0000000000
72190  -26.681  -17.447  50.975 0.0000000000
72191  -27.110  -17.125  51.534 0.0000000000
70842  -28.545  -17.292  52.680 0.0000000000
70843  -29.125  -17.377  53.007 0.0000000000
70858  -29.684  -17.432  52.540 0.0000000000
69413  -29.983  -17.374  51.806 0.0000000000
72318  -36.723  -16.697  45.032 0.0000000000
72304  -37.245  -16.801  45.889 0.0000000000
69480  -37.537  -18.492  47.635 0.0000000000
69500  -37.868  -17.593  47.033 0.0000000000
69482  -38.841  -17.709  47.926 0.0000000000
70897  -38.861  -17.738  48.623 0.0000000000
70877  -39.259  -17.198  49.421 0.0000000000
70898  -39.192  -17.433  48.339 0.0000000000
73567  -39.221  -15.794  48.293 0.0000000000
69392  -23.794  -18.463  53.085 0.0000000000
67968  -23.982  -18.636  52.371 0.0000000000
80664  -50.669  -10.612  40.583 0.0000000000
82199  -50.989  -8.864  36.831 0.0000000000
83595  -52.787  -8.211  37.228 0.0000000000
83596  -53.700  -8.000  37.584 0.0000000000
83626  -53.059  -7.243  35.815 0.0000000000
95419  -53.006  0.827  28.802 0.0000000000
97924  -58.114  2.034  30.778 0.0000000000
96664  -58.278  1.832  31.589 0.0000000000
100543  -64.909  5.804  24.425 0.0000000000
91365  -46.330  -1.651  28.073 0.0000000000
94226  -49.601  -0.026  26.397 0.0000000000
95472  -55.790  1.019  25.457 0.0000000000
96750  -55.416  1.438  24.538 0.0000000000
96765  -55.802  1.992  24.171 0.0000000000
96766  -56.365  2.108  24.440 0.0000000000
98038  -56.993  2.340  24.192 0.0000000000
98037  -56.208  2.372  23.818 0.0000000000
98055  -55.835  2.601  23.094 0.0000000000
65207  -12.781  -21.130  60.236 0.0000000000
63873  -12.589  -21.016  60.875 0.0000000000
65148  -18.094  -20.669  63.805 0.0000000000
65138  -17.193  -20.432  64.672 0.0000000000
65146  -16.573  -20.635  64.116 0.0000000000
65135  -14.526  -20.795  65.397 0.0000000000
65143  -13.583  -20.971  64.659 0.0000000000
65133  -12.423  -21.368  65.570 0.0000000000
65132  -11.857  -21.260  65.138 0.0000000000
65122  -12.795  -21.536  66.158 0.0000000000
63793  -12.819  -22.341  66.629 0.0000000000
76369  -44.438  -13.541  46.833 0.0000000000
74943  -44.379  -13.696  46.225 0.0000000000
76393  -45.539  -13.930  45.366 0.0000000000
76446  -46.501  -13.126  43.359 0.0000000000
77803  -48.271  -12.772  44.143 0.0000000000
77823  -48.678  -12.482  43.345 0.0000000000
77841  -49.099  -12.249  42.686 0.0000000000
79202  -48.527  -11.934  41.190 0.0000000000
79277  -46.473  -10.643  36.467 0.0000000000
80745  -45.421  -10.381  35.182 0.0000000000
80759  -45.172  -10.438  34.518 0.0000000000
80772  -44.672  -10.474  33.813 0.0000000000
70738  -27.877  -17.235  57.096 0.0000000000
72102  -29.759  -17.180  58.442 0.0000000000
70722  -32.846  -17.437  58.713 0.0000000000
72113  -32.125  -17.186  58.954 0.0000000000
69497  -30.013  -18.622  47.508 0.0000000000
69478  -30.429  -18.512  48.221 0.0000000000
67988  -32.713  -19.133  51.297 0.0000000000
66773  -33.751  -20.128  45.511 0.0000000000
65469  -34.114  -20.883  46.595 0.0000000000
64077  -33.948  -21.597  47.780 0.0000000000
64015  -35.552  -21.989  51.294 0.0000000000
63997  -34.959  -21.880  52.010 0.0000000000
65388  -34.386  -21.324  52.060 0.0000000000
66694  -34.015  -20.531  51.933 0.0000000000
66658  -35.126  -20.362  53.703 0.0000000000
65350  -35.319  -20.331  54.127 0.0000000000
69319  -21.457  -18.456  56.274 0.0000000000
67906  -20.974  -19.121  56.115 0.0000000000
67882  -20.476  -19.411  59.597 0.0000000000
70675  -23.837  -16.839  60.889 0.0000000000
87582  -45.619  -4.529  31.264 0.0000000000
86394  -47.017  -5.805  31.963 0.0000000000
87545  -47.525  -4.807  33.096 0.0000000000
88732  -49.352  -3.375  33.512 0.0000000000
87547  -49.161  -3.901  33.708 0.0000000000
88716  -49.754  -3.468  34.080 0.0000000000
87508  -50.996  -4.540  35.199 0.0000000000
87509  -51.625  -4.472  35.420 0.0000000000
87493  -53.183  -3.982  36.262 0.0000000000
95355  -52.145  0.699  32.193 0.0000000000
99366  -60.123  4.471  22.587 0.0000000000
100584  -60.959  5.551  21.112 0.0000000000
100574  -63.248  5.343  22.286 0.0000000000
100586  -62.741  5.546  21.543 0.0000000000
100587  -63.456  5.953  21.777 0.0000000000
101762  -63.853  6.895  21.671 0.0000000000
104337  -63.208  8.823  17.834 0.0000000000
103064  -64.321  7.834  19.328 0.0000000000
103055  -64.602  7.863  19.858 0.0000000000
105497  -66.142  9.611  21.555 0.0000000000
105534  -65.749  9.768  17.766 0.0000000000
105520  -65.716  8.679  18.103 0.0000000000
105532  -65.061  8.506  17.231 0.0000000000
76457  -39.523  -13.282  42.272 0.0000000000
69411  -25.493  -18.122  51.464 0.0000000000
72211  -27.080  -17.418  50.471 0.0000000000
70873  -27.686  -17.579  50.529 0.0000000000
72367  -35.279  -15.502  42.230 0.0000000000
73642  -36.248  -14.779  42.951 0.0000000000
73612  -36.800  -15.713  44.772 0.0000000000
73581  -38.465  -15.874  47.073 0.0000000000
74959  -38.938  -14.229  45.705 0.0000000000
74937  -39.276  -14.309  45.929 0.0000000000
82197  -49.471  -9.049  36.313 0.0000000000
82235  -48.297  -8.944  34.956 0.0000000000
82216  -49.191  -9.131  35.633 0.0000000000
82217  -49.878  -8.833  35.813 0.0000000000
82238  -50.338  -8.587  35.158 0.0000000000
82256  -50.609  -8.176  34.643 0.0000000000
95422  -56.273  0.806  28.523 0.0000000000
96708  -56.912  1.003  29.206 0.0000000000
97953  -58.016  1.950  29.592 0.0000000000
97954  -58.479  1.955  29.687 0.0000000000
97937  -58.630  2.141  30.331 0.0000000000
97938  -59.485  2.116  30.489 0.0000000000
99291  -63.012  5.059  26.829 0.0000000000
65285  -15.810  -21.359  57.673 0.0000000000
65284  -14.810  -21.291  57.443 0.0000000000
65209  -14.616  -21.143  60.485 0.0000000000
76443  -43.866  -14.360  43.148 0.0000000000
76422  -45.125  -13.990  44.328 0.0000000000
76463  -45.405  -13.490  42.300 0.0000000000
77837  -46.234  -13.419  41.815 0.0000000000
77857  -46.650  -12.811  41.061 0.0000000000
79200  -47.234  -12.172  40.631 0.0000000000
72138  -30.151  -16.773  56.038 0.0000000000
72128  -29.891  -16.650  56.359 0.0000000000
72139  -30.267  -16.864  56.306 0.0000000000
72130  -31.055  -17.120  57.270 0.0000000000
70740  -32.033  -17.403  57.606 0.0000000000
70741  -32.575  -17.625  57.699 0.0000000000
69289  -33.292  -18.035  58.849 0.0000000000
67892  -35.018  -19.178  57.650 0.0000000000
69515  -29.620  -19.021  46.968 0.0000000000
68059  -30.413  -19.106  47.350 0.0000000000
68038  -31.367  -19.103  48.226 0.0000000000
68039  -31.902  -19.498  48.324 0.0000000000
65461  -36.367  -20.269  47.614 0.0000000000
65460  -35.678  -20.834  47.409 0.0000000000
65441  -36.081  -21.472  49.223 0.0000000000
64037  -36.373  -21.821  50.337 0.0000000000
64038  -37.247  -21.844  50.519 0.0000000000
64016  -36.452  -22.049  51.421 0.0000000000
63981  -37.127  -21.709  53.139 0.0000000000
65370  -37.293  -21.538  53.766 0.0000000000
65371  -37.748  -22.077  53.815 0.0000000000
65354  -38.424  -22.604  54.394 0.0000000000
62773  -39.065  -22.767  52.628 0.0000000000
63963  -38.633  -22.805  53.689 0.0000000000
63964  -38.996  -22.856  54.082 0.0000000000
67946  -20.974  -19.376  52.902 0.0000000000
67917  -21.761  -18.114  55.493 0.0000000000
67907  -21.463  -18.426  55.885 0.0000000000
67898  -21.688  -18.638  57.915 0.0000000000
69284  -22.080  -18.393  58.376 0.0000000000
70713  -22.611  -18.314  58.642 0.0000000000
89946  -46.534  -2.969  30.906 0.0000000000
89929  -46.590  -3.269  31.369 0.0000000000
89930  -47.507  -2.923  31.546 0.0000000000
89931  -48.415  -2.632  32.088 0.0000000000
89910  -48.904  -2.597  32.815 0.0000000000
89911  -49.510  -2.608  33.400 0.0000000000
100580  -57.385  4.963  21.060 0.0000000000
100595  -58.861  5.653  20.344 0.0000000000
105507  -64.118  10.084  19.176 0.0000000000
105509  -65.309  10.714  19.671 0.0000000000
106704  -65.395  11.251  19.279 0.0000000000
107913  -65.676  11.180  18.959 0.0000000000
107924  -64.521  11.311  17.868 0.0000000000
107926  -65.613  10.886  18.327 0.0000000000
66524  -18.927  -20.930  60.218 0.0000000000
65175  -18.678  -20.848  62.346 0.0000000000
66469  -18.977  -19.555  64.608 0.0000000000
74921  -43.374  -13.877  47.295 0.0000000000
74985  -43.648  -14.032  44.921 0.0000000000
76391  -41.352  -14.093  45.440 0.0000000000
76392  -41.841  -14.294  45.375 0.0000000000
76419  -42.109  -14.215  44.564 0.0000000000
76420  -43.241  -14.270  44.161 0.0000000000
69306  -25.663  -17.613  57.231 0.0000000000
70760  -28.008  -16.942  56.144 0.0000000000
70823  -25.965  -17.276  52.369 0.0000000000
70824  -26.444  -17.180  52.881 0.0000000000
70841  -26.853  -16.922  52.244 0.0000000000
70783  -29.167  -16.919  55.330 0.0000000000
70784  -29.922  -16.806  55.600 0.0000000000
70807  -30.404  -17.236  54.983 0.0000000000
70829  -30.983  -17.647  54.364 0.0000000000
70830  -31.707  -17.582  54.698 0.0000000000
69355  -32.099  -17.683  54.731 0.0000000000
69578  -33.641  -18.205  42.947 0.0000000000
68089  -34.986  -19.521  45.920 0.0000000000
66744  -35.779  -19.831  46.755 0.0000000000
70980  -34.957  -17.052  43.248 0.0000000000
70966  -35.043  -17.444  44.062 0.0000000000
70958  -36.280  -17.536  45.290 0.0000000000
69535  -35.533  -18.118  45.000 0.0000000000
66745  -36.284  -19.802  47.271 0.0000000000
66734  -36.761  -19.739  47.804 0.0000000000
66723  -37.365  -19.581  48.871 0.0000000000
68041  -37.545  -18.821  48.184 0.0000000000
66707  -38.058  -19.416  49.445 0.0000000000
66710  -40.264  -19.797  50.643 0.0000000000
66696  -40.534  -19.430  51.089 0.0000000000
69442  -40.347  -18.524  50.567 0.0000000000
69420  -40.457  -18.202  50.643 0.0000000000
69419  -40.407  -17.558  50.678 0.0000000000
70859  -39.561  -16.889  50.278 0.0000000000
70860  -40.111  -16.792  50.631 0.0000000000
70846  -40.780  -16.707  50.974 0.0000000000
72199  -40.501  -16.233  50.683 0.0000000000
73518  -41.110  -15.762  50.866 0.0000000000
73568  -39.909  -15.575  48.553 0.0000000000
74917  -39.296  -14.645  47.957 0.0000000000
73552  -40.377  -15.684  49.138 0.0000000000
74865  -40.829  -15.144  50.340 0.0000000000
74866  -41.420  -14.876  50.456 0.0000000000
76306  -42.210  -14.393  49.614 0.0000000000
67966  -21.838  -18.939  52.194 0.0000000000
69372  -22.905  -17.851  53.924 0.0000000000
69391  -23.188  -18.264  53.386 0.0000000000
70778  -24.148  -17.781  55.759 0.0000000000
80596  -51.608  -11.298  43.285 0.0000000000
80639  -52.494  -10.010  41.700 0.0000000000
82088  -52.923  -9.925  41.987 0.0000000000
82089  -53.488  -9.143  41.684 0.0000000000
82178  -51.258  -9.226  37.781 0.0000000000
82155  -51.526  -9.168  38.620 0.0000000000
82156  -52.045  -9.000  39.278 0.0000000000
82157  -52.930  -8.851  39.620 0.0000000000
82130  -54.176  -8.909  40.319 0.0000000000
94162  -50.936  -0.102  29.583 0.0000000000
95401  -50.989  0.463  30.040 0.0000000000
95389  -52.631  1.047  30.610 0.0000000000
95372  -52.905  0.914  31.588 0.0000000000
96659  -54.005  2.173  32.664 0.0000000000
96640  -54.655  2.359  33.006 0.0000000000
95406  -55.790  1.162  29.497 0.0000000000
96693  -55.715  1.703  30.343 0.0000000000
96663  -57.466  1.761  31.479 0.0000000000
96679  -55.673  2.146  31.134 0.0000000000
96661  -55.479  2.163  32.040 0.0000000000
65151  -9.964  -20.815  63.113 0.0000000000
83705  -45.086  -6.983  31.349 0.0000000000
85061  -45.437  -6.313  31.161 0.0000000000
86409  -44.988  -5.395  30.711 0.0000000000
87597  -44.326  -4.556  30.224 0.0000000000
89944  -44.966  -3.392  31.094 0.0000000000
89945  -45.693  -3.369  31.028 0.0000000000
89967  -45.366  -2.954  30.190 0.0000000000
91301  -46.074  -2.714  30.446 0.0000000000
91328  -47.119  -1.769  30.165 0.0000000000
94160  -49.254  -0.701  29.270 0.0000000000
94173  -50.614  0.007  28.530 0.0000000000
95431  -51.563  1.016  27.667 0.0000000000
95469  -52.424  1.081  25.422 0.0000000000
95434  -55.253  0.918  27.530 0.0000000000
95435  -56.301  0.818  27.335 0.0000000000
95456  -57.410  1.419  26.632 0.0000000000
96740  -58.255  1.649  26.228 0.0000000000
96741  -59.222  2.331  26.230 0.0000000000
98007  -59.448  3.032  26.023 0.0000000000
98025  -59.458  3.294  25.813 0.0000000000
98024  -58.925  3.040  25.483 0.0000000000
98040  -58.367  2.980  24.966 0.0000000000
99321  -58.209  2.735  24.079 0.0000000000
98057  -57.342  2.632  23.793 0.0000000000
99343  -57.709  3.100  23.467 0.0000000000
65212  -17.445  -20.912  60.752 0.0000000000
65211  -16.546  -21.153  60.615 0.0000000000
65173  -17.054  -21.443  62.462 0.0000000000
63858  -16.745  -21.641  62.037 0.0000000000
65185  -14.931  -20.919  61.470 0.0000000000
67826  -17.048  -19.424  65.799 0.0000000000
65137  -16.540  -20.607  64.975 0.0000000000
65136  -15.708  -20.764  65.340 0.0000000000
65145  -15.705  -20.823  64.346 0.0000000000
65184  -13.935  -20.702  61.342 0.0000000000
63840  -12.068  -21.217  62.075 0.0000000000
65152  -10.570  -21.034  63.314 0.0000000000
63811  -10.644  -21.834  64.938 0.0000000000
63812  -11.498  -21.606  65.314 0.0000000000
62624  -11.211  -22.086  65.522 0.0000000000
79081  -50.983  -11.500  46.111 0.0000000000
79100  -50.896  -11.968  45.609 0.0000000000
77710  -45.851  -12.501  49.228 0.0000000000
76394  -46.466  -13.626  45.279 0.0000000000
77777  -49.323  -12.721  44.931 0.0000000000
79123  -50.287  -11.708  45.015 0.0000000000
79204  -50.272  -11.545  41.579 0.0000000000
79237  -48.135  -10.784  39.823 0.0000000000
80686  -47.819  -10.539  38.950 0.0000000000
80761  -46.754  -9.993  34.963 0.0000000000
82292  -45.562  -8.519  32.194 0.0000000000
77934  -42.475  -11.965  37.339 0.0000000000
77955  -42.823  -11.941  36.450 0.0000000000
77978  -42.911  -11.824  35.848 0.0000000000
79274  -43.273  -11.553  36.109 0.0000000000
79315  -44.301  -10.788  34.355 0.0000000000
80783  -44.197  -10.135  32.958 0.0000000000
82289  -43.311  -9.321  31.494 0.0000000000
82270  -44.539  -9.466  32.473 0.0000000000
82291  -44.870  -8.764  31.987 0.0000000000
70718  -26.763  -17.396  58.408 0.0000000000
72118  -29.880  -16.520  57.191 0.0000000000
72111  -30.351  -17.100  58.182 0.0000000000
70895  -27.563  -17.669  49.691 0.0000000000
69434  -28.185  -17.715  50.407 0.0000000000
68115  -31.177  -19.527  45.586 0.0000000000
66771  -32.228  -19.940  45.984 0.0000000000
64066  -34.243  -21.853  48.470 0.0000000000
64065  -33.398  -21.795  48.379 0.0000000000
64035  -34.403  -21.875  50.298 0.0000000000
64051  -33.621  -21.796  49.275 0.0000000000
65440  -33.095  -21.198  49.073 0.0000000000
66720  -32.475  -20.045  49.300 0.0000000000
68024  -31.936  -19.442  49.439 0.0000000000
69417  -33.242  -19.350  52.178 0.0000000000
67990  -33.604  -19.843  52.329 0.0000000000
69399  -33.326  -19.199  52.761 0.0000000000
69380  -33.754  -18.725  53.729 0.0000000000
69358  -33.707  -19.111  54.766 0.0000000000
69359  -33.817  -19.518  55.194 0.0000000000
66595  -34.731  -20.258  56.029 0.0000000000
66638  -37.406  -21.463  54.161 0.0000000000
66616  -37.156  -21.346  54.571 0.0000000000
65316  -37.096  -21.688  55.076 0.0000000000
66539  -18.950  -20.992  59.395 0.0000000000
66512  -19.688  -19.935  61.011 0.0000000000
70674  -23.115  -17.222  61.186 0.0000000000
83662  -47.625  -7.590  33.077 0.0000000000
83663  -48.451  -7.559  33.353 0.0000000000
83664  -49.118  -7.262  33.390 0.0000000000
83642  -49.622  -7.564  33.945 0.0000000000
87568  -47.441  -4.137  32.509 0.0000000000
87525  -49.164  -4.793  33.748 0.0000000000
86373  -49.124  -5.687  33.125 0.0000000000
86374  -49.932  -5.710  33.246 0.0000000000
85003  -50.577  -6.676  34.183 0.0000000000
84985  -53.668  -6.615  35.780 0.0000000000
86335  -53.345  -5.525  35.400 0.0000000000
94153  -50.735  -0.008  30.434 0.0000000000
94117  -50.438  -0.218  31.574 0.0000000000
92715  -50.587  -0.525  32.472 0.0000000000
95332  -51.512  0.629  32.527 0.0000000000
94094  -51.346  0.116  32.652 0.0000000000
91245  -51.492  -1.422  34.440 0.0000000000
91231  -52.072  -1.978  34.872 0.0000000000
89880  -52.385  -2.523  35.754 0.0000000000
99305  -59.616  3.579  25.526 0.0000000000
99324  -60.416  4.894  24.903 0.0000000000
100538  -60.139  5.083  24.364 0.0000000000
100539  -60.827  5.381  24.640 0.0000000000
100540  -61.564  5.233  24.551 0.0000000000
99325  -61.758  4.917  24.436 0.0000000000
99348  -62.656  4.672  23.829 0.0000000000
100562  -64.713  6.492  23.862 0.0000000000
101729  -65.187  6.681  23.972 0.0000000000
101771  -62.028  6.034  20.081 0.0000000000
103048  -64.630  7.840  20.813 0.0000000000
103043  -64.485  7.786  21.936 0.0000000000
104293  -65.286  8.063  23.407 0.0000000000
106697  -66.267  10.697  20.286 0.0000000000
105510  -66.351  9.556  19.798 0.0000000000
62644  -18.157  -22.204  61.951 0.0000000000
62645  -18.389  -22.132  62.140 0.0000000000
62648  -18.395  -22.115  61.892 0.0000000000
62649  -18.689  -22.049  62.000 0.0000000000
62755  -38.587  -22.664  52.818 0.0000000000
62756  -38.796  -22.858  52.834 0.0000000000
62772  -38.840  -22.629  52.597 0.0000000000
62793  -34.789  -22.210  49.824 0.0000000000
62805  -34.711  -22.054  49.619 0.0000000000
62806  -34.909  -22.148  49.574 0.0000000000
63813  -12.018  -21.771  65.820 0.0000000000
63829  -12.191  -21.285  64.535 0.0000000000
63837  -9.750  -21.294  62.496 0.0000000000
63841  -16.210  -21.789  62.138 0.0000000000
63843  -18.600  -21.466  61.967 0.0000000000
63857  -16.429  -21.747  61.924 0.0000000000
63859  -18.519  -21.734  61.801 0.0000000000
63860  -18.732  -21.534  61.990 0.0000000000
63874  -14.776  -21.339  59.999 0.0000000000
63890  -15.010  -21.336  59.806 0.0000000000
63891  -15.267  -21.345  59.954 0.0000000000
64034  -33.990  -21.611  49.885 0.0000000000
64053  -35.412  -21.921  49.349 0.0000000000
64076  -33.379  -21.607  47.827 0.0000000000
64078  -34.752  -21.583  47.754 0.0000000000
65141  -12.038  -21.061  65.022 0.0000000000
65213  -18.289  -20.809  60.840 0.0000000000
65295  -34.686  -21.255  57.593 0.0000000000
65335  -37.586  -21.876  54.853 0.0000000000
65368  -35.474  -20.772  53.968 0.0000000000
65409  -39.078  -21.530  51.243 0.0000000000
66472  -18.141  -20.474  64.253 0.0000000000
66635  -34.530  -19.621  54.045 0.0000000000
66639  -37.626  -21.875  54.134 0.0000000000
66660  -37.557  -21.735  53.923 0.0000000000
66678  -35.753  -21.003  53.255 0.0000000000
66759  -35.260  -19.966  46.263 0.0000000000
67829  -19.355  -19.102  64.859 0.0000000000
67908  -34.973  -19.283  56.542 0.0000000000
67933  -34.156  -19.898  55.419 0.0000000000
67952  -34.133  -19.288  54.387 0.0000000000
67970  -25.375  -18.154  52.267 0.0000000000
67987  -25.089  -18.426  51.876 0.0000000000
67991  -40.655  -18.183  50.943 0.0000000000
67992  -40.541  -18.655  50.833 0.0000000000
68008  -40.237  -19.052  50.475 0.0000000000
68037  -30.933  -18.890  47.912 0.0000000000
68159  -33.727  -18.662  43.463 0.0000000000
69188  -19.441  -19.069  65.385 0.0000000000
69270  -25.559  -17.752  59.033 0.0000000000
69286  -24.971  -17.952  59.082 0.0000000000
69305  -25.384  -17.678  57.406 0.0000000000
69324  -25.513  -17.757  57.080 0.0000000000
69333  -22.121  -17.914  55.656 0.0000000000
69393  -24.304  -18.486  52.828 0.0000000000
69394  -25.658  -17.673  52.252 0.0000000000
69418  -39.810  -17.181  50.467 0.0000000000
69433  -27.815  -17.753  50.153 0.0000000000
69456  -27.977  -17.872  49.941 0.0000000000
69463  -38.770  -17.824  48.281 0.0000000000
69534  -35.034  -18.406  44.527 0.0000000000
70721  -32.653  -17.114  59.051 0.0000000000
70742  -33.488  -17.692  57.226 0.0000000000
70762  -29.517  -16.792  55.922 0.0000000000
70763  -30.534  -17.054  56.426 0.0000000000
70769  -34.412  -18.409  56.236 0.0000000000
70789  -33.760  -17.600  55.846 0.0000000000
70790  -33.960  -18.084  55.722 0.0000000000
70876  -38.934  -17.649  48.939 0.0000000000
72114  -32.575  -17.170  58.829 0.0000000000
72122  -32.412  -17.303  58.495 0.0000000000
72131  -31.627  -17.252  57.602 0.0000000000
72160  -27.669  -17.012  52.824 0.0000000000
72182  -41.125  -16.094  51.123 0.0000000000
72189  -26.284  -17.487  50.571 0.0000000000
72264  -38.645  -16.894  47.424 0.0000000000
73615  -38.816  -14.443  45.804 0.0000000000
74899  -42.418  -13.920  48.207 0.0000000000
74901  -43.142  -14.000  47.708 0.0000000000
76364  -38.704  -13.320  45.586 0.0000000000
77755  -47.760  -13.235  46.266 0.0000000000
79184  -51.820  -11.171  42.796 0.0000000000
82201  -52.390  -8.262  36.731 0.0000000000
82215  -48.727  -9.164  35.327 0.0000000000
83581  -52.588  -8.384  37.820 0.0000000000
83643  -50.315  -7.563  34.282 0.0000000000
85025  -50.199  -6.388  33.530 0.0000000000
86353  -49.333  -5.143  33.722 0.0000000000
86355  -50.870  -5.700  34.343 0.0000000000
86393  -46.460  -5.149  31.568 0.0000000000
87544  -46.972  -4.982  33.146 0.0000000000
88767  -44.732  -3.796  31.150 0.0000000000
88768  -45.449  -3.813  31.397 0.0000000000
88799  -44.438  -3.564  29.597 0.0000000000
89947  -47.840  -2.307  31.456 0.0000000000
91261  -49.663  -1.355  33.005 0.0000000000
91281  -47.163  -2.622  31.141 0.0000000000
92671  -51.813  -0.742  34.259 0.0000000000
92687  -50.321  -0.868  32.772 0.0000000000
92690  -52.169  -0.378  34.005 0.0000000000
94174  -51.083  0.070  28.924 0.0000000000
94228  -55.507  0.742  25.578 0.0000000000
95374  -54.356  2.121  31.614 0.0000000000
95416  -50.837  0.461  28.067 0.0000000000
96639  -54.068  1.953  33.231 0.0000000000
97969  -60.780  3.036  27.878 0.0000000000
97988  -61.251  3.412  27.507 0.0000000000
98010  -61.131  3.314  26.944 0.0000000000
99287  -59.902  3.580  25.959 0.0000000000
100518  -60.907  5.084  25.322 0.0000000000
100541  -61.905  5.124  24.786 0.0000000000
100559  -61.090  5.523  24.045 0.0000000000
100608  -62.128  5.853  18.955 0.0000000000
100609  -62.324  5.995  18.819 0.0000000000
101763  -64.300  7.416  21.343 0.0000000000
103035  -64.355  7.432  22.564 0.0000000000
103042  -64.132  7.296  22.212 0.0000000000
104294  -65.542  8.106  23.295 0.0000000000
104300  -65.177  8.246  23.161 0.0000000000
104314  -65.580  9.472  21.399 0.0000000000
104327  -65.459  8.283  17.897 0.0000000000
105491  -65.754  9.154  22.045 0.0000000000
105519  -64.152  9.325  19.135 0.0000000000
105533  -65.490  8.969  17.475 0.0000000000
106696  -65.783  11.214  20.140 0.0000000000
107904  -66.311  11.010  19.644 0.0000000000
107923  -64.080  11.115  18.206 0.0000000000
