#!ascii label  , from subject 3775 vox2ras=TkReg
616
11758  -36.345  -67.514  -9.217 0.0000000000
18806  -40.846  -60.506  -11.697 0.0000000000
16507  -35.437  -62.397  -3.371 0.0000000000
15517  -40.878  -63.745  -8.970 0.0000000000
20806  -37.260  -58.373  -5.644 0.0000000000
14497  -41.608  -64.875  -2.966 0.0000000000
19660  -41.744  -60.040  1.627 0.0000000000
23661  -48.614  -56.014  5.860 0.0000000000
19695  -35.020  -60.158  -1.022 0.0000000000
17664  -34.578  -60.577  -5.444 0.0000000000
20754  -33.514  -58.060  -2.438 0.0000000000
17613  -41.446  -62.343  -1.131 0.0000000000
18621  -44.593  -60.385  2.058 0.0000000000
25850  -49.518  -54.147  4.811 0.0000000000
23701  -48.220  -55.207  3.963 0.0000000000
11770  -40.168  -67.819  -11.401 0.0000000000
17696  -42.922  -61.732  -8.634 0.0000000000
15552  -43.975  -63.478  -11.252 0.0000000000
17733  -45.454  -61.669  -12.339 0.0000000000
14550  -35.714  -65.101  -7.027 0.0000000000
13663  -38.370  -65.610  -10.008 0.0000000000
17682  -39.061  -60.866  -7.411 0.0000000000
20845  -40.468  -58.940  -7.360 0.0000000000
14493  -37.692  -64.263  -3.723 0.0000000000
17610  -37.870  -61.522  -1.375 0.0000000000
20692  -38.601  -58.642  1.252 0.0000000000
20633  -46.995  -58.587  5.901 0.0000000000
21701  -46.036  -57.712  3.995 0.0000000000
22680  -42.774  -56.451  2.572 0.0000000000
24800  -41.744  -54.709  0.951 0.0000000000
13695  -42.177  -65.295  -11.145 0.0000000000
23914  -39.301  -54.914  -11.080 0.0000000000
21942  -41.715  -57.506  -12.880 0.0000000000
22942  -44.161  -56.680  -15.424 0.0000000000
20706  -35.595  -58.652  0.219 0.0000000000
20740  -34.119  -58.757  -1.444 0.0000000000
11768  -38.034  -68.162  -10.705 0.0000000000
18776  -41.792  -61.118  -9.854 0.0000000000
16617  -43.549  -61.981  -10.596 0.0000000000
17749  -42.947  -61.702  -12.058 0.0000000000
17767  -44.864  -60.994  -13.293 0.0000000000
19824  -42.527  -60.258  -13.168 0.0000000000
15427  -35.355  -63.702  -4.762 0.0000000000
16533  -34.834  -62.616  -5.689 0.0000000000
19755  -35.723  -59.430  -5.932 0.0000000000
18738  -36.439  -60.083  -6.663 0.0000000000
19758  -38.657  -59.369  -6.290 0.0000000000
18742  -40.743  -59.748  -6.697 0.0000000000
20821  -39.636  -58.163  -5.899 0.0000000000
13587  -37.837  -65.625  -4.571 0.0000000000
14495  -39.944  -64.747  -3.693 0.0000000000
18646  -41.007  -60.878  0.263 0.0000000000
17587  -39.828  -61.254  -0.344 0.0000000000
17569  -39.334  -60.970  0.106 0.0000000000
18643  -38.233  -60.254  0.196 0.0000000000
20694  -40.495  -58.871  1.879 0.0000000000
21669  -48.087  -57.746  6.276 0.0000000000
20662  -46.941  -58.905  4.199 0.0000000000
21693  -48.329  -57.417  5.287 0.0000000000
24768  -47.808  -54.643  3.128 0.0000000000
23698  -45.657  -55.813  3.288 0.0000000000
23715  -44.141  -55.098  2.485 0.0000000000
23713  -42.187  -55.693  2.125 0.0000000000
14580  -40.320  -64.598  -9.435 0.0000000000
13665  -40.879  -65.393  -9.808 0.0000000000
13666  -41.788  -65.191  -9.680 0.0000000000
14623  -43.443  -64.300  -12.960 0.0000000000
26118  -39.840  -53.354  -10.705 0.0000000000
22868  -39.807  -56.575  -11.693 0.0000000000
22922  -43.223  -55.878  -14.808 0.0000000000
17629  -35.515  -61.484  -2.098 0.0000000000
17657  -34.509  -61.818  -4.548 0.0000000000
18704  -34.146  -60.207  -3.393 0.0000000000
18719  -34.415  -59.728  -4.495 0.0000000000
20803  -34.900  -58.196  -4.796 0.0000000000
16494  -41.721  -63.381  -1.933 0.0000000000
17572  -42.664  -61.479  0.031 0.0000000000
19662  -43.343  -60.154  1.767 0.0000000000
25819  -49.142  -54.401  5.471 0.0000000000
22658  -49.109  -56.560  5.507 0.0000000000
23663  -50.597  -55.525  5.605 0.0000000000
23703  -50.052  -55.473  3.634 0.0000000000
24808  -49.244  -54.716  1.850 0.0000000000
16580  -42.874  -62.328  -8.110 0.0000000000
15519  -42.814  -63.860  -8.892 0.0000000000
16582  -44.208  -62.792  -9.160 0.0000000000
16619  -44.527  -62.360  -11.892 0.0000000000
16660  -46.274  -62.238  -12.939 0.0000000000
18827  -46.196  -61.107  -13.588 0.0000000000
19859  -46.092  -59.515  -15.110 0.0000000000
19884  -45.657  -58.861  -15.802 0.0000000000
12678  -36.259  -66.348  -8.352 0.0000000000
12694  -37.392  -66.696  -9.910 0.0000000000
14578  -37.964  -64.349  -9.406 0.0000000000
15498  -39.287  -62.934  -8.729 0.0000000000
17673  -35.200  -61.141  -6.384 0.0000000000
17681  -37.953  -61.458  -7.629 0.0000000000
16577  -39.801  -61.969  -7.984 0.0000000000
17684  -41.246  -61.269  -7.566 0.0000000000
19781  -41.860  -60.084  -8.500 0.0000000000
18763  -40.868  -60.182  -9.688 0.0000000000
12655  -36.711  -66.703  -6.191 0.0000000000
13586  -36.703  -65.669  -4.913 0.0000000000
15410  -37.033  -63.433  -3.487 0.0000000000
15395  -39.716  -63.403  -2.362 0.0000000000
16491  -38.040  -62.887  -2.404 0.0000000000
16490  -36.842  -62.422  -2.137 0.0000000000
18674  -36.671  -60.745  -1.059 0.0000000000
19673  -36.900  -59.451  0.300 0.0000000000
22692  -37.836  -57.347  1.441 0.0000000000
18606  -46.123  -59.797  3.683 0.0000000000
20679  -45.289  -59.488  2.876 0.0000000000
20677  -43.497  -58.615  2.740 0.0000000000
22669  -47.103  -56.176  4.146 0.0000000000
22666  -44.366  -57.184  3.299 0.0000000000
21712  -42.474  -57.545  2.546 0.0000000000
22678  -40.807  -57.190  2.255 0.0000000000
22694  -39.335  -56.786  1.801 0.0000000000
13680  -39.229  -66.225  -10.550 0.0000000000
12711  -40.850  -67.068  -11.061 0.0000000000
14593  -42.789  -64.435  -10.487 0.0000000000
14622  -42.859  -64.606  -12.543 0.0000000000
21870  -38.586  -57.619  -6.760 0.0000000000
19772  -38.748  -59.074  -8.975 0.0000000000
19794  -39.605  -59.881  -10.602 0.0000000000
21940  -39.838  -58.068  -12.059 0.0000000000
20892  -41.139  -58.693  -12.636 0.0000000000
20906  -43.112  -58.402  -13.829 0.0000000000
20931  -44.413  -57.708  -14.819 0.0000000000
21734  -36.024  -57.679  0.800 0.0000000000
21733  -35.135  -57.634  0.205 0.0000000000
10964  -37.369  -68.695  -10.405 0.0000000000
11759  -37.171  -67.903  -10.106 0.0000000000
18792  -41.500  -61.318  -10.616 0.0000000000
17729  -42.267  -61.784  -10.881 0.0000000000
18807  -41.633  -61.056  -11.809 0.0000000000
18808  -42.481  -60.881  -12.738 0.0000000000
15439  -35.033  -63.835  -5.998 0.0000000000
20819  -36.579  -58.803  -5.859 0.0000000000
19757  -37.497  -59.173  -6.146 0.0000000000
19747  -37.907  -58.603  -5.783 0.0000000000
19749  -39.178  -58.741  -5.844 0.0000000000
20807  -38.179  -58.151  -5.647 0.0000000000
13574  -40.970  -65.859  -3.791 0.0000000000
13590  -40.425  -66.247  -4.704 0.0000000000
14511  -40.037  -65.258  -4.195 0.0000000000
14496  -40.911  -64.915  -3.440 0.0000000000
18632  -41.404  -60.423  0.966 0.0000000000
18660  -40.286  -61.049  -0.090 0.0000000000
18631  -40.631  -60.261  0.823 0.0000000000
19658  -39.935  -59.761  1.286 0.0000000000
19659  -40.905  -59.816  1.464 0.0000000000
24729  -47.870  -54.982  5.475 0.0000000000
24757  -47.001  -54.812  4.992 0.0000000000
23660  -47.209  -55.822  5.540 0.0000000000
22643  -47.918  -57.107  6.433 0.0000000000
22623  -48.460  -57.376  6.285 0.0000000000
21670  -48.564  -57.632  6.067 0.0000000000
22644  -49.033  -56.870  6.147 0.0000000000
24784  -46.956  -54.571  2.421 0.0000000000
24781  -44.037  -54.452  1.717 0.0000000000
24804  -45.476  -54.044  1.186 0.0000000000
14581  -41.327  -64.547  -9.354 0.0000000000
23951  -41.574  -55.472  -12.674 0.0000000000
23963  -42.445  -55.469  -13.769 0.0000000000
23981  -42.406  -55.448  -14.554 0.0000000000
18689  -35.044  -60.950  -1.950 0.0000000000
17645  -34.504  -61.117  -3.208 0.0000000000
18688  -34.517  -60.462  -2.398 0.0000000000
20739  -33.673  -58.419  -1.784 0.0000000000
19704  -34.025  -59.568  -2.514 0.0000000000
19715  -33.934  -58.942  -3.419 0.0000000000
19733  -34.423  -58.573  -4.387 0.0000000000
20767  -33.645  -57.965  -3.175 0.0000000000
18634  -43.145  -60.536  1.223 0.0000000000
18635  -44.057  -60.679  1.486 0.0000000000
25849  -48.507  -53.755  4.958 0.0000000000
24731  -50.126  -54.797  5.884 0.0000000000
24759  -50.321  -54.597  5.018 0.0000000000
24787  -49.499  -54.949  2.816 0.0000000000
11771  -40.513  -67.592  -11.634 0.0000000000
16581  -43.869  -62.398  -8.549 0.0000000000
17697  -43.485  -61.908  -9.098 0.0000000000
17731  -43.990  -62.012  -11.667 0.0000000000
16618  -44.012  -62.194  -10.970 0.0000000000
16620  -45.384  -61.974  -12.188 0.0000000000
16638  -46.033  -61.871  -12.526 0.0000000000
17782  -46.202  -61.448  -13.750 0.0000000000
18825  -44.866  -60.297  -14.136 0.0000000000
18840  -45.522  -59.979  -14.563 0.0000000000
19858  -44.916  -58.935  -14.966 0.0000000000
13631  -35.779  -65.978  -6.946 0.0000000000
13661  -36.543  -65.886  -8.745 0.0000000000
15514  -38.152  -63.682  -9.074 0.0000000000
16575  -37.862  -62.764  -8.466 0.0000000000
17665  -34.578  -61.664  -5.183 0.0000000000
17692  -38.800  -61.736  -7.810 0.0000000000
16564  -40.117  -61.509  -7.770 0.0000000000
19768  -40.847  -59.063  -7.089 0.0000000000
19769  -41.292  -59.618  -7.238 0.0000000000
19775  -41.564  -59.911  -7.962 0.0000000000
19780  -41.254  -59.885  -8.780 0.0000000000
19774  -40.613  -59.405  -7.941 0.0000000000
14509  -38.338  -64.958  -4.213 0.0000000000
12626  -36.994  -66.110  -5.021 0.0000000000
14508  -37.223  -64.854  -4.341 0.0000000000
14492  -36.567  -64.189  -3.857 0.0000000000
16474  -40.948  -62.920  -1.714 0.0000000000
15396  -41.005  -63.563  -2.373 0.0000000000
15377  -40.218  -63.225  -2.041 0.0000000000
17611  -38.958  -61.633  -0.958 0.0000000000
16472  -38.503  -62.275  -1.803 0.0000000000
16509  -37.295  -63.030  -2.851 0.0000000000
16470  -37.041  -62.062  -1.777 0.0000000000
17609  -36.805  -61.536  -1.552 0.0000000000
18675  -37.350  -60.856  -1.028 0.0000000000
19675  -38.557  -59.616  0.666 0.0000000000
19674  -37.688  -59.662  0.322 0.0000000000
20709  -38.040  -58.966  0.743 0.0000000000
20708  -37.349  -58.870  0.823 0.0000000000
20691  -37.858  -58.311  1.150 0.0000000000
19605  -46.707  -59.358  5.236 0.0000000000
20643  -46.923  -58.082  4.359 0.0000000000
20660  -45.578  -58.743  3.368 0.0000000000
20678  -44.668  -59.132  2.689 0.0000000000
20659  -44.503  -58.363  3.063 0.0000000000
23687  -48.707  -55.966  4.559 0.0000000000
22657  -47.994  -56.705  4.736 0.0000000000
22670  -47.811  -55.795  4.337 0.0000000000
22682  -44.792  -55.728  3.104 0.0000000000
22667  -45.146  -56.728  3.411 0.0000000000
22681  -43.926  -56.237  3.058 0.0000000000
21713  -43.560  -57.416  3.053 0.0000000000
21711  -41.473  -57.677  2.296 0.0000000000
23734  -41.362  -55.280  1.635 0.0000000000
22696  -40.840  -55.803  1.823 0.0000000000
23733  -40.363  -55.361  1.287 0.0000000000
23732  -39.475  -55.900  1.428 0.0000000000
12695  -38.169  -66.385  -10.265 0.0000000000
13679  -38.559  -66.285  -10.402 0.0000000000
13682  -41.397  -65.843  -10.588 0.0000000000
13681  -40.360  -66.178  -10.529 0.0000000000
12712  -41.264  -66.445  -11.182 0.0000000000
12727  -41.159  -66.630  -11.853 0.0000000000
13694  -41.606  -65.986  -11.637 0.0000000000
15535  -43.750  -63.677  -10.196 0.0000000000
15534  -43.130  -64.007  -9.654 0.0000000000
14594  -43.263  -63.978  -11.118 0.0000000000
15597  -43.738  -63.850  -13.704 0.0000000000
21858  -38.656  -57.561  -6.140 0.0000000000
21857  -38.055  -57.200  -6.407 0.0000000000
20854  -38.256  -58.855  -9.521 0.0000000000
19793  -39.114  -59.541  -10.218 0.0000000000
20866  -38.540  -58.779  -10.631 0.0000000000
22869  -40.455  -56.567  -12.184 0.0000000000
21926  -39.999  -57.284  -12.008 0.0000000000
21941  -40.674  -57.629  -12.316 0.0000000000
20891  -40.210  -58.805  -12.208 0.0000000000
19834  -42.187  -59.173  -13.393 0.0000000000
21957  -42.408  -57.883  -13.485 0.0000000000
22901  -44.050  -56.310  -14.814 0.0000000000
21959  -43.869  -56.950  -14.647 0.0000000000
21980  -44.403  -57.084  -15.338 0.0000000000
19683  -34.851  -59.523  -0.732 0.0000000000
20724  -35.045  -59.013  -0.306 0.0000000000
20723  -34.487  -58.693  -0.771 0.0000000000
20722  -33.824  -58.100  -1.028 0.0000000000
25851  -50.171  -54.244  4.355 0.0000000000
25879  -50.621  -53.966  3.717 0.0000000000
11769  -39.168  -68.140  -11.327 0.0000000000
17702  -42.812  -61.398  -9.440 0.0000000000
17703  -43.533  -61.787  -9.758 0.0000000000
17712  -43.256  -61.648  -10.313 0.0000000000
17730  -43.168  -62.044  -11.128 0.0000000000
17750  -44.027  -61.724  -12.401 0.0000000000
17751  -44.896  -61.396  -12.532 0.0000000000
17766  -44.022  -61.267  -13.150 0.0000000000
18824  -43.962  -60.337  -13.605 0.0000000000
14539  -35.473  -64.865  -6.175 0.0000000000
15459  -35.525  -64.070  -6.849 0.0000000000
16562  -35.953  -63.615  -7.371 0.0000000000
16548  -35.621  -62.699  -6.979 0.0000000000
18736  -35.018  -60.109  -5.762 0.0000000000
18737  -35.601  -60.077  -6.045 0.0000000000
18739  -37.661  -59.985  -6.909 0.0000000000
18740  -38.584  -59.886  -7.110 0.0000000000
18749  -39.983  -60.116  -6.828 0.0000000000
19767  -39.541  -59.704  -6.807 0.0000000000
19759  -39.704  -59.195  -6.393 0.0000000000
20822  -39.919  -58.657  -6.557 0.0000000000
14510  -39.381  -65.194  -4.104 0.0000000000
14494  -38.827  -64.402  -3.707 0.0000000000
17571  -41.631  -61.379  -0.033 0.0000000000
17612  -40.294  -62.019  -1.101 0.0000000000
18661  -40.516  -60.988  0.050 0.0000000000
17568  -38.925  -61.034  0.147 0.0000000000
18676  -38.079  -61.004  -0.847 0.0000000000
18644  -38.933  -60.544  0.380 0.0000000000
19657  -39.174  -59.329  1.097 0.0000000000
20693  -39.483  -58.737  1.706 0.0000000000
21684  -46.929  -57.889  6.210 0.0000000000
20616  -47.418  -58.298  6.043 0.0000000000
19606  -47.279  -59.120  4.837 0.0000000000
20618  -48.107  -58.047  5.896 0.0000000000
20645  -47.903  -57.887  5.103 0.0000000000
21692  -47.652  -57.620  4.733 0.0000000000
23700  -47.319  -55.358  3.597 0.0000000000
23718  -46.766  -55.077  3.126 0.0000000000
23716  -45.235  -55.054  2.713 0.0000000000
23714  -43.084  -55.506  2.332 0.0000000000
23736  -43.279  -54.771  1.726 0.0000000000
24801  -42.632  -54.520  0.964 0.0000000000
14579  -39.164  -64.581  -9.504 0.0000000000
13664  -39.746  -65.373  -10.054 0.0000000000
13683  -42.291  -65.225  -10.041 0.0000000000
15569  -44.075  -63.471  -12.474 0.0000000000
24996  -40.626  -54.037  -11.497 0.0000000000
25012  -40.168  -55.051  -11.495 0.0000000000
23931  -39.527  -55.610  -11.319 0.0000000000
23932  -40.370  -55.636  -11.825 0.0000000000
23950  -40.865  -55.855  -12.373 0.0000000000
22885  -42.126  -56.373  -12.840 0.0000000000
21943  -42.438  -57.013  -13.275 0.0000000000
22900  -43.148  -56.213  -14.520 0.0000000000
22923  -43.906  -56.074  -15.108 0.0000000000
17646  -35.092  -61.725  -2.898 0.0000000000
16520  -34.903  -62.455  -4.382 0.0000000000
16506  -34.652  -61.831  -3.725 0.0000000000
17656  -34.219  -61.163  -4.297 0.0000000000
18729  -34.787  -59.643  -5.460 0.0000000000
19744  -34.758  -58.841  -5.113 0.0000000000
20804  -35.505  -58.140  -5.159 0.0000000000
15414  -41.430  -64.272  -2.811 0.0000000000
17589  -42.170  -62.308  -0.633 0.0000000000
17590  -43.352  -62.163  -0.213 0.0000000000
18647  -41.971  -60.952  0.510 0.0000000000
18633  -42.269  -60.581  1.176 0.0000000000
19661  -42.587  -60.080  1.665 0.0000000000
25817  -47.790  -54.396  5.249 0.0000000000
24730  -49.087  -55.060  5.818 0.0000000000
23662  -49.830  -55.815  6.326 0.0000000000
22659  -50.124  -56.066  5.416 0.0000000000
23688  -49.668  -55.814  4.727 0.0000000000
23665  -51.272  -54.988  4.762 0.0000000000
23689  -50.408  -55.484  4.730 0.0000000000
23702  -49.152  -55.363  4.026 0.0000000000
24769  -48.781  -54.889  3.379 0.0000000000
24785  -47.899  -54.299  2.253 0.0000000000
24806  -47.645  -54.291  1.376 0.0000000000
15500  -41.473  -62.965  -8.369 0.0000000000
15518  -41.872  -63.817  -8.793 0.0000000000
15502  -43.521  -63.175  -8.316 0.0000000000
15503  -44.154  -63.078  -8.772 0.0000000000
15536  -44.611  -63.189  -10.426 0.0000000000
15553  -44.559  -62.957  -11.469 0.0000000000
16659  -45.495  -62.594  -13.194 0.0000000000
17768  -45.497  -60.925  -13.453 0.0000000000
18841  -46.334  -60.545  -14.608 0.0000000000
19860  -46.673  -59.821  -15.258 0.0000000000
19885  -46.844  -59.212  -15.888 0.0000000000
19912  -46.335  -58.824  -16.411 0.0000000000
11747  -36.167  -66.888  -8.742 0.0000000000
12693  -36.357  -66.468  -9.062 0.0000000000
13662  -37.144  -65.464  -9.110 0.0000000000
14565  -37.166  -64.428  -8.770 0.0000000000
15515  -38.758  -63.667  -9.253 0.0000000000
15516  -39.808  -63.665  -9.227 0.0000000000
15499  -40.384  -62.833  -8.634 0.0000000000
17674  -36.754  -61.260  -7.244 0.0000000000
16576  -38.659  -62.414  -8.362 0.0000000000
16578  -41.021  -61.966  -8.132 0.0000000000
16566  -42.134  -61.817  -7.792 0.0000000000
17686  -42.487  -61.570  -8.065 0.0000000000
18750  -40.932  -60.448  -6.969 0.0000000000
18751  -41.702  -60.446  -7.423 0.0000000000
18757  -42.481  -61.005  -8.416 0.0000000000
18764  -42.076  -60.530  -9.185 0.0000000000
18775  -41.155  -60.749  -10.136 0.0000000000
18774  -40.369  -60.342  -10.573 0.0000000000
11748  -36.670  -67.363  -8.077 0.0000000000
12666  -36.158  -66.628  -7.228 0.0000000000
13618  -36.134  -65.826  -6.334 0.0000000000
12640  -37.023  -66.269  -5.386 0.0000000000
13601  -36.544  -65.953  -5.786 0.0000000000
13600  -35.988  -65.399  -5.560 0.0000000000
14507  -36.093  -64.690  -4.504 0.0000000000
14491  -35.797  -64.131  -4.029 0.0000000000
15409  -35.776  -63.412  -3.650 0.0000000000
15413  -40.397  -64.199  -2.946 0.0000000000
15412  -39.306  -63.941  -3.116 0.0000000000
16473  -39.642  -62.752  -1.829 0.0000000000
16492  -39.018  -62.910  -2.261 0.0000000000
15411  -38.181  -63.518  -3.153 0.0000000000
16508  -36.399  -62.774  -3.053 0.0000000000
17647  -35.862  -62.174  -2.558 0.0000000000
17608  -36.039  -61.451  -1.681 0.0000000000
18673  -35.775  -60.786  -1.332 0.0000000000
18658  -37.698  -60.376  -0.398 0.0000000000
19685  -36.578  -59.803  -0.336 0.0000000000
19684  -35.666  -59.741  -0.471 0.0000000000
20707  -36.512  -58.671  0.673 0.0000000000
21735  -37.185  -57.760  1.141 0.0000000000
19633  -46.518  -59.260  3.903 0.0000000000
19632  -45.815  -59.623  3.316 0.0000000000
19646  -44.858  -59.904  2.468 0.0000000000
19645  -43.954  -59.909  2.373 0.0000000000
19644  -42.918  -59.531  2.192 0.0000000000
20696  -42.141  -59.517  1.958 0.0000000000
22656  -47.072  -57.084  4.323 0.0000000000
22655  -46.476  -57.382  4.240 0.0000000000
22668  -46.204  -56.612  3.978 0.0000000000
21700  -45.006  -57.759  3.338 0.0000000000
21699  -44.258  -57.789  3.260 0.0000000000
20676  -42.116  -58.673  2.348 0.0000000000
20675  -41.155  -58.411  2.118 0.0000000000
20674  -40.634  -58.211  2.095 0.0000000000
21725  -40.065  -57.724  2.113 0.0000000000
22679  -41.504  -56.459  2.194 0.0000000000
22695  -40.289  -56.384  1.973 0.0000000000
21724  -38.926  -57.782  1.942 0.0000000000
22693  -38.444  -56.826  1.541 0.0000000000
22710  -38.215  -56.372  1.343 0.0000000000
12708  -37.725  -67.426  -10.386 0.0000000000
12709  -38.490  -67.034  -10.618 0.0000000000
12710  -39.841  -67.212  -10.760 0.0000000000
12726  -40.672  -67.254  -12.079 0.0000000000
14582  -42.077  -64.442  -9.362 0.0000000000
14583  -42.488  -64.431  -9.690 0.0000000000
14607  -43.317  -63.996  -12.020 0.0000000000
14606  -42.685  -64.577  -11.673 0.0000000000
22724  -34.724  -56.425  -0.297 0.0000000000
21800  -33.978  -57.134  -3.464 0.0000000000
20788  -35.208  -57.640  -4.820 0.0000000000
21842  -36.751  -57.607  -5.237 0.0000000000
21843  -37.611  -57.368  -5.301 0.0000000000
21844  -38.489  -57.722  -5.796 0.0000000000
21871  -39.202  -57.764  -6.257 0.0000000000
20832  -39.428  -58.159  -6.958 0.0000000000
20831  -38.258  -57.928  -7.631 0.0000000000
20843  -38.692  -58.501  -8.390 0.0000000000
19773  -39.439  -59.197  -8.603 0.0000000000
19779  -39.987  -59.729  -9.406 0.0000000000
18762  -40.146  -60.140  -10.031 0.0000000000
19807  -40.133  -60.039  -11.355 0.0000000000
22867  -39.064  -56.729  -11.373 0.0000000000
21924  -38.595  -57.678  -11.227 0.0000000000
20879  -38.913  -58.294  -11.311 0.0000000000
20880  -39.426  -58.965  -11.485 0.0000000000
19821  -40.060  -59.441  -11.845 0.0000000000
19822  -40.706  -59.877  -12.112 0.0000000000
19823  -41.876  -59.775  -12.858 0.0000000000
19835  -42.873  -59.576  -13.536 0.0000000000
19836  -44.035  -59.207  -14.254 0.0000000000
20907  -43.772  -57.971  -14.429 0.0000000000
19857  -44.332  -58.426  -14.602 0.0000000000
19883  -45.005  -58.341  -15.544 0.0000000000
11757  -35.983  -66.898  -9.007 0.0000000000
12627  -37.436  -66.191  -4.982 0.0000000000
12654  -36.356  -66.240  -6.399 0.0000000000
12665  -36.179  -66.278  -6.624 0.0000000000
12677  -36.222  -66.575  -8.762 0.0000000000
12692  -36.125  -66.696  -8.941 0.0000000000
13573  -40.468  -65.330  -4.048 0.0000000000
13585  -35.983  -65.157  -5.002 0.0000000000
13588  -38.925  -65.761  -4.448 0.0000000000
13589  -40.118  -65.785  -4.719 0.0000000000
13619  -36.489  -66.124  -6.133 0.0000000000
13632  -35.935  -65.730  -7.648 0.0000000000
13667  -42.186  -64.894  -9.651 0.0000000000
14523  -35.588  -64.622  -5.309 0.0000000000
15376  -39.832  -63.186  -2.050 0.0000000000
15393  -38.320  -63.260  -2.738 0.0000000000
15394  -38.748  -63.358  -2.651 0.0000000000
15497  -38.382  -63.196  -8.733 0.0000000000
15501  -42.494  -63.183  -8.107 0.0000000000
15520  -43.761  -63.601  -9.112 0.0000000000
15521  -44.311  -63.200  -9.520 0.0000000000
16471  -37.520  -62.110  -1.830 0.0000000000
16493  -39.433  -63.047  -2.149 0.0000000000
16519  -34.527  -61.839  -4.240 0.0000000000
16565  -40.466  -61.537  -7.795 0.0000000000
16567  -42.325  -61.885  -7.927 0.0000000000
16579  -42.017  -62.135  -7.854 0.0000000000
16589  -43.891  -62.352  -9.406 0.0000000000
16590  -44.387  -62.776  -9.854 0.0000000000
16600  -43.532  -61.880  -10.367 0.0000000000
16661  -46.534  -61.775  -12.939 0.0000000000
16685  -46.430  -62.025  -13.318 0.0000000000
17570  -41.144  -61.289  0.034 0.0000000000
17586  -39.085  -61.248  -0.176 0.0000000000
17588  -40.900  -61.529  -0.287 0.0000000000
17614  -41.949  -62.597  -1.091 0.0000000000
17628  -34.909  -61.159  -2.525 0.0000000000
17630  -36.145  -61.914  -1.894 0.0000000000
17672  -35.019  -60.478  -5.972 0.0000000000
17676  -38.748  -60.327  -7.334 0.0000000000
17683  -40.143  -61.130  -7.471 0.0000000000
17685  -42.071  -61.459  -7.649 0.0000000000
17693  -39.447  -61.439  -7.646 0.0000000000
17694  -41.551  -61.724  -7.800 0.0000000000
17695  -41.769  -61.628  -7.705 0.0000000000
17701  -42.240  -61.135  -9.596 0.0000000000
17711  -42.315  -61.395  -10.108 0.0000000000
17713  -43.555  -61.802  -10.106 0.0000000000
17732  -44.827  -61.813  -12.046 0.0000000000
17748  -42.440  -61.760  -11.490 0.0000000000
17765  -43.289  -61.328  -12.770 0.0000000000
18564  -46.048  -60.010  4.915 0.0000000000
18585  -46.245  -59.923  4.123 0.0000000000
18622  -45.006  -60.458  2.303 0.0000000000
18636  -44.825  -60.839  1.772 0.0000000000
18645  -39.969  -60.568  0.303 0.0000000000
18648  -42.916  -60.935  0.640 0.0000000000
18656  -36.342  -60.347  -0.697 0.0000000000
18657  -37.009  -60.204  -0.777 0.0000000000
18659  -38.509  -60.937  -0.176 0.0000000000
18672  -34.901  -60.457  -1.620 0.0000000000
18730  -35.278  -59.673  -5.780 0.0000000000
18741  -40.253  -59.539  -6.677 0.0000000000
18743  -41.292  -59.897  -6.841 0.0000000000
18748  -39.213  -59.972  -7.242 0.0000000000
18752  -42.348  -60.910  -7.789 0.0000000000
18756  -42.181  -60.344  -8.158 0.0000000000
18765  -42.563  -61.164  -8.898 0.0000000000
18790  -40.349  -60.379  -11.035 0.0000000000
18791  -40.743  -60.648  -11.119 0.0000000000
18809  -46.029  -60.984  -13.221 0.0000000000
18823  -43.140  -60.682  -13.272 0.0000000000
18826  -45.717  -60.814  -14.014 0.0000000000
18839  -45.034  -59.669  -14.500 0.0000000000
19619  -46.703  -59.466  4.541 0.0000000000
19620  -47.019  -59.075  4.368 0.0000000000
19634  -46.858  -59.006  3.989 0.0000000000
19672  -36.244  -59.294  0.100 0.0000000000
19676  -39.270  -60.021  0.832 0.0000000000
19686  -37.185  -59.862  -0.250 0.0000000000
19693  -33.910  -59.084  -1.923 0.0000000000
19694  -34.429  -59.626  -1.534 0.0000000000
19703  -33.746  -58.787  -2.486 0.0000000000
19714  -33.681  -58.461  -2.883 0.0000000000
19745  -35.372  -58.969  -5.697 0.0000000000
19746  -36.032  -58.969  -5.915 0.0000000000
19748  -38.463  -58.727  -5.798 0.0000000000
19756  -36.385  -59.332  -6.167 0.0000000000
19760  -40.448  -59.165  -6.743 0.0000000000
19761  -41.014  -59.450  -6.845 0.0000000000
19766  -39.152  -59.602  -6.775 0.0000000000
19778  -38.893  -59.366  -9.544 0.0000000000
19808  -40.556  -60.287  -11.601 0.0000000000
19913  -46.876  -58.795  -16.343 0.0000000000
20617  -47.675  -58.235  5.991 0.0000000000
20634  -47.505  -58.492  5.432 0.0000000000
20635  -48.149  -57.928  5.510 0.0000000000
20644  -47.417  -58.436  4.647 0.0000000000
20658  -43.931  -58.083  3.111 0.0000000000
20661  -46.615  -58.501  4.075 0.0000000000
20695  -41.416  -59.221  1.891 0.0000000000
20705  -34.815  -58.258  -0.067 0.0000000000
20768  -34.155  -57.934  -3.847 0.0000000000
20787  -34.668  -57.738  -4.473 0.0000000000
20805  -36.227  -58.367  -5.565 0.0000000000
20808  -38.936  -58.223  -5.747 0.0000000000
20820  -36.947  -58.915  -5.984 0.0000000000
20833  -40.262  -58.722  -7.008 0.0000000000
20844  -39.909  -58.721  -7.683 0.0000000000
20867  -39.116  -59.326  -10.774 0.0000000000
20893  -41.851  -58.608  -13.270 0.0000000000
20905  -42.453  -58.710  -13.535 0.0000000000
20932  -44.595  -57.735  -15.307 0.0000000000
20959  -47.162  -58.845  -16.428 0.0000000000
21668  -47.494  -58.082  6.189 0.0000000000
21685  -47.641  -57.683  6.266 0.0000000000
21686  -48.764  -57.391  5.801 0.0000000000
21690  -46.433  -57.664  4.208 0.0000000000
21691  -46.848  -57.786  4.335 0.0000000000
21702  -46.561  -57.915  4.218 0.0000000000
21710  -40.827  -57.837  2.181 0.0000000000
21722  -37.770  -57.797  1.328 0.0000000000
21723  -38.206  -57.795  1.536 0.0000000000
21732  -34.757  -57.811  -0.041 0.0000000000
21747  -33.777  -57.400  -0.881 0.0000000000
21823  -35.974  -57.139  -4.890 0.0000000000
21841  -36.116  -57.786  -5.254 0.0000000000
21845  -39.137  -57.986  -5.783 0.0000000000
21859  -39.100  -57.794  -5.931 0.0000000000
21925  -39.355  -57.656  -11.616 0.0000000000
21979  -44.472  -56.699  -15.007 0.0000000000
22622  -48.221  -57.428  6.380 0.0000000000
22645  -49.995  -56.333  5.977 0.0000000000
22709  -37.703  -56.603  1.273 0.0000000000
22816  -38.208  -57.287  -5.920 0.0000000000
22884  -41.214  -56.537  -12.592 0.0000000000
22924  -44.357  -56.502  -15.229 0.0000000000
23664  -51.105  -55.104  5.064 0.0000000000
23690  -51.009  -55.296  4.690 0.0000000000
23691  -51.263  -55.114  4.575 0.0000000000
23699  -46.513  -55.699  3.488 0.0000000000
23717  -46.155  -55.112  2.869 0.0000000000
23731  -38.932  -56.292  1.483 0.0000000000
23735  -42.364  -55.048  1.626 0.0000000000
23930  -38.867  -56.146  -11.143 0.0000000000
23933  -40.974  -55.224  -12.159 0.0000000000
23982  -43.128  -55.804  -15.015 0.0000000000
24728  -47.369  -55.191  5.340 0.0000000000
24732  -50.832  -54.898  5.330 0.0000000000
24733  -51.130  -54.853  4.915 0.0000000000
24760  -50.857  -54.570  4.552 0.0000000000
24767  -47.163  -54.842  3.105 0.0000000000
24770  -49.385  -55.198  3.466 0.0000000000
24782  -44.851  -54.402  1.993 0.0000000000
24786  -48.655  -54.474  2.551 0.0000000000
24799  -40.965  -54.820  0.819 0.0000000000
24807  -48.546  -54.387  1.612 0.0000000000
24995  -40.059  -54.408  -11.132 0.0000000000
25818  -48.324  -54.381  5.351 0.0000000000
25877  -48.776  -53.397  4.100 0.0000000000
