#!ascii label  , from subject 3171 vox2ras=TkReg
1089
84887  -23.783  -3.595  -6.970 0.5555555820
84912  -24.058  -3.083  -7.426 0.6666666865
86018  -25.041  -3.008  -7.802 0.7777777910
87158  -25.051  -1.507  -8.472 0.8888888955
87160  -26.901  -1.909  -8.983 0.8888888955
83696  -22.865  -4.022  -6.031 0.5555555820
85998  -23.316  -3.066  -6.809 0.5555555820
86016  -23.560  -2.509  -7.159 0.6666666865
87141  -24.129  -1.587  -7.421 0.8888888955
84940  -25.954  -2.823  -7.989 0.8888888955
87159  -25.946  -1.556  -8.854 0.8888888955
88360  -27.095  -0.946  -8.883 1.0000000000
87161  -27.843  -1.632  -8.572 0.8888888955
88361  -28.191  -0.448  -8.763 1.0000000000
87139  -22.706  -1.444  -6.885 0.7777777910
88356  -23.873  -0.393  -7.850 1.0000000000
90945  -24.487  0.604  -8.950 1.0000000000
88385  -24.674  -0.504  -9.046 1.0000000000
89664  -25.498  0.212  -10.087 1.0000000000
89663  -24.764  0.105  -9.484 1.0000000000
89665  -26.509  0.311  -10.047 1.0000000000
90968  -25.553  0.993  -10.282 1.0000000000
89666  -27.480  0.797  -9.965 1.0000000000
89639  -28.824  0.525  -8.985 1.0000000000
89686  -26.716  1.108  -10.506 1.0000000000
89640  -29.446  1.011  -8.419 1.0000000000
90970  -28.712  2.064  -9.700 1.0000000000
90946  -29.618  2.044  -8.532 0.7777777910
90944  -23.761  1.455  -8.567 0.8888888955
90967  -24.872  1.435  -9.775 1.0000000000
90988  -25.953  1.728  -10.478 1.0000000000
90990  -27.792  2.068  -10.564 1.0000000000
90991  -28.233  2.105  -10.200 1.0000000000
92224  -28.799  2.786  -9.678 1.0000000000
90971  -29.301  2.049  -9.223 1.0000000000
90947  -30.069  2.015  -7.991 0.8888888955
92203  -29.969  2.699  -8.701 1.0000000000
92204  -30.411  2.637  -8.088 0.7777777910
92179  -31.175  2.359  -6.984 0.7777777910
93412  -23.414  3.338  -9.195 0.5555555820
94562  -24.705  4.483  -10.521 0.7777777910
93428  -24.584  3.478  -10.197 0.8888888955
92244  -26.543  2.807  -10.881 1.0000000000
90989  -26.987  1.929  -10.820 1.0000000000
93443  -26.095  3.734  -11.180 0.8888888955
93444  -26.672  3.435  -11.161 1.0000000000
92261  -27.528  3.537  -11.110 1.0000000000
93429  -28.844  3.534  -9.568 1.0000000000
93430  -29.378  3.701  -8.973 0.8888888955
94550  -29.207  4.426  -9.138 1.0000000000
94534  -29.731  4.359  -8.607 0.8888888955
94523  -30.557  4.203  -7.326 0.7777777910
93362  -31.731  3.211  -6.035 0.6666666865
94510  -30.944  3.961  -6.726 0.6666666865
95680  -22.904  5.646  -9.516 0.4444444478
94547  -24.082  4.740  -9.923 0.7777777910
95695  -24.153  5.738  -10.713 0.6666666865
95708  -25.394  5.521  -11.413 0.7777777910
94573  -26.082  4.767  -11.488 0.8888888955
94574  -26.852  4.925  -11.441 0.8888888955
93446  -28.540  3.832  -10.361 1.0000000000
94575  -27.589  4.812  -11.353 1.0000000000
94564  -28.366  4.688  -10.403 1.0000000000
94549  -28.685  4.500  -9.693 1.0000000000
95666  -29.001  5.738  -9.064 0.8888888955
95667  -29.582  5.366  -8.706 0.7777777910
95654  -30.301  5.167  -7.570 0.7777777910
94492  -31.788  3.707  -5.951 0.5555555820
96696  -30.573  5.955  -7.186 0.7777777910
95639  -31.663  5.483  -6.237 0.6666666865
96745  -24.219  7.102  -10.891 0.6666666865
96744  -23.843  6.613  -10.613 0.6666666865
96755  -25.836  6.171  -11.807 0.7777777910
96754  -25.340  6.702  -11.686 0.7777777910
95710  -27.412  5.806  -11.667 0.8888888955
96763  -26.819  6.832  -12.134 1.0000000000
96746  -27.524  6.633  -11.266 1.0000000000
96747  -27.775  6.529  -10.569 1.0000000000
95682  -28.526  5.477  -9.680 0.8888888955
96721  -28.600  6.390  -9.098 0.8888888955
96710  -29.744  6.216  -8.111 0.8888888955
97809  -28.173  7.233  -9.121 0.8888888955
97810  -28.682  7.180  -8.539 0.7777777910
97798  -29.487  7.184  -7.915 0.7777777910
96697  -31.064  6.321  -6.560 0.7777777910
96675  -31.752  6.230  -6.069 0.6666666865
97827  -23.972  7.579  -10.683 0.6666666865
97826  -23.233  7.482  -10.106 0.5555555820
97833  -24.499  7.621  -11.045 0.7777777910
97840  -25.571  7.727  -12.025 0.8888888955
97842  -26.516  7.320  -12.151 0.8888888955
97835  -26.477  7.881  -12.111 1.0000000000
96756  -27.271  6.761  -11.871 1.0000000000
97819  -27.990  7.412  -10.020 1.0000000000
96734  -28.205  6.430  -9.843 0.8888888955
98784  -28.763  8.258  -8.339 0.7777777910
98766  -29.408  8.159  -7.297 0.7777777910
97785  -30.854  7.297  -6.413 0.6666666865
97765  -31.565  7.097  -5.962 0.5555555820
96676  -32.295  6.409  -5.633 0.5555555820
98820  -24.218  8.620  -10.873 0.7777777910
98819  -23.509  8.941  -10.534 0.6666666865
98821  -24.784  8.280  -11.333 0.8888888955
98829  -25.993  8.668  -12.560 1.0000000000
98814  -27.250  8.543  -11.508 1.0000000000
98804  -27.596  8.501  -10.455 0.8888888955
99858  -27.886  9.545  -9.767 0.8888888955
98795  -28.498  7.771  -8.807 0.8888888955
99830  -28.829  9.515  -7.979 0.7777777910
99810  -29.629  9.627  -6.876 0.7777777910
98767  -30.466  8.296  -6.417 0.7777777910
98768  -31.061  7.735  -6.052 0.5555555820
100976  -28.504  10.617  -8.821 0.7777777910
99811  -30.427  9.340  -6.184 0.5555555820
98744  -31.417  8.284  -5.545 0.5555555820
100945  -30.325  10.322  -6.295 0.6666666865
101003  -22.670  10.527  -9.759 0.4444444478
99875  -23.639  9.675  -10.773 0.5555555820
101017  -24.299  10.697  -11.643 0.7777777910
98830  -26.358  9.198  -12.670 1.0000000000
99882  -24.787  9.765  -11.928 0.8888888955
99884  -26.095  9.849  -13.141 1.0000000000
99877  -27.113  9.487  -12.201 0.8888888955
101005  -27.506  10.662  -11.140 0.8888888955
99857  -27.690  9.688  -10.707 0.8888888955
100990  -27.587  10.585  -10.189 0.8888888955
99844  -28.493  9.574  -8.891 0.8888888955
100960  -29.193  10.735  -7.759 0.6666666865
104454  -23.285  13.550  -10.986 0.6666666865
102156  -23.619  11.613  -11.399 0.6666666865
103332  -25.113  12.628  -12.409 0.7777777910
102184  -26.109  11.440  -13.064 0.8888888955
103351  -25.902  12.095  -12.971 0.7777777910
102158  -26.404  11.641  -12.083 0.7777777910
101018  -26.365  11.042  -12.324 0.8888888955
103317  -26.438  12.684  -11.721 0.7777777910
102141  -26.901  11.870  -9.960 0.7777777910
102124  -27.425  11.562  -9.732 0.7777777910
102110  -28.636  11.158  -8.693 0.6666666865
103288  -27.487  12.632  -9.695 0.6666666865
103290  -28.770  12.419  -8.802 0.6666666865
102111  -28.893  11.699  -8.534 0.6666666865
103276  -28.421  13.484  -8.708 0.6666666865
103277  -28.859  12.892  -8.436 0.5555555820
102076  -29.468  12.146  -6.947 0.5555555820
103262  -29.231  12.926  -7.594 0.5555555820
107877  -21.875  16.127  -8.937 0.3333333433
106812  -22.092  15.228  -9.567 0.3333333433
105650  -23.215  14.564  -11.247 0.5555555820
104468  -23.870  13.675  -11.605 0.6666666865
106837  -24.120  15.780  -11.689 0.5555555820
104485  -25.037  13.811  -12.523 0.7777777910
104486  -25.612  13.813  -12.424 0.7777777910
105671  -25.741  14.913  -12.299 0.6666666865
104487  -26.051  13.851  -12.044 0.6666666865
104470  -26.510  13.905  -11.290 0.6666666865
104456  -26.938  14.009  -10.453 0.6666666865
104442  -27.500  14.074  -9.522 0.6666666865
104432  -28.444  14.016  -8.452 0.6666666865
104421  -29.474  13.840  -7.329 0.5555555820
104422  -29.864  14.179  -7.104 0.5555555820
104433  -28.905  13.850  -8.012 0.6666666865
109873  -22.083  17.358  -9.407 0.4444444478
107878  -22.199  16.180  -8.732 0.4444444478
107907  -22.883  16.507  -10.442 0.4444444478
108886  -23.162  18.081  -9.544 0.5555555820
106838  -24.786  16.039  -12.113 0.6666666865
105670  -25.163  14.898  -12.421 0.6666666865
106850  -25.874  15.839  -12.143 0.6666666865
104455  -26.595  14.582  -11.022 0.6666666865
105651  -26.630  15.344  -10.957 0.6666666865
105641  -27.869  15.060  -9.564 0.6666666865
105643  -28.986  15.399  -8.855 0.6666666865
105623  -29.393  14.825  -7.111 0.5555555820
107892  -23.518  17.266  -9.275 0.4444444478
107919  -24.627  17.082  -11.449 0.6666666865
106839  -25.424  16.748  -12.125 0.6666666865
106840  -26.286  16.316  -11.703 0.6666666865
105662  -26.428  15.072  -11.408 0.6666666865
143157  -28.064  15.544  -9.562 0.6666666865
86041  -24.873  -2.044  -8.118 0.8888888955
88339  -23.822  -0.970  -7.551 1.0000000000
88358  -24.925  -0.887  -8.816 1.0000000000
88386  -25.266  -0.564  -9.315 1.0000000000
96733  -23.217  6.460  -9.889 0.5555555820
98813  -23.604  8.225  -10.488 0.5555555820
102139  -22.660  11.519  -9.976 0.5555555820
98827  -24.715  9.005  -11.438 0.7777777910
99829  -28.615  9.042  -8.456 0.8888888955
102122  -22.258  11.418  -9.249 0.2222222239
100944  -29.689  11.030  -7.017 0.6666666865
103334  -26.079  12.554  -12.493 0.7777777910
102077  -30.185  11.479  -6.389 0.4444444478
107920  -25.239  17.375  -10.586 0.6666666865
105613  -30.300  14.823  -6.481 0.5555555820
104389  -30.459  14.042  -6.167 0.5555555820
108870  -22.204  17.484  -8.566 0.3333333433
105612  -29.670  15.306  -6.808 0.5555555820
82463  -23.814  -5.323  -6.379 0.5555555820
82464  -24.439  -5.278  -6.572 0.5555555820
84888  -24.297  -3.918  -6.918 0.6666666865
84913  -24.628  -3.549  -7.389 0.5555555820
83721  -25.371  -4.329  -6.911 0.5555555820
86020  -27.134  -3.180  -7.916 0.7777777910
86044  -27.392  -2.646  -8.161 0.8888888955
83677  -22.937  -4.629  -5.742 0.5555555820
84914  -25.746  -3.360  -7.572 0.6666666865
84941  -26.332  -2.996  -7.815 0.6666666865
86019  -26.810  -2.939  -7.880 0.8888888955
86045  -28.423  -2.317  -7.847 0.7777777910
86046  -29.313  -1.920  -7.158 0.7777777910
87162  -28.961  -1.340  -8.213 0.8888888955
83676  -22.460  -4.210  -5.426 0.4444444478
85996  -22.255  -2.062  -6.842 0.5555555820
88362  -29.492  -0.143  -8.132 1.0000000000
88328  -22.257  -0.509  -6.536 0.2222222239
88338  -23.234  -0.623  -7.385 0.6666666865
88340  -29.810  0.175  -7.775 0.8888888955
89619  -30.753  0.709  -7.315 0.6666666865
90922  -30.430  1.772  -7.427 0.7777777910
90923  -31.412  1.409  -7.046 0.6666666865
90920  -23.292  0.974  -7.722 0.5555555820
90900  -31.998  1.987  -6.705 0.6666666865
92201  -22.652  2.678  -8.183 0.4444444478
92159  -32.445  2.540  -6.269 0.5555555820
93364  -33.099  3.693  -5.785 0.5555555820
94532  -22.230  4.842  -8.497 0.2222222239
94493  -32.375  4.298  -5.779 0.5555555820
96732  -22.646  6.470  -9.364 0.4444444478
95617  -32.612  5.416  -5.481 0.5555555820
97808  -21.974  7.587  -8.327 0.3333333433
96677  -33.239  6.533  -5.061 0.5555555820
99867  -23.077  9.643  -10.247 0.4444444478
98745  -32.718  8.347  -5.201 0.4444444478
100989  -22.016  10.443  -9.114 0.3333333433
99786  -32.071  9.290  -5.075 0.5555555820
100921  -30.854  10.826  -5.661 0.4444444478
106802  -21.623  15.154  -8.671 0.3333333433
105637  -21.663  14.361  -9.273 0.3333333433
104441  -22.191  13.451  -9.688 0.4444444478
102049  -30.564  11.909  -5.698 0.4444444478
103218  -30.309  13.102  -5.911 0.4444444478
105598  -31.172  14.730  -5.631 0.2222222239
106803  -23.032  15.551  -8.901 0.3333333433
107893  -23.906  17.745  -9.650 0.6666666865
143161  -26.606  16.293  -10.835 0.6666666865
143162  -27.125  16.383  -10.231 0.6666666865
108902  -27.888  16.668  -9.641 0.6666666865
107894  -28.843  16.335  -8.973 0.6666666865
106817  -29.144  15.763  -8.707 0.6666666865
106806  -29.453  15.716  -8.078 0.6666666865
106780  -29.890  15.803  -6.688 0.4444444478
105614  -30.664  15.296  -5.966 0.3333333433
106828  -24.689  17.810  -9.799 0.5555555820
84886  -23.145  -3.493  -6.441 0.5555555820
83697  -23.427  -4.416  -6.306 0.5555555820
83698  -24.136  -4.514  -6.712 0.6666666865
83720  -24.654  -4.169  -6.834 0.6666666865
86017  -24.534  -2.487  -7.675 0.7777777910
86042  -25.423  -2.434  -8.154 0.8888888955
87187  -25.678  -0.970  -9.146 1.0000000000
87186  -25.366  -1.089  -8.929 1.0000000000
84868  -22.613  -3.249  -5.970 0.4444444478
85986  -22.536  -2.752  -6.179 0.5555555820
85997  -22.795  -2.664  -6.569 0.5555555820
87140  -23.310  -1.560  -7.240 0.8888888955
86015  -22.736  -2.039  -7.013 0.5555555820
87157  -24.604  -1.665  -7.950 0.8888888955
86043  -26.387  -2.500  -8.323 0.8888888955
88359  -26.517  -1.282  -9.069 1.0000000000
88387  -26.197  -0.628  -9.375 1.0000000000
88388  -27.253  -0.112  -9.406 1.0000000000
88337  -22.690  -0.561  -6.929 0.6666666865
86014  -22.386  -1.903  -6.973 0.6666666865
88357  -24.349  -0.856  -8.336 1.0000000000
89637  -24.069  0.143  -8.421 0.8888888955
89638  -24.409  -0.146  -8.922 1.0000000000
88389  -28.081  0.323  -9.432 1.0000000000
89687  -27.396  1.467  -10.442 1.0000000000
89667  -28.367  1.112  -9.567 1.0000000000
89668  -29.089  1.444  -9.124 1.0000000000
90921  -29.828  1.530  -7.948 0.7777777910
90966  -24.145  2.000  -9.402 1.0000000000
92202  -23.276  2.701  -8.659 0.5555555820
90943  -23.125  2.126  -8.232 0.5555555820
90987  -25.359  2.148  -10.259 1.0000000000
92223  -24.393  2.615  -9.757 0.8888888955
92243  -25.662  2.770  -10.626 1.0000000000
92245  -27.473  2.842  -10.798 1.0000000000
92246  -28.372  2.805  -10.292 1.0000000000
92225  -29.398  2.778  -9.199 1.0000000000
93413  -30.046  3.431  -8.607 0.8888888955
93394  -30.909  3.225  -7.217 0.7777777910
93395  -31.292  2.924  -6.832 0.6666666865
93411  -22.571  3.775  -8.956 0.5555555820
93426  -23.426  4.036  -9.479 0.6666666865
93427  -24.051  3.569  -9.642 0.6666666865
92222  -23.809  2.598  -9.241 0.7777777910
94548  -24.398  4.078  -10.031 0.7777777910
95696  -24.690  5.331  -10.880 0.6666666865
95697  -25.112  5.027  -10.804 0.8888888955
94563  -25.404  4.513  -11.035 0.8888888955
92242  -24.996  2.673  -10.205 0.8888888955
93442  -25.166  3.573  -10.722 1.0000000000
93460  -26.503  4.335  -11.386 0.8888888955
93461  -27.047  3.980  -11.367 1.0000000000
95683  -29.066  5.117  -9.310 0.8888888955
95668  -30.136  4.982  -8.325 0.8888888955
94535  -30.279  4.291  -8.110 0.7777777910
93375  -31.058  3.509  -6.818 0.7777777910
95638  -30.733  5.058  -6.641 0.6666666865
93377  -33.018  2.954  -5.947 0.5555555820
94511  -31.513  4.422  -6.194 0.6666666865
95681  -23.552  5.658  -10.065 0.5555555820
95665  -22.390  5.699  -8.897 0.3333333433
94533  -22.504  4.903  -9.219 0.3333333433
94546  -23.136  4.784  -9.560 0.4444444478
96753  -24.445  6.742  -11.192 0.6666666865
95707  -24.593  5.997  -11.310 0.7777777910
95709  -26.451  5.808  -11.816 0.8888888955
93463  -28.390  4.132  -11.002 1.0000000000
95698  -27.776  5.960  -11.130 1.0000000000
96722  -29.202  6.353  -8.571 0.7777777910
97799  -29.874  6.637  -7.685 0.7777777910
95640  -32.142  5.433  -5.925 0.5555555820
96762  -26.193  6.726  -12.122 0.8888888955
97783  -29.652  7.449  -7.413 0.7777777910
97784  -30.135  7.036  -7.130 0.7777777910
97818  -22.919  6.967  -9.680 0.4444444478
97841  -26.123  7.643  -12.262 0.8888888955
97828  -27.228  7.454  -11.369 1.0000000000
98815  -27.234  7.956  -10.951 0.8888888955
97766  -32.456  7.364  -5.452 0.5555555820
99876  -24.211  9.711  -11.317 0.6666666865
98828  -25.118  8.638  -12.044 0.8888888955
98803  -27.512  9.100  -11.036 1.0000000000
98794  -28.350  8.393  -9.303 0.8888888955
98743  -30.664  8.838  -5.743 0.6666666865
100991  -28.072  10.585  -9.420 0.8888888955
99785  -30.940  9.586  -5.492 0.5555555820
101004  -23.221  10.606  -10.384 0.5555555820
101016  -23.596  10.618  -11.137 0.5555555820
99892  -25.642  10.309  -13.157 1.0000000000
101027  -24.801  10.780  -12.488 0.7777777910
101029  -26.356  10.582  -12.719 0.8888888955
101039  -25.951  10.782  -13.196 0.7777777910
104453  -22.671  13.453  -10.428 0.5555555820
103302  -23.142  12.552  -10.907 0.5555555820
105649  -22.777  14.376  -10.576 0.4444444478
103315  -23.810  12.627  -11.430 0.6666666865
103316  -24.589  12.706  -11.867 0.6666666865
102157  -24.427  11.704  -11.823 0.7777777910
102140  -23.164  11.579  -10.676 0.7777777910
103333  -25.555  12.766  -12.434 0.7777777910
102182  -25.195  11.733  -13.114 0.7777777910
102159  -26.854  11.600  -11.393 0.7777777910
103304  -27.079  12.626  -10.380 0.6666666865
102125  -28.259  11.672  -9.061 0.6666666865
103289  -28.364  12.940  -9.091 0.6666666865
102095  -29.278  11.897  -7.762 0.5555555820
103243  -29.929  12.671  -6.470 0.4444444478
104407  -29.730  13.329  -6.857 0.5555555820
106826  -22.704  15.368  -10.688 0.5555555820
105661  -24.489  14.878  -12.338 0.6666666865
105642  -28.566  15.165  -9.137 0.6666666865
105634  -29.170  14.873  -8.282 0.6666666865
108900  -23.029  17.782  -10.295 0.5555555820
108901  -23.641  17.707  -10.429 0.6666666865
105652  -27.177  15.622  -10.218 0.6666666865
106829  -27.650  15.844  -9.734 0.6666666865
108889  -28.017  16.099  -9.620 0.6666666865
98812  -22.972  8.616  -10.134 0.4444444478
97817  -22.533  7.514  -9.295 0.4444444478
104390  -30.873  14.069  -5.733 0.3333333433
106781  -30.502  15.773  -6.364 0.3333333433
84942  -28.063  -3.199  -7.942 0.6666666865
88363  -29.977  -0.482  -7.564 0.7777777910
85985  -22.194  -2.388  -5.973 0.4444444478
89617  -23.557  0.323  -7.814 0.7777777910
93410  -22.141  4.083  -8.058 0.1111111119
98811  -22.582  8.592  -9.409 0.3333333433
99866  -22.569  9.533  -9.619 0.3333333433
107881  -29.414  16.605  -7.954 0.6666666865
107866  -29.756  16.697  -7.182 0.4444444478
81154  -26.848  -6.281  -5.782 0.4444444478
81139  -27.835  -6.315  -4.680 0.2222222239
81170  -24.155  -5.779  -6.393 0.4444444478
81152  -25.019  -6.725  -6.132 0.4444444478
82465  -25.147  -5.255  -6.744 0.4444444478
81173  -26.649  -6.056  -6.718 0.4444444478
82467  -27.505  -5.356  -6.725 0.4444444478
82446  -28.433  -5.410  -5.414 0.2222222239
82487  -26.683  -5.225  -7.415 0.4444444478
82488  -27.196  -5.309  -7.334 0.4444444478
83679  -29.296  -4.974  -5.384 0.1111111119
83680  -30.267  -4.348  -5.536 0.1111111119
83723  -27.544  -4.650  -7.566 0.4444444478
83701  -28.453  -4.803  -6.451 0.3333333433
83722  -26.337  -4.407  -7.379 0.4444444478
83700  -27.853  -4.983  -6.958 0.3333333433
84889  -29.187  -3.882  -6.846 0.3333333433
83702  -29.606  -4.394  -6.275 0.2222222239
83724  -28.499  -4.067  -7.455 0.3333333433
84915  -26.758  -3.623  -7.828 0.5555555820
84918  -29.764  -3.271  -7.136 0.2222222239
84919  -30.599  -3.449  -7.772 0.1111111119
84946  -32.018  -3.676  -8.654 0.1111111119
84917  -28.946  -3.259  -7.251 0.3333333433
86023  -30.146  -2.964  -7.550 0.3333333433
86021  -28.865  -2.559  -7.177 0.4444444478
86047  -30.459  -2.668  -8.315 0.6666666865
86072  -31.119  -2.869  -9.686 0.4444444478
87163  -30.080  -1.233  -7.455 0.6666666865
86074  -33.173  -2.185  -9.629 0.3333333433
87142  -30.462  -0.565  -7.543 0.6666666865
87145  -32.516  -1.318  -8.160 0.5555555820
88343  -31.960  -0.417  -7.478 0.5555555820
88344  -32.876  -0.720  -7.918 0.5555555820
86050  -32.998  -1.721  -9.215 0.4444444478
88364  -33.468  -0.489  -8.897 0.3333333433
88342  -31.018  -0.147  -7.365 0.5555555820
90925  -33.690  1.395  -7.532 0.4444444478
90901  -32.905  1.935  -6.827 0.5555555820
89622  -33.477  0.251  -8.122 0.4444444478
92180  -33.792  2.271  -7.020 0.4444444478
143163  -26.919  16.652  -10.473 0.5555555820
143164  -26.283  17.368  -10.743 0.5555555820
143165  -26.895  17.260  -10.527 0.5555555820
109892  -27.905  17.156  -9.694 0.5555555820
108891  -28.669  17.091  -9.016 0.5555555820
108875  -29.041  17.375  -8.565 0.5555555820
81153  -26.018  -6.486  -6.072 0.4444444478
81155  -27.644  -6.022  -5.441 0.2222222239
84890  -30.029  -3.726  -6.777 0.2222222239
84891  -30.897  -3.723  -6.806 0.1111111119
84944  -30.711  -3.720  -9.090 0.3333333433
86022  -29.584  -2.694  -7.217 0.4444444478
87164  -31.231  -1.802  -8.067 0.6666666865
86048  -31.657  -2.460  -8.843 0.4444444478
89641  -33.965  0.314  -8.781 0.3333333433
93365  -33.796  3.975  -5.986 0.4444444478
109876  -26.954  18.024  -10.525 0.5555555820
110925  -26.852  18.811  -10.041 0.5555555820
86094  -31.771  -3.214  -10.214 0.2222222239
79871  -24.470  -7.645  -5.278 0.4444444478
79872  -25.651  -7.030  -5.277 0.4444444478
79861  -27.365  -6.738  -4.260 0.2222222239
81115  -28.107  -6.639  -3.877 0.2222222239
81151  -23.775  -6.381  -5.881 0.4444444478
82429  -28.938  -5.580  -4.843 0.1111111119
83665  -29.637  -5.117  -4.861 0.1111111119
81116  -28.998  -6.470  -3.593 0.1111111119
83666  -30.046  -4.885  -4.812 0.1111111119
84869  -30.774  -3.819  -5.954 0.1111111119
84893  -32.551  -3.380  -6.848 0.1111111119
84947  -33.134  -3.563  -8.702 0.1111111119
84968  -31.854  -4.037  -9.365 0.1111111119
84989  -32.467  -3.750  -10.461 0.2222222239
87204  -33.495  -1.553  -10.461 0.1111111119
86095  -32.990  -2.767  -10.542 0.2222222239
88365  -33.921  -0.069  -9.320 0.2222222239
89642  -34.044  0.407  -9.377 0.2222222239
90949  -34.296  1.291  -8.989 0.3333333433
92161  -33.982  2.853  -6.716 0.4444444478
93379  -34.505  3.733  -6.589 0.3333333433
94495  -34.152  4.716  -5.926 0.3333333433
103301  -22.571  12.500  -10.257 0.4444444478
105639  -24.436  16.636  -9.696 0.4444444478
143159  -25.120  18.019  -10.393 0.5555555820
108874  -25.584  18.232  -10.228 0.5555555820
109877  -27.793  17.853  -10.140 0.5555555820
110928  -28.543  18.339  -9.602 0.5555555820
109863  -29.230  18.369  -8.769 0.5555555820
109862  -26.269  18.555  -10.079 0.5555555820
81171  -24.644  -6.011  -6.612 0.4444444478
84916  -27.542  -3.593  -8.049 0.5555555820
84943  -28.506  -2.952  -7.551 0.6666666865
89620  -31.731  0.490  -7.187 0.5555555820
89621  -32.729  0.346  -7.493 0.5555555820
90924  -32.450  1.194  -6.977 0.4444444478
95618  -33.701  5.533  -5.388 0.4444444478
103219  -31.205  12.193  -5.318 0.3333333433
83699  -24.765  -4.693  -6.677 0.4444444478
83742  -28.435  -3.505  -7.720 0.3333333433
83741  -28.139  -3.945  -8.120 0.3333333433
81138  -27.077  -6.470  -4.962 0.3333333433
81174  -27.297  -5.898  -6.150 0.4444444478
79873  -26.413  -6.659  -5.306 0.4444444478
81156  -28.128  -5.920  -4.994 0.1111111119
82486  -25.896  -5.286  -7.171 0.4444444478
81172  -25.617  -6.138  -7.084 0.4444444478
81190  -25.886  -5.812  -7.349 0.4444444478
81191  -26.254  -5.790  -7.332 0.4444444478
82466  -26.880  -5.629  -7.185 0.4444444478
82445  -27.780  -5.597  -5.974 0.4444444478
82468  -27.994  -5.235  -6.103 0.4444444478
82447  -29.068  -5.378  -5.027 0.1111111119
83678  -28.697  -5.022  -5.723 0.2222222239
83703  -30.288  -4.043  -6.296 0.2222222239
84945  -31.145  -4.158  -8.711 0.1111111119
84920  -31.497  -3.661  -7.748 0.1111111119
84967  -31.255  -4.190  -9.609 0.1111111119
86024  -31.980  -3.450  -7.596 0.1111111119
86073  -32.217  -2.654  -9.696 0.3333333433
84966  -30.886  -3.785  -9.845 0.3333333433
86049  -32.609  -2.107  -9.027 0.4444444478
87143  -31.118  -0.906  -7.687 0.5555555820
87188  -33.260  -1.269  -9.522 0.3333333433
92181  -34.389  2.616  -7.416 0.4444444478
143158  -25.885  17.940  -10.524 0.5555555820
109879  -28.843  18.006  -9.287 0.5555555820
84892  -31.728  -3.339  -6.978 0.1111111119
83780  -32.182  -4.280  -10.087 0.2222222239
79859  -25.535  -7.627  -4.433 0.4444444478
79860  -26.532  -7.100  -4.477 0.4444444478
79836  -27.409  -7.385  -3.480 0.2222222239
79870  -23.664  -7.318  -5.362 0.4444444478
81137  -23.345  -6.870  -5.293 0.4444444478
81140  -28.686  -6.038  -4.522 0.1111111119
83681  -31.078  -4.098  -5.472 0.1111111119
73602  -24.372  -12.878  -1.691 0.1111111119
76057  -23.008  -10.304  -2.262 0.3333333433
74808  -23.858  -12.019  -1.635 0.2222222239
74809  -24.916  -11.894  -1.674 0.1111111119
78559  -21.926  -8.178  -3.502 0.3333333433
77263  -21.690  -9.425  -2.708 0.3333333433
76056  -22.030  -10.278  -2.422 0.3333333433
77265  -23.560  -9.579  -2.618 0.3333333433
76058  -23.971  -10.267  -2.201 0.3333333433
76036  -24.429  -11.089  -1.872 0.2222222239
76059  -24.880  -10.204  -2.027 0.2222222239
73603  -25.506  -12.594  -2.063 0.1111111119
76037  -25.421  -10.973  -1.643 0.2222222239
81114  -21.477  -6.823  -4.049 0.2222222239
79830  -21.524  -7.375  -3.669 0.2222222239
77292  -22.327  -8.803  -3.049 0.3333333433
77264  -22.656  -9.533  -2.652 0.3333333433
81135  -21.821  -6.321  -4.394 0.2222222239
79855  -21.838  -7.086  -4.207 0.3333333433
79856  -22.497  -7.031  -4.402 0.3333333433
79831  -22.255  -7.630  -4.003 0.3333333433
79857  -23.197  -7.338  -4.825 0.3333333433
78583  -23.532  -8.008  -4.335 0.3333333433
78560  -22.928  -8.281  -3.687 0.3333333433
78536  -24.552  -8.923  -2.977 0.3333333433
78561  -24.248  -8.556  -3.462 0.3333333433
78537  -24.967  -8.919  -2.873 0.3333333433
78562  -25.227  -8.447  -3.244 0.3333333433
77267  -25.373  -9.468  -2.244 0.3333333433
78538  -25.842  -8.629  -2.491 0.2222222239
82427  -21.611  -5.296  -4.707 0.2222222239
82428  -22.221  -5.770  -4.783 0.2222222239
78597  -24.077  -8.078  -5.142 0.3333333433
79858  -24.765  -7.988  -4.168 0.3333333433
82442  -22.036  -4.774  -5.120 0.3333333433
82444  -23.288  -5.295  -5.815 0.3333333433
79834  -25.418  -7.994  -3.680 0.3333333433
79835  -26.281  -7.725  -3.567 0.3333333433
90926  -34.493  1.905  -8.052 0.2222222239
92205  -34.816  2.711  -8.630 0.2222222239
97767  -33.423  7.475  -5.126 0.3333333433
96678  -34.094  6.490  -5.207 0.2222222239
76035  -23.412  -11.094  -1.790 0.3333333433
74810  -25.751  -11.768  -1.616 0.1111111119
77294  -23.902  -9.102  -2.937 0.3333333433
77266  -24.442  -9.371  -2.665 0.3333333433
81136  -22.816  -6.335  -5.016 0.3333333433
72381  -23.712  -14.163  -1.960 0.1111111119
72394  -23.694  -14.531  -3.024 0.1111111119
76055  -21.080  -10.172  -2.509 0.3333333433
76034  -22.342  -11.047  -1.795 0.3333333433
74807  -22.735  -12.014  -1.481 0.3333333433
72382  -24.926  -13.456  -2.318 0.1111111119
77291  -21.480  -8.665  -2.956 0.3333333433
72383  -25.532  -13.153  -2.424 0.1111111119
73604  -26.041  -12.108  -2.066 0.1111111119
77244  -26.078  -10.555  -1.534 0.1111111119
77268  -26.502  -9.713  -1.823 0.1111111119
78539  -27.010  -8.519  -2.332 0.1111111119
79812  -26.358  -8.100  -2.833 0.1111111119
79813  -26.911  -7.863  -2.941 0.1111111119
83675  -21.921  -4.270  -4.768 0.1111111119
93396  -34.781  3.799  -7.896 0.2222222239
98746  -33.755  8.444  -5.279 0.2222222239
97768  -34.243  7.465  -5.410 0.2222222239
84867  -22.224  -3.275  -5.139 0.2222222239
89616  -22.709  0.374  -7.339 0.5555555820
82443  -22.484  -5.270  -5.323 0.4444444478
81150  -23.091  -5.820  -5.502 0.4444444478
94513  -34.710  4.957  -6.553 0.2222222239
72395  -24.526  -14.143  -3.252 0.1111111119
78558  -21.309  -8.048  -3.112 0.2222222239
77293  -23.281  -8.953  -3.043 0.3333333433
76038  -26.091  -11.185  -1.429 0.1111111119
77243  -25.643  -10.143  -1.760 0.1111111119
81134  -21.252  -5.882  -4.259 0.2222222239
79832  -22.935  -7.603  -4.169 0.3333333433
79833  -24.926  -8.248  -3.641 0.3333333433
78584  -24.113  -8.136  -4.662 0.3333333433
78596  -23.766  -7.924  -5.073 0.3333333433
78563  -25.821  -8.153  -3.145 0.3333333433
73601  -23.171  -13.041  -1.317 0.2222222239
76033  -21.364  -11.019  -2.148 0.3333333433
74806  -21.600  -11.934  -1.680 0.3333333433
77290  -21.071  -8.523  -2.842 0.2222222239
92206  -35.100  3.245  -9.512 0.1111111119
94565  -35.504  4.384  -10.684 0.1111111119
93416  -35.080  4.004  -9.817 0.1111111119
94525  -35.388  5.160  -8.370 0.1111111119
95684  -35.941  5.264  -9.579 0.1111111119
95619  -34.529  5.665  -5.759 0.1111111119
95655  -35.539  6.055  -8.082 0.1111111119
95641  -34.867  5.978  -6.646 0.1111111119
95642  -35.255  6.258  -7.346 0.1111111119
100923  -32.573  10.076  -4.619 0.2222222239
96698  -34.689  6.690  -5.927 0.1111111119
96699  -35.130  7.001  -6.869 0.1111111119
100902  -32.134  10.940  -4.650 0.1111111119
102050  -31.524  11.348  -5.082 0.2222222239
103220  -31.854  11.999  -4.607 0.1111111119
100903  -33.017  10.944  -4.525 0.1111111119
103203  -33.026  12.656  -4.743 0.1111111119
104391  -31.972  13.158  -4.629 0.1111111119
108872  -25.838  16.231  -9.240 0.4444444478
105599  -32.356  14.464  -5.276 0.1111111119
110927  -28.150  18.507  -9.837 0.4444444478
107867  -30.196  17.015  -6.788 0.3333333433
107852  -30.730  16.656  -6.333 0.2222222239
107837  -32.298  16.405  -5.409 0.1111111119
106763  -32.791  15.398  -5.425 0.1111111119
110915  -27.777  19.238  -9.730 0.4444444478
111899  -27.166  19.668  -9.388 0.4444444478
111900  -27.764  19.854  -9.348 0.4444444478
110916  -28.665  19.040  -9.512 0.4444444478
110899  -29.255  19.470  -8.800 0.4444444478
109845  -29.554  18.572  -7.872 0.4444444478
110880  -30.506  19.008  -7.130 0.4444444478
109846  -30.229  18.497  -7.225 0.2222222239
109826  -30.734  18.470  -6.544 0.2222222239
108839  -31.148  17.502  -6.153 0.2222222239
109809  -32.358  17.751  -5.861 0.2222222239
109810  -32.708  17.635  -5.935 0.2222222239
113633  -34.143  22.468  -8.776 0.1111111119
111888  -34.139  20.567  -7.822 0.1111111119
109829  -33.831  18.384  -6.614 0.1111111119
109844  -25.621  18.296  -8.708 0.4444444478
110912  -25.681  19.041  -8.801 0.4444444478
111880  -26.637  19.743  -9.172 0.4444444478
111901  -28.458  20.068  -9.232 0.4444444478
110900  -29.972  19.628  -7.762 0.4444444478
111883  -28.777  20.922  -8.792 0.3333333433
110901  -30.514  20.124  -7.533 0.3333333433
111864  -31.660  20.108  -6.812 0.1111111119
110882  -32.120  19.336  -6.438 0.1111111119
110883  -33.157  19.376  -6.559 0.1111111119
109827  -31.691  18.341  -6.126 0.2222222239
111867  -34.162  20.037  -7.212 0.1111111119
109825  -25.738  18.241  -7.964 0.2222222239
111881  -26.913  20.168  -9.109 0.3333333433
111882  -27.492  20.792  -9.132 0.3333333433
111884  -29.925  20.850  -7.840 0.4444444478
112781  -30.460  21.661  -7.894 0.2222222239
111886  -31.813  20.659  -7.066 0.2222222239
112766  -32.567  20.944  -7.016 0.1111111119
112782  -31.755  21.401  -7.412 0.1111111119
111887  -33.530  21.011  -7.512 0.1111111119
113617  -30.958  22.563  -7.811 0.1111111119
112783  -32.919  21.544  -7.296 0.1111111119
110896  -26.108  19.855  -8.543 0.3333333433
110897  -26.667  20.667  -8.669 0.3333333433
111860  -26.176  20.598  -7.395 0.3333333433
110879  -26.686  21.041  -8.259 0.3333333433
110898  -26.942  21.125  -8.681 0.3333333433
112780  -29.459  21.823  -8.631 0.2222222239
113616  -29.806  22.596  -8.242 0.1111111119
113618  -32.059  22.515  -7.513 0.1111111119
113619  -33.095  22.506  -7.810 0.1111111119
115383  -33.185  24.206  -8.407 0.1111111119
111831  -26.335  20.745  -5.498 0.1111111119
112750  -26.487  21.632  -6.834 0.2222222239
111848  -26.926  21.711  -7.575 0.3333333433
112763  -27.136  22.021  -7.282 0.2222222239
111863  -27.991  21.616  -8.644 0.3333333433
112778  -27.855  22.556  -8.034 0.3333333433
113629  -28.886  22.636  -8.283 0.1111111119
114487  -29.544  23.602  -7.694 0.1111111119
113615  -29.186  22.937  -7.950 0.1111111119
114488  -30.359  23.654  -8.084 0.1111111119
114489  -31.383  23.498  -7.970 0.1111111119
115381  -31.844  24.051  -8.038 0.1111111119
114490  -32.362  23.427  -7.718 0.1111111119
114502  -34.377  23.153  -9.205 0.1111111119
113644  -34.400  22.379  -9.600 0.1111111119
113588  -26.661  21.957  -4.824 0.1111111119
112749  -25.885  21.742  -6.024 0.1111111119
113599  -26.333  22.220  -5.299 0.1111111119
114476  -27.427  23.559  -6.068 0.1111111119
113608  -27.906  22.585  -6.794 0.2222222239
114477  -28.367  23.508  -6.665 0.1111111119
115370  -28.374  24.570  -7.024 0.1111111119
115378  -28.952  24.513  -7.529 0.1111111119
113589  -27.183  22.131  -4.362 0.1111111119
113590  -27.885  22.439  -3.695 0.1111111119
114454  -27.045  23.115  -4.206 0.1111111119
114466  -27.161  23.517  -5.147 0.1111111119
115359  -27.764  24.610  -5.374 0.1111111119
115369  -27.905  24.653  -6.323 0.1111111119
114455  -28.288  23.367  -3.831 0.1111111119
115345  -27.644  23.889  -4.541 0.1111111119
92248  -34.817  3.428  -10.872 0.1111111119
94524  -35.269  4.424  -8.503 0.1111111119
94537  -35.461  4.693  -9.181 0.1111111119
95700  -35.783  4.747  -10.570 0.1111111119
98747  -34.484  8.486  -5.800 0.1111111119
97786  -34.746  7.634  -6.242 0.1111111119
104374  -32.782  13.118  -4.659 0.1111111119
108873  -25.135  17.509  -9.518 0.4444444478
108856  -29.955  17.666  -7.282 0.4444444478
108838  -30.438  17.658  -6.635 0.3333333433
108825  -31.916  17.305  -5.730 0.2222222239
107853  -31.501  16.533  -5.818 0.1111111119
108826  -32.671  17.124  -5.709 0.1111111119
109828  -32.828  18.217  -6.161 0.2222222239
111865  -32.436  20.294  -6.725 0.1111111119
111866  -33.445  20.443  -7.033 0.1111111119
110902  -34.348  19.445  -7.659 0.1111111119
113620  -33.783  22.186  -8.195 0.1111111119
113614  -28.564  22.830  -7.593 0.1111111119
116279  -28.372  25.303  -7.499 0.1111111119
115360  -28.214  25.075  -5.032 0.1111111119
115346  -28.518  24.558  -4.543 0.1111111119
94567  -36.911  4.415  -10.184 0.1111111119
95713  -35.876  4.773  -10.861 0.1111111119
100922  -31.678  10.335  -5.102 0.2222222239
104392  -33.044  13.440  -4.847 0.1111111119
109861  -25.645  18.556  -9.463 0.4444444478
111885  -31.014  20.610  -7.358 0.2222222239
112741  -28.549  21.828  -3.963 0.1111111119
93449  -36.695  3.712  -10.510 0.1111111119
92226  -34.832  2.401  -9.813 0.1111111119
92247  -34.617  2.578  -10.861 0.1111111119
93465  -35.511  3.513  -11.204 0.1111111119
94553  -37.056  4.495  -9.537 0.1111111119
93450  -37.153  4.003  -9.926 0.1111111119
95685  -36.272  5.325  -9.509 0.1111111119
95669  -35.483  5.821  -8.959 0.1111111119
96735  -35.744  6.572  -9.170 0.1111111119
96712  -35.307  6.950  -7.832 0.1111111119
97787  -35.099  7.789  -6.882 0.1111111119
99788  -34.170  9.626  -5.320 0.1111111119
100924  -34.298  10.690  -5.328 0.1111111119
103222  -34.089  12.237  -5.917 0.1111111119
143156  -24.931  17.432  -9.690 0.4444444478
103221  -33.567  12.508  -5.266 0.1111111119
107839  -33.774  16.326  -6.003 0.1111111119
106765  -34.278  14.890  -6.381 0.1111111119
108854  -25.680  17.212  -8.619 0.4444444478
108857  -34.930  17.442  -7.820 0.1111111119
109830  -34.448  18.449  -7.331 0.1111111119
110895  -25.385  19.116  -8.063 0.3333333433
110877  -25.521  20.007  -7.379 0.2222222239
110917  -34.637  19.679  -8.469 0.1111111119
110861  -25.662  19.397  -5.974 0.1111111119
111846  -26.219  20.807  -6.738 0.2222222239
112809  -34.437  21.575  -9.222 0.1111111119
113653  -34.442  22.398  -10.424 0.1111111119
110847  -26.721  19.488  -4.924 0.1111111119
112740  -27.886  21.448  -4.118 0.1111111119
114511  -34.389  23.141  -9.931 0.1111111119
112728  -28.694  21.274  -3.687 0.1111111119
112729  -29.114  21.718  -3.739 0.1111111119
116286  -29.044  25.589  -7.832 0.1111111119
116288  -30.484  25.188  -8.200 0.1111111119
115391  -31.689  24.856  -8.410 0.1111111119
115401  -32.959  25.215  -9.380 0.1111111119
113591  -28.756  22.250  -3.848 0.1111111119
114439  -28.787  22.955  -3.409 0.1111111119
116266  -27.637  25.734  -6.188 0.1111111119
117198  -27.491  26.968  -8.368 0.1111111119
99787  -33.195  9.273  -4.885 0.1111111119
106762  -31.818  15.572  -5.437 0.1111111119
93380  -35.092  4.401  -7.161 0.1111111119
102051  -31.908  11.574  -4.519 0.2222222239
110913  -26.372  19.210  -9.395 0.4444444478
94514  -35.183  5.337  -7.411 0.1111111119
96723  -35.485  6.800  -8.646 0.1111111119
99765  -33.535  10.160  -4.760 0.1111111119
102030  -33.380  11.844  -4.963 0.1111111119
100904  -33.791  10.928  -4.905 0.1111111119
105600  -33.330  14.358  -5.500 0.1111111119
107838  -33.149  16.285  -5.512 0.1111111119
106764  -33.690  15.301  -5.842 0.1111111119
110881  -31.035  19.448  -6.976 0.2222222239
108841  -33.642  17.298  -6.316 0.1111111119
112799  -34.184  21.521  -8.414 0.1111111119
113632  -33.627  22.833  -8.275 0.1111111119
112784  -33.640  21.561  -7.831 0.1111111119
111902  -34.608  20.690  -8.792 0.1111111119
108842  -34.442  17.414  -6.913 0.1111111119
110884  -33.988  19.392  -6.982 0.2222222239
110878  -26.263  20.557  -7.962 0.3333333433
111847  -26.649  21.440  -7.408 0.3333333433
111862  -27.234  21.467  -8.249 0.3333333433
112779  -28.436  22.015  -8.663 0.2222222239
112798  -29.389  22.284  -8.562 0.1111111119
114491  -33.179  23.502  -8.019 0.1111111119
115382  -32.515  24.215  -8.121 0.1111111119
114501  -33.721  23.497  -8.718 0.1111111119
115392  -32.608  24.970  -8.760 0.1111111119
110846  -26.063  20.034  -5.063 0.1111111119
111832  -26.552  20.432  -4.741 0.1111111119
112751  -26.785  21.734  -7.273 0.3333333433
112762  -26.201  22.169  -6.452 0.1111111119
112764  -27.655  22.015  -8.288 0.3333333433
112796  -28.509  22.501  -8.341 0.2222222239
113630  -29.299  22.500  -8.417 0.1111111119
114486  -28.912  23.591  -7.305 0.1111111119
114500  -31.329  24.241  -8.215 0.1111111119
114499  -30.854  24.125  -8.241 0.1111111119
112738  -26.434  21.604  -5.283 0.1111111119
114453  -26.683  22.500  -4.703 0.1111111119
112739  -26.878  21.274  -4.666 0.1111111119
113606  -26.129  22.523  -5.923 0.1111111119
114475  -26.675  23.145  -5.770 0.1111111119
114465  -26.600  22.875  -5.148 0.1111111119
113607  -26.762  22.778  -6.476 0.1111111119
115379  -29.727  24.612  -7.790 0.1111111119
116287  -29.866  25.517  -8.343 0.1111111119
115380  -30.368  24.638  -8.084 0.1111111119
116278  -27.677  25.869  -7.202 0.1111111119
93464  -35.076  2.945  -11.565 0.1111111119
95701  -36.010  4.934  -10.516 0.1111111119
108827  -33.250  16.901  -5.897 0.1111111119
116267  -28.396  25.730  -5.471 0.1111111119
95670  -36.580  5.382  -9.273 0.1111111119
99766  -34.030  10.340  -5.003 0.1111111119
102052  -34.007  11.591  -5.354 0.1111111119
107854  -34.353  16.395  -6.580 0.1111111119
109847  -34.888  18.524  -8.256 0.1111111119
111908  -34.724  20.776  -9.716 0.1111111119
109808  -25.875  18.380  -5.712 0.1111111119
115390  -30.922  24.787  -8.283 0.1111111119
117176  -27.626  26.542  -6.841 0.1111111119
117192  -27.319  27.163  -7.449 0.1111111119
116285  -28.168  26.050  -7.869 0.1111111119
90918  -22.017  1.620  -7.022 0.2222222239
92177  -22.163  2.564  -7.472 0.2222222239
87122  -22.073  -1.433  -6.489 0.3333333433
90919  -22.768  1.619  -7.667 0.4444444478
105631  -24.634  16.121  -9.757 0.3333333433
106795  -25.007  14.817  -9.392 0.2222222239
108837  -26.122  17.099  -8.021 0.1111111119
104440  -21.653  13.495  -8.920 0.2222222239
103286  -22.188  12.486  -9.346 0.1111111119
89607  -22.438  -0.047  -6.829 0.2222222239
103285  -21.733  12.792  -8.632 0.1111111119
107863  -21.824  15.719  -7.973 0.1111111119
106793  -22.610  15.099  -8.066 0.1111111119
107846  -25.864  14.383  -8.413 0.1111111119
108836  -26.268  15.692  -8.021 0.1111111119
109806  -26.419  18.368  -7.310 0.1111111119
106804  -23.968  15.701  -9.630 0.2222222239
87110  -21.587  -1.429  -5.573 0.2222222239
106794  -24.282  14.622  -8.757 0.1111111119
95664  -21.883  5.791  -8.175 0.1111111119
96720  -22.070  6.620  -8.706 0.3333333433
107880  -25.241  16.112  -9.261 0.3333333433
108853  -26.081  15.981  -8.636 0.1111111119
89615  -22.272  1.009  -7.229 0.2222222239
107864  -25.405  14.594  -8.907 0.1111111119
107865  -25.890  15.128  -9.228 0.1111111119
106776  -24.369  13.667  -7.975 0.1111111119
107847  -26.314  15.098  -8.680 0.1111111119
107831  -26.238  13.783  -7.371 0.1111111119
83781  -33.384  -4.316  -10.420 0.1111111119
73600  -21.924  -12.970  -1.701 0.1111111119
73598  -19.890  -12.753  -1.673 0.1111111119
74805  -20.588  -11.761  -1.882 0.1111111119
74826  -20.623  -10.855  -2.276 0.1111111119
77262  -20.675  -9.162  -2.687 0.1111111119
87094  -21.501  -1.433  -4.614 0.1111111119
99856  -22.111  9.413  -8.890 0.2222222239
99855  -21.870  9.704  -8.259 0.2222222239
100970  -21.668  10.406  -7.842 0.2222222239
93393  -22.279  3.348  -7.970 0.1111111119
73599  -20.831  -12.873  -2.039 0.1111111119
74804  -19.836  -11.841  -1.633 0.1111111119
74825  -20.039  -11.068  -2.158 0.1111111119
76054  -20.290  -10.222  -2.354 0.1111111119
78557  -20.882  -8.199  -2.622 0.1111111119
81113  -20.999  -6.438  -3.716 0.1111111119
85973  -21.587  -2.398  -4.946 0.1111111119
88314  -21.370  -0.446  -5.150 0.1111111119
89606  -21.979  0.499  -6.651 0.1111111119
92176  -21.783  2.521  -6.731 0.1111111119
99840  -21.964  9.103  -8.280 0.2222222239
102104  -21.291  11.364  -8.001 0.1111111119
72379  -21.041  -13.620  -1.625 0.1111111119
100971  -21.771  10.756  -8.409 0.2222222239
102105  -21.799  11.405  -8.608 0.1111111119
98802  -22.293  8.455  -8.628 0.2222222239
82426  -21.003  -5.422  -3.938 0.1111111119
90899  -21.679  1.539  -6.255 0.1111111119
72378  -19.936  -13.650  -1.666 0.1111111119
99839  -21.632  9.437  -7.657 0.1111111119
78535  -20.239  -8.558  -2.166 0.1111111119
85961  -21.441  -2.475  -3.972 0.1111111119
88327  -21.700  -0.466  -6.019 0.1111111119
102088  -21.104  11.109  -7.316 0.1111111119
103255  -20.935  12.233  -7.344 0.1111111119
105629  -21.279  14.328  -8.286 0.1111111119
97807  -21.547  7.772  -7.563 0.1111111119
104431  -21.320  13.418  -8.067 0.1111111119
105622  -20.965  14.432  -7.579 0.1111111119
107862  -21.749  15.663  -8.305 0.1111111119
83761  -31.469  -4.272  -9.676 0.2222222239
83762  -31.827  -4.237  -9.754 0.2222222239
83779  -31.601  -4.226  -9.879 0.2222222239
84921  -32.404  -3.535  -7.788 0.1111111119
84969  -32.448  -3.772  -9.197 0.1111111119
84987  -31.050  -3.689  -10.065 0.3333333433
84988  -31.445  -3.866  -10.109 0.2222222239
85999  -31.889  -3.387  -7.365 0.1111111119
86000  -32.089  -3.253  -7.141 0.1111111119
86025  -32.187  -3.365  -7.350 0.1111111119
86071  -30.821  -3.374  -9.638 0.3333333433
86092  -30.847  -3.563  -9.980 0.3333333433
86093  -31.048  -3.421  -10.050 0.3333333433
87123  -22.518  -1.014  -6.618 0.2222222239
87138  -22.241  -1.795  -6.863 0.6666666865
87144  -32.039  -1.256  -7.819 0.5555555820
87165  -32.157  -1.755  -8.426 0.5555555820
87166  -32.752  -1.275  -8.802 0.4444444478
88341  -30.181  0.025  -7.620 0.8888888955
88390  -33.738  -0.469  -9.981 0.2222222239
88391  -33.946  0.074  -9.701 0.2222222239
89618  -29.859  0.729  -7.654 0.8888888955
89670  -34.066  0.413  -10.112 0.2222222239
89685  -26.003  0.791  -10.462 1.0000000000
90902  -33.425  2.054  -7.017 0.4444444478
90948  -33.850  0.818  -8.341 0.3333333433
90969  -28.009  1.575  -10.105 1.0000000000
92148  -31.648  3.022  -6.289 0.6666666865
92149  -31.865  2.827  -6.029 0.6666666865
92158  -31.670  2.696  -6.508 0.6666666865
92160  -33.337  2.523  -6.540 0.4444444478
92178  -30.750  2.505  -7.453 0.7777777910
92227  -34.866  3.311  -10.304 0.1111111119
92260  -27.052  3.293  -11.111 1.0000000000
92263  -35.426  2.452  -11.503 0.1111111119
93363  -32.304  3.255  -5.785 0.5555555820
93376  -31.374  3.398  -6.509 0.6666666865
93378  -33.615  3.296  -6.279 0.5555555820
93397  -35.143  4.614  -7.882 0.1111111119
93414  -30.529  3.558  -7.946 0.7777777910
93415  -35.281  3.867  -8.905 0.1111111119
93431  -35.085  3.956  -10.512 0.1111111119
93445  -28.082  3.510  -10.878 1.0000000000
93447  -34.886  3.180  -11.298 0.1111111119
93448  -35.237  3.806  -10.901 0.1111111119
93462  -27.925  4.074  -11.331 1.0000000000
93466  -36.166  3.884  -10.977 0.1111111119
94494  -33.312  4.582  -5.634 0.4444444478
94512  -32.125  5.024  -6.034 0.5555555820
94536  -35.353  4.349  -8.870 0.1111111119
94551  -35.445  4.536  -10.114 0.1111111119
94552  -36.572  4.861  -9.722 0.1111111119
94561  -24.425  5.108  -10.485 0.7777777910
94566  -36.456  4.650  -10.539 0.1111111119
94576  -28.161  4.750  -11.129 1.0000000000
94577  -35.666  4.328  -10.866 0.1111111119
94578  -35.963  4.502  -11.031 0.1111111119
95616  -32.104  5.801  -5.871 0.6666666865
95653  -30.032  5.587  -8.098 0.7777777910
95699  -28.071  5.574  -10.579 0.8888888955
95706  -24.320  6.199  -11.044 0.6666666865
95711  -27.878  5.370  -11.255 1.0000000000
95712  -35.726  4.607  -10.784 0.1111111119
95718  -26.661  6.397  -12.106 1.0000000000
95719  -27.030  6.290  -12.094 1.0000000000
96654  -33.490  6.706  -4.979 0.2222222239
96655  -33.737  6.728  -4.991 0.2222222239
96711  -30.125  6.109  -7.635 0.7777777910
96752  -24.194  6.331  -10.870 0.6666666865
96761  -25.801  7.180  -12.074 0.8888888955
97743  -33.567  6.941  -4.948 0.3333333433
97744  -33.906  7.045  -4.958 0.3333333433
97825  -22.782  8.037  -9.810 0.4444444478
97829  -27.462  7.389  -10.725 1.0000000000
97834  -24.968  7.598  -11.543 0.7777777910
97836  -26.836  7.604  -11.855 1.0000000000
98783  -28.536  8.817  -8.732 0.7777777910
98793  -21.743  8.504  -7.975 0.2222222239
98822  -26.324  8.200  -12.305 1.0000000000
98823  -26.713  8.617  -12.352 1.0000000000
99845  -28.623  10.086  -8.492 0.8888888955
99868  -27.462  9.672  -11.489 0.8888888955
99883  -25.399  9.792  -12.645 1.0000000000
99885  -26.574  9.604  -12.611 1.0000000000
99893  -25.828  10.445  -13.254 0.7777777910
100953  -21.004  10.709  -6.881 0.1111111119
100977  -28.757  10.642  -8.357 0.7777777910
100988  -21.787  10.132  -8.583 0.3333333433
101019  -26.724  10.532  -11.895 0.8888888955
101028  -25.200  10.580  -13.064 1.0000000000
101030  -26.718  10.024  -12.391 0.8888888955
101037  -24.943  11.178  -13.170 0.7777777910
101038  -25.488  10.931  -13.253 0.7777777910
102028  -31.899  11.351  -4.651 0.1111111119
102029  -32.469  11.762  -4.567 0.2222222239
102123  -27.122  11.815  -9.762 0.7777777910
102126  -28.656  12.191  -8.902 0.6666666865
102142  -27.182  11.613  -10.564 0.7777777910
102172  -24.799  11.796  -12.641 0.7777777910
102173  -26.259  11.543  -12.682 0.8888888955
102183  -25.707  11.544  -13.207 0.7777777910
103202  -32.396  12.960  -4.494 0.1111111119
103242  -29.501  12.980  -7.005 0.5555555820
103273  -21.909  12.098  -8.785 0.1111111119
103287  -27.206  12.006  -9.627 0.7777777910
103303  -27.038  12.161  -9.799 0.6666666865
103318  -27.047  12.638  -11.125 0.6666666865
103350  -25.498  12.153  -12.926 0.7777777910
103352  -26.129  11.927  -12.903 0.7777777910
104373  -32.556  13.240  -4.645 0.1111111119
104408  -30.117  13.778  -6.757 0.5555555820
104443  -27.976  14.139  -8.865 0.6666666865
104469  -24.471  13.770  -12.194 0.7777777910
104471  -27.034  13.301  -10.876 0.6666666865
105597  -30.590  14.452  -5.885 0.5555555820
105624  -30.007  14.361  -6.932 0.5555555820
105630  -24.280  16.155  -9.698 0.4444444478
105632  -25.097  16.515  -9.855 0.4444444478
105633  -28.760  14.496  -8.448 0.6666666865
105638  -22.338  14.314  -9.926 0.4444444478
105640  -24.709  17.039  -9.731 0.4444444478
105660  -23.803  14.737  -11.897 0.6666666865
105672  -26.179  15.156  -11.934 0.6666666865
106782  -31.078  15.756  -5.936 0.3333333433
106796  -29.560  15.821  -7.287 0.6666666865
106805  -25.071  15.549  -9.640 0.3333333433
106813  -22.448  14.965  -10.197 0.4444444478
106814  -24.083  16.790  -9.614 0.4444444478
106815  -24.372  17.396  -9.720 0.6666666865
106816  -28.830  15.828  -9.057 0.6666666865
106825  -22.470  15.514  -10.125 0.3333333433
106827  -23.354  15.652  -11.231 0.5555555820
106849  -25.394  15.746  -12.313 0.6666666865
106851  -26.154  15.834  -12.027 0.6666666865
107851  -30.163  16.391  -6.604 0.2222222239
107879  -22.944  16.765  -8.783 0.3333333433
107890  -22.457  16.210  -9.779 0.4444444478
107891  -22.632  16.788  -10.008 0.4444444478
107895  -29.121  16.482  -8.584 0.6666666865
107906  -22.586  15.891  -10.320 0.4444444478
107908  -23.864  16.790  -10.827 0.6666666865
107909  -24.230  17.625  -10.307 0.6666666865
107918  -24.402  16.474  -11.549 0.6666666865
108840  -33.019  17.444  -5.993 0.1111111119
108855  -29.389  17.570  -7.886 0.4444444478
108869  -21.829  17.140  -8.839 0.4444444478
108871  -22.824  17.879  -8.763 0.3333333433
108884  -22.051  16.927  -9.266 0.4444444478
108885  -22.424  17.068  -9.645 0.4444444478
108887  -23.571  17.847  -10.063 0.5555555820
108888  -26.188  18.075  -10.469 0.5555555820
108890  -28.392  16.516  -9.362 0.6666666865
108899  -22.624  17.375  -9.967 0.4444444478
109858  -21.828  17.502  -9.196 0.4444444478
109859  -21.806  17.917  -8.914 0.3333333433
109860  -22.246  18.083  -8.670 0.3333333433
109874  -22.151  17.757  -9.548 0.4444444478
109875  -22.386  18.167  -9.142 0.5555555820
109878  -28.356  17.676  -9.609 0.5555555820
109889  -22.528  17.759  -9.900 0.4444444478
109890  -22.575  18.025  -9.766 0.5555555820
109891  -27.381  16.792  -10.033 0.6666666865
110914  -27.078  19.268  -9.719 0.4444444478
110926  -27.480  18.679  -10.099 0.4444444478
111861  -26.512  21.049  -7.668 0.3333333433
111898  -26.801  19.523  -9.410 0.4444444478
112761  -25.862  22.181  -6.160 0.1111111119
112765  -32.164  20.821  -7.080 0.1111111119
112797  -29.006  22.311  -8.631 0.1111111119
112814  -34.536  21.609  -10.106 0.1111111119
113575  -28.540  22.718  -3.529 0.1111111119
113631  -29.533  22.411  -8.446 0.1111111119
116251  -28.577  25.187  -5.035 0.1111111119
143160  -25.588  17.862  -10.510 0.5555555820
