#!ascii label  , from subject 3171 vox2ras=TkReg
1274
44600  14.179  -37.298  74.275 0.0000000000
45994  9.417  -36.403  56.628 0.0000000000
43444  6.716  -38.820  73.114 0.0000000000
49259  10.074  -33.503  70.893 0.0000000000
54198  5.276  -29.296  65.294 0.0000000000
40963  10.348  -38.918  75.559 0.0000000000
48006  11.655  -35.135  75.778 0.0000000000
38311  17.364  -40.204  72.418 0.0000000000
36982  12.749  -41.479  73.598 0.0000000000
35650  7.840  -42.409  71.868 0.0000000000
54112  8.232  -29.301  74.329 0.0000000000
50572  6.780  -30.961  68.384 0.0000000000
59033  6.680  -26.199  71.174 0.0000000000
44689  5.474  -39.357  68.387 0.0000000000
45853  8.782  -37.278  66.744 0.0000000000
46894  8.766  -37.099  72.472 0.0000000000
51725  11.473  -31.442  75.099 0.0000000000
48136  10.750  -34.213  64.044 0.0000000000
50704  7.524  -31.346  60.754 0.0000000000
55373  4.624  -28.798  59.185 0.0000000000
57788  8.380  -27.316  64.272 0.0000000000
42214  12.604  -38.516  74.758 0.0000000000
45719  13.035  -36.316  76.161 0.0000000000
40981  15.367  -39.744  74.009 0.0000000000
38306  14.827  -40.479  73.469 0.0000000000
39652  14.218  -40.115  75.107 0.0000000000
38291  11.803  -40.662  74.879 0.0000000000
56407  6.682  -27.464  72.992 0.0000000000
44647  6.252  -39.278  70.871 0.0000000000
45791  7.440  -38.292  70.255 0.0000000000
45766  7.525  -37.606  73.211 0.0000000000
51708  13.111  -31.306  76.985 0.0000000000
50478  11.963  -32.418  75.193 0.0000000000
38314  6.916  -40.990  72.791 0.0000000000
38353  6.475  -41.568  69.844 0.0000000000
41002  5.796  -40.226  71.133 0.0000000000
41047  5.064  -40.822  67.835 0.0000000000
46930  10.237  -35.511  68.767 0.0000000000
46957  10.080  -36.173  65.785 0.0000000000
49313  10.426  -33.283  67.609 0.0000000000
51872  5.472  -30.667  66.551 0.0000000000
49356  7.558  -31.532  64.520 0.0000000000
50660  5.830  -31.045  63.394 0.0000000000
51962  6.195  -30.357  59.819 0.0000000000
54228  5.368  -28.984  62.561 0.0000000000
42220  8.628  -38.867  75.493 0.0000000000
45737  8.554  -37.043  75.228 0.0000000000
45722  11.073  -36.770  76.416 0.0000000000
47999  13.451  -33.404  76.345 0.0000000000
38359  18.361  -39.927  70.068 0.0000000000
41042  16.545  -39.836  68.497 0.0000000000
38328  15.741  -40.332  71.509 0.0000000000
38331  13.012  -40.470  71.313 0.0000000000
36997  10.312  -42.048  72.946 0.0000000000
36969  9.263  -40.803  74.238 0.0000000000
51780  8.994  -31.371  71.989 0.0000000000
50570  8.395  -31.503  69.214 0.0000000000
52998  7.205  -30.389  71.113 0.0000000000
52985  5.141  -29.645  70.544 0.0000000000
56442  5.836  -27.846  69.166 0.0000000000
44622  15.231  -37.334  71.880 0.0000000000
41055  21.405  -38.607  68.318 0.0000000000
43454  22.595  -36.955  70.091 0.0000000000
39670  18.709  -39.601  71.261 0.0000000000
43450  16.996  -38.786  71.832 0.0000000000
142477  5.514  -40.860  65.614 0.0000000000
45856  6.812  -38.569  65.981 0.0000000000
45832  6.660  -38.369  67.766 0.0000000000
44660  8.767  -37.489  69.879 0.0000000000
48066  10.313  -34.740  71.248 0.0000000000
48028  10.230  -36.105  74.399 0.0000000000
49229  10.718  -34.611  73.561 0.0000000000
50516  10.715  -32.207  73.473 0.0000000000
52943  10.319  -29.761  74.797 0.0000000000
46991  7.901  -37.612  64.169 0.0000000000
47027  9.640  -36.220  62.205 0.0000000000
47065  10.374  -35.321  59.825 0.0000000000
49341  8.775  -31.847  65.499 0.0000000000
50669  10.187  -31.632  62.270 0.0000000000
49456  9.800  -32.806  58.546 0.0000000000
50763  7.659  -31.471  57.357 0.0000000000
52004  6.661  -31.157  56.615 0.0000000000
60329  7.844  -25.247  70.127 0.0000000000
56452  6.588  -27.475  67.346 0.0000000000
56479  9.354  -26.884  67.082 0.0000000000
59120  6.253  -27.401  64.884 0.0000000000
59198  5.633  -26.828  61.133 0.0000000000
43424  13.852  -38.148  74.549 0.0000000000
45727  13.667  -36.386  75.191 0.0000000000
45733  14.155  -36.176  74.228 0.0000000000
42218  14.632  -39.176  74.030 0.0000000000
39651  15.000  -40.000  74.537 0.0000000000
42219  14.227  -38.960  74.522 0.0000000000
40965  13.582  -39.242  74.810 0.0000000000
44874  8.145  -37.397  56.231 0.0000000000
47104  8.846  -35.537  56.082 0.0000000000
43457  6.314  -39.404  71.565 0.0000000000
44635  7.112  -38.149  72.183 0.0000000000
44610  7.358  -37.914  73.513 0.0000000000
41078  17.739  -38.619  67.777 0.0000000000
40987  6.531  -40.099  73.701 0.0000000000
39678  5.999  -40.694  71.629 0.0000000000
42235  6.372  -39.750  72.203 0.0000000000
42241  5.794  -39.841  70.920 0.0000000000
48086  10.283  -34.271  69.621 0.0000000000
48115  10.649  -34.673  67.973 0.0000000000
49296  10.108  -33.255  68.673 0.0000000000
53080  4.909  -29.939  65.794 0.0000000000
50645  5.835  -30.729  65.004 0.0000000000
51912  5.395  -30.219  64.339 0.0000000000
53119  5.569  -30.096  62.543 0.0000000000
55314  5.480  -28.646  64.520 0.0000000000
40971  9.007  -39.151  75.680 0.0000000000
43428  9.484  -38.543  75.892 0.0000000000
43423  10.396  -38.143  75.942 0.0000000000
46835  13.371  -35.279  76.191 0.0000000000
51705  14.705  -31.592  76.740 0.0000000000
38325  17.831  -40.391  71.421 0.0000000000
38345  17.203  -40.301  70.916 0.0000000000
38318  16.140  -40.467  71.922 0.0000000000
36981  13.693  -41.123  73.426 0.0000000000
36993  14.019  -41.083  72.747 0.0000000000
36994  12.999  -41.213  72.937 0.0000000000
36996  11.056  -41.505  73.010 0.0000000000
39647  11.034  -39.639  75.012 0.0000000000
38293  10.413  -40.476  74.564 0.0000000000
39649  9.638  -39.427  74.858 0.0000000000
39656  9.113  -39.626  74.584 0.0000000000
52970  8.578  -30.339  73.349 0.0000000000
52997  8.083  -30.917  71.564 0.0000000000
51763  7.279  -30.209  73.573 0.0000000000
142540  6.569  -26.853  72.616 0.0000000000
57697  6.598  -28.447  72.032 0.0000000000
56431  5.828  -28.220  71.043 0.0000000000
55277  5.437  -28.808  69.090 0.0000000000
57708  6.234  -27.071  69.936 0.0000000000
41000  19.777  -39.721  70.801 0.0000000000
44700  5.503  -39.830  67.358 0.0000000000
45833  6.183  -38.790  67.133 0.0000000000
43497  5.938  -38.606  68.513 0.0000000000
45779  8.193  -37.415  72.147 0.0000000000
45801  7.910  -37.901  69.895 0.0000000000
45789  8.959  -37.217  71.294 0.0000000000
45788  9.628  -36.270  71.010 0.0000000000
45777  9.286  -36.559  71.742 0.0000000000
46846  10.401  -36.326  75.427 0.0000000000
46854  8.808  -36.837  75.051 0.0000000000
48013  10.908  -35.612  75.177 0.0000000000
50484  11.829  -32.448  74.954 0.0000000000
49202  11.494  -33.444  74.588 0.0000000000
49213  11.690  -33.070  73.922 0.0000000000
49239  10.808  -33.092  73.455 0.0000000000
50505  11.278  -32.140  74.011 0.0000000000
51761  10.505  -31.335  73.440 0.0000000000
51726  10.717  -30.733  75.165 0.0000000000
39729  15.196  -39.201  69.460 0.0000000000
41062  15.815  -38.615  68.375 0.0000000000
35648  8.732  -42.547  71.482 0.0000000000
37036  8.018  -42.174  69.259 0.0000000000
37028  7.397  -42.361  70.005 0.0000000000
38370  6.118  -41.735  68.897 0.0000000000
37039  6.469  -42.117  68.910 0.0000000000
43486  5.326  -39.798  68.686 0.0000000000
43510  4.982  -40.452  66.871 0.0000000000
45855  7.477  -38.298  66.389 0.0000000000
45877  7.341  -38.252  64.467 0.0000000000
46959  8.392  -37.730  65.541 0.0000000000
46969  10.526  -35.124  64.118 0.0000000000
46989  9.275  -36.331  63.896 0.0000000000
47007  10.326  -35.715  62.837 0.0000000000
47047  9.815  -36.102  61.341 0.0000000000
48175  11.028  -34.340  62.032 0.0000000000
51841  7.622  -31.204  68.522 0.0000000000
50614  8.087  -32.000  67.948 0.0000000000
49316  7.553  -31.097  66.889 0.0000000000
49392  7.471  -31.498  62.842 0.0000000000
49370  7.925  -31.712  63.659 0.0000000000
50685  8.563  -31.422  61.492 0.0000000000
50701  10.077  -32.052  60.507 0.0000000000
50722  8.883  -31.803  59.600 0.0000000000
50762  8.437  -31.936  57.315 0.0000000000
50743  8.027  -31.474  58.510 0.0000000000
53153  5.612  -29.691  59.516 0.0000000000
51976  6.837  -29.735  58.953 0.0000000000
142524  6.145  -29.211  58.088 0.0000000000
60328  8.780  -24.836  70.075 0.0000000000
57706  7.453  -26.689  69.230 0.0000000000
57717  8.766  -26.546  68.721 0.0000000000
57787  9.568  -27.208  64.568 0.0000000000
57768  8.298  -27.182  65.357 0.0000000000
57751  7.461  -27.113  66.094 0.0000000000
59140  6.982  -27.440  64.419 0.0000000000
59142  5.936  -26.957  63.440 0.0000000000
56548  6.216  -27.123  62.685 0.0000000000
40961  11.527  -38.927  75.294 0.0000000000
43421  11.438  -37.870  76.004 0.0000000000
44587  12.862  -36.864  75.458 0.0000000000
39667  16.168  -40.092  73.010 0.0000000000
38313  15.989  -40.401  72.587 0.0000000000
38298  15.558  -40.216  73.937 0.0000000000
36962  14.000  -40.653  74.376 0.0000000000
36963  13.136  -41.137  74.737 0.0000000000
36973  11.646  -41.268  74.040 0.0000000000
38290  12.667  -40.618  75.138 0.0000000000
40968  11.799  -39.502  75.103 0.0000000000
55220  7.963  -28.015  75.025 0.0000000000
55242  7.438  -28.464  73.860 0.0000000000
55241  7.517  -27.365  74.462 0.0000000000
58969  7.308  -26.083  73.741 0.0000000000
59000  7.571  -25.364  72.415 0.0000000000
44678  5.855  -39.131  69.393 0.0000000000
44677  5.967  -38.758  69.051 0.0000000000
44662  6.438  -38.872  70.154 0.0000000000
44634  7.578  -37.961  71.969 0.0000000000
45765  8.155  -37.473  73.137 0.0000000000
49192  11.992  -33.623  75.683 0.0000000000
49197  11.496  -33.974  75.174 0.0000000000
50477  12.167  -32.184  75.250 0.0000000000
51710  11.938  -31.129  76.130 0.0000000000
51711  11.663  -30.852  76.921 0.0000000000
52915  11.308  -30.496  76.010 0.0000000000
37001  7.810  -41.595  72.664 0.0000000000
37018  6.773  -42.227  70.937 0.0000000000
38321  6.331  -41.484  72.252 0.0000000000
39682  6.437  -40.975  70.190 0.0000000000
38354  5.568  -41.072  68.895 0.0000000000
38372  5.148  -40.926  67.965 0.0000000000
41014  5.498  -40.116  69.560 0.0000000000
42256  5.336  -39.857  69.230 0.0000000000
45841  9.658  -36.686  67.762 0.0000000000
46950  9.635  -36.916  66.438 0.0000000000
46940  10.110  -35.937  67.728 0.0000000000
48122  10.705  -35.191  66.827 0.0000000000
49339  10.355  -33.346  65.800 0.0000000000
50594  6.178  -31.289  68.007 0.0000000000
49317  7.077  -31.119  66.607 0.0000000000
49344  6.594  -31.084  65.229 0.0000000000
49372  6.619  -31.468  63.771 0.0000000000
50687  6.929  -31.132  61.646 0.0000000000
50705  6.940  -31.201  60.908 0.0000000000
50689  6.128  -30.457  61.483 0.0000000000
53129  5.358  -29.805  61.604 0.0000000000
55355  4.915  -28.640  60.928 0.0000000000
57806  9.488  -27.401  63.342 0.0000000000
56522  7.585  -27.782  62.826 0.0000000000
57821  9.392  -27.801  61.869 0.0000000000
42225  7.253  -38.766  74.081 0.0000000000
44604  8.141  -38.112  74.368 0.0000000000
43430  9.397  -38.079  75.066 0.0000000000
45731  10.033  -37.242  75.617 0.0000000000
46839  11.003  -36.126  76.157 0.0000000000
45720  12.442  -36.474  76.279 0.0000000000
46837  12.542  -36.005  76.530 0.0000000000
48005  12.113  -34.697  76.294 0.0000000000
50468  13.373  -32.498  76.400 0.0000000000
39725  18.598  -39.734  69.291 0.0000000000
39741  17.456  -39.797  68.508 0.0000000000
39707  17.145  -39.702  69.615 0.0000000000
37004  15.285  -40.454  72.268 0.0000000000
37013  14.183  -40.457  71.790 0.0000000000
38349  13.532  -39.931  70.753 0.0000000000
35640  9.564  -42.005  71.813 0.0000000000
35642  8.903  -42.560  72.169 0.0000000000
36974  10.808  -41.003  73.786 0.0000000000
36986  9.784  -41.764  73.408 0.0000000000
37000  8.503  -41.715  72.512 0.0000000000
38308  7.812  -40.962  73.643 0.0000000000
40982  7.638  -39.819  74.356 0.0000000000
51794  9.573  -31.614  71.823 0.0000000000
50554  9.376  -32.526  69.987 0.0000000000
51795  8.919  -31.472  71.274 0.0000000000
51811  7.945  -30.884  69.888 0.0000000000
50542  6.919  -31.061  69.782 0.0000000000
52972  7.016  -29.585  72.698 0.0000000000
52999  6.649  -29.928  70.885 0.0000000000
50573  6.280  -30.440  69.038 0.0000000000
51842  5.481  -30.317  68.328 0.0000000000
54169  5.414  -28.776  67.779 0.0000000000
54182  5.058  -29.373  66.247 0.0000000000
44605  14.433  -37.573  73.458 0.0000000000
41057  19.761  -39.124  67.996 0.0000000000
43459  24.105  -36.295  70.008 0.0000000000
43453  23.506  -36.598  70.249 0.0000000000
42253  23.028  -37.338  69.389 0.0000000000
41038  22.053  -38.510  68.978 0.0000000000
41026  20.475  -39.066  69.260 0.0000000000
39724  19.245  -39.586  69.319 0.0000000000
39681  19.016  -40.031  71.229 0.0000000000
39671  18.065  -40.015  72.084 0.0000000000
42226  17.721  -39.190  71.834 0.0000000000
40984  17.463  -39.449  72.198 0.0000000000
42228  16.293  -39.403  72.657 0.0000000000
43437  15.280  -38.690  73.129 0.0000000000
45845  6.811  -38.566  66.815 0.0000000000
45831  7.582  -38.036  68.128 0.0000000000
45802  7.178  -38.247  69.429 0.0000000000
45817  7.581  -37.684  68.996 0.0000000000
45829  9.087  -37.087  68.536 0.0000000000
45815  9.420  -37.128  69.485 0.0000000000
46904  9.915  -35.509  70.241 0.0000000000
45741  8.614  -37.275  74.859 0.0000000000
46862  8.841  -37.269  74.453 0.0000000000
48051  9.841  -36.476  73.617 0.0000000000
49203  10.885  -34.850  74.716 0.0000000000
49215  10.662  -35.136  74.151 0.0000000000
48050  10.336  -35.558  73.186 0.0000000000
49241  10.745  -34.316  72.735 0.0000000000
49252  10.637  -33.941  71.780 0.0000000000
50541  10.026  -32.468  71.603 0.0000000000
51778  10.334  -31.394  72.931 0.0000000000
52969  9.533  -30.302  73.602 0.0000000000
54111  9.278  -29.283  74.680 0.0000000000
52926  10.601  -29.692  75.463 0.0000000000
54092  9.869  -29.110  75.610 0.0000000000
55218  9.173  -28.579  75.101 0.0000000000
37061  7.755  -42.914  67.307 0.0000000000
37038  6.835  -42.366  69.295 0.0000000000
46971  9.218  -36.577  64.779 0.0000000000
47009  8.815  -37.107  63.222 0.0000000000
45968  10.372  -35.630  58.652 0.0000000000
50612  9.881  -32.362  68.063 0.0000000000
49328  10.183  -32.625  66.531 0.0000000000
49353  10.522  -33.346  64.722 0.0000000000
49342  7.914  -31.469  65.389 0.0000000000
49354  9.371  -32.288  64.670 0.0000000000
49389  10.822  -32.695  62.864 0.0000000000
49428  10.482  -32.990  60.820 0.0000000000
49445  10.441  -33.564  58.843 0.0000000000
48234  10.254  -34.339  57.423 0.0000000000
49485  8.599  -33.860  56.367 0.0000000000
50744  7.478  -31.029  58.639 0.0000000000
51990  6.694  -31.125  57.143 0.0000000000
60285  7.406  -25.200  71.740 0.0000000000
61526  7.904  -23.996  71.006 0.0000000000
60316  7.008  -25.877  70.831 0.0000000000
57707  6.710  -26.805  69.449 0.0000000000
56453  6.149  -27.687  67.769 0.0000000000
54170  5.886  -27.955  66.420 0.0000000000
57732  7.800  -27.114  67.285 0.0000000000
59079  6.752  -27.387  66.093 0.0000000000
56494  5.553  -28.033  64.917 0.0000000000
57792  5.397  -28.036  63.226 0.0000000000
57856  5.084  -27.775  62.196 0.0000000000
57870  4.561  -27.720  59.763 0.0000000000
60505  5.959  -26.777  59.550 0.0000000000
44601  13.982  -37.732  74.430 0.0000000000
44593  13.934  -36.665  74.566 0.0000000000
43431  14.559  -38.475  73.713 0.0000000000
43432  14.214  -38.338  74.257 0.0000000000
42212  13.729  -38.772  74.686 0.0000000000
44856  9.073  -37.337  57.234 0.0000000000
44873  8.722  -37.125  56.598 0.0000000000
45995  8.446  -36.495  56.164 0.0000000000
43451  6.527  -39.090  72.454 0.0000000000
44624  6.695  -38.536  72.767 0.0000000000
44611  6.852  -38.255  73.219 0.0000000000
41058  18.815  -38.901  68.413 0.0000000000
41077  18.538  -38.573  67.770 0.0000000000
41059  17.887  -38.967  68.403 0.0000000000
42229  6.730  -39.336  73.598 0.0000000000
42234  6.492  -39.854  73.001 0.0000000000
42230  6.532  -39.363  72.887 0.0000000000
48074  10.156  -33.759  69.918 0.0000000000
48104  10.270  -33.926  69.268 0.0000000000
49267  10.074  -33.612  69.619 0.0000000000
54197  4.945  -29.653  65.641 0.0000000000
51899  4.911  -30.262  64.917 0.0000000000
53095  5.053  -29.821  64.665 0.0000000000
54215  5.307  -29.306  64.255 0.0000000000
40964  9.919  -38.946  75.672 0.0000000000
42215  9.575  -38.788  75.984 0.0000000000
42210  10.633  -38.526  75.790 0.0000000000
38316  17.619  -40.452  71.959 0.0000000000
38326  17.102  -40.435  71.493 0.0000000000
38317  16.935  -40.451  71.881 0.0000000000
37007  12.144  -40.740  72.450 0.0000000000
36995  11.933  -40.952  73.159 0.0000000000
36983  11.823  -41.375  73.636 0.0000000000
39641  10.691  -39.258  75.343 0.0000000000
39648  10.279  -39.383  75.129 0.0000000000
39642  10.319  -39.159  75.415 0.0000000000
40970  9.574  -39.030  75.679 0.0000000000
52957  8.895  -29.767  73.991 0.0000000000
52958  7.657  -29.994  73.985 0.0000000000
57698  6.514  -27.052  71.526 0.0000000000
56432  6.011  -27.657  70.346 0.0000000000
44688  5.715  -38.732  67.990 0.0000000000
43498  5.809  -38.758  68.651 0.0000000000
45778  8.832  -36.928  72.077 0.0000000000
46893  9.385  -36.628  72.466 0.0000000000
48007  11.171  -35.692  75.611 0.0000000000
48014  10.440  -36.153  75.070 0.0000000000
50493  11.658  -32.252  74.490 0.0000000000
51736  11.118  -31.376  74.575 0.0000000000
35649  8.255  -42.467  71.696 0.0000000000
35660  7.934  -42.298  70.875 0.0000000000
35661  7.624  -42.336  71.322 0.0000000000
38371  5.492  -41.279  68.420 0.0000000000
38377  5.630  -41.919  68.117 0.0000000000
43499  5.294  -40.195  67.674 0.0000000000
45854  8.013  -37.788  66.674 0.0000000000
45864  7.990  -37.958  65.979 0.0000000000
45863  8.481  -37.635  66.148 0.0000000000
48137  10.641  -34.619  64.654 0.0000000000
46987  10.635  -35.047  63.453 0.0000000000
47006  10.726  -34.850  62.727 0.0000000000
48147  10.854  -34.212  63.306 0.0000000000
49279  6.967  -31.267  68.087 0.0000000000
49298  7.252  -31.456  67.840 0.0000000000
49299  7.205  -31.402  67.455 0.0000000000
49411  7.542  -31.474  61.785 0.0000000000
49410  7.997  -31.618  61.783 0.0000000000
50686  7.901  -31.438  61.267 0.0000000000
50702  9.275  -31.563  60.584 0.0000000000
50703  8.148  -31.540  60.447 0.0000000000
50723  8.024  -31.736  59.552 0.0000000000
51961  7.635  -31.461  59.970 0.0000000000
55361  5.128  -29.058  59.545 0.0000000000
53160  5.965  -29.447  58.569 0.0000000000
54277  5.201  -29.287  58.492 0.0000000000
60312  9.448  -23.601  70.017 0.0000000000
59047  9.076  -25.131  69.502 0.0000000000
59063  8.917  -25.862  69.155 0.0000000000
59062  9.364  -25.142  68.818 0.0000000000
57767  9.599  -26.816  65.610 0.0000000000
59116  8.152  -27.414  64.902 0.0000000000
59117  7.530  -27.449  65.138 0.0000000000
59139  7.271  -27.449  64.561 0.0000000000
57809  6.810  -27.418  63.759 0.0000000000
56510  7.005  -27.484  63.724 0.0000000000
42207  12.037  -38.311  75.061 0.0000000000
43419  12.470  -37.673  75.164 0.0000000000
45726  14.102  -36.066  75.018 0.0000000000
40980  15.905  -39.811  73.161 0.0000000000
38297  15.949  -40.111  73.364 0.0000000000
39661  15.594  -40.001  74.157 0.0000000000
38288  14.694  -40.324  74.552 0.0000000000
38289  13.736  -40.568  74.971 0.0000000000
39653  13.394  -40.234  75.193 0.0000000000
42213  13.190  -38.640  74.711 0.0000000000
39644  12.942  -39.850  74.961 0.0000000000
40967  12.220  -39.174  74.865 0.0000000000
57649  7.378  -27.177  75.176 0.0000000000
58968  7.670  -25.711  74.152 0.0000000000
60263  8.204  -24.896  73.380 0.0000000000
58985  7.106  -26.329  72.978 0.0000000000
58984  7.948  -25.415  72.969 0.0000000000
44663  6.235  -39.278  70.357 0.0000000000
44646  6.514  -38.895  71.201 0.0000000000
45780  7.636  -37.624  72.553 0.0000000000
50474  12.972  -31.926  76.061 0.0000000000
50475  12.551  -32.146  75.763 0.0000000000
51704  10.998  -30.991  77.926 0.0000000000
52914  11.461  -30.556  76.839 0.0000000000
37002  7.195  -41.404  72.651 0.0000000000
37012  7.168  -41.950  72.125 0.0000000000
38335  6.285  -40.954  71.018 0.0000000000
39683  6.003  -40.394  70.318 0.0000000000
39695  5.813  -40.849  69.325 0.0000000000
39696  5.453  -40.480  69.165 0.0000000000
39684  5.676  -40.152  69.817 0.0000000000
43463  6.048  -39.577  70.759 0.0000000000
42246  5.755  -39.919  70.193 0.0000000000
43473  5.851  -39.572  69.767 0.0000000000
45828  9.947  -36.566  68.663 0.0000000000
46939  9.896  -36.394  67.629 0.0000000000
49312  10.728  -34.222  67.254 0.0000000000
48129  10.605  -34.606  65.560 0.0000000000
49327  10.601  -33.831  66.585 0.0000000000
50617  5.876  -31.023  67.030 0.0000000000
50631  6.136  -31.352  66.009 0.0000000000
50632  5.675  -31.073  65.874 0.0000000000
50653  5.619  -31.096  64.220 0.0000000000
49359  5.840  -31.413  64.166 0.0000000000
50659  6.177  -31.192  63.281 0.0000000000
49394  6.480  -31.238  63.221 0.0000000000
50671  6.335  -30.996  62.811 0.0000000000
50688  6.635  -30.840  61.860 0.0000000000
50672  6.089  -30.637  62.455 0.0000000000
54235  5.433  -29.412  62.562 0.0000000000
53128  5.443  -29.650  62.261 0.0000000000
54246  5.383  -29.264  62.017 0.0000000000
53130  5.227  -29.452  61.032 0.0000000000
55354  5.197  -28.807  61.433 0.0000000000
57805  10.583  -26.851  63.714 0.0000000000
57820  10.527  -27.011  62.480 0.0000000000
42222  7.940  -38.808  74.680 0.0000000000
43435  8.605  -38.227  74.574 0.0000000000
43434  9.223  -38.436  74.967 0.0000000000
44592  10.262  -37.729  75.935 0.0000000000
44596  10.124  -37.916  75.789 0.0000000000
45730  10.186  -37.448  75.852 0.0000000000
45724  10.231  -36.982  75.984 0.0000000000
44588  12.363  -36.976  75.769 0.0000000000
44589  11.876  -37.207  76.158 0.0000000000
46836  13.096  -35.678  76.467 0.0000000000
48003  13.247  -34.566  76.387 0.0000000000
48004  12.990  -34.744  76.474 0.0000000000
49190  13.070  -33.938  76.528 0.0000000000
49191  12.683  -33.395  76.233 0.0000000000
49184  13.578  -32.851  76.275 0.0000000000
39705  18.857  -39.911  69.846 0.0000000000
39706  18.030  -39.571  69.709 0.0000000000
38360  17.961  -39.824  70.352 0.0000000000
38346  16.455  -40.193  70.947 0.0000000000
38362  16.394  -39.798  70.368 0.0000000000
38347  15.609  -40.033  71.014 0.0000000000
36979  15.172  -40.364  72.927 0.0000000000
36991  15.572  -40.428  72.500 0.0000000000
36992  14.826  -40.482  72.659 0.0000000000
37014  13.573  -40.719  71.789 0.0000000000
37005  14.412  -40.614  72.141 0.0000000000
38330  13.933  -40.180  71.495 0.0000000000
38350  12.378  -40.221  70.749 0.0000000000
38351  11.414  -40.387  70.695 0.0000000000
37009  10.261  -41.741  72.404 0.0000000000
35636  9.706  -42.012  72.328 0.0000000000
35641  9.298  -42.510  71.969 0.0000000000
35637  9.508  -42.060  72.540 0.0000000000
36965  11.390  -40.821  74.321 0.0000000000
36968  9.503  -40.961  74.395 0.0000000000
36967  10.028  -41.104  74.552 0.0000000000
36976  9.624  -41.415  74.014 0.0000000000
36987  9.257  -41.271  72.974 0.0000000000
36977  9.090  -40.950  73.822 0.0000000000
36988  8.393  -41.191  73.258 0.0000000000
36978  8.639  -40.862  73.652 0.0000000000
40976  8.713  -39.124  74.855 0.0000000000
39657  8.407  -39.978  74.335 0.0000000000
40977  8.058  -39.415  74.707 0.0000000000
40978  7.604  -39.379  74.402 0.0000000000
51796  7.991  -30.925  70.698 0.0000000000
51812  7.382  -30.861  69.523 0.0000000000
51797  6.991  -31.065  70.380 0.0000000000
142537  6.970  -28.608  72.974 0.0000000000
54119  6.975  -29.090  73.623 0.0000000000
55267  5.887  -28.599  70.453 0.0000000000
142535  6.660  -29.196  71.130 0.0000000000
53000  5.996  -30.249  70.156 0.0000000000
50544  6.440  -30.124  70.069 0.0000000000
51799  6.122  -29.561  70.478 0.0000000000
50574  5.909  -30.312  68.940 0.0000000000
53013  5.388  -29.286  69.638 0.0000000000
54161  5.300  -28.982  68.825 0.0000000000
44609  15.231  -37.997  72.500 0.0000000000
45750  14.495  -36.524  72.656 0.0000000000
45764  14.641  -36.327  72.160 0.0000000000
41074  21.234  -38.487  67.782 0.0000000000
41075  20.551  -38.341  67.514 0.0000000000
41056  20.659  -39.025  68.057 0.0000000000
44630  22.513  -36.747  70.342 0.0000000000
44629  23.400  -36.318  70.582 0.0000000000
43461  22.845  -37.062  69.746 0.0000000000
43460  23.576  -36.748  69.927 0.0000000000
42265  22.668  -38.128  69.144 0.0000000000
42254  22.319  -37.825  69.436 0.0000000000
41011  20.339  -38.891  69.859 0.0000000000
39703  19.979  -39.417  69.244 0.0000000000
39689  19.901  -39.553  69.772 0.0000000000
40995  19.784  -39.362  71.095 0.0000000000
39675  19.132  -39.785  70.914 0.0000000000
39676  18.567  -40.116  71.431 0.0000000000
43439  18.013  -38.859  71.536 0.0000000000
43440  17.297  -38.976  71.906 0.0000000000
42227  16.968  -39.261  72.302 0.0000000000
40985  16.587  -39.708  72.632 0.0000000000
43442  15.662  -38.699  72.659 0.0000000000
44713  5.550  -40.064  65.433 0.0000000000
45844  7.520  -38.238  67.251 0.0000000000
44661  6.757  -38.550  69.835 0.0000000000
44676  6.412  -38.491  68.993 0.0000000000
45800  8.703  -37.577  70.289 0.0000000000
45816  8.517  -37.439  69.393 0.0000000000
45830  8.173  -37.335  68.366 0.0000000000
44674  9.233  -37.274  69.941 0.0000000000
46892  9.864  -35.866  71.611 0.0000000000
46899  9.720  -35.808  70.697 0.0000000000
46900  9.941  -35.280  70.766 0.0000000000
45738  8.288  -37.132  75.254 0.0000000000
45742  8.060  -37.573  74.555 0.0000000000
48029  9.507  -36.699  74.729 0.0000000000
46861  8.845  -36.918  74.788 0.0000000000
48041  9.655  -36.578  74.238 0.0000000000
46874  9.288  -37.028  74.002 0.0000000000
49214  11.132  -34.126  74.099 0.0000000000
48040  10.337  -35.841  73.850 0.0000000000
50517  10.468  -33.041  73.109 0.0000000000
50518  10.747  -33.560  72.851 0.0000000000
50531  10.658  -33.206  72.435 0.0000000000
50530  10.392  -32.094  72.617 0.0000000000
51750  10.300  -30.640  73.827 0.0000000000
52956  9.924  -29.881  74.267 0.0000000000
54110  9.954  -29.456  74.647 0.0000000000
52916  11.080  -29.989  75.603 0.0000000000
39727  16.892  -39.990  68.847 0.0000000000
39742  16.903  -40.122  68.142 0.0000000000
41061  16.645  -39.408  68.153 0.0000000000
38333  6.571  -42.116  70.821 0.0000000000
37029  7.160  -42.359  70.585 0.0000000000
38352  6.675  -42.125  70.331 0.0000000000
44714  5.315  -40.382  66.332 0.0000000000
45888  7.373  -37.851  63.529 0.0000000000
47011  7.694  -37.612  63.243 0.0000000000
46958  9.099  -37.201  65.727 0.0000000000
47008  9.636  -36.511  63.083 0.0000000000
47028  9.006  -37.085  62.477 0.0000000000
47049  8.295  -37.538  62.023 0.0000000000
47048  9.159  -37.059  61.645 0.0000000000
47046  10.293  -35.159  60.848 0.0000000000
47066  9.797  -36.150  60.492 0.0000000000
45955  10.402  -35.839  59.099 0.0000000000
47064  10.385  -35.058  58.950 0.0000000000
50569  8.921  -32.041  69.581 0.0000000000
50590  9.518  -32.267  68.795 0.0000000000
49329  9.061  -32.003  66.435 0.0000000000
49314  9.488  -32.187  67.301 0.0000000000
49340  9.765  -32.482  65.604 0.0000000000
49343  7.211  -31.215  65.290 0.0000000000
49331  7.527  -30.951  66.096 0.0000000000
49390  9.576  -31.834  63.032 0.0000000000
49369  8.891  -31.937  63.744 0.0000000000
49368  10.067  -32.453  63.867 0.0000000000
50668  10.945  -31.952  62.113 0.0000000000
49409  11.064  -32.750  61.712 0.0000000000
50721  9.682  -32.140  59.614 0.0000000000
49446  10.403  -33.042  59.686 0.0000000000
49455  10.539  -33.610  58.083 0.0000000000
48218  10.628  -34.328  57.862 0.0000000000
49468  10.463  -33.882  57.621 0.0000000000
48249  9.345  -34.583  56.655 0.0000000000
50774  9.507  -33.413  56.862 0.0000000000
50777  7.668  -32.404  56.435 0.0000000000
50706  6.486  -30.576  60.601 0.0000000000
50725  7.090  -30.800  59.736 0.0000000000
50726  6.819  -30.346  59.477 0.0000000000
51991  6.561  -30.222  57.502 0.0000000000
51975  7.064  -30.324  57.962 0.0000000000
52003  6.835  -31.371  56.337 0.0000000000
50779  6.748  -31.642  55.935 0.0000000000
61525  8.429  -23.704  70.768 0.0000000000
60314  8.145  -24.657  70.735 0.0000000000
60315  7.466  -25.422  70.755 0.0000000000
60330  7.299  -25.779  70.299 0.0000000000
60331  7.019  -26.095  70.412 0.0000000000
59050  7.114  -26.289  69.946 0.0000000000
57719  6.931  -27.165  68.144 0.0000000000
57749  9.793  -26.589  66.610 0.0000000000
57729  10.421  -25.602  67.100 0.0000000000
56463  9.473  -26.646  67.334 0.0000000000
57731  8.932  -26.752  67.689 0.0000000000
59099  6.984  -27.379  65.736 0.0000000000
57752  7.024  -27.325  66.143 0.0000000000
59100  6.538  -27.465  65.641 0.0000000000
59102  5.922  -27.569  65.835 0.0000000000
59121  5.970  -27.470  64.839 0.0000000000
57770  5.758  -27.648  64.499 0.0000000000
59143  6.003  -27.255  63.854 0.0000000000
59182  5.957  -27.349  61.906 0.0000000000
142941  5.610  -27.236  62.940 0.0000000000
59183  5.654  -27.410  61.832 0.0000000000
57857  4.660  -27.764  60.680 0.0000000000
59199  5.125  -27.191  60.827 0.0000000000
56535  7.086  -27.951  62.398 0.0000000000
43425  13.329  -37.880  74.729 0.0000000000
43418  12.960  -37.500  75.081 0.0000000000
44594  13.699  -37.112  74.642 0.0000000000
45734  14.347  -35.767  74.835 0.0000000000
42224  15.246  -39.315  73.523 0.0000000000
40973  14.669  -39.560  74.407 0.0000000000
40974  14.187  -39.529  74.830 0.0000000000
39643  13.623  -39.730  75.080 0.0000000000
47105  8.076  -35.670  55.746 0.0000000000
43462  6.254  -39.299  71.118 0.0000000000
44636  6.694  -38.685  72.179 0.0000000000
44623  6.844  -38.010  72.860 0.0000000000
39669  6.875  -40.577  73.447 0.0000000000
39673  6.324  -40.775  72.501 0.0000000000
40991  6.571  -40.306  73.031 0.0000000000
39674  6.086  -40.486  72.121 0.0000000000
41001  5.879  -40.172  71.477 0.0000000000
42245  5.694  -40.071  70.904 0.0000000000
42240  5.954  -39.908  71.440 0.0000000000
43458  5.986  -39.710  71.184 0.0000000000
46917  10.185  -35.094  69.551 0.0000000000
48102  10.231  -34.622  68.846 0.0000000000
48116  10.235  -33.974  68.400 0.0000000000
51888  5.236  -30.471  65.599 0.0000000000
51898  5.468  -30.541  64.660 0.0000000000
51911  5.536  -30.653  63.901 0.0000000000
51924  5.736  -30.413  63.064 0.0000000000
51925  5.608  -30.224  63.754 0.0000000000
54230  5.383  -29.410  63.439 0.0000000000
55339  5.339  -29.065  63.133 0.0000000000
40972  8.747  -39.067  75.604 0.0000000000
43433  8.660  -38.679  75.793 0.0000000000
42216  9.079  -38.922  76.198 0.0000000000
43427  10.006  -38.284  75.780 0.0000000000
44591  10.692  -37.525  76.265 0.0000000000
48002  13.687  -33.886  76.279 0.0000000000
49189  14.183  -33.125  76.367 0.0000000000
50472  14.021  -32.226  77.189 0.0000000000
50471  14.478  -32.189  76.706 0.0000000000
38344  17.904  -40.309  70.884 0.0000000000
38327  16.437  -40.399  71.511 0.0000000000
36970  14.208  -40.675  73.784 0.0000000000
36980  14.478  -40.656  73.195 0.0000000000
37006  13.309  -41.131  72.240 0.0000000000
37015  12.554  -40.704  71.816 0.0000000000
38284  11.446  -40.156  74.868 0.0000000000
38292  11.105  -40.448  74.546 0.0000000000
38285  10.761  -39.982  74.743 0.0000000000
38286  10.185  -39.910  74.696 0.0000000000
38295  9.327  -40.418  74.392 0.0000000000
38296  8.946  -40.251  74.221 0.0000000000
40975  9.001  -38.943  75.015 0.0000000000
52980  9.319  -30.588  72.929 0.0000000000
52981  8.514  -30.858  72.411 0.0000000000
52971  7.565  -30.416  73.065 0.0000000000
52982  7.467  -30.480  72.076 0.0000000000
56443  4.980  -29.096  69.398 0.0000000000
56441  5.937  -28.202  70.079 0.0000000000
41054  21.959  -38.404  68.687 0.0000000000
42236  21.956  -37.421  70.039 0.0000000000
39679  19.891  -39.696  70.373 0.0000000000
40988  19.831  -38.663  70.836 0.0000000000
40989  19.278  -39.061  71.125 0.0000000000
43441  16.391  -38.773  72.358 0.0000000000
44699  5.744  -39.448  66.761 0.0000000000
44687  6.245  -38.465  68.434 0.0000000000
44644  7.788  -38.026  71.588 0.0000000000
45790  8.156  -38.083  70.987 0.0000000000
45799  9.476  -37.013  70.345 0.0000000000
46848  9.079  -36.947  75.070 0.0000000000
46853  9.366  -36.844  75.127 0.0000000000
48020  9.426  -36.737  74.966 0.0000000000
48019  10.241  -36.167  74.866 0.0000000000
49228  11.177  -33.589  73.611 0.0000000000
49227  11.144  -32.823  73.715 0.0000000000
50529  10.493  -31.756  73.144 0.0000000000
51749  10.820  -31.332  73.980 0.0000000000
51737  10.555  -30.591  74.480 0.0000000000
39728  16.163  -39.464  69.214 0.0000000000
41043  16.034  -39.105  68.842 0.0000000000
41044  14.984  -38.660  69.062 0.0000000000
35659  8.567  -42.265  70.742 0.0000000000
35671  7.836  -41.967  70.072 0.0000000000
37037  7.385  -42.524  69.128 0.0000000000
38369  6.558  -42.007  69.444 0.0000000000
42266  5.248  -40.054  68.347 0.0000000000
41067  4.561  -40.898  67.258 0.0000000000
42274  5.139  -40.518  67.762 0.0000000000
45865  7.584  -38.361  65.506 0.0000000000
46973  8.163  -38.138  64.950 0.0000000000
46972  8.541  -37.375  64.850 0.0000000000
46970  10.048  -35.598  64.637 0.0000000000
46988  10.136  -35.794  63.690 0.0000000000
47026  10.527  -35.209  61.906 0.0000000000
48176  10.892  -34.053  61.297 0.0000000000
51840  7.877  -31.238  68.773 0.0000000000
50613  8.953  -31.897  67.983 0.0000000000
49315  8.038  -31.832  67.353 0.0000000000
49330  8.239  -31.289  66.314 0.0000000000
49371  7.211  -31.496  63.724 0.0000000000
49391  8.327  -31.633  62.588 0.0000000000
50670  9.210  -31.447  62.229 0.0000000000
51934  9.847  -31.636  61.136 0.0000000000
50741  9.286  -32.209  59.059 0.0000000000
49457  9.349  -32.594  58.040 0.0000000000
50742  9.045  -31.880  58.432 0.0000000000
51977  6.022  -30.059  59.497 0.0000000000
53161  6.148  -29.719  59.123 0.0000000000
60313  9.079  -24.069  70.414 0.0000000000
59049  7.637  -25.911  69.702 0.0000000000
59048  8.354  -25.489  69.599 0.0000000000
59064  8.146  -26.224  69.144 0.0000000000
57718  8.037  -26.927  68.460 0.0000000000
57750  8.737  -27.027  66.541 0.0000000000
57769  7.520  -27.275  65.546 0.0000000000
59118  7.154  -27.526  65.032 0.0000000000
59119  6.785  -27.525  64.891 0.0000000000
59157  6.173  -26.863  63.366 0.0000000000
57839  6.139  -26.780  62.751 0.0000000000
57838  6.111  -27.299  62.366 0.0000000000
40962  11.006  -38.980  75.511 0.0000000000
42209  11.176  -38.465  75.783 0.0000000000
42208  11.592  -38.302  75.445 0.0000000000
43420  11.889  -37.677  75.557 0.0000000000
45718  13.452  -36.111  75.704 0.0000000000
44595  13.311  -36.974  75.139 0.0000000000
38303  16.800  -40.259  72.690 0.0000000000
38312  16.658  -40.321  72.520 0.0000000000
38304  16.354  -40.132  72.850 0.0000000000
38305  15.656  -40.281  73.210 0.0000000000
38287  15.126  -40.210  74.399 0.0000000000
38299  14.905  -40.506  73.977 0.0000000000
36971  13.422  -41.256  74.098 0.0000000000
36972  12.504  -41.539  74.235 0.0000000000
36964  12.183  -41.175  74.694 0.0000000000
39654  12.860  -40.233  75.158 0.0000000000
39645  12.331  -40.050  75.156 0.0000000000
38283  12.046  -40.353  75.165 0.0000000000
39646  11.679  -39.862  75.068 0.0000000000
39640  11.284  -39.365  75.231 0.0000000000
55231  8.349  -28.654  74.682 0.0000000000
55232  7.827  -28.913  74.334 0.0000000000
142538  7.658  -26.671  74.645 0.0000000000
142542  7.228  -26.273  73.920 0.0000000000
142539  6.608  -26.810  72.917 0.0000000000
59001  6.867  -25.558  72.196 0.0000000000
44645  7.222  -38.423  71.056 0.0000000000
46885  8.781  -37.293  72.947 0.0000000000
49193  11.608  -34.424  75.526 0.0000000000
49196  11.833  -33.025  75.392 0.0000000000
51709  12.491  -30.918  76.523 0.0000000000
51716  12.030  -31.660  75.356 0.0000000000
51717  11.713  -31.453  75.579 0.0000000000
51718  11.202  -30.989  75.859 0.0000000000
51712  11.418  -31.000  76.460 0.0000000000
35645  7.591  -42.190  72.173 0.0000000000
35662  7.430  -42.313  71.578 0.0000000000
38334  6.405  -41.827  71.111 0.0000000000
39677  6.013  -41.135  72.079 0.0000000000
39694  6.247  -41.104  69.621 0.0000000000
38355  5.414  -41.068  68.531 0.0000000000
39716  5.230  -40.634  68.312 0.0000000000
41029  5.185  -40.235  68.678 0.0000000000
45842  8.785  -37.000  67.649 0.0000000000
45852  9.573  -36.934  67.133 0.0000000000
46949  10.226  -36.462  66.941 0.0000000000
50615  6.984  -31.297  67.098 0.0000000000
50616  6.510  -31.286  66.914 0.0000000000
49332  6.832  -31.037  66.030 0.0000000000
50644  6.171  -30.953  65.182 0.0000000000
49358  6.268  -31.359  64.446 0.0000000000
49357  6.893  -31.360  64.489 0.0000000000
49393  6.924  -31.310  63.073 0.0000000000
49412  7.057  -31.210  62.209 0.0000000000
49430  7.128  -31.272  61.570 0.0000000000
50707  6.068  -30.388  60.905 0.0000000000
51936  5.704  -30.303  62.021 0.0000000000
51951  5.664  -30.245  61.011 0.0000000000
53140  5.313  -29.785  60.527 0.0000000000
54257  5.203  -28.812  60.432 0.0000000000
55362  5.012  -28.710  59.778 0.0000000000
57808  7.613  -27.602  63.301 0.0000000000
57807  8.295  -27.659  62.974 0.0000000000
45980  9.578  -36.811  57.651 0.0000000000
43443  7.297  -38.506  73.670 0.0000000000
43438  7.863  -38.382  74.339 0.0000000000
44602  8.619  -37.304  75.135 0.0000000000
43429  8.967  -38.498  75.753 0.0000000000
44598  9.345  -37.756  75.032 0.0000000000
45732  9.399  -37.268  75.192 0.0000000000
46841  10.198  -36.699  75.655 0.0000000000
46840  10.554  -36.321  75.822 0.0000000000
43422  10.933  -38.058  76.202 0.0000000000
44590  11.278  -37.371  76.332 0.0000000000
45721  11.779  -36.646  76.342 0.0000000000
46838  11.707  -35.880  76.387 0.0000000000
49186  12.996  -32.858  76.087 0.0000000000
39740  18.234  -39.459  68.882 0.0000000000
39726  17.773  -39.956  69.069 0.0000000000
38361  17.239  -39.813  70.342 0.0000000000
39708  16.275  -39.651  69.712 0.0000000000
39709  15.351  -39.535  69.866 0.0000000000
39710  14.398  -39.561  69.906 0.0000000000
37003  15.737  -40.479  72.219 0.0000000000
38320  15.225  -40.429  71.909 0.0000000000
38329  14.829  -40.309  71.570 0.0000000000
38348  14.648  -39.821  71.056 0.0000000000
38365  13.930  -39.708  70.278 0.0000000000
39711  13.360  -39.839  69.920 0.0000000000
38332  12.052  -40.330  71.357 0.0000000000
35646  9.495  -42.049  71.074 0.0000000000
35647  9.181  -42.466  71.244 0.0000000000
35643  8.430  -42.312  72.270 0.0000000000
36984  10.966  -41.335  73.392 0.0000000000
36985  10.312  -41.680  73.465 0.0000000000
36966  10.642  -40.848  74.287 0.0000000000
36975  10.203  -41.449  74.056 0.0000000000
36998  9.911  -42.114  73.125 0.0000000000
35635  9.487  -41.675  72.939 0.0000000000
35639  8.773  -41.986  72.468 0.0000000000
37010  8.166  -42.156  72.339 0.0000000000
36989  7.642  -41.256  73.113 0.0000000000
38309  7.329  -40.935  73.276 0.0000000000
39662  8.187  -40.434  74.083 0.0000000000
39663  7.572  -40.412  74.100 0.0000000000
39664  6.840  -40.333  74.034 0.0000000000
49266  9.784  -33.257  69.992 0.0000000000
50555  9.345  -32.384  70.509 0.0000000000
51810  8.681  -31.326  70.216 0.0000000000
52996  8.580  -31.207  71.828 0.0000000000
51824  8.403  -31.267  69.590 0.0000000000
51825  7.941  -31.045  69.161 0.0000000000
50556  7.060  -30.559  68.937 0.0000000000
52959  6.941  -29.652  73.877 0.0000000000
51765  6.986  -29.870  72.995 0.0000000000
52983  7.048  -29.934  71.594 0.0000000000
142536  6.646  -28.948  72.103 0.0000000000
54140  6.884  -29.943  71.186 0.0000000000
50543  6.632  -30.957  70.038 0.0000000000
50557  6.758  -30.568  69.376 0.0000000000
50595  5.731  -30.777  68.351 0.0000000000
51856  5.447  -30.528  67.487 0.0000000000
54150  5.477  -29.389  68.891 0.0000000000
53053  5.202  -29.934  67.745 0.0000000000
53064  5.254  -29.976  66.752 0.0000000000
54183  5.209  -28.608  66.145 0.0000000000
45739  14.345  -36.468  73.400 0.0000000000
43452  24.166  -36.313  70.467 0.0000000000
42273  22.604  -38.088  68.802 0.0000000000
41009  21.872  -38.209  69.362 0.0000000000
41039  21.253  -38.698  68.835 0.0000000000
41040  20.470  -39.183  68.751 0.0000000000
39738  19.586  -39.305  68.838 0.0000000000
39739  18.924  -39.291  68.959 0.0000000000
38342  18.965  -39.950  70.742 0.0000000000
38343  18.642  -40.117  70.730 0.0000000000
38324  18.539  -40.160  71.145 0.0000000000
38315  18.069  -40.257  71.917 0.0000000000
38310  17.905  -40.233  72.221 0.0000000000
42232  19.432  -38.621  70.865 0.0000000000
42233  18.537  -38.718  71.348 0.0000000000
40990  18.106  -39.476  71.750 0.0000000000
39665  17.501  -39.815  72.408 0.0000000000
39672  17.540  -40.051  72.503 0.0000000000
39666  16.793  -40.014  72.647 0.0000000000
40979  16.141  -39.702  72.802 0.0000000000
43436  15.856  -39.079  72.732 0.0000000000
45846  6.053  -38.840  66.293 0.0000000000
45843  8.077  -37.530  67.471 0.0000000000
43485  5.957  -38.664  68.819 0.0000000000
45818  6.931  -38.237  68.633 0.0000000000
45814  9.957  -36.178  69.695 0.0000000000
45798  9.708  -36.112  70.500 0.0000000000
46905  10.228  -34.807  70.049 0.0000000000
48073  10.312  -34.173  70.283 0.0000000000
44607  7.853  -37.872  74.141 0.0000000000
45752  8.022  -37.683  74.061 0.0000000000
45751  8.356  -37.566  73.965 0.0000000000
45740  8.415  -36.815  75.134 0.0000000000
46875  8.807  -37.452  73.723 0.0000000000
46884  9.349  -36.984  73.336 0.0000000000
49198  10.929  -34.929  75.046 0.0000000000
48018  10.747  -35.396  74.916 0.0000000000
49204  10.541  -35.603  74.552 0.0000000000
48059  10.047  -36.440  72.971 0.0000000000
48058  10.276  -35.419  72.285 0.0000000000
50540  10.049  -31.762  72.033 0.0000000000
51779  9.735  -31.200  72.407 0.0000000000
51762  9.996  -30.859  73.190 0.0000000000
52933  10.573  -29.987  75.208 0.0000000000
52934  10.244  -29.413  75.203 0.0000000000
52944  9.984  -29.213  74.887 0.0000000000
54103  9.703  -29.034  75.082 0.0000000000
55230  9.123  -28.868  74.913 0.0000000000
55219  8.463  -28.103  75.001 0.0000000000
41060  17.246  -39.431  68.020 0.0000000000
41079  17.180  -38.568  67.720 0.0000000000
42296  16.859  -38.053  67.453 0.0000000000
45878  6.960  -38.441  64.844 0.0000000000
46990  8.631  -37.137  63.999 0.0000000000
47010  7.835  -37.428  63.220 0.0000000000
47029  8.186  -37.443  62.569 0.0000000000
45927  7.655  -37.565  62.188 0.0000000000
47067  9.560  -36.854  60.997 0.0000000000
45979  10.115  -36.162  57.305 0.0000000000
49276  9.750  -32.898  69.406 0.0000000000
49352  10.669  -33.653  64.181 0.0000000000
49355  8.377  -31.787  64.575 0.0000000000
49367  10.650  -33.443  63.744 0.0000000000
48161  11.126  -34.025  62.676 0.0000000000
48190  10.571  -34.123  60.303 0.0000000000
48203  10.564  -34.213  59.366 0.0000000000
48202  10.647  -34.296  58.538 0.0000000000
47081  10.402  -35.190  58.142 0.0000000000
45993  9.977  -35.799  56.770 0.0000000000
47103  9.487  -35.236  56.628 0.0000000000
48250  8.972  -34.640  56.343 0.0000000000
48251  8.327  -34.681  55.930 0.0000000000
50724  7.495  -31.308  59.802 0.0000000000
50745  7.206  -30.359  58.801 0.0000000000
50764  7.234  -30.942  57.602 0.0000000000
50778  7.060  -31.793  56.120 0.0000000000
58999  7.921  -25.018  72.533 0.0000000000
60286  6.788  -25.539  71.622 0.0000000000
60297  7.821  -24.609  71.385 0.0000000000
61494  7.331  -25.337  71.303 0.0000000000
60299  6.742  -25.769  71.295 0.0000000000
59051  6.732  -26.460  70.468 0.0000000000
57720  6.192  -27.146  68.848 0.0000000000
57733  6.907  -27.355  66.747 0.0000000000
142544  6.507  -27.558  66.526 0.0000000000
55285  5.353  -28.133  65.591 0.0000000000
56511  5.425  -28.181  63.455 0.0000000000
142945  5.954  -27.058  63.697 0.0000000000
142942  5.342  -27.949  62.983 0.0000000000
142940  4.827  -28.105  61.975 0.0000000000
57840  4.672  -28.010  61.456 0.0000000000
56562  4.623  -28.239  60.682 0.0000000000
56577  4.457  -28.193  59.606 0.0000000000
56536  6.731  -27.736  62.949 0.0000000000
56547  6.510  -27.648  61.970 0.0000000000
60486  5.804  -26.835  60.382 0.0000000000
59219  5.139  -27.346  59.869 0.0000000000
55374  4.453  -28.593  58.808 0.0000000000
35634  9.604  -42.008  72.921 0.0000000000
35638  9.146  -41.989  72.551 0.0000000000
35644  7.885  -42.299  72.189 0.0000000000
35651  7.486  -42.277  71.929 0.0000000000
36990  7.302  -41.123  72.935 0.0000000000
36999  8.968  -41.649  72.475 0.0000000000
37011  7.851  -42.036  72.362 0.0000000000
37019  7.048  -42.200  71.494 0.0000000000
37030  7.186  -42.298  71.192 0.0000000000
38282  12.353  -40.402  75.233 0.0000000000
38294  9.804  -40.384  74.579 0.0000000000
38300  9.066  -40.641  74.142 0.0000000000
38301  8.610  -40.622  74.010 0.0000000000
38302  8.116  -40.661  73.892 0.0000000000
38307  8.334  -40.889  73.708 0.0000000000
38319  15.784  -40.468  71.930 0.0000000000
38322  6.030  -41.298  71.691 0.0000000000
38323  18.959  -39.972  71.001 0.0000000000
39650  9.225  -39.093  74.955 0.0000000000
39655  9.506  -39.958  74.519 0.0000000000
39658  8.075  -40.191  74.428 0.0000000000
39659  16.225  -39.874  72.913 0.0000000000
39660  15.968  -39.989  73.573 0.0000000000
39668  7.368  -40.771  73.666 0.0000000000
39680  19.220  -39.888  70.696 0.0000000000
39714  6.180  -41.363  69.369 0.0000000000
39715  5.887  -41.261  69.142 0.0000000000
39722  20.047  -39.378  69.001 0.0000000000
39723  19.798  -39.396  69.038 0.0000000000
40960  11.812  -38.679  75.137 0.0000000000
40966  13.048  -39.257  74.738 0.0000000000
40969  10.072  -39.054  75.515 0.0000000000
40983  7.055  -39.808  74.176 0.0000000000
40986  16.163  -39.735  72.877 0.0000000000
40992  6.336  -40.244  72.434 0.0000000000
40996  5.871  -40.316  71.593 0.0000000000
40997  6.015  -40.201  71.757 0.0000000000
41003  5.751  -40.112  70.352 0.0000000000
41012  6.098  -40.928  69.532 0.0000000000
41013  6.001  -40.931  69.464 0.0000000000
41024  21.972  -38.359  69.218 0.0000000000
41027  6.088  -41.150  69.418 0.0000000000
41028  5.902  -41.077  69.287 0.0000000000
41041  20.083  -39.322  68.489 0.0000000000
42211  10.048  -38.581  75.694 0.0000000000
42217  8.579  -38.979  76.069 0.0000000000
42221  8.631  -38.798  74.844 0.0000000000
42223  15.742  -39.470  72.962 0.0000000000
42239  5.966  -40.021  71.652 0.0000000000
42244  5.802  -40.058  71.308 0.0000000000
42264  23.110  -37.468  69.225 0.0000000000
42282  21.693  -38.010  67.932 0.0000000000
43426  12.866  -38.026  74.779 0.0000000000
43455  21.935  -37.296  70.250 0.0000000000
43472  23.065  -37.137  69.541 0.0000000000
43484  6.112  -38.559  68.691 0.0000000000
44597  9.631  -37.966  75.358 0.0000000000
44599  9.184  -37.926  74.729 0.0000000000
44603  8.605  -37.483  74.749 0.0000000000
44606  8.073  -37.366  74.681 0.0000000000
44615  23.241  -36.123  70.678 0.0000000000
44659  9.026  -37.407  70.067 0.0000000000
44675  8.970  -37.397  69.752 0.0000000000
45723  10.409  -36.977  76.145 0.0000000000
45725  14.048  -36.337  74.561 0.0000000000
45728  12.157  -35.734  76.923 0.0000000000
45729  11.961  -35.292  76.731 0.0000000000
45735  12.003  -35.245  76.593 0.0000000000
45736  12.043  -35.287  76.314 0.0000000000
45787  9.655  -36.040  70.776 0.0000000000
45840  9.819  -36.585  67.498 0.0000000000
45851  9.944  -36.681  67.319 0.0000000000
45907  7.383  -37.767  63.104 0.0000000000
46844  12.230  -35.544  76.482 0.0000000000
46845  11.996  -35.356  76.441 0.0000000000
46847  9.901  -36.747  75.223 0.0000000000
46851  12.128  -35.440  76.475 0.0000000000
46852  12.066  -35.118  76.475 0.0000000000
46918  10.240  -34.643  69.682 0.0000000000
46948  10.039  -36.425  67.424 0.0000000000
46960  8.102  -38.082  65.525 0.0000000000
47025  10.843  -34.637  62.312 0.0000000000
47082  10.227  -35.750  57.776 0.0000000000
47093  10.347  -34.766  57.685 0.0000000000
47094  10.087  -35.208  57.319 0.0000000000
48000  13.338  -33.805  76.434 0.0000000000
48010  12.813  -35.020  76.479 0.0000000000
48011  12.107  -34.870  76.410 0.0000000000
48012  11.471  -35.011  75.358 0.0000000000
48016  12.232  -35.076  76.408 0.0000000000
48017  12.030  -35.013  76.278 0.0000000000
48085  10.227  -34.507  69.369 0.0000000000
48087  10.278  -33.916  69.641 0.0000000000
48103  10.211  -34.033  69.009 0.0000000000
48162  11.258  -33.564  62.102 0.0000000000
48235  9.751  -34.460  56.956 0.0000000000
49185  13.191  -33.172  76.276 0.0000000000
49240  10.982  -33.688  73.135 0.0000000000
49265  9.609  -32.792  69.716 0.0000000000
49277  9.946  -33.299  69.291 0.0000000000
49278  10.164  -33.657  69.209 0.0000000000
49280  6.934  -31.339  67.852 0.0000000000
49295  9.902  -32.904  68.905 0.0000000000
49297  10.199  -33.727  68.985 0.0000000000
49373  6.080  -31.454  63.702 0.0000000000
49374  5.768  -31.347  63.861 0.0000000000
49388  10.940  -33.590  63.183 0.0000000000
49413  6.688  -31.127  62.631 0.0000000000
49429  7.252  -31.317  61.268 0.0000000000
49469  9.894  -33.441  57.361 0.0000000000
49470  9.502  -32.917  57.838 0.0000000000
49484  9.320  -33.957  56.694 0.0000000000
50467  13.667  -32.394  76.780 0.0000000000
50469  13.001  -32.546  76.061 0.0000000000
50470  14.919  -32.049  76.447 0.0000000000
50473  13.465  -32.069  76.933 0.0000000000
50558  6.407  -30.167  69.836 0.0000000000
50568  9.499  -32.506  69.423 0.0000000000
50571  6.929  -31.062  68.129 0.0000000000
50589  9.694  -32.621  69.114 0.0000000000
50591  8.270  -31.696  68.663 0.0000000000
50592  7.541  -31.811  67.851 0.0000000000
50593  6.714  -31.319  67.638 0.0000000000
50652  5.934  -31.145  64.589 0.0000000000
50683  10.369  -31.909  61.360 0.0000000000
50684  9.555  -31.501  61.458 0.0000000000
50746  7.137  -30.007  59.135 0.0000000000
50760  9.519  -33.113  56.969 0.0000000000
50761  9.300  -32.597  57.290 0.0000000000
51702  11.901  -30.929  76.755 0.0000000000
51738  7.162  -30.187  74.160 0.0000000000
51739  6.943  -30.190  74.038 0.0000000000
51740  6.887  -30.078  73.797 0.0000000000
51751  7.182  -30.165  73.936 0.0000000000
51752  7.027  -30.197  73.673 0.0000000000
51753  6.961  -30.101  73.418 0.0000000000
51764  7.104  -30.085  73.225 0.0000000000
51781  5.247  -29.939  70.759 0.0000000000
51782  5.486  -29.680  70.541 0.0000000000
51798  6.499  -30.117  70.347 0.0000000000
51800  5.792  -29.549  70.296 0.0000000000
51813  6.158  -29.730  69.804 0.0000000000
51814  6.006  -29.462  69.896 0.0000000000
51826  7.497  -30.762  68.821 0.0000000000
51827  6.050  -29.932  69.338 0.0000000000
51828  5.851  -30.050  69.071 0.0000000000
51889  4.805  -30.179  65.367 0.0000000000
51935  9.577  -31.561  61.006 0.0000000000
51946  9.997  -31.805  60.967 0.0000000000
51947  9.749  -31.674  60.825 0.0000000000
51948  7.684  -31.444  60.283 0.0000000000
51949  7.508  -31.343  60.182 0.0000000000
51950  5.959  -30.408  60.485 0.0000000000
51960  7.820  -31.579  60.058 0.0000000000
51963  5.639  -30.255  60.104 0.0000000000
52925  10.917  -30.382  75.497 0.0000000000
52945  7.357  -30.073  74.048 0.0000000000
52946  7.120  -30.002  74.074 0.0000000000
52947  6.876  -29.943  74.003 0.0000000000
52960  6.932  -29.904  73.567 0.0000000000
52973  6.959  -29.928  73.248 0.0000000000
52984  5.093  -29.982  70.823 0.0000000000
53001  5.112  -29.464  70.379 0.0000000000
53011  6.918  -30.182  71.106 0.0000000000
53012  6.874  -30.060  70.953 0.0000000000
53023  7.729  -30.878  68.858 0.0000000000
53024  7.573  -30.902  68.647 0.0000000000
53025  5.575  -29.613  68.920 0.0000000000
53026  5.610  -29.453  69.119 0.0000000000
53027  5.803  -29.506  69.502 0.0000000000
53038  8.134  -30.968  68.975 0.0000000000
53039  7.742  -31.066  68.694 0.0000000000
53040  5.650  -29.850  68.889 0.0000000000
53041  5.456  -29.729  68.624 0.0000000000
53042  5.563  -29.827  68.838 0.0000000000
53081  4.720  -29.861  65.245 0.0000000000
53108  5.522  -29.860  64.095 0.0000000000
53118  5.474  -29.685  62.584 0.0000000000
53120  5.596  -30.045  63.358 0.0000000000
53141  5.315  -29.230  60.583 0.0000000000
53152  5.637  -29.517  59.130 0.0000000000
53168  6.009  -29.319  57.653 0.0000000000
54102  9.958  -29.241  74.847 0.0000000000
54113  7.345  -29.232  74.205 0.0000000000
54132  4.919  -29.297  70.095 0.0000000000
54141  6.815  -29.708  71.154 0.0000000000
54142  4.935  -29.257  70.027 0.0000000000
54151  5.405  -29.101  69.040 0.0000000000
54152  5.692  -29.040  69.984 0.0000000000
54159  5.535  -29.627  68.837 0.0000000000
54160  5.429  -29.475  68.680 0.0000000000
54229  5.413  -29.288  62.944 0.0000000000
54236  5.469  -29.647  62.962 0.0000000000
54237  5.530  -29.804  63.309 0.0000000000
54247  5.322  -29.227  61.455 0.0000000000
54248  5.258  -28.997  60.984 0.0000000000
54255  5.262  -29.247  59.592 0.0000000000
54256  5.344  -29.220  59.882 0.0000000000
54266  5.365  -29.375  59.288 0.0000000000
54267  5.394  -29.465  59.583 0.0000000000
54276  5.669  -29.283  58.298 0.0000000000
54286  5.900  -29.222  58.124 0.0000000000
54287  5.652  -29.164  58.073 0.0000000000
55208  7.811  -27.697  75.105 0.0000000000
55259  4.993  -29.128  69.910 0.0000000000
55268  4.773  -28.499  69.580 0.0000000000
55269  5.066  -28.903  69.007 0.0000000000
55270  5.452  -28.822  69.544 0.0000000000
55299  5.471  -28.604  65.378 0.0000000000
55330  5.356  -28.821  62.913 0.0000000000
55331  5.279  -28.855  63.474 0.0000000000
55340  5.293  -29.093  63.373 0.0000000000
55353  5.347  -29.001  61.709 0.0000000000
55363  4.866  -28.502  60.381 0.0000000000
55372  4.920  -29.162  59.212 0.0000000000
55381  4.747  -29.184  58.835 0.0000000000
56433  5.494  -28.729  69.789 0.0000000000
56444  5.256  -28.976  69.363 0.0000000000
56462  9.665  -26.506  67.315 0.0000000000
56464  6.423  -27.615  66.777 0.0000000000
56478  9.632  -26.639  67.111 0.0000000000
56480  5.543  -28.268  65.042 0.0000000000
56495  5.539  -28.054  64.456 0.0000000000
56509  7.232  -27.471  63.749 0.0000000000
56523  7.186  -27.656  63.368 0.0000000000
56524  6.918  -27.524  63.566 0.0000000000
56549  4.891  -28.395  61.583 0.0000000000
56561  4.692  -28.357  60.021 0.0000000000
56576  4.666  -28.473  59.640 0.0000000000
56593  4.405  -28.200  58.658 0.0000000000
57730  9.900  -26.203  67.447 0.0000000000
57753  5.696  -27.737  65.410 0.0000000000
57771  5.550  -27.956  64.008 0.0000000000
57789  7.490  -27.382  63.879 0.0000000000
57790  7.054  -27.423  63.951 0.0000000000
57791  5.689  -27.521  63.662 0.0000000000
57823  6.353  -26.985  63.187 0.0000000000
57855  6.154  -27.323  61.724 0.0000000000
58944  7.266  -27.227  75.097 0.0000000000
59016  6.487  -25.967  71.854 0.0000000000
59080  6.445  -27.487  66.239 0.0000000000
59081  6.184  -27.509  66.009 0.0000000000
59082  6.154  -27.596  66.175 0.0000000000
59098  7.232  -27.367  65.530 0.0000000000
59101  6.168  -27.480  65.696 0.0000000000
59138  7.699  -27.417  64.631 0.0000000000
59141  6.377  -27.341  64.097 0.0000000000
59156  6.404  -27.236  63.518 0.0000000000
59170  6.224  -26.638  63.181 0.0000000000
59200  4.825  -27.492  60.119 0.0000000000
59220  4.809  -27.519  59.445 0.0000000000
60276  8.078  -24.548  72.783 0.0000000000
60298  7.625  -25.188  71.172 0.0000000000
60487  5.498  -26.928  60.576 0.0000000000
60506  5.581  -27.143  59.868 0.0000000000
60526  5.669  -26.784  58.795 0.0000000000
61495  7.099  -25.448  71.356 0.0000000000
61511  7.253  -25.487  71.100 0.0000000000
61512  6.914  -25.585  71.263 0.0000000000
61527  7.178  -25.641  70.934 0.0000000000
61528  6.997  -25.703  71.055 0.0000000000
142541  7.659  -27.340  75.036 0.0000000000
142543  6.295  -27.626  66.429 0.0000000000
142938  5.199  -28.459  62.529 0.0000000000
142939  5.274  -28.785  61.971 0.0000000000
142943  5.500  -27.645  63.030 0.0000000000
142944  5.903  -27.466  62.007 0.0000000000
