#!ascii label  , from subject 3171 vox2ras=TkReg
1049
33141  28.156  -45.371  69.640 0.0000000000
71758  49.289  -16.147  56.787 0.0000000000
74159  57.296  -12.851  52.461 0.0000000000
60399  47.613  -24.418  63.244 0.0000000000
44707  33.618  -37.409  66.157 0.0000000000
38382  31.533  -43.596  66.765 0.0000000000
74092  53.393  -13.400  55.351 0.0000000000
70592  52.477  -15.943  59.361 0.0000000000
57737  44.286  -26.998  64.530 0.0000000000
49269  37.547  -34.874  66.839 0.0000000000
86136  58.049  -2.877  50.573 0.0000000000
77749  55.260  -9.072  52.846 0.0000000000
63770  46.540  -22.303  61.262 0.0000000000
68292  48.873  -18.081  62.436 0.0000000000
41021  30.986  -41.226  67.610 0.0000000000
34370  30.806  -45.040  69.083 0.0000000000
72890  51.400  -14.922  56.300 0.0000000000
73999  53.241  -14.277  57.916 0.0000000000
72810  51.068  -15.031  59.238 0.0000000000
49362  43.408  -32.860  63.557 0.0000000000
41017  34.609  -38.947  67.947 0.0000000000
48110  35.866  -35.678  67.092 0.0000000000
43503  36.472  -37.992  66.737 0.0000000000
87253  56.317  -2.590  51.759 0.0000000000
83814  56.897  -3.915  51.110 0.0000000000
83758  56.370  -5.054  53.195 0.0000000000
74183  55.348  -12.953  51.072 0.0000000000
76552  53.803  -10.667  51.942 0.0000000000
75339  56.177  -11.661  50.500 0.0000000000
77794  56.636  -9.868  50.377 0.0000000000
73027  56.829  -13.017  49.749 0.0000000000
57734  45.937  -26.085  64.380 0.0000000000
61621  45.379  -24.884  63.520 0.0000000000
62638  47.074  -22.692  63.689 0.0000000000
65994  47.388  -19.996  62.107 0.0000000000
64814  48.430  -21.210  63.846 0.0000000000
64855  49.570  -20.126  62.255 0.0000000000
60420  48.748  -23.528  61.800 0.0000000000
42250  32.431  -39.911  68.345 0.0000000000
72962  53.535  -13.894  51.975 0.0000000000
74113  55.359  -12.832  54.293 0.0000000000
74040  55.003  -14.008  56.216 0.0000000000
69487  54.116  -16.347  57.060 0.0000000000
51874  40.829  -31.563  65.268 0.0000000000
53066  41.735  -30.308  63.778 0.0000000000
55318  44.812  -28.039  63.551 0.0000000000
55332  46.493  -27.778  62.598 0.0000000000
55348  47.862  -26.917  60.900 0.0000000000
51893  38.693  -32.088  63.928 0.0000000000
48088  39.805  -34.402  66.482 0.0000000000
83857  58.880  -3.456  48.216 0.0000000000
82561  54.891  -5.833  53.584 0.0000000000
80189  55.774  -7.528  52.582 0.0000000000
79014  55.488  -9.130  49.888 0.0000000000
71688  49.157  -16.228  59.891 0.0000000000
69409  50.781  -17.023  60.928 0.0000000000
66003  51.684  -19.328  60.060 0.0000000000
33154  28.859  -46.013  68.464 0.0000000000
33139  29.246  -45.410  68.311 0.0000000000
33166  29.837  -45.760  67.906 0.0000000000
71739  50.677  -15.225  56.839 0.0000000000
72855  51.212  -14.907  57.776 0.0000000000
71724  50.034  -15.940  57.927 0.0000000000
41048  35.268  -38.754  67.510 0.0000000000
86158  55.434  -3.118  51.549 0.0000000000
86122  56.582  -3.408  52.631 0.0000000000
84977  55.439  -4.123  53.063 0.0000000000
74160  56.560  -12.673  52.254 0.0000000000
75340  56.055  -12.024  50.549 0.0000000000
75322  56.614  -12.548  51.254 0.0000000000
74204  56.603  -12.171  50.325 0.0000000000
59104  46.438  -25.515  63.825 0.0000000000
61582  46.452  -24.291  63.672 0.0000000000
61565  47.361  -23.513  64.251 0.0000000000
63711  47.606  -21.901  63.760 0.0000000000
62652  48.483  -23.035  63.885 0.0000000000
62667  48.629  -22.510  62.755 0.0000000000
61619  48.083  -23.748  62.960 0.0000000000
42251  31.810  -40.191  68.122 0.0000000000
39698  32.006  -41.494  68.010 0.0000000000
41033  32.752  -40.842  67.654 0.0000000000
72920  53.005  -14.259  54.451 0.0000000000
71800  52.469  -14.803  53.007 0.0000000000
72919  53.643  -13.919  54.010 0.0000000000
74139  54.476  -13.193  53.297 0.0000000000
74090  54.668  -12.758  55.327 0.0000000000
74089  55.416  -13.027  55.110 0.0000000000
74064  54.780  -13.117  56.062 0.0000000000
71701  52.802  -15.167  58.637 0.0000000000
71699  53.629  -15.118  57.799 0.0000000000
69453  53.127  -16.474  58.375 0.0000000000
68351  53.531  -17.210  57.539 0.0000000000
68334  53.094  -17.630  58.779 0.0000000000
51843  41.336  -32.588  65.561 0.0000000000
53056  41.328  -30.976  64.673 0.0000000000
51857  41.929  -31.537  64.524 0.0000000000
53101  43.440  -30.137  62.338 0.0000000000
54200  45.546  -28.309  62.871 0.0000000000
49286  36.561  -35.057  66.642 0.0000000000
50623  37.056  -34.221  65.537 0.0000000000
51863  38.288  -33.394  65.581 0.0000000000
51831  39.064  -33.348  65.869 0.0000000000
49282  38.872  -34.299  66.494 0.0000000000
88348  57.843  -1.677  50.440 0.0000000000
83827  58.739  -3.170  49.426 0.0000000000
82594  56.036  -5.012  51.530 0.0000000000
76536  54.860  -9.664  52.384 0.0000000000
77752  53.217  -9.373  52.555 0.0000000000
78963  54.289  -8.324  53.345 0.0000000000
81370  53.695  -7.123  52.978 0.0000000000
78949  54.950  -8.012  53.538 0.0000000000
80154  56.217  -7.093  53.971 0.0000000000
78961  55.763  -8.321  52.762 0.0000000000
76622  56.799  -11.028  48.661 0.0000000000
79013  56.181  -9.385  49.924 0.0000000000
56469  42.750  -27.960  64.340 0.0000000000
59125  44.196  -26.660  63.713 0.0000000000
62677  46.187  -23.160  61.736 0.0000000000
61637  45.727  -25.187  62.004 0.0000000000
68294  47.834  -18.788  62.382 0.0000000000
68314  46.904  -17.821  61.020 0.0000000000
70564  47.617  -17.051  61.886 0.0000000000
70594  47.359  -16.682  60.342 0.0000000000
71660  48.694  -16.440  61.533 0.0000000000
71658  49.496  -16.523  60.946 0.0000000000
69391  49.731  -17.279  61.704 0.0000000000
63752  49.903  -21.234  61.323 0.0000000000
65991  50.630  -19.519  61.445 0.0000000000
63768  50.973  -20.930  60.536 0.0000000000
63799  51.769  -20.574  59.270 0.0000000000
38338  30.336  -42.874  68.048 0.0000000000
142461  30.917  -44.576  68.086 0.0000000000
35682  31.608  -44.208  66.646 0.0000000000
33164  31.085  -45.508  67.461 0.0000000000
72888  53.001  -14.319  56.065 0.0000000000
74043  53.674  -14.279  56.751 0.0000000000
74045  52.420  -14.459  57.325 0.0000000000
74001  52.231  -14.719  58.315 0.0000000000
72790  51.657  -15.402  59.249 0.0000000000
43490  33.846  -37.558  68.075 0.0000000000
46936  34.826  -36.589  66.715 0.0000000000
45807  34.869  -37.064  67.389 0.0000000000
45805  35.787  -37.017  67.386 0.0000000000
45821  37.015  -36.827  67.475 0.0000000000
45836  37.845  -36.524  66.645 0.0000000000
44706  37.311  -37.651  66.166 0.0000000000
87251  57.443  -2.271  51.347 0.0000000000
83794  57.868  -3.212  50.481 0.0000000000
84995  57.204  -3.680  52.015 0.0000000000
83796  56.653  -4.504  51.935 0.0000000000
82575  56.220  -5.506  52.769 0.0000000000
74209  54.049  -12.436  50.537 0.0000000000
76586  54.526  -11.117  50.616 0.0000000000
76567  55.649  -10.576  50.941 0.0000000000
76549  55.712  -9.669  51.874 0.0000000000
77763  56.174  -9.318  51.835 0.0000000000
76565  56.345  -10.434  50.705 0.0000000000
75383  56.977  -11.317  49.572 0.0000000000
57736  44.948  -26.828  65.116 0.0000000000
59106  44.713  -26.185  64.309 0.0000000000
60382  45.485  -25.055  64.082 0.0000000000
62654  46.701  -23.186  63.394 0.0000000000
63742  46.890  -22.338  62.813 0.0000000000
64866  47.242  -20.658  61.878 0.0000000000
63741  46.982  -21.331  63.080 0.0000000000
67086  47.803  -19.955  63.841 0.0000000000
67102  49.038  -19.347  63.295 0.0000000000
67101  49.343  -18.945  62.455 0.0000000000
64843  49.257  -20.474  62.800 0.0000000000
63739  49.328  -21.552  61.774 0.0000000000
61649  49.891  -23.452  60.994 0.0000000000
43493  31.608  -40.083  67.225 0.0000000000
43504  32.771  -38.882  67.200 0.0000000000
44696  33.087  -38.103  67.424 0.0000000000
43466  33.654  -38.843  68.402 0.0000000000
41051  33.344  -40.442  66.944 0.0000000000
72961  54.280  -13.572  51.661 0.0000000000
74161  55.921  -12.709  52.338 0.0000000000
74136  56.932  -12.837  53.341 0.0000000000
74087  56.114  -13.612  54.042 0.0000000000
72902  55.550  -14.094  54.666 0.0000000000
70663  55.243  -15.203  55.911 0.0000000000
74018  54.026  -14.459  57.007 0.0000000000
71721  54.329  -14.873  57.024 0.0000000000
54188  40.334  -30.275  63.769 0.0000000000
54174  41.233  -29.521  64.064 0.0000000000
55289  42.394  -28.761  63.952 0.0000000000
55288  43.097  -28.389  64.232 0.0000000000
51873  42.208  -31.493  63.802 0.0000000000
54203  43.100  -29.468  63.320 0.0000000000
55286  44.715  -27.549  64.482 0.0000000000
55301  45.475  -27.552  64.037 0.0000000000
56497  46.200  -27.121  63.697 0.0000000000
57772  46.776  -26.404  63.212 0.0000000000
57794  47.446  -25.899  62.312 0.0000000000
55341  47.125  -27.815  61.763 0.0000000000
51876  39.948  -31.567  65.114 0.0000000000
51845  40.195  -32.876  66.086 0.0000000000
48105  41.011  -33.996  65.881 0.0000000000
44690  39.270  -35.989  65.904 0.0000000000
45847  39.929  -35.637  65.431 0.0000000000
85053  59.746  -2.684  47.904 0.0000000000
83798  54.366  -4.883  52.562 0.0000000000
83760  55.590  -5.200  53.721 0.0000000000
81368  56.091  -6.443  53.182 0.0000000000
80191  55.558  -7.109  51.858 0.0000000000
80204  56.116  -8.664  51.352 0.0000000000
80219  55.549  -8.248  51.056 0.0000000000
80220  55.091  -7.584  50.818 0.0000000000
60444  44.475  -25.848  62.930 0.0000000000
70631  47.912  -16.220  58.512 0.0000000000
71725  49.348  -16.278  58.421 0.0000000000
71687  50.026  -16.008  59.197 0.0000000000
71656  50.655  -16.223  60.044 0.0000000000
69407  51.761  -16.905  60.236 0.0000000000
67116  50.142  -18.316  61.665 0.0000000000
67125  51.178  -18.041  61.284 0.0000000000
68323  52.223  -17.693  59.709 0.0000000000
66016  52.478  -18.980  59.026 0.0000000000
59159  48.621  -25.364  61.499 0.0000000000
59171  49.920  -24.885  60.557 0.0000000000
31904  28.391  -46.322  68.440 0.0000000000
33155  28.005  -45.834  68.727 0.0000000000
33140  28.365  -45.437  68.719 0.0000000000
71757  50.058  -15.699  56.504 0.0000000000
71740  49.990  -15.624  57.234 0.0000000000
84996  55.522  -3.662  52.885 0.0000000000
84997  55.031  -4.046  52.467 0.0000000000
74180  56.601  -12.594  50.998 0.0000000000
72959  57.436  -13.252  52.039 0.0000000000
59103  47.024  -24.954  63.548 0.0000000000
59083  47.002  -24.588  63.812 0.0000000000
60380  47.759  -24.134  64.091 0.0000000000
61564  47.878  -23.309  64.342 0.0000000000
61581  48.211  -23.368  64.159 0.0000000000
61600  48.206  -23.671  63.723 0.0000000000
142463  31.262  -42.976  67.352 0.0000000000
39685  31.760  -41.633  67.935 0.0000000000
142468  31.876  -42.591  67.143 0.0000000000
38381  32.022  -42.855  66.354 0.0000000000
74116  53.406  -13.793  55.020 0.0000000000
74115  53.713  -13.328  54.474 0.0000000000
74091  53.774  -12.829  55.386 0.0000000000
74065  53.934  -13.055  56.208 0.0000000000
71683  52.790  -15.554  58.779 0.0000000000
70608  53.188  -15.732  58.469 0.0000000000
70591  52.767  -16.132  58.970 0.0000000000
69437  52.914  -16.734  58.604 0.0000000000
69438  52.766  -16.692  58.831 0.0000000000
50596  41.387  -32.982  65.694 0.0000000000
50618  41.742  -32.700  65.322 0.0000000000
49333  42.071  -33.356  65.025 0.0000000000
48092  36.909  -35.140  66.853 0.0000000000
49320  36.741  -34.460  65.906 0.0000000000
49304  37.068  -34.318  65.978 0.0000000000
50622  37.701  -33.739  65.608 0.0000000000
50601  37.909  -33.946  66.004 0.0000000000
50578  37.985  -34.174  66.338 0.0000000000
49283  38.055  -34.542  66.676 0.0000000000
87250  57.941  -2.342  50.707 0.0000000000
87269  58.292  -1.834  50.056 0.0000000000
86157  58.565  -2.644  50.110 0.0000000000
86168  58.944  -2.647  49.432 0.0000000000
85013  58.856  -3.080  50.196 0.0000000000
77750  54.579  -9.028  53.010 0.0000000000
77734  54.764  -8.485  53.308 0.0000000000
77733  55.104  -8.524  53.272 0.0000000000
78948  55.369  -7.903  53.517 0.0000000000
78962  55.520  -8.464  52.988 0.0000000000
75387  55.968  -11.068  48.569 0.0000000000
76612  56.355  -10.833  48.744 0.0000000000
57738  43.537  -27.436  64.341 0.0000000000
57757  43.827  -27.424  64.242 0.0000000000
57756  44.213  -26.949  64.303 0.0000000000
62688  46.171  -22.902  60.879 0.0000000000
68293  48.410  -18.369  62.438 0.0000000000
69411  47.642  -17.760  61.929 0.0000000000
70542  48.025  -16.995  62.290 0.0000000000
70563  48.178  -16.574  61.765 0.0000000000
70541  48.665  -16.780  62.267 0.0000000000
70540  49.342  -16.727  62.075 0.0000000000
69393  49.100  -17.330  62.318 0.0000000000
62675  50.426  -21.760  60.949 0.0000000000
63751  50.760  -21.049  61.121 0.0000000000
62687  50.705  -21.912  60.361 0.0000000000
63784  51.057  -21.311  59.702 0.0000000000
35663  30.001  -44.745  68.227 0.0000000000
37021  29.745  -43.704  68.218 0.0000000000
142465  30.714  -44.600  68.689 0.0000000000
142469  30.839  -43.733  67.700 0.0000000000
34385  31.349  -44.788  69.036 0.0000000000
34404  31.295  -44.908  67.435 0.0000000000
34387  31.015  -45.114  68.323 0.0000000000
72906  51.285  -15.131  55.620 0.0000000000
71769  51.379  -15.098  54.971 0.0000000000
72905  52.036  -14.603  55.444 0.0000000000
72889  52.329  -14.467  56.496 0.0000000000
72832  51.216  -15.114  58.773 0.0000000000
72854  51.683  -14.868  58.332 0.0000000000
72831  51.688  -14.962  58.712 0.0000000000
72808  51.917  -15.180  58.963 0.0000000000
72809  51.373  -14.932  59.244 0.0000000000
42247  34.297  -38.402  68.393 0.0000000000
44667  34.534  -37.447  68.124 0.0000000000
43475  35.180  -38.110  68.458 0.0000000000
42275  35.903  -38.492  67.137 0.0000000000
43474  35.495  -37.923  67.982 0.0000000000
43488  36.109  -37.822  67.337 0.0000000000
44664  36.649  -37.072  67.468 0.0000000000
43502  36.732  -37.592  66.917 0.0000000000
44693  37.247  -37.407  66.641 0.0000000000
87273  55.885  -2.592  51.170 0.0000000000
87272  56.594  -1.969  51.021 0.0000000000
88336  57.196  -1.845  51.272 0.0000000000
87252  56.986  -2.082  51.678 0.0000000000
86137  57.528  -2.820  51.279 0.0000000000
86138  57.186  -2.870  52.124 0.0000000000
84975  56.217  -3.943  53.147 0.0000000000
84974  56.571  -4.188  52.777 0.0000000000
83777  56.466  -4.746  52.675 0.0000000000
74184  54.917  -12.989  50.757 0.0000000000
75362  54.460  -11.740  50.560 0.0000000000
75360  55.317  -12.059  50.572 0.0000000000
76550  55.208  -10.049  51.684 0.0000000000
76566  56.048  -10.351  51.083 0.0000000000
74220  56.915  -12.454  49.980 0.0000000000
75359  56.786  -11.449  50.021 0.0000000000
74232  56.690  -12.319  49.609 0.0000000000
74233  56.554  -12.082  49.170 0.0000000000
73044  56.331  -12.827  49.103 0.0000000000
57735  45.536  -26.677  64.698 0.0000000000
59086  45.369  -26.018  64.479 0.0000000000
59085  46.035  -25.769  64.258 0.0000000000
62624  46.861  -23.268  63.989 0.0000000000
61583  46.422  -24.074  63.595 0.0000000000
63725  47.137  -22.227  63.205 0.0000000000
63724  47.324  -21.743  63.401 0.0000000000
64815  48.207  -21.067  64.172 0.0000000000
64816  47.813  -21.032  64.209 0.0000000000
65954  48.148  -20.356  64.179 0.0000000000
67085  48.079  -19.933  63.814 0.0000000000
65953  48.547  -20.467  63.679 0.0000000000
65968  49.211  -19.861  63.096 0.0000000000
64830  48.910  -20.969  63.303 0.0000000000
63740  48.989  -21.481  62.704 0.0000000000
62666  48.934  -22.302  61.950 0.0000000000
61616  49.525  -22.552  61.511 0.0000000000
61633  49.521  -23.265  61.380 0.0000000000
42263  30.838  -41.220  67.388 0.0000000000
42278  31.224  -40.621  66.722 0.0000000000
42262  31.326  -40.734  67.538 0.0000000000
43479  32.089  -39.490  68.046 0.0000000000
43468  32.379  -39.463  68.265 0.0000000000
43491  32.643  -38.822  67.815 0.0000000000
43478  32.721  -38.884  68.196 0.0000000000
44669  33.311  -38.471  68.138 0.0000000000
42249  33.247  -39.678  68.312 0.0000000000
72963  52.852  -14.362  52.477 0.0000000000
72937  54.006  -13.568  52.670 0.0000000000
74138  55.295  -12.873  53.350 0.0000000000
74137  56.041  -12.735  53.305 0.0000000000
74112  55.999  -13.293  53.964 0.0000000000
74111  57.090  -13.210  53.917 0.0000000000
74062  55.263  -13.806  55.518 0.0000000000
72903  55.341  -13.932  55.107 0.0000000000
72887  55.268  -14.280  55.718 0.0000000000
71754  55.375  -14.645  55.269 0.0000000000
71755  55.333  -14.738  55.896 0.0000000000
74020  53.034  -14.303  57.680 0.0000000000
74019  53.629  -14.288  57.070 0.0000000000
72853  53.627  -14.573  57.456 0.0000000000
70630  54.086  -15.491  57.322 0.0000000000
71722  54.037  -15.013  57.407 0.0000000000
69486  54.578  -15.771  56.478 0.0000000000
53068  40.507  -30.847  64.899 0.0000000000
54187  40.799  -29.985  64.332 0.0000000000
54186  40.897  -30.424  64.662 0.0000000000
53055  41.562  -30.788  64.274 0.0000000000
54172  41.899  -30.009  63.968 0.0000000000
54171  42.290  -29.099  63.896 0.0000000000
50646  42.706  -32.255  63.820 0.0000000000
50655  43.339  -31.910  63.322 0.0000000000
54220  44.036  -29.328  62.618 0.0000000000
54221  43.436  -29.636  62.907 0.0000000000
55319  44.025  -28.278  63.614 0.0000000000
55303  44.108  -28.083  63.945 0.0000000000
56483  45.053  -27.442  64.894 0.0000000000
55333  46.127  -27.942  62.954 0.0000000000
55316  45.988  -27.868  63.380 0.0000000000
55315  46.235  -27.592  63.208 0.0000000000
57773  46.415  -26.287  63.813 0.0000000000
56496  46.491  -27.188  63.091 0.0000000000
56512  46.823  -26.926  62.424 0.0000000000
46944  35.278  -36.161  66.289 0.0000000000
46953  35.267  -35.953  65.635 0.0000000000
48126  35.158  -35.141  64.922 0.0000000000
51878  38.134  -32.951  65.029 0.0000000000
51892  39.269  -31.524  64.241 0.0000000000
51877  39.283  -31.924  64.734 0.0000000000
50576  39.335  -33.719  66.307 0.0000000000
51846  39.497  -32.935  65.706 0.0000000000
50599  40.303  -33.464  66.291 0.0000000000
50598  40.806  -33.196  66.166 0.0000000000
46932  40.584  -34.508  65.955 0.0000000000
44691  38.698  -36.389  66.111 0.0000000000
45858  40.272  -35.549  65.117 0.0000000000
85042  59.208  -3.089  48.621 0.0000000000
85054  59.269  -3.314  48.053 0.0000000000
85067  58.897  -3.802  47.559 0.0000000000
83795  57.231  -3.558  51.169 0.0000000000
75325  53.305  -11.043  51.518 0.0000000000
75326  52.752  -10.646  51.613 0.0000000000
75309  53.353  -10.367  52.073 0.0000000000
81369  54.183  -6.629  53.289 0.0000000000
81390  53.419  -6.645  52.265 0.0000000000
81389  54.016  -6.162  52.705 0.0000000000
82579  53.901  -5.649  52.375 0.0000000000
82578  54.424  -5.676  52.964 0.0000000000
83780  54.979  -4.859  53.354 0.0000000000
82546  55.444  -5.863  54.027 0.0000000000
80169  56.030  -7.055  53.073 0.0000000000
81352  56.404  -6.464  53.732 0.0000000000
81386  55.765  -6.415  52.659 0.0000000000
80190  55.756  -7.303  52.131 0.0000000000
77782  56.417  -9.713  50.801 0.0000000000
78977  56.316  -9.041  51.612 0.0000000000
78999  56.292  -9.281  50.756 0.0000000000
80235  55.994  -8.844  50.551 0.0000000000
80236  55.545  -8.661  50.449 0.0000000000
80237  54.859  -8.362  50.331 0.0000000000
60401  44.805  -25.249  63.967 0.0000000000
60425  44.497  -25.851  63.522 0.0000000000
60424  44.923  -25.223  63.432 0.0000000000
68315  46.750  -17.545  60.379 0.0000000000
70609  47.904  -16.472  60.122 0.0000000000
70610  47.440  -16.483  59.531 0.0000000000
71705  48.282  -16.242  59.503 0.0000000000
71726  48.324  -16.181  58.694 0.0000000000
71704  49.204  -16.108  59.123 0.0000000000
70560  49.762  -16.774  61.156 0.0000000000
71657  50.052  -16.479  60.446 0.0000000000
70559  50.355  -16.682  60.716 0.0000000000
70558  51.129  -16.383  60.239 0.0000000000
65981  49.646  -19.358  62.316 0.0000000000
67117  49.761  -18.876  62.047 0.0000000000
65992  50.044  -19.375  61.977 0.0000000000
64865  51.196  -19.660  61.181 0.0000000000
66005  51.186  -18.968  61.249 0.0000000000
67136  51.489  -18.347  60.873 0.0000000000
68312  51.798  -17.610  60.234 0.0000000000
67135  51.809  -18.429  60.026 0.0000000000
67149  52.406  -18.148  59.522 0.0000000000
66017  52.208  -18.796  59.505 0.0000000000
64890  52.318  -20.000  58.832 0.0000000000
57811  47.815  -25.951  61.710 0.0000000000
59144  47.937  -25.325  62.014 0.0000000000
57825  48.292  -26.103  61.443 0.0000000000
34372  29.119  -44.868  68.383 0.0000000000
34371  29.948  -44.990  68.198 0.0000000000
33152  30.495  -45.208  68.158 0.0000000000
33153  29.643  -45.641  68.178 0.0000000000
33167  29.321  -46.103  68.144 0.0000000000
71756  50.733  -15.423  56.068 0.0000000000
72873  51.316  -14.778  57.187 0.0000000000
71723  50.698  -15.276  57.624 0.0000000000
71702  50.717  -15.416  58.387 0.0000000000
41050  34.030  -39.420  67.078 0.0000000000
41031  34.854  -38.865  67.728 0.0000000000
41049  34.879  -39.154  67.292 0.0000000000
41069  34.974  -39.274  66.693 0.0000000000
87254  55.941  -2.969  51.728 0.0000000000
86139  56.510  -2.916  52.269 0.0000000000
86140  55.741  -3.152  52.470 0.0000000000
84976  55.825  -3.700  53.178 0.0000000000
83778  55.948  -4.186  53.335 0.0000000000
74182  55.863  -12.579  51.178 0.0000000000
74181  56.217  -12.541  51.493 0.0000000000
74205  56.906  -12.671  50.472 0.0000000000
59084  46.257  -25.311  63.907 0.0000000000
60364  46.484  -24.851  63.734 0.0000000000
60363  46.919  -24.337  64.094 0.0000000000
62623  47.287  -22.850  64.089 0.0000000000
63696  47.748  -22.266  64.074 0.0000000000
62637  48.054  -22.313  64.216 0.0000000000
63709  48.167  -21.694  64.020 0.0000000000
63723  48.507  -21.536  63.480 0.0000000000
62651  48.406  -22.310  63.435 0.0000000000
61599  48.439  -23.120  63.264 0.0000000000
61618  48.562  -23.356  62.340 0.0000000000
41007  31.241  -41.280  67.886 0.0000000000
39686  31.096  -41.902  68.272 0.0000000000
41006  31.811  -40.863  68.172 0.0000000000
41005  32.509  -40.489  68.216 0.0000000000
41018  32.909  -40.379  68.198 0.0000000000
39718  32.282  -41.450  67.819 0.0000000000
72940  52.500  -15.073  53.870 0.0000000000
72939  52.904  -14.552  53.427 0.0000000000
72938  53.392  -13.994  53.240 0.0000000000
74140  53.869  -13.602  53.573 0.0000000000
74114  54.534  -12.855  54.395 0.0000000000
74041  54.596  -13.811  56.420 0.0000000000
72829  52.796  -14.814  58.513 0.0000000000
72828  53.498  -14.655  57.938 0.0000000000
71700  53.191  -15.092  58.427 0.0000000000
70607  53.469  -15.802  57.897 0.0000000000
69472  53.530  -16.415  57.671 0.0000000000
68333  53.261  -17.276  58.199 0.0000000000
67164  53.341  -17.986  58.599 0.0000000000
51859  40.899  -32.026  65.358 0.0000000000
53067  40.938  -30.994  65.006 0.0000000000
51858  41.484  -31.980  65.201 0.0000000000
53054  41.711  -30.835  64.006 0.0000000000
51904  43.408  -31.224  62.437 0.0000000000
54219  44.529  -29.338  62.521 0.0000000000
55317  45.497  -27.968  63.465 0.0000000000
53083  45.211  -28.785  62.607 0.0000000000
54218  45.792  -28.534  62.594 0.0000000000
48109  36.247  -35.273  66.649 0.0000000000
49322  35.759  -34.837  65.345 0.0000000000
49321  36.276  -34.674  65.735 0.0000000000
50647  36.851  -33.757  64.287 0.0000000000
50637  37.119  -33.910  64.881 0.0000000000
51879  37.603  -33.436  64.888 0.0000000000
51862  38.827  -32.868  65.215 0.0000000000
51848  38.339  -33.563  65.776 0.0000000000
50577  38.624  -33.767  66.181 0.0000000000
48089  39.207  -34.746  66.648 0.0000000000
86169  58.907  -2.052  49.539 0.0000000000
85041  59.056  -2.878  48.971 0.0000000000
83844  59.047  -3.146  48.813 0.0000000000
83815  56.499  -4.449  51.348 0.0000000000
76537  53.990  -9.918  52.459 0.0000000000
76538  53.319  -9.818  52.465 0.0000000000
77751  53.711  -9.120  52.848 0.0000000000
78964  53.659  -8.360  52.964 0.0000000000
80171  53.896  -7.599  53.330 0.0000000000
80170  54.601  -7.439  53.665 0.0000000000
81355  55.054  -6.616  53.893 0.0000000000
81354  55.768  -6.554  54.284 0.0000000000
80155  55.927  -7.272  54.115 0.0000000000
78947  55.595  -7.749  53.463 0.0000000000
78946  55.879  -7.704  53.162 0.0000000000
77806  56.630  -10.148  49.681 0.0000000000
79022  56.729  -9.835  49.957 0.0000000000
76600  56.320  -10.374  49.312 0.0000000000
77796  55.943  -9.751  49.501 0.0000000000
56470  42.313  -28.272  63.846 0.0000000000
61620  45.752  -24.562  63.078 0.0000000000
60442  45.612  -24.834  62.828 0.0000000000
61636  45.841  -24.393  62.217 0.0000000000
61650  46.056  -23.850  61.122 0.0000000000
67118  47.498  -19.435  62.231 0.0000000000
67128  47.360  -19.209  61.668 0.0000000000
68304  47.375  -18.410  61.635 0.0000000000
69427  47.270  -17.487  61.405 0.0000000000
69428  46.827  -17.209  60.841 0.0000000000
70582  46.913  -16.884  60.504 0.0000000000
70581  47.454  -16.886  61.144 0.0000000000
70593  48.008  -16.746  60.717 0.0000000000
71689  48.521  -16.414  60.376 0.0000000000
71674  49.097  -16.275  60.726 0.0000000000
71659  49.075  -16.346  61.344 0.0000000000
70539  49.646  -16.903  61.661 0.0000000000
69410  50.060  -17.203  61.411 0.0000000000
64854  49.967  -20.202  61.581 0.0000000000
64853  50.802  -20.396  61.265 0.0000000000
64852  51.120  -20.683  61.034 0.0000000000
64864  51.331  -20.084  60.723 0.0000000000
64863  51.433  -19.919  60.044 0.0000000000
63783  51.283  -20.395  59.824 0.0000000000
41022  30.378  -41.545  67.851 0.0000000000
39688  30.083  -41.966  68.306 0.0000000000
39687  30.469  -42.027  68.330 0.0000000000
38337  30.899  -42.793  67.857 0.0000000000
142464  31.217  -43.474  67.341 0.0000000000
33165  30.548  -45.661  67.569 0.0000000000
72921  52.156  -14.934  54.654 0.0000000000
72904  53.054  -14.194  55.587 0.0000000000
74066  53.263  -13.973  56.029 0.0000000000
74044  52.975  -14.546  57.026 0.0000000000
74021  52.637  -14.390  57.846 0.0000000000
72872  51.825  -14.652  57.608 0.0000000000
74022  52.050  -14.727  57.960 0.0000000000
74000  52.725  -14.403  58.185 0.0000000000
71684  52.386  -15.375  58.937 0.0000000000
71669  52.085  -15.782  59.558 0.0000000000
49334  42.093  -33.789  64.845 0.0000000000
44695  33.587  -37.466  67.007 0.0000000000
45837  34.219  -36.988  66.527 0.0000000000
45823  34.395  -36.960  66.913 0.0000000000
46923  34.988  -36.692  67.091 0.0000000000
46922  35.335  -36.230  67.092 0.0000000000
42257  35.197  -38.348  68.225 0.0000000000
45806  35.231  -37.070  67.423 0.0000000000
46921  35.797  -35.889  67.181 0.0000000000
48078  36.092  -35.449  67.737 0.0000000000
48077  36.429  -35.454  67.202 0.0000000000
46906  37.378  -35.716  66.961 0.0000000000
46920  38.059  -35.607  66.787 0.0000000000
45820  37.490  -36.339  66.995 0.0000000000
44705  37.735  -37.231  66.108 0.0000000000
43513  37.564  -37.390  65.632 0.0000000000
88334  57.713  -1.991  50.891 0.0000000000
84993  58.085  -3.089  50.475 0.0000000000
84994  57.591  -3.086  50.980 0.0000000000
86121  56.919  -3.515  52.413 0.0000000000
83797  56.325  -4.849  51.790 0.0000000000
82576  55.923  -5.402  52.206 0.0000000000
82577  55.566  -5.669  51.833 0.0000000000
75344  53.478  -11.763  50.661 0.0000000000
75343  54.090  -11.341  50.704 0.0000000000
76569  54.354  -10.848  50.935 0.0000000000
75341  55.522  -11.633  50.544 0.0000000000
76568  54.945  -10.711  50.723 0.0000000000
76551  54.456  -10.464  51.707 0.0000000000
76535  55.494  -9.509  52.360 0.0000000000
76534  55.743  -9.415  52.354 0.0000000000
77747  55.983  -9.122  52.447 0.0000000000
77764  55.964  -9.400  52.188 0.0000000000
77772  56.233  -9.886  51.234 0.0000000000
76584  56.645  -10.338  50.411 0.0000000000
75338  56.417  -11.538  50.300 0.0000000000
76583  56.716  -10.912  50.136 0.0000000000
76599  56.867  -10.482  50.066 0.0000000000
76611  57.068  -10.915  48.898 0.0000000000
76621  56.739  -11.231  48.726 0.0000000000
59087  44.861  -26.535  64.699 0.0000000000
60383  44.896  -25.457  64.212 0.0000000000
60400  45.231  -24.852  64.023 0.0000000000
60381  46.111  -24.762  63.687 0.0000000000
61601  45.832  -24.641  63.559 0.0000000000
62668  46.259  -23.496  62.745 0.0000000000
63756  46.557  -22.323  62.119 0.0000000000
63769  46.928  -21.479  61.560 0.0000000000
63755  46.936  -21.436  62.409 0.0000000000
64856  47.107  -20.691  62.630 0.0000000000
64844  47.002  -20.710  63.051 0.0000000000
64817  47.486  -20.981  63.876 0.0000000000
65969  47.420  -20.489  63.261 0.0000000000
65983  47.387  -20.310  62.673 0.0000000000
68283  48.080  -19.569  62.713 0.0000000000
68282  48.340  -19.247  62.748 0.0000000000
68281  48.736  -18.857  62.886 0.0000000000
68280  49.109  -18.608  62.563 0.0000000000
65982  49.461  -19.758  62.606 0.0000000000
63754  49.285  -20.726  62.445 0.0000000000
63753  49.397  -20.850  61.925 0.0000000000
63738  49.575  -21.572  61.508 0.0000000000
62676  49.887  -22.032  61.257 0.0000000000
42261  31.647  -40.131  67.889 0.0000000000
44708  32.739  -37.998  66.561 0.0000000000
44684  33.282  -38.298  67.937 0.0000000000
44650  33.822  -38.353  68.346 0.0000000000
42259  34.083  -39.329  68.133 0.0000000000
42260  33.418  -40.040  68.004 0.0000000000
42269  33.386  -40.190  67.507 0.0000000000
42268  33.758  -39.608  67.623 0.0000000000
72988  54.558  -13.165  50.866 0.0000000000
72960  54.908  -13.309  51.491 0.0000000000
74163  54.653  -13.469  52.271 0.0000000000
74162  55.302  -13.115  52.169 0.0000000000
74135  57.733  -12.868  53.540 0.0000000000
72936  58.009  -13.120  53.239 0.0000000000
74110  58.104  -12.956  53.897 0.0000000000
72917  57.917  -13.447  53.946 0.0000000000
72918  56.546  -13.690  53.850 0.0000000000
74088  55.601  -13.549  54.663 0.0000000000
74042  54.119  -13.811  56.603 0.0000000000
72871  54.339  -14.261  56.662 0.0000000000
72827  53.753  -14.945  57.616 0.0000000000
72851  54.198  -14.604  56.988 0.0000000000
72870  54.520  -14.447  56.632 0.0000000000
71738  54.978  -14.792  56.376 0.0000000000
55307  40.428  -29.539  63.554 0.0000000000
55291  41.009  -29.045  63.889 0.0000000000
54173  41.361  -29.946  64.213 0.0000000000
55290  41.806  -28.882  63.854 0.0000000000
56468  43.383  -27.695  64.332 0.0000000000
50633  42.274  -32.446  64.604 0.0000000000
53065  42.000  -30.568  63.552 0.0000000000
51891  42.727  -30.683  62.752 0.0000000000
53084  42.365  -30.537  63.214 0.0000000000
54184  42.431  -29.434  63.655 0.0000000000
55304  43.282  -28.523  64.002 0.0000000000
55287  44.121  -27.835  64.182 0.0000000000
56467  44.131  -27.285  64.352 0.0000000000
56466  44.952  -27.222  65.074 0.0000000000
56465  45.422  -27.079  65.076 0.0000000000
57755  45.693  -26.856  64.669 0.0000000000
56481  45.949  -27.122  64.115 0.0000000000
57754  45.977  -26.497  64.324 0.0000000000
59123  46.715  -25.724  63.529 0.0000000000
59122  47.225  -25.434  63.113 0.0000000000
56525  47.261  -26.637  61.678 0.0000000000
55342  47.497  -27.126  61.185 0.0000000000
54231  46.906  -28.709  61.872 0.0000000000
54239  47.738  -28.834  61.027 0.0000000000
46954  34.653  -36.186  65.125 0.0000000000
49336  35.634  -34.630  64.859 0.0000000000
54189  39.808  -30.738  63.743 0.0000000000
53069  40.068  -30.892  64.609 0.0000000000
51861  39.421  -32.466  65.302 0.0000000000
51860  40.181  -32.140  65.452 0.0000000000
50621  40.662  -31.968  65.417 0.0000000000
51844  41.049  -32.598  65.774 0.0000000000
49301  40.990  -33.559  66.054 0.0000000000
48118  41.313  -34.064  65.607 0.0000000000
46919  38.588  -35.402  66.729 0.0000000000
46934  39.247  -35.368  66.537 0.0000000000
48108  39.748  -34.828  66.479 0.0000000000
44702  39.312  -35.994  65.277 0.0000000000
46943  40.031  -35.389  65.763 0.0000000000
46942  40.460  -34.964  65.563 0.0000000000
34388  27.516  -45.527  68.690 0.0000000000
85065  59.747  -3.437  47.285 0.0000000000
83779  55.658  -4.473  53.345 0.0000000000
83759  56.090  -4.857  53.493 0.0000000000
82545  56.051  -5.712  54.200 0.0000000000
82544  56.479  -5.712  53.871 0.0000000000
82543  56.483  -5.747  53.582 0.0000000000
81387  55.525  -6.378  52.176 0.0000000000
81388  55.367  -6.393  51.655 0.0000000000
78978  56.239  -8.536  52.054 0.0000000000
80205  56.028  -8.333  51.669 0.0000000000
80234  56.157  -8.931  50.748 0.0000000000
80218  55.890  -8.535  51.144 0.0000000000
80206  55.717  -7.870  51.590 0.0000000000
80207  55.386  -7.332  51.406 0.0000000000
80221  54.603  -7.318  50.367 0.0000000000
71759  48.950  -16.487  57.355 0.0000000000
59107  44.282  -26.713  63.974 0.0000000000
59147  44.049  -26.587  63.150 0.0000000000
70611  46.652  -16.691  58.991 0.0000000000
70647  47.939  -16.306  58.119 0.0000000000
71742  48.712  -16.452  57.928 0.0000000000
71741  49.442  -16.259  57.635 0.0000000000
71703  50.078  -15.943  58.728 0.0000000000
72811  51.017  -15.211  59.049 0.0000000000
71673  49.728  -16.279  60.177 0.0000000000
71672  50.629  -15.856  59.643 0.0000000000
72792  50.977  -15.298  59.262 0.0000000000
71671  51.001  -15.726  59.705 0.0000000000
70579  51.739  -16.093  59.946 0.0000000000
70578  52.118  -16.300  59.887 0.0000000000
68290  49.712  -17.977  61.811 0.0000000000
68289  50.130  -17.906  61.621 0.0000000000
68302  50.569  -17.737  61.455 0.0000000000
67126  50.658  -18.633  61.531 0.0000000000
68301  51.166  -17.456  60.963 0.0000000000
69426  51.556  -17.323  60.564 0.0000000000
69439  52.357  -16.826  59.565 0.0000000000
68322  52.705  -17.477  59.188 0.0000000000
67148  52.893  -18.268  59.097 0.0000000000
66029  53.122  -18.633  58.464 0.0000000000
64876  51.978  -19.612  59.373 0.0000000000
64889  52.493  -19.325  58.830 0.0000000000
59145  47.672  -24.997  62.472 0.0000000000
60440  48.227  -24.367  62.274 0.0000000000
60439  48.615  -24.144  61.829 0.0000000000
142961  49.100  -25.972  60.806 0.0000000000
142957  49.096  -25.397  61.137 0.0000000000
60438  49.329  -24.183  61.188 0.0000000000
60455  49.943  -24.013  60.805 0.0000000000
33128  28.371  -45.193  69.481 0.0000000000
33137  30.844  -45.297  68.794 0.0000000000
33138  30.280  -45.176  68.172 0.0000000000
33151  31.051  -45.368  68.664 0.0000000000
34369  31.087  -44.616  69.186 0.0000000000
34386  31.199  -45.162  68.712 0.0000000000
34405  30.817  -45.209  67.873 0.0000000000
35652  30.012  -44.500  67.992 0.0000000000
35653  29.890  -44.321  68.178 0.0000000000
35654  29.305  -44.318  68.724 0.0000000000
35664  29.675  -44.645  68.255 0.0000000000
37020  30.389  -43.978  67.866 0.0000000000
38336  31.295  -42.753  67.561 0.0000000000
39697  31.890  -42.053  67.593 0.0000000000
39699  32.056  -41.334  68.163 0.0000000000
39719  32.237  -41.416  68.004 0.0000000000
41004  32.930  -40.182  68.352 0.0000000000
41008  30.598  -41.582  68.077 0.0000000000
41015  35.118  -38.534  68.079 0.0000000000
41016  34.885  -38.631  67.997 0.0000000000
41019  32.375  -40.995  68.091 0.0000000000
41020  32.225  -41.301  68.075 0.0000000000
41030  35.127  -38.581  67.928 0.0000000000
41032  34.410  -39.249  67.670 0.0000000000
41034  32.407  -41.192  67.951 0.0000000000
41035  32.311  -41.309  68.142 0.0000000000
41068  35.416  -38.983  67.075 0.0000000000
42248  34.006  -39.018  68.324 0.0000000000
42252  31.456  -40.706  67.751 0.0000000000
42258  34.647  -38.571  68.324 0.0000000000
42267  35.496  -38.329  67.742 0.0000000000
42270  31.168  -40.750  67.177 0.0000000000
42276  33.526  -39.919  67.271 0.0000000000
42277  33.411  -40.207  67.264 0.0000000000
43464  34.781  -38.066  68.557 0.0000000000
43465  34.064  -38.242  68.337 0.0000000000
43467  33.011  -39.089  68.392 0.0000000000
43476  34.174  -37.162  68.086 0.0000000000
43477  34.027  -37.584  68.165 0.0000000000
43480  31.718  -39.915  67.747 0.0000000000
43487  36.672  -37.481  67.153 0.0000000000
43489  34.000  -37.344  68.005 0.0000000000
43514  36.809  -38.156  66.048 0.0000000000
44648  34.809  -37.781  68.485 0.0000000000
44649  34.360  -37.982  68.443 0.0000000000
44651  33.465  -38.679  68.349 0.0000000000
44665  35.945  -37.352  67.439 0.0000000000
44666  35.230  -37.592  68.141 0.0000000000
44668  33.871  -37.846  68.208 0.0000000000
44679  37.596  -36.904  66.868 0.0000000000
44680  37.075  -37.198  67.326 0.0000000000
44681  36.432  -37.362  67.370 0.0000000000
44682  34.268  -37.247  67.768 0.0000000000
44683  33.837  -37.475  67.781 0.0000000000
44692  38.009  -36.811  66.278 0.0000000000
44701  39.732  -35.944  65.109 0.0000000000
44703  38.947  -36.350  65.298 0.0000000000
44720  33.674  -37.180  65.576 0.0000000000
45803  37.066  -36.121  67.191 0.0000000000
45804  36.620  -36.581  67.397 0.0000000000
45819  38.101  -35.833  66.714 0.0000000000
45822  34.658  -37.086  67.408 0.0000000000
45834  39.244  -35.819  66.210 0.0000000000
45835  38.421  -36.081  66.549 0.0000000000
45848  39.588  -35.649  65.905 0.0000000000
45849  34.130  -36.855  65.755 0.0000000000
46907  36.788  -35.858  67.169 0.0000000000
46908  36.204  -36.041  67.330 0.0000000000
46909  35.871  -36.120  67.330 0.0000000000
46910  35.408  -36.468  67.159 0.0000000000
46931  40.864  -34.179  65.852 0.0000000000
46933  40.002  -35.194  66.178 0.0000000000
46935  35.380  -36.151  66.837 0.0000000000
46941  40.868  -34.326  65.682 0.0000000000
46945  34.763  -36.484  66.033 0.0000000000
48075  37.815  -35.119  66.910 0.0000000000
48076  37.206  -35.249  66.899 0.0000000000
48090  38.450  -34.919  66.840 0.0000000000
48091  37.141  -34.957  66.779 0.0000000000
48093  36.321  -35.345  67.495 0.0000000000
48094  35.943  -35.776  67.334 0.0000000000
48106  40.756  -34.081  66.040 0.0000000000
48107  40.277  -34.403  66.298 0.0000000000
48119  36.120  -35.111  66.045 0.0000000000
48120  35.768  -35.428  66.089 0.0000000000
49268  38.049  -34.885  67.063 0.0000000000
49281  39.557  -34.109  66.466 0.0000000000
49284  37.424  -34.556  66.545 0.0000000000
49285  36.751  -34.816  66.615 0.0000000000
49300  41.208  -33.228  65.915 0.0000000000
49302  40.578  -33.794  66.204 0.0000000000
49303  40.083  -33.963  66.485 0.0000000000
49305  36.817  -34.611  66.242 0.0000000000
49306  36.417  -34.820  66.182 0.0000000000
49318  41.474  -33.490  65.629 0.0000000000
49319  41.062  -33.761  65.930 0.0000000000
50575  39.886  -33.561  66.363 0.0000000000
50597  41.288  -32.950  65.809 0.0000000000
50600  38.428  -33.654  65.948 0.0000000000
50602  37.256  -34.238  65.835 0.0000000000
50619  41.508  -32.615  65.454 0.0000000000
50620  40.868  -31.811  65.361 0.0000000000
50634  40.664  -31.719  65.354 0.0000000000
50635  40.450  -31.841  65.385 0.0000000000
50636  37.540  -33.666  65.261 0.0000000000
50638  36.457  -34.190  64.660 0.0000000000
51829  39.700  -33.356  66.235 0.0000000000
51830  39.386  -33.323  66.071 0.0000000000
51847  38.822  -33.301  65.654 0.0000000000
51875  40.497  -31.500  65.246 0.0000000000
51890  42.701  -31.233  63.064 0.0000000000
51905  42.966  -30.748  62.552 0.0000000000
53070  39.686  -31.067  64.226 0.0000000000
53082  45.463  -28.828  62.510 0.0000000000
53085  42.650  -30.433  62.944 0.0000000000
53098  45.678  -29.155  62.269 0.0000000000
53102  42.959  -30.234  62.728 0.0000000000
54185  41.736  -29.932  63.829 0.0000000000
54199  45.946  -28.182  62.897 0.0000000000
54201  44.791  -28.619  62.776 0.0000000000
54202  43.928  -28.694  63.009 0.0000000000
54204  42.678  -30.044  63.105 0.0000000000
54205  40.078  -29.957  63.307 0.0000000000
54222  42.930  -29.952  62.917 0.0000000000
54240  47.338  -28.660  61.503 0.0000000000
55300  45.913  -27.587  63.755 0.0000000000
55302  44.996  -27.678  64.204 0.0000000000
55320  43.408  -28.681  63.743 0.0000000000
56482  45.502  -27.166  64.754 0.0000000000
56484  42.646  -27.950  64.095 0.0000000000
56526  47.872  -26.514  61.299 0.0000000000
57739  43.032  -27.572  64.429 0.0000000000
57793  47.841  -25.598  61.868 0.0000000000
59105  45.128  -25.654  64.359 0.0000000000
59124  44.501  -26.075  63.922 0.0000000000
59146  47.737  -24.749  62.529 0.0000000000
59158  49.392  -25.114  60.934 0.0000000000
59160  48.228  -24.863  62.078 0.0000000000
59161  48.048  -24.772  62.235 0.0000000000
59162  47.898  -24.697  62.385 0.0000000000
60362  47.432  -24.017  64.273 0.0000000000
60365  45.920  -25.303  64.055 0.0000000000
60402  44.519  -25.878  63.781 0.0000000000
60419  48.996  -23.618  61.508 0.0000000000
60421  47.903  -24.327  62.612 0.0000000000
60422  47.839  -24.516  62.546 0.0000000000
60423  45.402  -24.981  63.145 0.0000000000
60437  49.744  -24.525  60.776 0.0000000000
60441  48.029  -24.486  62.387 0.0000000000
61566  46.763  -23.835  64.082 0.0000000000
61567  46.697  -23.655  63.911 0.0000000000
61602  45.116  -24.919  63.729 0.0000000000
61617  48.976  -23.072  61.674 0.0000000000
61631  50.389  -22.403  60.687 0.0000000000
61632  50.018  -22.653  61.096 0.0000000000
61634  48.415  -23.943  62.232 0.0000000000
61635  48.240  -23.937  62.494 0.0000000000
62621  48.010  -22.804  64.449 0.0000000000
62622  47.799  -22.667  64.322 0.0000000000
62635  48.212  -21.925  63.781 0.0000000000
62636  48.191  -22.525  64.149 0.0000000000
62639  46.721  -23.378  63.774 0.0000000000
62653  47.053  -22.519  63.375 0.0000000000
62665  49.544  -21.893  61.556 0.0000000000
62699  46.553  -22.850  60.405 0.0000000000
63695  47.946  -22.107  64.149 0.0000000000
63708  48.303  -21.586  63.840 0.0000000000
63710  47.933  -21.884  64.052 0.0000000000
63767  51.232  -20.322  60.295 0.0000000000
63787  46.641  -22.443  60.645 0.0000000000
64831  47.209  -20.865  63.486 0.0000000000
64875  52.324  -19.305  59.075 0.0000000000
65955  47.728  -20.306  64.188 0.0000000000
65956  47.502  -20.411  63.778 0.0000000000
65967  49.493  -19.331  62.565 0.0000000000
65993  49.651  -19.621  62.300 0.0000000000
66004  51.508  -19.155  60.740 0.0000000000
67084  48.390  -20.054  63.590 0.0000000000
67087  47.691  -20.298  63.505 0.0000000000
67103  48.547  -19.727  63.169 0.0000000000
67104  48.258  -20.013  62.971 0.0000000000
67105  47.870  -20.085  62.809 0.0000000000
67127  50.137  -18.795  61.780 0.0000000000
67137  51.184  -18.480  61.293 0.0000000000
68279  49.328  -18.410  62.140 0.0000000000
68291  49.296  -17.947  62.161 0.0000000000
68303  50.107  -17.671  61.571 0.0000000000
68313  51.424  -17.850  60.958 0.0000000000
68321  52.885  -17.059  58.602 0.0000000000
69392  49.531  -17.296  61.983 0.0000000000
69394  48.512  -17.508  62.365 0.0000000000
69395  48.017  -17.750  62.248 0.0000000000
69408  51.451  -16.914  60.504 0.0000000000
69425  51.971  -16.986  60.165 0.0000000000
69454  52.975  -16.224  58.686 0.0000000000
70543  47.761  -17.301  62.156 0.0000000000
70557  51.705  -16.558  60.186 0.0000000000
70561  49.420  -16.589  61.540 0.0000000000
70562  48.928  -16.442  61.824 0.0000000000
70580  48.090  -16.813  61.192 0.0000000000
70595  46.817  -16.808  59.804 0.0000000000
70629  54.347  -15.161  57.077 0.0000000000
70632  47.487  -16.352  58.666 0.0000000000
70645  54.560  -15.262  56.742 0.0000000000
70646  54.408  -15.720  56.935 0.0000000000
70662  55.379  -14.963  55.444 0.0000000000
70664  48.905  -16.395  56.588 0.0000000000
71655  50.991  -16.114  59.875 0.0000000000
71670  51.586  -15.787  59.654 0.0000000000
71675  48.556  -16.592  61.110 0.0000000000
71685  52.093  -15.551  59.271 0.0000000000
71686  50.907  -15.414  59.194 0.0000000000
71706  47.794  -16.260  59.168 0.0000000000
71727  47.935  -16.089  59.026 0.0000000000
72791  51.312  -15.313  59.237 0.0000000000
72807  52.341  -15.110  58.734 0.0000000000
72830  52.062  -14.837  58.487 0.0000000000
72833  50.643  -15.508  58.884 0.0000000000
72852  54.005  -14.660  57.263 0.0000000000
72886  55.362  -14.342  55.205 0.0000000000
72987  55.005  -13.169  51.004 0.0000000000
73012  54.385  -12.788  50.575 0.0000000000
73013  54.140  -13.012  50.569 0.0000000000
73043  56.584  -12.629  49.406 0.0000000000
74002  51.916  -14.841  58.418 0.0000000000
74063  55.176  -13.470  55.725 0.0000000000
74067  52.788  -14.499  56.708 0.0000000000
74179  56.381  -12.223  50.523 0.0000000000
74185  53.544  -12.567  50.615 0.0000000000
74206  55.513  -12.359  50.708 0.0000000000
74207  55.033  -12.505  50.665 0.0000000000
74208  54.666  -12.486  50.591 0.0000000000
74219  56.815  -12.125  50.072 0.0000000000
75310  53.079  -10.161  52.128 0.0000000000
75323  56.400  -12.505  51.350 0.0000000000
75324  53.886  -11.017  51.261 0.0000000000
75342  55.094  -11.281  50.435 0.0000000000
75361  55.013  -11.824  50.535 0.0000000000
75363  54.012  -11.815  50.567 0.0000000000
75374  56.813  -11.623  49.807 0.0000000000
75375  56.740  -11.941  49.786 0.0000000000
75384  56.820  -11.556  49.403 0.0000000000
75385  56.769  -11.708  49.001 0.0000000000
75386  56.206  -10.984  48.636 0.0000000000
75394  56.659  -11.539  48.802 0.0000000000
75395  56.356  -11.404  48.623 0.0000000000
76548  55.963  -9.620  51.751 0.0000000000
76564  56.529  -10.767  50.345 0.0000000000
76585  54.815  -11.271  50.489 0.0000000000
76598  56.928  -11.035  49.927 0.0000000000
76601  55.792  -10.256  49.110 0.0000000000
76609  57.026  -11.034  49.822 0.0000000000
76610  56.976  -10.811  49.626 0.0000000000
77732  55.352  -8.485  53.174 0.0000000000
77748  55.697  -9.115  52.617 0.0000000000
77762  56.269  -9.283  51.575 0.0000000000
77771  56.275  -9.509  51.285 0.0000000000
77795  56.305  -9.900  49.598 0.0000000000
77805  56.865  -10.051  49.982 0.0000000000
78979  53.247  -8.360  52.447 0.0000000000
78988  56.285  -8.965  51.265 0.0000000000
78989  56.245  -8.715  51.647 0.0000000000
79012  56.420  -9.476  50.270 0.0000000000
79023  56.542  -9.680  49.934 0.0000000000
80153  56.036  -7.224  53.689 0.0000000000
80156  55.213  -7.266  54.192 0.0000000000
80217  56.120  -8.761  51.127 0.0000000000
81353  56.279  -6.489  54.184 0.0000000000
82560  56.401  -5.669  53.286 0.0000000000
83761  55.206  -5.402  53.758 0.0000000000
83831  56.661  -4.103  50.930 0.0000000000
83845  58.750  -3.321  48.843 0.0000000000
84958  56.478  -4.657  52.968 0.0000000000
84959  56.345  -4.536  53.130 0.0000000000
85028  58.713  -3.101  49.715 0.0000000000
85055  58.958  -3.563  47.854 0.0000000000
86123  56.229  -3.208  53.020 0.0000000000
86156  58.711  -2.939  49.951 0.0000000000
87271  56.951  -1.832  51.249 0.0000000000
88335  57.401  -1.882  51.127 0.0000000000
88347  57.967  -1.932  50.580 0.0000000000
142462  30.990  -44.413  68.668 0.0000000000
142466  31.485  -42.740  67.348 0.0000000000
142467  32.046  -42.118  67.390 0.0000000000
142954  49.017  -26.121  60.723 0.0000000000
142959  47.632  -25.756  61.952 0.0000000000
