#!ascii label  , from subject 3953 vox2ras=TkReg
1376
56275  -49.424  -34.745  71.933 0.0000000000
51102  -35.802  -38.335  81.778 0.0000000000
66373  -50.270  -26.679  55.257 0.0000000000
57698  -42.916  -34.001  62.086 0.0000000000
61497  -51.022  -30.968  63.799 0.0000000000
52343  -44.021  -37.744  77.048 0.0000000000
50255  -33.951  -39.742  69.218 0.0000000000
52566  -38.404  -37.357  63.882 0.0000000000
57420  -28.768  -33.167  81.790 0.0000000000
75317  -60.704  -18.862  56.839 0.0000000000
51287  -29.594  -38.469  69.261 0.0000000000
56368  -45.185  -34.185  66.508 0.0000000000
60222  -47.586  -31.267  63.380 0.0000000000
60126  -50.840  -31.644  68.516 0.0000000000
53746  -47.205  -36.746  74.497 0.0000000000
52462  -41.553  -37.660  70.360 0.0000000000
53825  -43.731  -37.090  68.478 0.0000000000
55057  -41.038  -35.880  63.327 0.0000000000
78489  -59.724  -15.136  53.326 0.0000000000
56078  -32.295  -35.166  82.501 0.0000000000
56181  -29.708  -34.514  75.604 0.0000000000
52342  -32.534  -38.173  76.532 0.0000000000
62728  -51.441  -28.771  59.087 0.0000000000
50101  -40.653  -39.069  79.636 0.0000000000
50176  -35.372  -40.001  75.242 0.0000000000
52406  -38.487  -37.881  73.540 0.0000000000
52527  -34.837  -37.560  66.329 0.0000000000
52276  -26.958  -37.677  82.173 0.0000000000
63845  -57.712  -28.357  63.712 0.0000000000
66320  -57.007  -27.041  58.689 0.0000000000
69487  -61.327  -23.293  57.944 0.0000000000
69553  -55.836  -23.477  54.687 0.0000000000
74143  -54.432  -20.020  52.027 0.0000000000
51208  -25.787  -38.629  75.141 0.0000000000
50224  -32.175  -40.931  71.190 0.0000000000
57608  -46.939  -34.212  68.964 0.0000000000
58883  -47.508  -32.049  67.720 0.0000000000
58819  -50.141  -33.130  70.620 0.0000000000
53782  -48.179  -36.105  72.860 0.0000000000
52449  -45.172  -37.370  71.652 0.0000000000
53821  -46.080  -36.206  69.758 0.0000000000
55040  -44.524  -35.969  67.795 0.0000000000
66385  -47.114  -27.081  53.207 0.0000000000
67517  -49.592  -25.019  53.614 0.0000000000
53627  -33.777  -37.271  82.171 0.0000000000
53661  -32.614  -37.006  79.910 0.0000000000
51136  -33.829  -38.375  79.452 0.0000000000
57708  -44.176  -33.726  60.698 0.0000000000
60224  -49.325  -31.289  63.758 0.0000000000
60250  -48.000  -31.623  61.592 0.0000000000
61520  -50.085  -30.447  61.735 0.0000000000
62726  -49.492  -29.617  59.611 0.0000000000
62684  -51.603  -29.700  61.909 0.0000000000
51172  -42.771  -38.637  78.114 0.0000000000
51192  -39.884  -38.821  76.440 0.0000000000
52361  -41.913  -38.284  75.264 0.0000000000
52519  -40.642  -37.623  67.671 0.0000000000
52503  -39.060  -37.693  68.592 0.0000000000
52542  -36.698  -37.264  65.539 0.0000000000
56404  -41.759  -34.987  62.633 0.0000000000
63905  -57.414  -27.657  61.103 0.0000000000
68603  -58.882  -23.946  56.183 0.0000000000
71793  -58.308  -21.937  55.195 0.0000000000
71823  -55.179  -22.004  53.420 0.0000000000
74118  -57.116  -20.206  53.899 0.0000000000
77615  -57.362  -16.951  49.918 0.0000000000
56076  -27.266  -35.011  81.402 0.0000000000
51149  -26.245  -38.135  78.653 0.0000000000
54890  -27.275  -36.264  77.854 0.0000000000
55002  -29.155  -36.061  71.633 0.0000000000
53788  -27.099  -37.024  71.629 0.0000000000
51298  -27.404  -38.709  68.412 0.0000000000
50197  -34.840  -40.287  72.916 0.0000000000
49181  -34.008  -40.751  72.889 0.0000000000
49219  -33.516  -41.538  70.535 0.0000000000
57671  -44.316  -33.403  64.453 0.0000000000
60219  -44.789  -31.804  62.974 0.0000000000
60186  -45.896  -31.839  65.182 0.0000000000
60189  -48.880  -31.358  65.440 0.0000000000
60192  -51.649  -31.397  65.920 0.0000000000
53729  -45.754  -37.022  75.703 0.0000000000
52410  -42.872  -37.773  73.530 0.0000000000
52431  -44.652  -37.592  72.536 0.0000000000
52507  -42.651  -37.618  68.840 0.0000000000
52547  -41.287  -37.406  66.440 0.0000000000
53852  -39.794  -36.888  63.840 0.0000000000
53843  -42.422  -36.473  66.007 0.0000000000
56378  -42.847  -35.217  65.075 0.0000000000
77553  -60.015  -16.784  55.488 0.0000000000
79472  -61.902  -14.270  55.867 0.0000000000
57422  -30.415  -33.460  82.230 0.0000000000
57465  -29.148  -33.739  78.700 0.0000000000
56127  -31.457  -34.840  78.710 0.0000000000
54910  -31.288  -35.689  76.418 0.0000000000
53761  -30.835  -37.171  73.179 0.0000000000
60258  -45.702  -31.904  60.786 0.0000000000
62755  -49.718  -29.212  57.436 0.0000000000
63959  -51.561  -28.335  57.321 0.0000000000
50082  -38.230  -38.807  80.848 0.0000000000
50114  -35.539  -39.487  78.662 0.0000000000
50137  -38.213  -39.344  78.064 0.0000000000
51233  -36.875  -38.796  74.675 0.0000000000
51265  -36.164  -38.504  71.769 0.0000000000
52443  -40.117  -37.750  71.444 0.0000000000
52482  -37.227  -37.672  69.896 0.0000000000
51309  -34.230  -38.296  67.660 0.0000000000
57549  -52.049  -32.856  72.739 0.0000000000
52264  -37.447  -37.591  82.632 0.0000000000
52295  -41.998  -37.342  80.557 0.0000000000
54883  -43.566  -35.831  79.096 0.0000000000
58822  -52.786  -32.153  70.372 0.0000000000
60130  -53.800  -31.252  68.880 0.0000000000
61445  -53.823  -30.852  66.556 0.0000000000
62622  -57.140  -28.825  66.474 0.0000000000
62656  -54.276  -29.731  64.289 0.0000000000
63862  -55.011  -28.588  61.700 0.0000000000
63921  -54.834  -28.399  59.285 0.0000000000
65182  -53.826  -27.264  57.501 0.0000000000
67458  -59.206  -25.627  57.926 0.0000000000
67479  -55.836  -25.449  56.704 0.0000000000
67512  -52.729  -24.956  54.754 0.0000000000
69566  -51.829  -23.639  53.094 0.0000000000
76609  -57.172  -17.802  52.642 0.0000000000
50092  -24.849  -39.372  79.015 0.0000000000
49208  -22.920  -40.602  71.562 0.0000000000
53742  -27.416  -36.129  75.093 0.0000000000
51270  -24.842  -38.737  71.166 0.0000000000
50151  -34.239  -39.704  76.393 0.0000000000
51243  -32.275  -38.977  73.602 0.0000000000
51289  -30.920  -39.170  69.899 0.0000000000
47183  -29.627  -42.291  69.730 0.0000000000
56321  -48.404  -34.378  70.578 0.0000000000
57610  -48.250  -33.822  69.998 0.0000000000
57593  -49.845  -33.927  71.276 0.0000000000
55005  -48.727  -35.277  72.037 0.0000000000
53795  -47.409  -36.188  71.645 0.0000000000
55015  -47.646  -35.444  70.859 0.0000000000
55025  -46.558  -35.578  69.673 0.0000000000
65214  -48.973  -28.072  55.389 0.0000000000
66379  -48.246  -26.799  54.237 0.0000000000
66386  -47.861  -26.288  53.468 0.0000000000
66381  -49.953  -26.195  54.747 0.0000000000
52278  -34.612  -37.803  81.987 0.0000000000
52293  -33.881  -37.788  80.967 0.0000000000
51118  -34.843  -38.556  80.671 0.0000000000
56427  -43.224  -34.922  61.176 0.0000000000
57699  -43.542  -33.762  61.518 0.0000000000
61496  -50.230  -31.069  63.437 0.0000000000
61509  -49.307  -31.021  62.578 0.0000000000
61511  -51.147  -30.405  62.620 0.0000000000
61521  -50.828  -30.041  61.753 0.0000000000
61512  -52.124  -29.861  62.688 0.0000000000
51196  -43.560  -38.176  77.245 0.0000000000
51194  -41.856  -38.833  76.865 0.0000000000
51219  -43.345  -38.415  76.366 0.0000000000
52544  -38.876  -37.552  65.775 0.0000000000
52543  -37.801  -37.415  65.664 0.0000000000
52555  -37.570  -37.336  64.648 0.0000000000
52564  -36.295  -37.330  63.376 0.0000000000
56405  -42.371  -34.491  62.372 0.0000000000
56415  -41.962  -34.895  61.819 0.0000000000
56426  -42.369  -35.020  61.265 0.0000000000
71795  -60.123  -21.527  56.174 0.0000000000
73000  -59.469  -20.843  55.705 0.0000000000
73014  -57.578  -20.903  54.525 0.0000000000
74120  -58.573  -19.213  54.921 0.0000000000
57431  -27.393  -34.531  80.957 0.0000000000
54857  -27.293  -35.915  79.430 0.0000000000
57446  -27.953  -34.347  79.308 0.0000000000
53802  -29.597  -36.503  70.486 0.0000000000
53815  -28.018  -36.690  69.706 0.0000000000
52499  -28.606  -38.344  68.666 0.0000000000
49238  -27.652  -39.993  69.025 0.0000000000
50252  -28.903  -39.183  69.165 0.0000000000
50226  -34.313  -40.531  70.880 0.0000000000
49211  -34.073  -41.218  71.830 0.0000000000
49231  -33.396  -41.122  69.353 0.0000000000
57657  -44.612  -33.657  65.157 0.0000000000
58899  -45.160  -32.580  64.906 0.0000000000
58891  -46.117  -32.539  66.340 0.0000000000
60124  -48.859  -31.693  68.217 0.0000000000
60172  -48.032  -31.311  66.388 0.0000000000
60173  -49.107  -31.355  66.429 0.0000000000
60190  -49.865  -31.457  65.545 0.0000000000
60175  -51.132  -31.451  66.587 0.0000000000
53730  -46.516  -36.720  75.363 0.0000000000
52389  -45.498  -37.555  74.385 0.0000000000
52413  -45.502  -37.592  73.460 0.0000000000
52490  -44.560  -37.212  69.779 0.0000000000
52489  -43.836  -37.493  69.779 0.0000000000
52508  -43.285  -37.532  68.985 0.0000000000
52521  -42.158  -37.641  68.018 0.0000000000
52535  -42.323  -37.453  67.549 0.0000000000
53842  -41.425  -36.899  65.636 0.0000000000
53837  -42.337  -37.131  66.823 0.0000000000
56353  -44.905  -34.991  67.059 0.0000000000
56366  -43.889  -35.363  66.238 0.0000000000
56367  -44.455  -34.607  66.031 0.0000000000
56390  -43.309  -34.443  64.599 0.0000000000
57423  -31.172  -33.936  82.593 0.0000000000
57450  -30.935  -33.782  80.498 0.0000000000
56108  -31.745  -34.617  80.306 0.0000000000
53695  -32.413  -37.361  77.730 0.0000000000
53677  -32.129  -36.632  77.873 0.0000000000
53711  -31.701  -36.909  76.033 0.0000000000
54949  -30.946  -36.451  74.701 0.0000000000
52379  -31.528  -37.797  74.746 0.0000000000
60220  -45.617  -31.420  63.159 0.0000000000
60238  -45.406  -31.495  62.192 0.0000000000
60239  -46.361  -31.359  62.276 0.0000000000
60261  -48.129  -31.733  60.751 0.0000000000
60268  -46.875  -32.388  59.887 0.0000000000
60278  -46.629  -32.096  58.773 0.0000000000
62727  -50.416  -29.130  59.336 0.0000000000
62744  -49.627  -29.274  58.475 0.0000000000
62745  -50.458  -28.886  58.251 0.0000000000
63957  -49.979  -28.961  57.102 0.0000000000
63939  -51.352  -28.592  57.880 0.0000000000
50083  -39.189  -38.922  80.495 0.0000000000
50116  -37.750  -39.290  79.221 0.0000000000
50117  -39.141  -39.383  79.081 0.0000000000
52358  -39.282  -38.274  74.981 0.0000000000
51214  -38.356  -38.685  75.594 0.0000000000
52381  -37.486  -38.363  74.293 0.0000000000
51255  -36.367  -38.582  72.890 0.0000000000
52423  -36.940  -38.010  72.810 0.0000000000
52429  -43.066  -37.708  72.423 0.0000000000
52409  -41.754  -37.700  73.440 0.0000000000
52444  -41.260  -37.742  71.356 0.0000000000
52516  -37.260  -37.497  67.683 0.0000000000
52483  -38.516  -37.672  69.660 0.0000000000
52501  -36.250  -37.716  68.911 0.0000000000
51303  -35.263  -38.126  68.933 0.0000000000
53853  -40.525  -36.370  63.484 0.0000000000
53667  -42.766  -36.590  79.897 0.0000000000
56169  -45.887  -34.657  76.685 0.0000000000
58790  -52.522  -32.162  71.796 0.0000000000
60094  -54.129  -30.675  69.672 0.0000000000
61408  -54.875  -30.514  68.537 0.0000000000
61424  -54.131  -30.853  67.263 0.0000000000
61426  -55.573  -29.992  67.946 0.0000000000
62660  -57.239  -28.899  65.304 0.0000000000
62640  -56.089  -29.470  65.651 0.0000000000
62674  -55.965  -29.000  63.963 0.0000000000
62687  -54.939  -28.893  62.761 0.0000000000
63863  -55.934  -28.516  62.294 0.0000000000
65144  -56.829  -27.599  59.654 0.0000000000
63922  -55.790  -28.033  59.610 0.0000000000
63943  -55.445  -28.116  59.026 0.0000000000
65160  -54.145  -27.784  58.212 0.0000000000
65183  -54.808  -27.310  57.934 0.0000000000
68567  -60.846  -24.110  57.621 0.0000000000
69536  -56.570  -23.651  55.188 0.0000000000
68585  -57.588  -24.624  56.367 0.0000000000
68599  -55.165  -24.511  55.322 0.0000000000
67499  -53.784  -25.243  55.718 0.0000000000
68616  -54.118  -24.152  54.579 0.0000000000
68614  -52.375  -24.641  54.226 0.0000000000
69551  -53.917  -23.707  54.031 0.0000000000
73040  -54.329  -20.705  52.375 0.0000000000
71829  -53.074  -21.988  52.531 0.0000000000
73046  -52.422  -20.604  51.286 0.0000000000
78478  -59.732  -15.528  54.515 0.0000000000
77561  -58.142  -16.990  53.660 0.0000000000
78487  -58.133  -16.297  52.753 0.0000000000
51187  -26.469  -38.181  76.619 0.0000000000
50149  -25.329  -39.060  76.463 0.0000000000
50172  -24.568  -39.272  74.800 0.0000000000
49180  -23.254  -40.292  73.683 0.0000000000
50182  -24.406  -39.336  73.780 0.0000000000
56160  -29.551  -34.096  76.797 0.0000000000
56158  -27.927  -34.756  76.628 0.0000000000
54945  -28.045  -35.345  74.702 0.0000000000
52453  -25.982  -37.853  71.155 0.0000000000
47189  -25.568  -42.383  68.594 0.0000000000
50152  -35.434  -39.890  76.959 0.0000000000
50133  -34.354  -39.471  77.532 0.0000000000
49144  -34.637  -39.980  75.913 0.0000000000
49195  -33.422  -41.092  72.119 0.0000000000
50194  -32.991  -40.370  72.964 0.0000000000
51263  -32.082  -39.922  71.537 0.0000000000
51262  -31.769  -38.808  71.820 0.0000000000
50223  -31.642  -40.482  70.776 0.0000000000
48232  -29.592  -41.223  70.177 0.0000000000
56355  -46.188  -34.287  68.081 0.0000000000
58881  -46.230  -33.095  67.014 0.0000000000
57628  -47.247  -33.213  68.672 0.0000000000
58861  -47.867  -32.533  68.628 0.0000000000
58838  -50.479  -32.267  69.652 0.0000000000
53764  -48.166  -36.303  73.996 0.0000000000
52415  -46.799  -37.052  73.575 0.0000000000
53781  -47.075  -36.701  72.651 0.0000000000
53804  -45.604  -36.879  70.679 0.0000000000
53826  -44.348  -36.755  68.630 0.0000000000
53833  -44.026  -36.551  67.943 0.0000000000
55035  -45.504  -35.876  68.725 0.0000000000
56340  -45.862  -34.981  68.288 0.0000000000
68634  -48.859  -24.212  52.447 0.0000000000
53626  -33.140  -36.645  82.173 0.0000000000
54844  -32.591  -36.068  81.308 0.0000000000
53644  -33.516  -37.374  81.474 0.0000000000
52305  -33.043  -37.648  79.482 0.0000000000
51150  -33.120  -38.447  77.779 0.0000000000
60223  -48.490  -31.319  63.547 0.0000000000
60240  -47.370  -31.352  62.377 0.0000000000
60251  -48.661  -31.129  62.146 0.0000000000
61518  -48.470  -31.299  61.424 0.0000000000
61528  -48.549  -31.109  60.870 0.0000000000
62725  -48.814  -30.015  59.546 0.0000000000
61530  -49.909  -30.138  60.966 0.0000000000
62709  -50.282  -29.607  60.442 0.0000000000
62710  -51.292  -29.173  60.160 0.0000000000
50119  -41.098  -39.021  79.145 0.0000000000
50139  -40.574  -39.281  78.034 0.0000000000
51170  -41.193  -39.098  77.509 0.0000000000
51216  -40.392  -38.508  75.800 0.0000000000
52384  -40.235  -37.945  74.272 0.0000000000
52504  -40.209  -37.661  68.532 0.0000000000
52484  -39.737  -37.676  69.512 0.0000000000
52518  -39.649  -37.735  67.619 0.0000000000
52529  -36.943  -37.370  66.602 0.0000000000
52541  -35.625  -37.287  65.403 0.0000000000
52540  -34.672  -37.546  65.296 0.0000000000
52553  -35.435  -37.341  64.335 0.0000000000
55070  -41.333  -35.465  62.956 0.0000000000
55095  -41.463  -35.567  61.252 0.0000000000
63846  -58.388  -27.999  63.703 0.0000000000
63884  -57.534  -27.804  61.846 0.0000000000
65112  -58.763  -27.246  61.416 0.0000000000
65129  -58.830  -27.133  60.532 0.0000000000
66303  -58.350  -27.057  59.611 0.0000000000
70491  -61.281  -22.436  57.470 0.0000000000
68588  -60.677  -23.876  56.983 0.0000000000
69539  -59.622  -22.785  56.007 0.0000000000
70518  -58.905  -22.465  55.582 0.0000000000
70530  -56.669  -22.693  54.638 0.0000000000
70528  -54.811  -22.944  53.788 0.0000000000
71807  -56.109  -21.914  54.062 0.0000000000
73029  -56.177  -20.577  53.295 0.0000000000
74144  -55.483  -19.667  52.371 0.0000000000
78518  -59.514  -15.633  51.768 0.0000000000
77595  -58.141  -16.240  51.401 0.0000000000
77616  -58.149  -16.544  50.372 0.0000000000
53625  -27.163  -36.867  81.533 0.0000000000
51135  -26.191  -38.256  79.706 0.0000000000
53660  -27.091  -36.985  79.936 0.0000000000
53676  -27.090  -36.953  78.821 0.0000000000
52340  -27.006  -37.725  76.106 0.0000000000
54947  -29.694  -35.280  73.972 0.0000000000
54964  -28.229  -35.715  73.584 0.0000000000
53776  -28.265  -36.168  72.140 0.0000000000
53814  -27.363  -36.859  69.998 0.0000000000
51297  -26.540  -38.597  68.552 0.0000000000
48242  -26.220  -41.287  68.675 0.0000000000
48243  -27.060  -40.880  69.215 0.0000000000
50185  -35.142  -40.044  74.238 0.0000000000
49168  -34.402  -40.295  74.099 0.0000000000
49197  -34.134  -40.737  72.549 0.0000000000
49210  -33.640  -41.550  71.638 0.0000000000
49218  -32.468  -41.906  70.844 0.0000000000
57683  -43.351  -33.534  63.177 0.0000000000
58930  -43.762  -32.957  62.458 0.0000000000
58920  -44.438  -32.514  63.586 0.0000000000
60201  -45.018  -31.980  64.016 0.0000000000
60203  -46.740  -31.284  64.276 0.0000000000
58892  -46.591  -32.277  66.724 0.0000000000
60187  -46.884  -31.415  65.252 0.0000000000
60204  -47.735  -31.268  64.361 0.0000000000
60206  -49.606  -31.380  64.633 0.0000000000
60207  -50.472  -31.399  64.862 0.0000000000
61480  -51.318  -31.154  64.564 0.0000000000
52344  -44.616  -37.432  76.509 0.0000000000
52362  -43.761  -38.176  75.750 0.0000000000
52388  -44.641  -37.740  74.567 0.0000000000
52411  -43.861  -37.762  73.558 0.0000000000
52446  -43.143  -37.659  71.398 0.0000000000
52448  -44.509  -37.473  71.599 0.0000000000
52464  -43.166  -37.673  70.484 0.0000000000
52486  -41.800  -37.647  69.456 0.0000000000
52506  -41.987  -37.683  68.679 0.0000000000
52532  -40.195  -37.701  66.775 0.0000000000
52557  -39.604  -37.393  65.012 0.0000000000
52567  -39.241  -37.214  64.212 0.0000000000
53848  -40.398  -36.974  64.700 0.0000000000
53849  -41.111  -36.391  64.327 0.0000000000
55044  -43.801  -36.114  66.954 0.0000000000
55049  -42.785  -35.756  65.548 0.0000000000
55059  -42.068  -35.348  64.274 0.0000000000
56389  -42.758  -34.785  64.486 0.0000000000
57682  -42.940  -34.160  63.775 0.0000000000
76591  -60.229  -17.958  56.186 0.0000000000
77541  -61.210  -16.896  57.043 0.0000000000
78468  -60.849  -15.457  55.863 0.0000000000
79482  -60.613  -14.975  54.704 0.0000000000
79495  -61.617  -14.571  53.871 0.0000000000
79525  -61.489  -15.388  52.501 0.0000000000
57421  -29.614  -33.178  81.923 0.0000000000
57447  -28.492  -33.864  79.529 0.0000000000
57449  -30.336  -33.474  79.959 0.0000000000
57466  -30.022  -33.626  78.862 0.0000000000
56142  -30.473  -34.180  77.833 0.0000000000
54859  -31.936  -35.576  79.390 0.0000000000
56143  -31.285  -35.167  77.378 0.0000000000
56182  -30.321  -34.956  75.108 0.0000000000
54948  -30.557  -35.746  74.214 0.0000000000
54987  -30.145  -36.355  72.358 0.0000000000
53792  -30.288  -36.883  71.024 0.0000000000
58935  -44.187  -32.433  61.741 0.0000000000
58942  -44.522  -32.708  60.614 0.0000000000
60249  -47.015  -31.598  61.416 0.0000000000
63985  -49.581  -28.327  55.920 0.0000000000
65200  -50.717  -27.778  56.268 0.0000000000
51120  -36.403  -38.579  81.349 0.0000000000
50079  -35.436  -38.919  80.277 0.0000000000
50097  -36.872  -39.189  79.997 0.0000000000
50136  -36.918  -39.387  78.000 0.0000000000
50153  -36.174  -39.707  76.961 0.0000000000
50155  -38.554  -39.182  77.094 0.0000000000
50168  -37.032  -39.231  76.000 0.0000000000
50177  -35.856  -39.764  74.976 0.0000000000
51244  -35.360  -39.677  73.748 0.0000000000
51264  -35.521  -39.328  72.256 0.0000000000
51290  -34.620  -39.277  70.206 0.0000000000
52386  -42.513  -38.106  74.605 0.0000000000
52408  -40.600  -37.789  73.372 0.0000000000
52407  -39.504  -37.843  73.418 0.0000000000
52460  -39.301  -37.683  70.554 0.0000000000
52442  -38.960  -37.692  71.599 0.0000000000
52441  -37.819  -37.691  71.849 0.0000000000
52458  -36.738  -37.863  71.107 0.0000000000
51291  -35.286  -38.420  69.697 0.0000000000
52603  -38.336  -37.503  61.663 0.0000000000
54992  -50.314  -34.627  72.884 0.0000000000
56277  -50.746  -34.176  72.349 0.0000000000
54832  -27.238  -35.761  82.117 0.0000000000
57406  -28.963  -32.930  82.807 0.0000000000
57407  -29.712  -33.122  83.061 0.0000000000
57408  -30.646  -33.292  83.544 0.0000000000
54805  -33.639  -35.450  83.743 0.0000000000
53611  -34.524  -37.064  83.029 0.0000000000
52262  -35.346  -37.622  82.758 0.0000000000
51103  -36.607  -38.403  81.838 0.0000000000
51104  -37.494  -38.493  81.703 0.0000000000
51122  -38.836  -38.751  80.845 0.0000000000
51124  -40.340  -38.761  80.626 0.0000000000
51108  -41.039  -38.107  81.245 0.0000000000
51139  -41.314  -38.698  79.837 0.0000000000
51155  -42.490  -38.247  79.142 0.0000000000
52320  -43.256  -37.507  78.903 0.0000000000
52330  -43.863  -37.474  77.647 0.0000000000
53716  -44.808  -36.645  76.918 0.0000000000
53717  -45.660  -36.679  76.160 0.0000000000
53718  -46.309  -36.336  75.832 0.0000000000
54973  -49.762  -35.218  73.408 0.0000000000
57594  -50.833  -33.407  71.275 0.0000000000
58820  -51.176  -32.744  70.609 0.0000000000
60108  -52.264  -31.925  69.259 0.0000000000
61382  -53.719  -30.352  70.589 0.0000000000
58842  -53.285  -31.690  69.740 0.0000000000
60128  -52.689  -31.618  68.538 0.0000000000
60177  -52.790  -31.277  66.979 0.0000000000
60194  -53.138  -31.088  66.511 0.0000000000
61463  -53.086  -30.875  65.766 0.0000000000
61465  -55.342  -29.969  66.220 0.0000000000
61483  -54.518  -30.039  65.006 0.0000000000
61499  -53.418  -29.865  63.892 0.0000000000
62671  -53.065  -29.590  63.009 0.0000000000
62686  -53.872  -28.865  62.189 0.0000000000
62712  -53.526  -28.663  60.039 0.0000000000
63882  -55.913  -28.299  61.154 0.0000000000
63902  -55.026  -28.429  59.919 0.0000000000
63900  -53.257  -28.637  59.399 0.0000000000
63940  -52.281  -28.411  58.075 0.0000000000
65180  -52.078  -27.829  56.951 0.0000000000
65201  -51.545  -27.356  56.336 0.0000000000
66323  -60.007  -25.844  58.898 0.0000000000
66341  -57.938  -26.472  58.292 0.0000000000
67482  -59.142  -24.785  57.080 0.0000000000
67457  -57.622  -25.916  57.524 0.0000000000
66340  -56.801  -26.549  58.025 0.0000000000
67454  -54.751  -26.109  57.015 0.0000000000
66358  -52.784  -26.342  56.239 0.0000000000
67496  -51.133  -25.954  55.079 0.0000000000
67510  -50.833  -25.680  54.714 0.0000000000
68624  -50.138  -24.363  53.227 0.0000000000
69564  -50.191  -23.794  52.710 0.0000000000
70545  -53.384  -22.745  53.028 0.0000000000
70552  -51.411  -22.691  52.300 0.0000000000
70550  -49.722  -22.846  51.665 0.0000000000
75339  -58.868  -18.473  54.900 0.0000000000
75348  -57.151  -18.557  53.012 0.0000000000
74159  -55.252  -18.994  51.576 0.0000000000
76630  -56.699  -17.288  51.129 0.0000000000
75377  -55.539  -18.416  51.131 0.0000000000
75375  -54.022  -19.185  50.758 0.0000000000
51134  -25.729  -38.550  79.051 0.0000000000
56124  -27.721  -34.789  78.225 0.0000000000
53727  -27.332  -36.165  76.151 0.0000000000
52355  -26.857  -37.706  75.059 0.0000000000
53774  -26.937  -37.303  72.408 0.0000000000
52402  -26.565  -37.703  72.919 0.0000000000
51241  -25.481  -38.467  73.386 0.0000000000
50208  -24.258  -39.233  71.629 0.0000000000
50094  -34.692  -39.018  79.176 0.0000000000
50132  -33.813  -39.069  77.897 0.0000000000
51189  -33.344  -39.013  76.585 0.0000000000
49154  -34.116  -40.144  74.720 0.0000000000
50174  -33.163  -39.637  74.991 0.0000000000
52357  -32.326  -38.324  75.470 0.0000000000
52403  -31.525  -38.087  73.631 0.0000000000
52439  -31.342  -38.044  71.119 0.0000000000
52480  -30.648  -38.508  69.750 0.0000000000
48235  -32.282  -42.029  69.477 0.0000000000
48224  -31.659  -41.900  70.260 0.0000000000
49229  -31.147  -41.179  70.178 0.0000000000
49228  -30.623  -40.863  69.946 0.0000000000
50240  -30.356  -39.779  69.753 0.0000000000
50239  -29.405  -39.266  69.461 0.0000000000
56299  -48.924  -34.560  71.337 0.0000000000
56300  -49.713  -34.459  71.716 0.0000000000
55006  -49.553  -34.857  72.252 0.0000000000
55016  -48.400  -35.081  71.254 0.0000000000
56298  -48.233  -34.866  70.808 0.0000000000
65215  -49.849  -27.520  55.616 0.0000000000
65222  -48.941  -27.231  54.848 0.0000000000
65223  -49.595  -26.784  54.948 0.0000000000
66380  -49.031  -26.258  54.326 0.0000000000
51087  -35.217  -37.944  82.194 0.0000000000
51100  -34.450  -38.010  81.304 0.0000000000
51101  -35.075  -38.212  81.579 0.0000000000
56416  -42.836  -34.451  61.609 0.0000000000
57692  -43.318  -33.519  62.256 0.0000000000
61498  -52.315  -30.327  63.700 0.0000000000
52556  -38.606  -37.413  64.845 0.0000000000
74097  -60.619  -19.807  56.874 0.0000000000
73001  -60.115  -20.788  56.180 0.0000000000
74107  -60.046  -19.904  56.133 0.0000000000
74106  -58.827  -20.042  55.270 0.0000000000
75327  -60.099  -18.942  56.172 0.0000000000
57419  -27.902  -33.415  82.026 0.0000000000
57432  -27.741  -34.097  80.488 0.0000000000
53817  -29.718  -37.154  69.660 0.0000000000
53816  -28.926  -36.751  69.509 0.0000000000
52478  -29.105  -37.780  68.951 0.0000000000
51300  -28.922  -38.754  68.925 0.0000000000
50242  -33.894  -40.581  69.785 0.0000000000
57647  -44.916  -33.989  65.894 0.0000000000
57648  -45.312  -33.398  65.954 0.0000000000
57637  -45.782  -33.560  66.786 0.0000000000
60125  -49.813  -31.558  68.275 0.0000000000
60152  -49.430  -31.411  67.382 0.0000000000
60153  -50.490  -31.446  67.438 0.0000000000
60174  -50.156  -31.449  66.475 0.0000000000
53745  -46.570  -37.044  74.776 0.0000000000
52390  -46.327  -37.310  74.224 0.0000000000
52509  -43.913  -37.280  69.029 0.0000000000
52523  -43.406  -37.296  68.480 0.0000000000
52522  -42.827  -37.450  68.165 0.0000000000
53831  -42.696  -37.288  67.572 0.0000000000
53832  -43.402  -36.918  67.722 0.0000000000
56077  -31.854  -34.462  82.968 0.0000000000
56090  -31.721  -34.558  81.863 0.0000000000
56091  -32.237  -35.293  81.480 0.0000000000
52329  -32.678  -38.064  77.412 0.0000000000
53712  -32.210  -37.534  76.826 0.0000000000
52356  -31.765  -37.560  75.496 0.0000000000
52341  -32.118  -37.708  76.080 0.0000000000
60221  -46.597  -31.260  63.259 0.0000000000
60270  -48.084  -31.387  60.248 0.0000000000
60269  -47.515  -31.850  59.877 0.0000000000
62746  -51.166  -28.700  58.288 0.0000000000
50100  -39.907  -39.240  79.998 0.0000000000
52383  -39.191  -38.039  74.364 0.0000000000
51235  -38.719  -38.369  74.953 0.0000000000
52382  -38.230  -38.160  74.304 0.0000000000
52405  -37.626  -38.063  73.687 0.0000000000
52424  -37.634  -37.820  72.853 0.0000000000
52445  -42.288  -37.646  71.341 0.0000000000
52515  -36.047  -37.456  67.603 0.0000000000
52500  -35.308  -37.853  68.355 0.0000000000
52514  -34.903  -37.743  67.490 0.0000000000
53866  -40.296  -36.171  62.357 0.0000000000
61425  -54.728  -30.605  67.734 0.0000000000
63826  -57.739  -28.569  64.711 0.0000000000
63825  -57.172  -28.707  64.303 0.0000000000
62675  -56.596  -28.939  64.378 0.0000000000
63844  -56.934  -28.590  63.556 0.0000000000
63843  -56.289  -28.633  63.132 0.0000000000
65163  -56.935  -27.427  59.240 0.0000000000
65143  -56.182  -27.763  59.316 0.0000000000
65162  -56.067  -27.604  58.802 0.0000000000
65161  -55.086  -27.799  58.539 0.0000000000
66319  -56.218  -27.105  58.340 0.0000000000
67460  -60.853  -24.254  58.055 0.0000000000
68568  -61.123  -23.667  57.823 0.0000000000
69535  -56.003  -23.852  55.072 0.0000000000
68600  -56.047  -24.273  55.473 0.0000000000
68618  -55.601  -24.045  55.029 0.0000000000
68617  -54.986  -24.077  54.775 0.0000000000
69552  -54.793  -23.465  54.205 0.0000000000
74142  -53.881  -20.331  51.956 0.0000000000
73039  -53.309  -20.815  51.938 0.0000000000
73047  -53.052  -20.398  51.423 0.0000000000
74157  -53.517  -19.918  51.367 0.0000000000
78477  -58.888  -16.123  53.919 0.0000000000
78488  -58.699  -15.890  53.281 0.0000000000
51116  -26.105  -38.653  80.611 0.0000000000
51186  -25.925  -38.670  76.070 0.0000000000
50173  -25.227  -38.928  74.775 0.0000000000
51228  -24.937  -39.026  74.215 0.0000000000
56180  -28.857  -34.406  75.907 0.0000000000
56202  -28.884  -34.719  75.039 0.0000000000
48241  -25.266  -41.426  68.529 0.0000000000
50166  -35.507  -39.946  76.150 0.0000000000
49145  -35.041  -40.029  76.361 0.0000000000
49156  -34.971  -40.148  75.536 0.0000000000
50209  -32.710  -40.603  71.942 0.0000000000
57627  -46.759  -33.657  68.401 0.0000000000
57609  -47.453  -33.744  69.232 0.0000000000
58837  -48.961  -32.923  69.989 0.0000000000
58836  -48.110  -33.273  69.450 0.0000000000
58862  -49.293  -32.046  69.010 0.0000000000
53806  -47.146  -35.982  70.863 0.0000000000
53805  -46.441  -36.305  70.529 0.0000000000
53820  -45.329  -36.643  69.549 0.0000000000
53827  -45.023  -36.448  68.820 0.0000000000
55024  -45.891  -36.120  69.395 0.0000000000
56319  -47.067  -34.673  69.465 0.0000000000
55036  -46.131  -35.316  68.842 0.0000000000
56341  -46.507  -34.695  68.799 0.0000000000
65227  -47.593  -27.168  53.926 0.0000000000
67516  -48.688  -25.590  53.586 0.0000000000
68623  -49.195  -24.673  53.108 0.0000000000
53609  -33.291  -36.382  82.893 0.0000000000
51117  -34.137  -38.234  80.400 0.0000000000
52306  -33.566  -37.995  80.038 0.0000000000
52318  -33.405  -38.132  79.173 0.0000000000
51151  -33.590  -38.621  78.450 0.0000000000
60241  -48.250  -31.298  62.617 0.0000000000
60242  -49.010  -31.249  62.937 0.0000000000
61519  -49.130  -30.849  61.806 0.0000000000
61529  -49.231  -30.492  60.875 0.0000000000
62694  -50.405  -29.974  61.232 0.0000000000
62695  -51.055  -29.595  61.113 0.0000000000
62696  -52.058  -29.208  61.028 0.0000000000
51154  -41.829  -38.747  78.742 0.0000000000
51153  -41.231  -39.119  78.397 0.0000000000
51171  -42.009  -38.890  77.814 0.0000000000
51218  -42.492  -38.585  76.073 0.0000000000
51217  -41.434  -38.572  75.959 0.0000000000
52360  -40.879  -38.208  75.118 0.0000000000
52530  -38.096  -37.552  66.659 0.0000000000
52554  -36.487  -37.253  64.464 0.0000000000
55081  -41.324  -35.361  62.161 0.0000000000
65073  -59.214  -27.401  63.505 0.0000000000
65095  -58.704  -27.519  62.554 0.0000000000
66287  -59.759  -26.557  60.465 0.0000000000
65130  -59.204  -26.981  60.947 0.0000000000
66286  -59.188  -26.878  60.235 0.0000000000
65146  -58.440  -27.253  60.102 0.0000000000
66304  -58.963  -26.855  59.765 0.0000000000
71784  -60.839  -21.554  57.438 0.0000000000
72979  -60.517  -20.407  58.197 0.0000000000
70507  -61.064  -22.323  57.136 0.0000000000
69526  -61.225  -23.046  56.966 0.0000000000
70506  -60.497  -22.449  56.449 0.0000000000
71794  -59.158  -21.676  55.594 0.0000000000
70517  -57.735  -22.682  55.146 0.0000000000
70531  -57.256  -22.416  54.811 0.0000000000
71808  -57.372  -21.815  54.639 0.0000000000
74119  -57.770  -19.996  54.417 0.0000000000
73013  -56.831  -20.802  53.982 0.0000000000
74129  -55.953  -20.215  52.935 0.0000000000
74130  -56.733  -19.800  53.324 0.0000000000
78533  -60.264  -15.882  51.362 0.0000000000
77617  -59.294  -16.116  50.828 0.0000000000
54843  -27.251  -36.099  80.761 0.0000000000
53642  -27.156  -37.007  80.708 0.0000000000
54858  -27.434  -35.338  79.152 0.0000000000
54875  -27.269  -36.203  78.365 0.0000000000
52328  -26.964  -37.685  77.156 0.0000000000
53693  -27.285  -36.273  77.600 0.0000000000
54985  -29.014  -35.893  72.332 0.0000000000
54965  -29.024  -35.479  73.280 0.0000000000
53790  -28.516  -36.111  71.380 0.0000000000
52477  -28.138  -37.320  68.948 0.0000000000
52497  -27.321  -37.898  68.617 0.0000000000
52496  -26.532  -37.816  69.003 0.0000000000
50249  -26.655  -39.468  68.465 0.0000000000
49237  -26.836  -40.240  68.705 0.0000000000
50250  -27.541  -39.453  68.594 0.0000000000
49225  -27.856  -40.150  69.629 0.0000000000
48230  -27.489  -40.828  70.131 0.0000000000
49183  -34.560  -40.345  73.646 0.0000000000
50196  -34.375  -40.569  72.523 0.0000000000
49220  -33.925  -41.369  71.239 0.0000000000
49209  -32.956  -41.477  71.447 0.0000000000
48226  -32.712  -42.076  70.165 0.0000000000
58908  -44.213  -33.143  64.018 0.0000000000
58919  -43.949  -33.057  63.371 0.0000000000
60185  -45.431  -31.942  64.586 0.0000000000
60202  -45.832  -31.517  64.116 0.0000000000
58882  -46.801  -32.583  67.453 0.0000000000
60188  -47.847  -31.218  65.376 0.0000000000
60205  -48.688  -31.330  64.478 0.0000000000
60191  -50.803  -31.481  65.699 0.0000000000
60208  -51.338  -31.354  65.093 0.0000000000
52345  -45.389  -37.182  75.949 0.0000000000
52363  -44.399  -37.835  75.593 0.0000000000
52364  -45.394  -37.365  75.388 0.0000000000
52412  -44.726  -37.699  73.526 0.0000000000
52430  -43.913  -37.642  72.487 0.0000000000
52433  -45.777  -37.398  72.460 0.0000000000
52432  -45.312  -37.518  72.537 0.0000000000
52488  -43.202  -37.674  69.682 0.0000000000
52465  -43.799  -37.537  70.605 0.0000000000
52487  -42.550  -37.682  69.555 0.0000000000
52534  -41.730  -37.497  67.147 0.0000000000
52533  -41.003  -37.581  66.953 0.0000000000
52546  -40.698  -37.529  66.032 0.0000000000
52545  -39.834  -37.629  65.911 0.0000000000
52558  -40.260  -37.383  65.403 0.0000000000
53841  -40.691  -37.234  65.435 0.0000000000
55048  -42.112  -36.147  65.381 0.0000000000
55039  -43.922  -36.423  67.605 0.0000000000
55050  -43.328  -35.806  66.110 0.0000000000
55054  -42.336  -35.517  64.946 0.0000000000
57670  -43.745  -33.866  64.317 0.0000000000
57669  -43.184  -34.304  64.298 0.0000000000
78455  -61.714  -15.229  56.783 0.0000000000
78469  -61.683  -14.882  56.124 0.0000000000
79471  -61.589  -14.794  55.795 0.0000000000
79510  -60.860  -15.095  53.041 0.0000000000
79511  -61.946  -15.033  52.711 0.0000000000
57434  -29.484  -33.229  80.802 0.0000000000
57435  -30.363  -33.361  81.087 0.0000000000
56126  -30.871  -34.039  79.228 0.0000000000
54860  -32.345  -36.028  80.270 0.0000000000
54878  -32.218  -36.371  79.348 0.0000000000
54892  -31.707  -36.037  77.427 0.0000000000
56162  -31.088  -35.170  76.698 0.0000000000
54928  -30.827  -35.371  75.565 0.0000000000
56204  -30.095  -35.131  74.470 0.0000000000
53744  -30.942  -36.981  74.166 0.0000000000
53743  -30.628  -36.518  73.447 0.0000000000
53760  -30.550  -36.707  72.836 0.0000000000
53778  -30.364  -36.761  72.096 0.0000000000
52421  -30.699  -37.237  71.975 0.0000000000
58931  -44.254  -32.399  62.695 0.0000000000
58934  -43.814  -33.058  61.572 0.0000000000
60247  -45.214  -31.734  61.385 0.0000000000
60246  -44.645  -32.067  61.273 0.0000000000
60257  -45.038  -32.029  60.806 0.0000000000
60260  -47.421  -31.949  60.647 0.0000000000
62743  -48.765  -29.683  58.755 0.0000000000
62765  -49.602  -29.201  56.777 0.0000000000
63958  -50.602  -28.677  57.280 0.0000000000
63973  -49.845  -28.752  56.553 0.0000000000
63974  -50.713  -28.377  56.717 0.0000000000
65199  -50.123  -28.188  56.250 0.0000000000
50081  -37.160  -38.830  80.921 0.0000000000
50098  -37.777  -39.026  80.256 0.0000000000
50154  -37.246  -39.287  76.915 0.0000000000
51169  -40.281  -39.118  77.265 0.0000000000
50138  -39.547  -39.318  77.946 0.0000000000
50156  -39.452  -39.100  77.011 0.0000000000
51213  -37.394  -38.877  75.495 0.0000000000
51190  -37.904  -39.003  76.256 0.0000000000
51212  -36.597  -39.349  75.300 0.0000000000
50186  -35.644  -39.573  74.366 0.0000000000
51232  -36.234  -39.398  74.652 0.0000000000
50227  -34.740  -39.753  71.170 0.0000000000
51275  -35.350  -38.909  71.036 0.0000000000
52387  -43.667  -38.064  74.737 0.0000000000
51237  -43.134  -38.437  75.483 0.0000000000
52427  -40.943  -37.796  72.383 0.0000000000
52426  -39.799  -37.780  72.453 0.0000000000
52459  -38.079  -37.660  70.765 0.0000000000
51302  -34.347  -38.762  68.712 0.0000000000
52584  -39.139  -37.141  63.291 0.0000000000
54819  -27.203  -35.367  83.542 0.0000000000
58664  -29.834  -32.699  84.043 0.0000000000
54804  -33.072  -35.341  83.572 0.0000000000
51089  -36.961  -38.106  82.307 0.0000000000
51090  -37.976  -38.224  82.166 0.0000000000
51123  -39.379  -38.740  80.822 0.0000000000
51107  -40.641  -38.216  81.236 0.0000000000
53651  -41.669  -36.592  80.908 0.0000000000
52294  -41.498  -37.407  81.030 0.0000000000
51126  -41.698  -37.764  80.678 0.0000000000
51125  -41.278  -38.190  80.867 0.0000000000
51140  -41.973  -38.033  80.194 0.0000000000
53683  -43.261  -36.666  79.315 0.0000000000
52308  -42.973  -37.120  79.459 0.0000000000
53700  -43.795  -36.784  78.527 0.0000000000
53701  -44.272  -36.720  77.667 0.0000000000
54899  -44.543  -35.797  77.442 0.0000000000
54917  -45.353  -35.636  76.760 0.0000000000
54918  -46.178  -35.749  76.223 0.0000000000
54919  -46.774  -35.876  75.757 0.0000000000
54974  -50.255  -34.727  73.171 0.0000000000
57561  -51.638  -33.403  72.632 0.0000000000
57577  -51.481  -33.445  71.907 0.0000000000
58804  -52.500  -32.304  71.108 0.0000000000
58803  -51.954  -32.769  71.347 0.0000000000
58821  -52.079  -32.505  70.661 0.0000000000
58839  -51.739  -32.308  69.904 0.0000000000
58840  -52.539  -32.198  69.912 0.0000000000
60111  -53.643  -31.336  69.559 0.0000000000
60110  -53.322  -31.601  69.378 0.0000000000
60109  -52.897  -31.820  69.315 0.0000000000
60129  -53.320  -31.481  68.685 0.0000000000
60155  -52.371  -31.450  67.650 0.0000000000
60156  -53.135  -31.368  67.828 0.0000000000
62603  -56.323  -29.435  67.294 0.0000000000
62621  -56.208  -29.488  66.433 0.0000000000
62657  -55.167  -29.487  64.613 0.0000000000
62639  -55.239  -29.781  65.411 0.0000000000
61482  -53.448  -30.394  64.782 0.0000000000
62672  -54.093  -29.339  63.361 0.0000000000
63861  -54.307  -28.602  61.168 0.0000000000
62697  -53.321  -28.850  60.952 0.0000000000
63883  -56.773  -28.100  61.564 0.0000000000
63904  -56.778  -27.837  60.603 0.0000000000
63901  -54.158  -28.510  59.639 0.0000000000
63920  -53.870  -28.471  59.008 0.0000000000
63919  -52.877  -28.533  58.735 0.0000000000
63941  -53.391  -28.244  58.319 0.0000000000
63961  -53.388  -27.864  57.772 0.0000000000
65181  -52.914  -27.559  57.236 0.0000000000
65202  -52.427  -27.152  56.619 0.0000000000
67439  -60.129  -25.542  58.579 0.0000000000
67424  -60.509  -25.231  58.822 0.0000000000
67438  -59.638  -25.765  58.477 0.0000000000
66322  -59.423  -26.118  58.839 0.0000000000
69524  -59.314  -23.689  56.255 0.0000000000
68587  -59.577  -24.136  56.622 0.0000000000
68586  -58.596  -24.464  56.487 0.0000000000
68584  -56.497  -24.769  56.188 0.0000000000
67480  -57.024  -25.302  56.866 0.0000000000
67456  -56.367  -26.000  57.359 0.0000000000
67455  -55.258  -26.063  57.166 0.0000000000
67477  -53.337  -25.852  56.133 0.0000000000
67498  -52.650  -25.684  55.526 0.0000000000
66376  -52.315  -26.254  55.875 0.0000000000
67497  -51.558  -25.860  55.184 0.0000000000
67511  -51.924  -25.267  54.765 0.0000000000
68626  -52.087  -24.238  53.650 0.0000000000
68625  -51.143  -24.313  53.481 0.0000000000
69565  -50.890  -23.796  52.927 0.0000000000
70547  -54.967  -22.606  53.663 0.0000000000
70546  -54.378  -22.739  53.433 0.0000000000
71822  -53.998  -22.082  52.985 0.0000000000
71828  -52.019  -22.017  52.159 0.0000000000
70553  -52.309  -22.584  52.547 0.0000000000
70551  -50.445  -22.629  51.828 0.0000000000
76590  -59.465  -17.843  55.192 0.0000000000
76610  -57.648  -17.589  53.239 0.0000000000
75349  -57.741  -18.307  53.610 0.0000000000
75360  -56.636  -18.230  52.294 0.0000000000
74145  -56.373  -18.982  52.594 0.0000000000
77594  -57.338  -16.801  50.750 0.0000000000
77579  -57.326  -16.840  51.522 0.0000000000
76646  -56.617  -17.257  50.219 0.0000000000
75393  -55.135  -18.331  50.184 0.0000000000
75376  -54.793  -18.827  50.897 0.0000000000
51148  -25.913  -38.679  78.065 0.0000000000
50161  -24.647  -39.399  75.840 0.0000000000
50148  -24.660  -39.394  76.811 0.0000000000
49166  -23.400  -40.318  74.659 0.0000000000
49194  -23.067  -40.311  72.689 0.0000000000
49193  -22.599  -40.977  72.369 0.0000000000
49207  -22.593  -41.132  71.845 0.0000000000
48220  -22.818  -41.493  70.786 0.0000000000
57464  -28.316  -34.121  78.413 0.0000000000
54927  -27.667  -35.225  75.808 0.0000000000
54908  -27.507  -35.460  76.789 0.0000000000
53726  -27.294  -37.023  75.580 0.0000000000
53741  -27.232  -37.056  74.496 0.0000000000
53775  -27.662  -36.489  72.674 0.0000000000
51261  -25.512  -38.244  71.696 0.0000000000
52436  -26.086  -37.863  71.819 0.0000000000
52419  -26.026  -38.008  72.400 0.0000000000
52401  -26.053  -38.125  73.181 0.0000000000
51260  -24.881  -38.705  72.112 0.0000000000
51250  -25.018  -38.709  72.875 0.0000000000
47190  -26.497  -42.271  69.037 0.0000000000
50096  -35.930  -39.190  79.674 0.0000000000
50078  -34.865  -38.996  79.882 0.0000000000
50095  -35.197  -39.216  79.387 0.0000000000
50150  -33.805  -39.284  76.948 0.0000000000
51168  -33.445  -38.839  77.477 0.0000000000
49167  -34.075  -40.410  73.742 0.0000000000
50183  -33.052  -39.865  74.057 0.0000000000
51231  -32.634  -39.091  74.692 0.0000000000
52380  -32.072  -38.417  74.348 0.0000000000
51242  -31.861  -38.533  73.379 0.0000000000
51272  -31.581  -39.380  70.749 0.0000000000
52456  -31.056  -38.332  70.155 0.0000000000
48245  -31.492  -42.303  68.845 0.0000000000
48225  -32.012  -42.078  70.228 0.0000000000
47193  -30.529  -42.806  68.667 0.0000000000
47184  -30.171  -42.378  69.230 0.0000000000
48233  -30.240  -41.629  69.688 0.0000000000
49227  -29.667  -40.373  69.853 0.0000000000
49216  -29.346  -40.592  70.336 0.0000000000
56320  -47.772  -34.623  70.103 0.0000000000
57592  -48.930  -33.841  70.686 0.0000000000
58818  -49.473  -33.486  70.654 0.0000000000
54990  -49.194  -35.538  72.965 0.0000000000
53796  -48.131  -35.890  72.057 0.0000000000
55004  -48.006  -35.736  71.657 0.0000000000
55014  -46.957  -35.840  70.477 0.0000000000
55026  -47.265  -35.105  70.014 0.0000000000
65221  -47.969  -27.833  54.769 0.0000000000
66387  -48.430  -26.229  53.890 0.0000000000
67508  -49.087  -25.811  54.023 0.0000000000
67509  -49.625  -25.613  54.160 0.0000000000
52260  -34.230  -37.449  82.297 0.0000000000
52277  -34.099  -37.662  81.749 0.0000000000
58941  -43.992  -33.290  61.084 0.0000000000
60225  -50.185  -31.212  64.000 0.0000000000
60243  -49.709  -31.165  63.214 0.0000000000
61510  -50.079  -30.900  62.742 0.0000000000
51195  -42.785  -38.761  77.104 0.0000000000
52531  -39.205  -37.707  66.699 0.0000000000
52581  -36.159  -37.669  62.375 0.0000000000
72989  -60.606  -20.739  56.877 0.0000000000
71783  -60.744  -21.770  56.842 0.0000000000
72999  -58.355  -20.963  55.023 0.0000000000
74105  -58.289  -20.347  54.934 0.0000000000
56088  -27.367  -35.037  80.302 0.0000000000
56105  -27.447  -35.153  79.517 0.0000000000
56106  -27.612  -34.866  79.033 0.0000000000
55003  -29.441  -36.202  71.263 0.0000000000
55012  -29.005  -36.013  71.075 0.0000000000
52498  -28.153  -38.100  68.510 0.0000000000
51299  -28.205  -38.809  68.546 0.0000000000
50251  -28.416  -39.430  68.986 0.0000000000
48231  -28.297  -40.198  70.232 0.0000000000
50211  -34.754  -39.921  71.785 0.0000000000
50210  -34.366  -40.662  72.115 0.0000000000
50225  -33.982  -40.989  70.377 0.0000000000
57658  -45.154  -33.102  65.391 0.0000000000
58900  -45.490  -32.681  65.576 0.0000000000
60150  -47.437  -31.773  67.112 0.0000000000
60151  -48.251  -31.584  67.467 0.0000000000
52365  -46.098  -37.238  74.866 0.0000000000
52467  -45.043  -37.226  70.725 0.0000000000
52466  -44.441  -37.403  70.689 0.0000000000
53836  -41.660  -37.270  66.514 0.0000000000
55045  -44.331  -35.435  66.798 0.0000000000
56379  -43.531  -34.828  65.288 0.0000000000
56380  -44.179  -34.333  65.366 0.0000000000
57656  -44.026  -34.174  65.033 0.0000000000
57436  -31.072  -33.899  81.391 0.0000000000
53678  -32.458  -37.038  78.751 0.0000000000
53694  -31.875  -36.732  77.067 0.0000000000
54929  -31.101  -36.172  75.331 0.0000000000
53728  -31.261  -36.999  75.099 0.0000000000
60237  -44.640  -31.845  62.028 0.0000000000
60248  -46.045  -31.582  61.395 0.0000000000
62756  -50.252  -28.848  57.552 0.0000000000
63938  -50.739  -28.737  57.825 0.0000000000
50099  -38.727  -39.143  80.035 0.0000000000
51215  -39.345  -38.513  75.589 0.0000000000
51191  -38.916  -38.866  76.339 0.0000000000
51234  -37.841  -38.520  74.903 0.0000000000
51246  -36.885  -38.442  73.806 0.0000000000
51256  -37.054  -38.092  73.233 0.0000000000
52428  -42.066  -37.653  72.384 0.0000000000
52502  -37.787  -37.589  68.721 0.0000000000
52481  -36.133  -38.105  70.252 0.0000000000
53865  -39.774  -36.713  62.828 0.0000000000
52265  -38.521  -37.644  82.248 0.0000000000
53666  -42.301  -36.606  80.503 0.0000000000
52307  -42.610  -37.467  79.745 0.0000000000
56168  -45.413  -34.828  76.910 0.0000000000
58776  -52.400  -32.252  72.474 0.0000000000
57562  -52.081  -32.861  72.224 0.0000000000
60067  -52.588  -31.494  72.112 0.0000000000
60068  -52.799  -31.372  71.559 0.0000000000
58791  -52.812  -31.791  71.212 0.0000000000
60131  -54.230  -30.905  69.050 0.0000000000
60158  -54.315  -30.906  68.455 0.0000000000
60157  -53.903  -31.164  68.003 0.0000000000
61446  -54.658  -30.497  66.788 0.0000000000
63809  -58.145  -28.343  65.401 0.0000000000
62642  -57.474  -28.737  65.614 0.0000000000
62641  -56.848  -29.117  65.771 0.0000000000
62659  -56.856  -29.093  65.013 0.0000000000
62658  -56.020  -29.365  64.861 0.0000000000
62673  -55.028  -29.229  63.731 0.0000000000
62688  -55.636  -28.823  63.206 0.0000000000
65127  -57.184  -27.622  60.044 0.0000000000
63923  -56.477  -27.833  59.980 0.0000000000
63942  -54.482  -28.205  58.745 0.0000000000
68549  -60.895  -24.058  58.377 0.0000000000
67440  -60.606  -24.732  58.499 0.0000000000
67459  -60.428  -24.836  58.008 0.0000000000
68602  -58.101  -24.027  55.953 0.0000000000
68601  -57.074  -24.150  55.734 0.0000000000
68583  -55.433  -24.965  55.974 0.0000000000
67500  -54.622  -24.997  55.752 0.0000000000
68598  -54.342  -24.617  55.185 0.0000000000
68597  -53.472  -24.838  54.991 0.0000000000
68615  -53.255  -24.354  54.278 0.0000000000
68627  -52.794  -24.179  53.817 0.0000000000
69567  -52.834  -23.622  53.359 0.0000000000
73027  -54.573  -21.416  52.799 0.0000000000
71830  -53.858  -21.389  52.551 0.0000000000
73038  -52.388  -21.364  51.873 0.0000000000
73045  -51.707  -21.257  51.419 0.0000000000
77563  -59.522  -16.389  54.869 0.0000000000
77552  -59.298  -17.084  54.853 0.0000000000
77562  -58.809  -16.710  54.265 0.0000000000
76617  -57.461  -17.215  52.663 0.0000000000
76654  -55.922  -18.022  48.900 0.0000000000
76645  -55.870  -17.751  49.713 0.0000000000
50093  -25.330  -38.950  79.531 0.0000000000
51166  -26.400  -38.166  77.638 0.0000000000
51165  -25.938  -38.654  77.067 0.0000000000
50181  -24.010  -39.945  74.194 0.0000000000
50192  -23.825  -39.856  73.188 0.0000000000
50207  -23.597  -39.755  72.134 0.0000000000
57480  -29.109  -33.860  77.724 0.0000000000
57479  -28.501  -34.114  77.529 0.0000000000
56159  -28.562  -34.267  76.659 0.0000000000
56179  -28.180  -34.588  76.062 0.0000000000
52454  -26.537  -37.398  70.875 0.0000000000
51271  -25.400  -38.318  70.703 0.0000000000
50222  -24.312  -39.286  70.633 0.0000000000
48240  -24.376  -41.540  68.686 0.0000000000
47188  -24.664  -42.431  68.584 0.0000000000
46106  -25.681  -43.376  68.713 0.0000000000
46107  -26.213  -43.434  69.101 0.0000000000
50135  -35.902  -39.687  77.854 0.0000000000
50134  -35.092  -39.738  77.598 0.0000000000
49134  -34.726  -39.853  76.779 0.0000000000
50195  -33.723  -40.842  72.649 0.0000000000
50184  -33.658  -40.476  73.441 0.0000000000
51253  -32.275  -39.560  72.466 0.0000000000
46093  -29.344  -43.000  70.425 0.0000000000
57638  -46.231  -33.620  67.515 0.0000000000
58860  -47.098  -32.962  68.330 0.0000000000
58863  -50.091  -31.770  68.924 0.0000000000
53747  -48.086  -36.152  74.672 0.0000000000
52391  -46.808  -37.073  73.900 0.0000000000
53763  -47.298  -36.715  73.593 0.0000000000
53780  -46.356  -37.166  72.593 0.0000000000
52450  -45.828  -37.258  71.981 0.0000000000
53794  -46.326  -36.848  71.662 0.0000000000
53793  -45.561  -37.146  71.367 0.0000000000
52491  -45.119  -37.047  70.168 0.0000000000
52510  -44.338  -37.106  69.165 0.0000000000
55034  -44.836  -36.281  68.496 0.0000000000
55041  -45.265  -35.245  67.866 0.0000000000
56354  -45.628  -34.421  67.435 0.0000000000
66390  -47.306  -26.331  52.581 0.0000000000
54820  -32.863  -35.844  82.940 0.0000000000
54833  -32.605  -35.860  82.116 0.0000000000
53643  -32.884  -36.855  80.964 0.0000000000
52292  -33.246  -37.513  80.505 0.0000000000
52317  -32.933  -37.966  78.416 0.0000000000
61537  -48.436  -30.662  59.938 0.0000000000
61538  -49.103  -30.146  60.113 0.0000000000
62708  -49.583  -29.982  60.441 0.0000000000
62711  -52.498  -28.881  59.952 0.0000000000
50118  -40.364  -39.316  78.943 0.0000000000
51193  -40.873  -38.874  76.629 0.0000000000
52359  -39.878  -38.175  75.040 0.0000000000
52485  -40.859  -37.623  69.440 0.0000000000
52517  -38.501  -37.668  67.640 0.0000000000
52528  -35.815  -37.351  66.497 0.0000000000
52552  -34.530  -37.697  64.315 0.0000000000
52562  -34.439  -38.178  63.537 0.0000000000
52563  -35.268  -37.601  63.340 0.0000000000
55069  -40.843  -35.790  62.690 0.0000000000
55080  -40.800  -35.758  61.843 0.0000000000
55094  -40.804  -35.934  61.327 0.0000000000
53923  -40.913  -36.615  60.274 0.0000000000
63865  -57.767  -28.065  62.754 0.0000000000
65094  -58.179  -27.542  61.947 0.0000000000
65111  -58.118  -27.426  61.184 0.0000000000
65113  -59.390  -26.933  61.547 0.0000000000
65128  -57.843  -27.462  60.438 0.0000000000
65145  -57.923  -27.315  59.782 0.0000000000
66321  -58.097  -26.927  59.172 0.0000000000
69507  -61.433  -23.116  57.614 0.0000000000
68589  -61.154  -23.526  57.429 0.0000000000
69525  -60.031  -23.353  56.403 0.0000000000
70519  -59.695  -22.203  55.943 0.0000000000
69538  -58.803  -23.352  55.794 0.0000000000
69537  -57.559  -23.513  55.455 0.0000000000
70516  -57.004  -23.153  55.062 0.0000000000
70529  -55.482  -22.677  54.025 0.0000000000
71806  -55.565  -22.214  53.853 0.0000000000
71824  -55.940  -21.232  53.499 0.0000000000
73028  -55.342  -20.780  52.852 0.0000000000
73041  -54.908  -20.292  52.391 0.0000000000
78502  -59.929  -15.182  52.496 0.0000000000
78501  -59.104  -15.557  52.499 0.0000000000
77596  -58.870  -15.895  51.438 0.0000000000
52291  -26.850  -37.853  80.673 0.0000000000
52304  -26.751  -37.730  79.320 0.0000000000
52316  -26.814  -37.660  78.211 0.0000000000
51209  -26.414  -38.203  75.612 0.0000000000
56203  -29.633  -34.891  74.708 0.0000000000
54946  -28.906  -35.157  74.186 0.0000000000
54984  -28.426  -35.909  72.790 0.0000000000
53789  -27.708  -36.438  71.512 0.0000000000
53800  -27.858  -36.410  70.586 0.0000000000
53799  -27.161  -36.867  70.729 0.0000000000
52475  -26.646  -37.367  69.908 0.0000000000
49236  -25.916  -40.392  68.516 0.0000000000
49169  -34.808  -40.242  74.610 0.0000000000
49182  -34.205  -40.513  73.270 0.0000000000
49196  -33.849  -41.175  72.253 0.0000000000
58909  -44.614  -32.874  64.365 0.0000000000
60170  -46.404  -31.825  65.817 0.0000000000
60171  -46.923  -31.730  66.363 0.0000000000
60226  -50.871  -31.254  64.448 0.0000000000
61481  -52.101  -30.963  64.867 0.0000000000
51220  -44.007  -38.020  76.406 0.0000000000
52414  -46.248  -37.358  73.302 0.0000000000
52447  -43.856  -37.560  71.503 0.0000000000
52463  -42.443  -37.670  70.385 0.0000000000
52505  -41.195  -37.591  68.562 0.0000000000
52520  -41.463  -37.599  67.814 0.0000000000
53847  -39.771  -37.105  64.445 0.0000000000
53854  -41.051  -36.111  63.720 0.0000000000
53838  -43.034  -36.487  66.602 0.0000000000
53844  -42.888  -36.156  66.067 0.0000000000
55053  -41.701  -35.980  64.746 0.0000000000
55058  -41.515  -35.674  63.740 0.0000000000
56397  -41.673  -35.224  63.184 0.0000000000
56398  -42.180  -34.797  63.419 0.0000000000
57691  -42.786  -34.032  62.837 0.0000000000
76578  -60.809  -18.021  56.835 0.0000000000
76592  -60.865  -17.473  56.830 0.0000000000
77554  -60.707  -16.750  56.436 0.0000000000
78454  -61.284  -16.123  56.790 0.0000000000
78467  -59.984  -15.997  55.213 0.0000000000
78479  -60.656  -15.085  55.075 0.0000000000
79483  -61.393  -14.699  55.042 0.0000000000
79494  -60.629  -14.844  54.096 0.0000000000
78519  -60.733  -15.563  52.124 0.0000000000
78534  -61.156  -16.235  51.626 0.0000000000
78520  -62.011  -15.833  52.139 0.0000000000
78535  -61.766  -16.497  51.747 0.0000000000
57433  -28.568  -33.480  80.681 0.0000000000
57448  -29.327  -33.519  79.719 0.0000000000
57481  -29.706  -33.836  78.121 0.0000000000
56141  -29.728  -33.956  77.599 0.0000000000
56109  -32.272  -35.502  80.816 0.0000000000
54877  -31.877  -35.969  78.412 0.0000000000
56161  -30.708  -34.775  76.332 0.0000000000
54966  -29.785  -35.663  73.078 0.0000000000
54967  -30.284  -36.205  72.859 0.0000000000
54986  -29.782  -36.222  72.122 0.0000000000
53791  -29.913  -36.480  71.488 0.0000000000
53803  -30.163  -37.122  70.127 0.0000000000
49241  -33.177  -40.882  68.764 0.0000000000
60259  -46.502  -32.017  60.616 0.0000000000
58944  -45.967  -32.129  60.414 0.0000000000
63972  -49.290  -29.184  56.346 0.0000000000
63984  -49.087  -28.823  55.841 0.0000000000
51119  -35.629  -38.559  81.109 0.0000000000
50080  -36.218  -38.835  80.615 0.0000000000
50115  -36.459  -39.448  78.924 0.0000000000
50167  -36.242  -39.707  75.934 0.0000000000
51245  -36.095  -39.108  73.919 0.0000000000
51254  -35.584  -39.405  73.149 0.0000000000
50243  -34.204  -39.772  69.775 0.0000000000
51236  -42.568  -38.450  75.354 0.0000000000
52385  -41.338  -37.911  74.360 0.0000000000
52461  -40.479  -37.694  70.421 0.0000000000
52425  -38.701  -37.747  72.607 0.0000000000
52440  -36.873  -37.928  72.220 0.0000000000
51276  -36.064  -38.360  71.197 0.0000000000
52457  -36.048  -38.271  70.893 0.0000000000
53900  -39.995  -36.366  61.164 0.0000000000
56276  -50.105  -34.569  72.152 0.0000000000
56252  -50.360  -34.528  72.628 0.0000000000
56278  -51.136  -33.874  72.579 0.0000000000
56065  -27.241  -34.659  82.673 0.0000000000
57418  -27.367  -34.139  81.744 0.0000000000
58673  -28.313  -33.101  82.772 0.0000000000
56066  -32.024  -34.308  83.603 0.0000000000
56067  -32.497  -34.816  83.479 0.0000000000
54821  -33.356  -36.006  83.236 0.0000000000
53610  -33.931  -36.709  82.937 0.0000000000
52261  -34.666  -37.460  82.617 0.0000000000
51088  -36.003  -38.079  82.356 0.0000000000
51121  -37.033  -38.585  81.460 0.0000000000
50068  -37.928  -38.647  81.316 0.0000000000
51105  -38.507  -38.548  81.366 0.0000000000
50084  -39.738  -38.946  80.463 0.0000000000
51138  -40.557  -38.979  80.048 0.0000000000
52319  -42.859  -37.848  79.160 0.0000000000
51156  -43.017  -37.991  78.901 0.0000000000
51173  -43.227  -38.079  78.341 0.0000000000
54898  -44.002  -35.889  78.255 0.0000000000
52331  -44.424  -37.157  77.187 0.0000000000
54935  -47.395  -35.955  75.457 0.0000000000
53731  -47.612  -36.317  75.083 0.0000000000
56190  -47.832  -35.274  75.559 0.0000000000
54936  -48.018  -35.764  75.228 0.0000000000
53732  -48.081  -35.993  74.981 0.0000000000
54955  -48.804  -35.768  74.365 0.0000000000
54972  -49.006  -35.733  73.659 0.0000000000
54991  -49.836  -34.921  72.727 0.0000000000
57576  -50.579  -34.053  71.797 0.0000000000
57595  -51.537  -32.951  71.218 0.0000000000
60107  -51.489  -31.915  69.203 0.0000000000
60079  -53.216  -31.198  70.944 0.0000000000
58805  -53.053  -31.771  70.637 0.0000000000
60093  -53.702  -31.103  70.133 0.0000000000
58823  -53.269  -31.749  70.059 0.0000000000
60127  -51.898  -31.669  68.441 0.0000000000
60154  -51.488  -31.481  67.531 0.0000000000
60176  -52.008  -31.373  66.754 0.0000000000
60178  -53.505  -31.113  67.183 0.0000000000
60193  -52.447  -31.221  66.124 0.0000000000
61462  -52.391  -31.095  65.575 0.0000000000
61447  -55.475  -30.012  67.085 0.0000000000
61464  -54.354  -30.479  65.785 0.0000000000
62685  -52.649  -29.297  61.995 0.0000000000
63864  -56.908  -28.334  62.520 0.0000000000
63903  -55.851  -28.168  60.265 0.0000000000
63881  -55.074  -28.467  60.714 0.0000000000
63880  -54.253  -28.549  60.369 0.0000000000
62729  -52.416  -28.674  59.129 0.0000000000
63918  -51.916  -28.583  58.527 0.0000000000
63960  -52.603  -28.092  57.619 0.0000000000
63975  -51.337  -28.010  56.704 0.0000000000
65216  -50.800  -27.077  55.789 0.0000000000
68566  -60.059  -24.570  57.372 0.0000000000
67481  -58.216  -25.154  56.998 0.0000000000
66339  -55.657  -26.740  57.773 0.0000000000
66338  -54.571  -26.534  57.260 0.0000000000
66337  -53.842  -26.673  57.049 0.0000000000
67478  -54.492  -25.735  56.570 0.0000000000
66359  -53.612  -26.313  56.624 0.0000000000
65203  -53.224  -26.915  56.873 0.0000000000
66357  -52.045  -26.697  56.102 0.0000000000
65217  -51.445  -26.755  55.844 0.0000000000
66374  -51.038  -26.315  55.322 0.0000000000
66382  -50.513  -26.225  55.003 0.0000000000
68612  -50.446  -24.948  53.910 0.0000000000
68613  -51.461  -24.835  54.135 0.0000000000
68635  -49.605  -24.100  52.735 0.0000000000
69569  -54.339  -23.226  53.790 0.0000000000
69568  -53.712  -23.327  53.562 0.0000000000
70544  -52.535  -23.068  52.892 0.0000000000
71821  -53.498  -22.286  52.857 0.0000000000
70554  -52.842  -22.614  52.740 0.0000000000
70543  -51.898  -23.067  52.696 0.0000000000
69576  -50.661  -23.275  52.446 0.0000000000
69575  -49.674  -23.433  52.205 0.0000000000
75326  -59.456  -18.931  55.509 0.0000000000
75338  -58.204  -18.643  54.274 0.0000000000
76602  -58.791  -17.734  54.548 0.0000000000
74131  -57.549  -19.078  53.681 0.0000000000
74158  -54.561  -19.393  51.529 0.0000000000
78500  -58.349  -16.020  52.343 0.0000000000
77580  -57.689  -16.628  52.274 0.0000000000
76616  -57.025  -17.425  52.011 0.0000000000
76629  -55.979  -17.788  50.653 0.0000000000
75378  -56.274  -17.958  51.533 0.0000000000
50110  -25.258  -39.072  78.467 0.0000000000
50131  -25.332  -39.097  77.452 0.0000000000
48206  -22.413  -41.579  72.942 0.0000000000
49179  -22.691  -40.834  73.246 0.0000000000
57463  -27.891  -34.504  78.734 0.0000000000
56125  -28.080  -34.422  77.728 0.0000000000
56139  -27.764  -34.879  77.369 0.0000000000
53710  -27.312  -36.250  77.098 0.0000000000
53709  -27.259  -37.011  76.629 0.0000000000
51230  -26.238  -38.228  74.642 0.0000000000
53759  -27.593  -36.290  73.981 0.0000000000
53758  -27.172  -37.159  73.393 0.0000000000
52378  -26.638  -37.789  73.932 0.0000000000
52377  -26.000  -38.260  73.872 0.0000000000
51229  -25.497  -38.602  74.231 0.0000000000
51240  -24.944  -38.886  73.537 0.0000000000
50193  -24.386  -39.185  72.748 0.0000000000
49214  -23.283  -40.540  70.402 0.0000000000
51137  -34.359  -38.669  79.602 0.0000000000
50113  -34.827  -39.331  78.476 0.0000000000
50112  -34.159  -38.967  78.541 0.0000000000
51152  -33.976  -38.638  78.993 0.0000000000
51167  -33.014  -38.546  77.029 0.0000000000
49155  -34.537  -40.174  75.034 0.0000000000
50165  -34.243  -39.952  75.527 0.0000000000
50164  -33.607  -39.595  75.661 0.0000000000
50175  -33.651  -40.082  74.428 0.0000000000
51211  -33.214  -39.133  76.015 0.0000000000
51188  -32.912  -38.722  76.215 0.0000000000
51252  -31.798  -38.583  72.874 0.0000000000
52422  -31.058  -37.665  72.314 0.0000000000
52438  -30.758  -37.313  71.504 0.0000000000
52455  -30.724  -37.502  70.539 0.0000000000
52479  -30.235  -37.828  69.618 0.0000000000
49230  -32.891  -41.494  68.981 0.0000000000
48236  -33.045  -41.841  69.674 0.0000000000
48244  -30.750  -42.296  69.274 0.0000000000
48234  -31.303  -41.913  69.895 0.0000000000
49217  -31.646  -41.421  70.512 0.0000000000
50241  -31.152  -40.325  70.204 0.0000000000
51288  -30.228  -38.817  69.547 0.0000000000
50238  -28.867  -39.380  69.326 0.0000000000
49226  -28.719  -39.759  69.697 0.0000000000
47181  -26.511  -42.814  69.430 0.0000000000
48213  -22.614  -41.354  71.496 0.0000000000
49135  -35.054  -39.962  76.919 0.0000000000
49198  -34.336  -40.504  73.040 0.0000000000
49239  -28.160  -39.801  69.319 0.0000000000
50067  -37.561  -38.655  81.288 0.0000000000
50109  -24.821  -39.471  78.393 0.0000000000
50111  -33.827  -38.889  78.282 0.0000000000
50162  -25.272  -39.019  75.510 0.0000000000
50163  -33.258  -39.492  75.392 0.0000000000
50221  -23.616  -39.800  71.054 0.0000000000
51197  -44.048  -37.837  76.803 0.0000000000
51210  -32.987  -39.180  75.518 0.0000000000
51251  -25.479  -38.356  72.605 0.0000000000
51273  -31.842  -40.202  71.086 0.0000000000
51274  -34.721  -39.615  70.853 0.0000000000
52404  -31.976  -38.460  73.877 0.0000000000
52420  -26.423  -37.683  72.235 0.0000000000
52437  -26.506  -37.522  71.673 0.0000000000
52476  -27.317  -37.289  69.305 0.0000000000
53692  -27.178  -36.836  77.714 0.0000000000
53762  -46.777  -37.028  73.213 0.0000000000
53777  -30.028  -36.459  71.913 0.0000000000
53779  -30.686  -37.055  72.608 0.0000000000
53801  -28.718  -36.240  70.443 0.0000000000
53818  -30.049  -37.343  69.775 0.0000000000
53819  -44.623  -36.974  69.269 0.0000000000
53882  -40.341  -36.117  61.514 0.0000000000
54876  -27.429  -35.454  78.652 0.0000000000
54891  -27.408  -35.683  77.740 0.0000000000
54909  -30.929  -35.235  76.097 0.0000000000
55013  -29.201  -36.156  70.791 0.0000000000
56089  -27.619  -34.682  79.718 0.0000000000
56107  -31.017  -33.893  79.949 0.0000000000
56140  -28.209  -34.405  77.160 0.0000000000
56201  -28.270  -34.780  75.470 0.0000000000
57496  -28.529  -34.172  77.109 0.0000000000
57497  -28.852  -34.023  77.137 0.0000000000
57575  -50.109  -34.319  71.750 0.0000000000
57578  -52.111  -32.722  71.693 0.0000000000
58841  -53.052  -31.960  69.822 0.0000000000
60112  -54.040  -30.890  69.527 0.0000000000
60209  -51.994  -31.257  65.501 0.0000000000
61396  -54.713  -30.365  69.271 0.0000000000
62623  -57.733  -28.526  65.934 0.0000000000
63866  -58.158  -28.007  63.184 0.0000000000
65164  -57.448  -27.344  59.509 0.0000000000
65184  -55.563  -27.367  58.303 0.0000000000
66342  -58.701  -26.332  58.559 0.0000000000
66360  -54.110  -26.321  56.877 0.0000000000
66375  -51.840  -26.280  55.629 0.0000000000
67476  -52.902  -25.957  55.967 0.0000000000
69550  -53.318  -23.860  53.778 0.0000000000
69554  -56.519  -23.246  54.874 0.0000000000
69577  -51.346  -23.304  52.685 0.0000000000
70558  -49.959  -22.520  51.464 0.0000000000
73037  -51.824  -21.644  51.789 0.0000000000
75359  -55.910  -18.696  51.930 0.0000000000
76601  -58.192  -17.655  53.930 0.0000000000
77569  -57.955  -16.685  53.098 0.0000000000
77570  -58.470  -16.469  53.633 0.0000000000
78517  -58.739  -15.809  51.868 0.0000000000
79526  -61.842  -15.414  52.424 0.0000000000
