#!ascii label  , from subject 3953 vox2ras=TkReg
1661
69388  -41.705  -23.289  78.317 0.0000000000
83748  -55.348  -9.317  58.777 0.0000000000
71652  -46.974  -21.144  65.326 0.0000000000
57457  -12.368  -33.431  77.910 0.0000000000
67148  -27.021  -25.147  79.927 0.0000000000
64770  -6.962  -27.487  84.233 0.0000000000
65946  -13.806  -26.854  87.300 0.0000000000
75261  -52.714  -18.497  61.061 0.0000000000
68337  -10.314  -24.101  77.266 0.0000000000
57342  -9.614  -34.034  88.706 0.0000000000
68410  -40.093  -25.432  71.618 0.0000000000
64850  -36.697  -26.793  77.271 0.0000000000
65997  -35.451  -25.931  80.003 0.0000000000
87719  -55.190  -6.804  57.218 0.0000000000
71720  -49.685  -21.288  62.020 0.0000000000
64830  -22.466  -27.765  77.068 0.0000000000
74899  -7.017  -18.437  80.920 0.0000000000
63596  -11.771  -28.759  79.541 0.0000000000
61269  -7.160  -30.280  77.097 0.0000000000
58779  -12.730  -32.737  73.180 0.0000000000
56018  -20.322  -34.447  88.208 0.0000000000
55985  -16.568  -34.191  91.067 0.0000000000
72864  -45.518  -20.389  68.485 0.0000000000
68273  -32.731  -24.164  83.281 0.0000000000
68363  -29.234  -24.351  76.001 0.0000000000
65955  -10.175  -26.799  86.851 0.0000000000
62403  -14.619  -29.581  82.622 0.0000000000
80485  -54.626  -13.850  60.740 0.0000000000
59921  -21.132  -31.886  83.687 0.0000000000
62417  -20.655  -29.424  80.231 0.0000000000
67155  -7.123  -25.715  80.011 0.0000000000
66073  -5.265  -26.990  72.610 0.0000000000
65933  -15.859  -26.653  90.830 0.0000000000
58615  -15.935  -32.036  87.689 0.0000000000
57385  -10.141  -33.316  83.999 0.0000000000
69390  -43.068  -23.032  77.738 0.0000000000
64851  -41.443  -26.606  76.069 0.0000000000
67225  -43.072  -25.526  75.423 0.0000000000
63611  -39.014  -25.916  77.331 0.0000000000
62483  -38.368  -27.553  75.178 0.0000000000
68317  -38.192  -25.230  79.220 0.0000000000
85734  -55.412  -8.404  57.851 0.0000000000
82659  -52.078  -11.962  57.429 0.0000000000
83760  -53.282  -9.872  56.591 0.0000000000
84804  -53.789  -8.996  55.753 0.0000000000
71682  -48.462  -21.582  63.679 0.0000000000
72904  -44.510  -20.885  64.970 0.0000000000
71679  -45.367  -21.374  63.233 0.0000000000
71698  -46.811  -21.582  62.601 0.0000000000
61247  -13.028  -30.241  78.620 0.0000000000
61275  -12.069  -30.453  76.282 0.0000000000
57491  -12.873  -33.383  76.028 0.0000000000
54958  -11.411  -35.757  74.128 0.0000000000
54902  -11.380  -35.124  76.209 0.0000000000
54780  -18.252  -35.291  85.044 0.0000000000
53525  -16.570  -35.721  88.039 0.0000000000
72853  -44.246  -20.163  70.614 0.0000000000
70372  -41.454  -22.662  73.607 0.0000000000
69417  -39.616  -23.418  71.061 0.0000000000
71604  -42.093  -21.555  71.228 0.0000000000
71617  -42.568  -20.970  69.580 0.0000000000
69361  -35.269  -22.745  84.537 0.0000000000
67211  -34.039  -25.940  76.782 0.0000000000
67193  -31.897  -24.985  78.280 0.0000000000
87754  -55.803  -6.771  53.623 0.0000000000
88780  -56.038  -6.018  52.669 0.0000000000
65957  -12.202  -27.507  87.043 0.0000000000
64788  -12.615  -27.787  83.897 0.0000000000
64778  -14.271  -28.105  85.186 0.0000000000
78415  -52.965  -16.333  60.355 0.0000000000
74059  -48.647  -19.792  59.763 0.0000000000
76537  -50.260  -17.817  59.511 0.0000000000
78420  -51.444  -15.639  59.170 0.0000000000
62387  -21.309  -29.747  87.244 0.0000000000
63551  -20.586  -29.050  84.783 0.0000000000
69354  -6.582  -23.625  84.655 0.0000000000
70327  -7.247  -22.524  82.944 0.0000000000
65985  -6.712  -26.512  81.554 0.0000000000
61325  -8.104  -30.429  73.431 0.0000000000
63641  -5.113  -29.195  75.344 0.0000000000
62535  -6.396  -28.842  71.235 0.0000000000
65921  -16.560  -26.900  93.004 0.0000000000
55989  -14.346  -35.051  90.307 0.0000000000
57338  -16.085  -33.382  90.001 0.0000000000
57345  -12.490  -33.817  88.719 0.0000000000
58618  -13.255  -32.377  86.021 0.0000000000
57368  -9.948  -33.313  86.384 0.0000000000
69403  -42.016  -23.742  74.433 0.0000000000
69371  -36.916  -23.187  83.001 0.0000000000
69378  -37.697  -23.685  81.105 0.0000000000
66015  -36.057  -26.410  78.901 0.0000000000
89782  -55.019  -4.758  55.842 0.0000000000
85765  -55.119  -7.935  54.643 0.0000000000
72940  -51.305  -20.397  61.664 0.0000000000
71736  -47.736  -21.541  60.968 0.0000000000
68340  -25.532  -24.861  76.822 0.0000000000
67173  -24.437  -25.203  78.620 0.0000000000
71517  -9.039  -21.176  79.313 0.0000000000
63575  -8.965  -29.764  81.533 0.0000000000
62412  -6.702  -29.797  80.680 0.0000000000
62432  -9.590  -30.390  78.521 0.0000000000
61288  -9.306  -31.001  75.477 0.0000000000
60082  -10.769  -32.119  70.951 0.0000000000
59896  -20.179  -31.589  90.315 0.0000000000
59885  -18.546  -30.998  92.523 0.0000000000
55994  -18.590  -33.984  90.272 0.0000000000
53514  -15.364  -35.955  89.938 0.0000000000
72885  -46.140  -20.961  66.807 0.0000000000
72872  -43.214  -20.817  67.660 0.0000000000
68298  -29.398  -24.338  80.751 0.0000000000
67137  -34.434  -24.777  81.899 0.0000000000
68328  -30.843  -24.563  79.628 0.0000000000
68325  -28.577  -24.763  78.563 0.0000000000
68222  -6.235  -24.442  87.062 0.0000000000
67065  -8.502  -25.050  88.742 0.0000000000
64760  -8.084  -27.477  85.322 0.0000000000
64786  -10.631  -28.162  83.664 0.0000000000
63578  -13.337  -28.233  81.360 0.0000000000
59953  -13.153  -31.102  80.301 0.0000000000
82649  -54.239  -11.771  59.586 0.0000000000
80496  -51.694  -13.571  58.285 0.0000000000
61188  -21.353  -30.611  88.990 0.0000000000
57371  -20.879  -33.412  85.592 0.0000000000
56046  -18.510  -34.838  83.165 0.0000000000
65996  -23.349  -25.730  80.442 0.0000000000
65984  -22.138  -25.874  81.709 0.0000000000
64792  -20.537  -27.324  83.710 0.0000000000
61217  -21.039  -30.838  82.316 0.0000000000
57428  -18.796  -33.973  80.976 0.0000000000
74886  -6.447  -19.144  82.892 0.0000000000
70331  -8.091  -22.380  81.622 0.0000000000
68304  -8.387  -24.678  78.929 0.0000000000
64821  -5.543  -27.646  78.348 0.0000000000
66039  -5.780  -25.992  77.015 0.0000000000
67228  -7.827  -25.426  74.880 0.0000000000
65936  -15.827  -26.991  88.921 0.0000000000
62374  -16.806  -29.707  91.590 0.0000000000
62383  -16.176  -29.690  89.400 0.0000000000
63542  -15.202  -28.382  87.508 0.0000000000
61196  -15.552  -30.805  84.769 0.0000000000
58644  -12.960  -31.768  83.088 0.0000000000
57413  -11.020  -33.335  81.314 0.0000000000
56020  -7.175  -34.364  86.932 0.0000000000
56042  -6.988  -34.690  84.073 0.0000000000
54869  -9.930  -35.221  78.711 0.0000000000
68334  -42.409  -23.729  77.589 0.0000000000
71548  -41.959  -21.631  79.120 0.0000000000
67198  -41.408  -24.975  77.130 0.0000000000
66037  -42.428  -24.771  76.858 0.0000000000
66020  -40.200  -25.384  77.446 0.0000000000
63619  -40.063  -26.232  76.719 0.0000000000
69387  -40.803  -23.519  78.504 0.0000000000
68331  -39.923  -24.500  78.379 0.0000000000
83756  -55.335  -9.111  58.153 0.0000000000
82653  -53.858  -10.948  58.692 0.0000000000
82669  -52.756  -10.527  56.964 0.0000000000
84782  -54.517  -9.405  57.585 0.0000000000
84790  -54.973  -9.198  57.419 0.0000000000
71666  -47.757  -21.425  64.500 0.0000000000
71667  -48.814  -21.504  64.674 0.0000000000
71653  -48.054  -21.253  65.411 0.0000000000
71663  -44.734  -21.114  64.077 0.0000000000
71665  -46.705  -21.337  64.328 0.0000000000
71681  -47.367  -21.454  63.540 0.0000000000
58696  -12.991  -31.890  78.545 0.0000000000
60000  -13.054  -31.406  76.697 0.0000000000
57474  -12.946  -32.969  77.153 0.0000000000
56153  -12.477  -34.067  75.875 0.0000000000
56134  -11.915  -34.199  77.525 0.0000000000
53577  -17.107  -35.644  83.998 0.0000000000
53565  -16.239  -35.956  85.241 0.0000000000
72838  -43.308  -20.529  73.215 0.0000000000
71599  -42.027  -21.465  72.115 0.0000000000
72847  -43.324  -20.594  72.155 0.0000000000
72852  -43.338  -20.552  71.107 0.0000000000
88762  -56.706  -5.771  54.066 0.0000000000
87755  -56.248  -6.149  53.197 0.0000000000
88772  -57.489  -4.971  52.796 0.0000000000
65945  -12.724  -26.753  87.321 0.0000000000
64753  -12.905  -27.551  86.456 0.0000000000
65959  -13.938  -27.161  87.065 0.0000000000
77500  -53.376  -16.801  60.656 0.0000000000
77479  -54.040  -16.887  61.449 0.0000000000
75259  -51.055  -19.120  60.544 0.0000000000
75273  -49.130  -18.997  59.478 0.0000000000
76523  -51.788  -18.124  60.284 0.0000000000
76539  -51.791  -17.132  59.894 0.0000000000
64758  -21.110  -27.221  86.664 0.0000000000
64769  -20.968  -27.302  85.564 0.0000000000
68283  -27.752  -24.564  81.158 0.0000000000
67147  -26.559  -25.158  80.247 0.0000000000
70343  -10.301  -22.322  77.739 0.0000000000
67103  -6.424  -25.866  84.304 0.0000000000
68252  -6.635  -24.960  83.642 0.0000000000
65981  -6.602  -26.804  82.775 0.0000000000
62537  -8.526  -30.037  71.223 0.0000000000
62524  -7.130  -29.967  72.074 0.0000000000
62536  -7.552  -29.624  70.980 0.0000000000
68182  -17.880  -24.802  92.066 0.0000000000
65925  -18.158  -27.033  92.386 0.0000000000
55998  -11.586  -34.820  89.539 0.0000000000
56008  -12.933  -34.316  89.478 0.0000000000
57344  -11.320  -33.799  88.734 0.0000000000
57354  -11.723  -33.209  87.899 0.0000000000
57352  -9.617  -33.655  88.231 0.0000000000
68366  -42.876  -24.279  75.641 0.0000000000
68377  -42.663  -24.418  75.177 0.0000000000
69404  -42.605  -23.665  75.147 0.0000000000
70368  -43.054  -22.305  75.450 0.0000000000
64824  -37.358  -26.143  78.401 0.0000000000
66017  -37.432  -25.830  78.947 0.0000000000
64833  -36.408  -26.646  77.729 0.0000000000
66045  -35.076  -26.472  76.842 0.0000000000
88748  -54.911  -5.432  56.363 0.0000000000
85747  -55.042  -8.552  56.192 0.0000000000
85753  -55.124  -8.230  55.328 0.0000000000
86731  -55.481  -7.900  56.103 0.0000000000
87733  -55.851  -6.994  55.485 0.0000000000
72928  -51.100  -20.688  61.865 0.0000000000
72930  -52.418  -20.148  62.437 0.0000000000
71702  -51.281  -20.856  62.730 0.0000000000
71719  -48.454  -21.473  61.955 0.0000000000
71718  -47.242  -21.629  61.809 0.0000000000
71737  -48.903  -21.256  61.301 0.0000000000
71738  -49.681  -20.972  61.375 0.0000000000
73834  -7.360  -19.148  80.331 0.0000000000
72729  -8.102  -20.160  79.486 0.0000000000
72720  -8.019  -20.425  80.398 0.0000000000
63585  -9.911  -29.451  80.581 0.0000000000
63584  -8.849  -30.287  80.472 0.0000000000
62424  -10.043  -30.007  79.095 0.0000000000
60031  -12.333  -31.553  74.478 0.0000000000
61290  -11.438  -31.017  75.398 0.0000000000
60044  -11.190  -31.547  73.928 0.0000000000
61327  -10.275  -31.398  73.611 0.0000000000
60057  -11.712  -31.832  72.488 0.0000000000
56258  -11.561  -34.286  71.873 0.0000000000
58611  -20.210  -32.519  89.601 0.0000000000
57339  -19.520  -32.996  90.370 0.0000000000
54758  -20.139  -34.949  89.640 0.0000000000
52208  -15.316  -36.529  88.093 0.0000000000
53515  -16.098  -35.962  89.668 0.0000000000
52203  -14.438  -36.617  88.676 0.0000000000
53512  -13.845  -35.743  89.724 0.0000000000
72874  -45.276  -20.697  67.624 0.0000000000
72862  -43.343  -20.684  68.654 0.0000000000
71624  -42.465  -21.036  68.558 0.0000000000
72873  -44.208  -20.673  67.649 0.0000000000
72884  -45.110  -20.811  66.713 0.0000000000
68259  -31.914  -24.020  84.392 0.0000000000
68271  -30.735  -24.537  83.185 0.0000000000
68287  -31.573  -24.489  82.225 0.0000000000
67127  -35.897  -24.910  82.290 0.0000000000
68276  -35.638  -24.271  82.893 0.0000000000
67151  -34.722  -25.388  80.654 0.0000000000
67221  -31.086  -24.905  76.782 0.0000000000
68345  -30.213  -24.926  78.237 0.0000000000
68326  -29.426  -24.741  78.845 0.0000000000
68354  -29.332  -24.665  77.028 0.0000000000
68352  -27.460  -24.307  76.382 0.0000000000
67077  -10.256  -25.480  88.249 0.0000000000
67076  -9.087  -25.736  88.335 0.0000000000
65940  -7.704  -26.067  87.451 0.0000000000
65964  -8.567  -27.027  86.101 0.0000000000
64772  -8.713  -27.966  84.480 0.0000000000
64762  -10.144  -27.644  85.466 0.0000000000
64800  -14.087  -28.001  83.337 0.0000000000
64798  -12.439  -27.709  82.879 0.0000000000
63579  -13.836  -28.429  81.783 0.0000000000
62415  -13.450  -29.473  80.546 0.0000000000
61225  -14.013  -29.972  81.974 0.0000000000
81556  -54.369  -12.796  60.180 0.0000000000
82646  -55.237  -11.550  60.534 0.0000000000
81549  -55.203  -12.819  60.902 0.0000000000
79434  -52.332  -14.636  59.281 0.0000000000
79438  -51.167  -14.540  58.349 0.0000000000
80493  -52.939  -14.165  59.416 0.0000000000
80498  -53.141  -13.114  58.991 0.0000000000
61189  -21.475  -29.713  89.162 0.0000000000
61195  -21.286  -30.756  85.338 0.0000000000
59905  -21.401  -31.688  85.823 0.0000000000
57377  -20.898  -33.332  84.761 0.0000000000
54800  -20.087  -35.046  84.330 0.0000000000
57402  -20.404  -34.236  83.287 0.0000000000
66027  -22.988  -26.289  77.530 0.0000000000
67172  -23.710  -25.531  79.273 0.0000000000
66011  -22.396  -26.797  78.117 0.0000000000
62418  -20.595  -28.981  79.785 0.0000000000
64809  -20.804  -27.168  80.086 0.0000000000
64808  -20.438  -27.228  80.809 0.0000000000
65982  -20.498  -26.773  82.455 0.0000000000
63571  -20.235  -28.777  81.964 0.0000000000
63563  -20.377  -29.029  83.157 0.0000000000
61226  -21.017  -30.642  81.349 0.0000000000
58686  -19.114  -33.497  80.259 0.0000000000
73803  -6.377  -19.682  84.287 0.0000000000
68265  -7.600  -24.438  81.914 0.0000000000
70328  -7.636  -22.431  82.242 0.0000000000
68266  -8.061  -23.850  81.619 0.0000000000
68281  -9.003  -23.700  80.505 0.0000000000
67156  -7.646  -25.128  79.490 0.0000000000
62429  -7.068  -30.160  78.940 0.0000000000
62419  -6.386  -29.145  79.875 0.0000000000
62440  -6.403  -29.576  78.097 0.0000000000
64867  -4.973  -27.830  73.600 0.0000000000
64843  -4.794  -28.223  76.169 0.0000000000
66049  -5.261  -26.827  75.267 0.0000000000
67213  -6.761  -25.620  76.431 0.0000000000
66062  -6.601  -25.954  74.517 0.0000000000
66075  -7.475  -25.594  73.480 0.0000000000
65932  -16.231  -26.801  89.927 0.0000000000
58601  -18.064  -32.301  91.732 0.0000000000
61177  -17.536  -30.485  92.258 0.0000000000
59887  -17.228  -31.504  91.391 0.0000000000
58610  -16.287  -32.483  88.664 0.0000000000
61187  -16.451  -30.578  89.801 0.0000000000
61190  -16.588  -30.495  88.739 0.0000000000
62386  -16.388  -29.553  88.280 0.0000000000
61192  -16.519  -30.462  87.604 0.0000000000
62390  -16.068  -29.545  86.120 0.0000000000
59904  -15.926  -31.213  85.967 0.0000000000
57370  -11.813  -32.501  85.167 0.0000000000
58623  -12.476  -32.183  84.529 0.0000000000
57387  -11.865  -32.368  83.081 0.0000000000
57399  -12.153  -32.366  82.236 0.0000000000
57397  -10.350  -33.365  82.626 0.0000000000
54779  -5.701  -35.171  85.698 0.0000000000
56030  -6.720  -34.495  84.860 0.0000000000
70357  -43.707  -22.286  76.827 0.0000000000
63647  -40.757  -27.496  75.252 0.0000000000
64872  -42.579  -27.616  74.361 0.0000000000
66046  -42.351  -26.653  75.689 0.0000000000
67212  -42.764  -24.506  76.520 0.0000000000
63609  -37.857  -26.315  77.514 0.0000000000
63618  -39.368  -26.261  76.878 0.0000000000
63646  -39.667  -27.303  75.527 0.0000000000
67197  -38.399  -25.939  78.155 0.0000000000
86721  -55.462  -7.896  57.225 0.0000000000
82674  -51.795  -10.801  56.172 0.0000000000
83766  -52.300  -10.152  55.882 0.0000000000
84803  -53.021  -9.524  55.594 0.0000000000
84795  -53.950  -9.188  56.453 0.0000000000
84797  -55.125  -8.793  56.948 0.0000000000
71700  -49.109  -21.628  62.823 0.0000000000
71701  -50.251  -21.349  62.840 0.0000000000
71683  -49.575  -21.470  63.746 0.0000000000
71669  -50.435  -20.816  64.172 0.0000000000
72893  -42.551  -20.947  65.630 0.0000000000
72903  -43.671  -20.877  64.613 0.0000000000
71662  -43.978  -21.047  63.704 0.0000000000
71696  -44.935  -21.511  62.319 0.0000000000
71716  -45.219  -21.687  61.679 0.0000000000
71697  -45.807  -21.572  62.464 0.0000000000
71699  -47.939  -21.452  62.739 0.0000000000
63605  -12.161  -28.992  78.994 0.0000000000
62434  -11.485  -29.551  78.095 0.0000000000
61261  -12.680  -30.429  77.260 0.0000000000
60016  -12.872  -31.773  75.354 0.0000000000
57522  -13.001  -33.204  74.173 0.0000000000
56216  -12.525  -34.238  73.613 0.0000000000
56194  -12.401  -34.461  74.547 0.0000000000
54939  -11.332  -35.706  75.153 0.0000000000
54776  -18.976  -34.504  86.511 0.0000000000
56010  -18.251  -34.775  87.942 0.0000000000
53539  -17.354  -35.541  86.456 0.0000000000
72857  -44.701  -20.147  69.464 0.0000000000
69408  -40.771  -23.517  72.983 0.0000000000
68398  -39.937  -23.925  71.752 0.0000000000
70376  -40.404  -23.013  72.020 0.0000000000
70382  -40.908  -22.109  71.529 0.0000000000
71608  -41.214  -21.634  70.057 0.0000000000
71609  -42.017  -21.540  70.297 0.0000000000
72856  -43.514  -20.477  69.814 0.0000000000
68261  -34.101  -23.513  84.135 0.0000000000
67178  -34.880  -25.966  78.855 0.0000000000
67177  -34.041  -25.490  78.697 0.0000000000
67194  -32.997  -25.325  77.943 0.0000000000
67222  -32.095  -25.122  76.195 0.0000000000
86775  -54.572  -7.203  53.051 0.0000000000
87781  -54.616  -6.333  51.968 0.0000000000
88804  -55.126  -5.752  51.439 0.0000000000
88805  -55.973  -5.257  51.015 0.0000000000
65956  -11.246  -26.985  86.837 0.0000000000
65972  -11.143  -27.761  85.724 0.0000000000
65968  -12.265  -27.901  86.162 0.0000000000
64777  -13.471  -27.983  84.983 0.0000000000
63552  -14.661  -28.417  84.341 0.0000000000
79426  -53.906  -14.640  60.871 0.0000000000
79405  -55.567  -14.948  61.892 0.0000000000
75291  -48.819  -18.363  58.909 0.0000000000
76551  -49.555  -17.681  58.941 0.0000000000
77516  -50.013  -16.593  58.675 0.0000000000
77508  -50.519  -17.206  59.296 0.0000000000
78421  -52.401  -15.756  59.817 0.0000000000
63541  -21.236  -28.475  88.750 0.0000000000
64746  -20.840  -27.826  87.995 0.0000000000
62389  -21.328  -29.789  86.002 0.0000000000
62392  -20.968  -29.767  84.719 0.0000000000
61262  -21.402  -30.889  77.720 0.0000000000
59955  -20.971  -31.318  79.473 0.0000000000
71425  -6.537  -21.514  85.424 0.0000000000
71452  -6.786  -21.615  83.914 0.0000000000
69355  -6.777  -23.087  84.002 0.0000000000
68253  -7.038  -24.556  82.782 0.0000000000
65986  -6.946  -25.973  81.089 0.0000000000
61305  -7.117  -30.693  75.007 0.0000000000
62474  -6.165  -29.927  76.018 0.0000000000
62491  -6.505  -29.801  74.562 0.0000000000
62522  -5.718  -29.072  73.168 0.0000000000
63693  -5.122  -28.121  71.392 0.0000000000
69302  -17.462  -23.997  91.632 0.0000000000
67051  -17.038  -25.758  91.922 0.0000000000
65929  -15.603  -26.379  92.128 0.0000000000
55990  -14.957  -34.914  90.753 0.0000000000
57332  -16.149  -33.714  90.831 0.0000000000
57337  -14.937  -33.956  90.425 0.0000000000
57347  -15.414  -33.350  88.986 0.0000000000
57356  -14.489  -32.908  88.230 0.0000000000
58620  -14.915  -32.024  86.559 0.0000000000
57364  -13.040  -32.599  86.807 0.0000000000
57369  -11.012  -33.024  85.825 0.0000000000
57374  -10.119  -33.255  85.220 0.0000000000
66097  -41.004  -26.171  71.838 0.0000000000
66082  -42.440  -26.560  73.626 0.0000000000
67252  -41.819  -25.778  73.036 0.0000000000
68387  -41.583  -25.052  73.211 0.0000000000
70366  -41.758  -23.192  74.202 0.0000000000
71590  -42.916  -21.416  74.730 0.0000000000
67153  -36.672  -25.202  80.701 0.0000000000
68316  -38.020  -24.753  79.528 0.0000000000
66007  -36.796  -25.731  79.576 0.0000000000
66005  -35.453  -26.161  79.271 0.0000000000
66028  -34.611  -26.175  77.206 0.0000000000
85763  -53.511  -8.573  54.581 0.0000000000
86758  -55.360  -7.459  54.092 0.0000000000
88761  -56.289  -5.944  54.894 0.0000000000
74050  -52.264  -19.135  61.387 0.0000000000
75250  -53.776  -18.389  61.960 0.0000000000
74040  -52.298  -19.788  61.894 0.0000000000
70432  -45.309  -21.809  61.220 0.0000000000
72936  -48.458  -21.030  60.605 0.0000000000
74047  -50.152  -20.145  60.632 0.0000000000
68322  -26.053  -24.860  78.000 0.0000000000
68307  -25.476  -24.903  78.893 0.0000000000
68321  -25.056  -24.886  77.872 0.0000000000
67205  -23.591  -25.886  77.135 0.0000000000
71533  -9.185  -21.174  78.464 0.0000000000
69382  -10.064  -23.127  78.403 0.0000000000
63557  -7.337  -29.035  82.805 0.0000000000
63565  -6.758  -29.099  82.155 0.0000000000
63574  -8.043  -30.375  81.260 0.0000000000
62421  -7.648  -30.548  79.732 0.0000000000
62442  -8.085  -30.740  77.946 0.0000000000
62445  -10.892  -30.070  77.510 0.0000000000
61259  -9.727  -30.683  76.974 0.0000000000
61287  -8.177  -30.774  75.751 0.0000000000
61306  -8.223  -30.641  74.366 0.0000000000
63524  -18.796  -28.920  92.088 0.0000000000
59891  -19.315  -31.128  91.731 0.0000000000
57330  -18.891  -32.852  91.152 0.0000000000
55993  -17.767  -34.193  90.853 0.0000000000
54756  -17.977  -34.907  89.209 0.0000000000
54747  -16.893  -35.328  90.561 0.0000000000
54746  -15.913  -35.488  90.876 0.0000000000
53505  -14.587  -35.518  90.258 0.0000000000
54754  -13.130  -35.382  89.813 0.0000000000
54751  -10.564  -35.033  89.330 0.0000000000
72897  -46.780  -21.025  66.165 0.0000000000
71639  -48.204  -20.986  66.263 0.0000000000
72886  -47.288  -20.912  66.811 0.0000000000
68418  -38.914  -24.610  70.330 0.0000000000
71649  -41.834  -21.175  66.181 0.0000000000
72895  -44.978  -20.838  65.677 0.0000000000
68285  -29.516  -24.324  81.837 0.0000000000
68297  -28.519  -24.504  80.472 0.0000000000
69367  -35.844  -23.038  84.167 0.0000000000
68275  -34.645  -24.292  82.874 0.0000000000
68289  -33.528  -24.498  82.217 0.0000000000
67164  -33.737  -25.264  79.882 0.0000000000
67149  -32.874  -24.697  80.838 0.0000000000
68301  -32.465  -24.536  81.262 0.0000000000
68313  -30.251  -24.583  80.064 0.0000000000
68312  -29.413  -24.585  79.792 0.0000000000
68310  -27.774  -24.898  79.178 0.0000000000
68341  -26.693  -24.603  77.153 0.0000000000
88817  -56.087  -4.812  49.718 0.0000000000
89853  -56.797  -4.644  48.538 0.0000000000
89864  -57.460  -4.743  47.711 0.0000000000
69333  -6.286  -23.491  86.598 0.0000000000
67097  -6.393  -25.698  85.415 0.0000000000
68198  -7.005  -24.191  88.478 0.0000000000
65951  -6.706  -26.097  86.533 0.0000000000
64759  -7.124  -27.277  85.246 0.0000000000
64784  -8.278  -28.465  83.709 0.0000000000
64795  -9.619  -28.717  82.736 0.0000000000
63577  -10.827  -28.540  81.423 0.0000000000
64787  -11.714  -28.003  83.797 0.0000000000
64805  -12.287  -27.789  81.875 0.0000000000
63587  -12.134  -28.402  80.293 0.0000000000
62425  -13.076  -29.377  79.491 0.0000000000
59967  -13.115  -31.098  79.135 0.0000000000
58685  -12.786  -32.078  79.711 0.0000000000
83743  -55.107  -9.971  59.188 0.0000000000
78425  -49.975  -15.451  58.103 0.0000000000
79437  -50.488  -14.989  58.059 0.0000000000
79444  -50.603  -14.044  57.577 0.0000000000
81563  -51.837  -12.735  57.873 0.0000000000
82652  -53.078  -11.787  58.392 0.0000000000
61185  -20.790  -30.751  89.967 0.0000000000
58616  -20.872  -32.609  88.593 0.0000000000
61191  -21.349  -30.684  87.725 0.0000000000
58622  -21.154  -32.616  87.414 0.0000000000
56024  -20.321  -34.264  87.036 0.0000000000
54786  -18.251  -35.401  84.110 0.0000000000
67158  -24.811  -25.279  79.798 0.0000000000
67145  -24.704  -25.630  80.810 0.0000000000
67144  -23.808  -25.967  80.954 0.0000000000
66002  -21.489  -27.023  79.164 0.0000000000
65995  -22.545  -25.858  80.390 0.0000000000
67131  -22.985  -25.785  81.832 0.0000000000
67120  -22.430  -25.772  82.605 0.0000000000
65980  -21.861  -25.992  83.877 0.0000000000
65975  -21.397  -26.679  84.962 0.0000000000
64780  -20.447  -28.052  83.887 0.0000000000
62399  -20.790  -29.680  83.631 0.0000000000
61207  -21.101  -30.910  83.275 0.0000000000
59945  -20.205  -32.458  80.676 0.0000000000
59937  -20.245  -32.685  81.322 0.0000000000
58657  -20.529  -33.006  82.292 0.0000000000
56060  -18.734  -34.455  82.342 0.0000000000
74887  -6.579  -18.566  82.299 0.0000000000
72698  -6.851  -20.567  82.894 0.0000000000
72699  -7.370  -20.778  82.122 0.0000000000
72712  -7.499  -20.465  81.327 0.0000000000
71505  -8.606  -21.310  80.443 0.0000000000
69377  -9.557  -23.090  79.628 0.0000000000
68319  -9.048  -24.472  78.046 0.0000000000
63572  -6.355  -28.504  80.972 0.0000000000
64810  -6.256  -27.638  80.176 0.0000000000
66000  -6.374  -27.010  79.403 0.0000000000
63612  -5.413  -29.081  77.310 0.0000000000
66024  -5.079  -26.653  77.840 0.0000000000
66010  -6.485  -26.377  78.774 0.0000000000
67201  -6.700  -25.622  77.359 0.0000000000
67202  -7.595  -25.210  76.852 0.0000000000
67203  -8.706  -25.032  76.399 0.0000000000
67229  -9.017  -25.290  74.569 0.0000000000
63523  -17.931  -28.689  92.310 0.0000000000
63526  -16.560  -28.407  91.918 0.0000000000
63531  -15.989  -28.387  91.402 0.0000000000
59892  -16.943  -31.527  90.838 0.0000000000
62377  -16.316  -29.657  90.925 0.0000000000
63536  -15.981  -28.708  90.240 0.0000000000
64745  -15.821  -28.083  89.077 0.0000000000
64750  -15.485  -28.275  88.174 0.0000000000
64748  -14.432  -27.457  87.447 0.0000000000
63545  -15.102  -28.513  86.805 0.0000000000
62394  -15.764  -29.340  85.031 0.0000000000
61216  -15.119  -29.878  83.323 0.0000000000
58625  -13.969  -31.905  85.387 0.0000000000
59907  -14.494  -31.472  84.228 0.0000000000
61214  -13.868  -30.903  82.643 0.0000000000
59936  -13.177  -31.305  82.010 0.0000000000
58676  -12.426  -32.428  80.677 0.0000000000
57439  -11.416  -33.546  79.511 0.0000000000
54759  -9.195  -34.726  88.663 0.0000000000
56013  -7.295  -34.541  87.310 0.0000000000
57359  -8.381  -33.766  87.860 0.0000000000
57372  -8.361  -33.408  86.434 0.0000000000
56031  -7.937  -33.598  85.290 0.0000000000
56044  -8.959  -33.660  83.957 0.0000000000
54811  -7.797  -34.670  82.426 0.0000000000
56059  -9.477  -33.801  82.926 0.0000000000
56082  -9.754  -34.365  80.883 0.0000000000
56098  -10.127  -34.372  80.070 0.0000000000
56118  -10.953  -34.478  78.853 0.0000000000
54884  -10.267  -35.658  77.791 0.0000000000
53703  -9.961  -36.533  76.604 0.0000000000
68333  -41.821  -23.981  77.868 0.0000000000
70350  -42.340  -22.380  78.690 0.0000000000
67184  -41.895  -24.515  77.378 0.0000000000
68332  -40.946  -24.210  78.059 0.0000000000
67183  -41.028  -24.729  77.499 0.0000000000
70349  -41.480  -22.520  78.727 0.0000000000
83747  -55.094  -9.559  58.201 0.0000000000
85729  -55.530  -8.426  58.738 0.0000000000
82654  -54.655  -10.195  58.759 0.0000000000
83746  -54.347  -9.777  58.133 0.0000000000
84783  -54.802  -9.479  57.804 0.0000000000
71651  -45.930  -21.307  65.065 0.0000000000
57458  -12.752  -32.636  78.198 0.0000000000
57473  -12.526  -33.785  76.905 0.0000000000
53576  -16.435  -35.915  84.295 0.0000000000
71600  -42.604  -20.984  72.588 0.0000000000
65958  -13.158  -27.104  86.948 0.0000000000
76525  -53.420  -17.795  60.949 0.0000000000
75260  -51.771  -18.613  60.661 0.0000000000
75276  -51.215  -18.514  60.290 0.0000000000
76524  -52.239  -17.876  60.382 0.0000000000
67091  -22.148  -26.014  86.814 0.0000000000
65969  -21.477  -26.594  86.060 0.0000000000
68282  -27.043  -24.901  80.765 0.0000000000
68295  -27.032  -25.059  80.237 0.0000000000
69391  -10.346  -23.493  77.830 0.0000000000
69392  -10.719  -23.217  77.284 0.0000000000
65977  -6.540  -26.791  83.822 0.0000000000
64782  -6.773  -27.669  83.280 0.0000000000
64734  -18.705  -27.870  91.981 0.0000000000
56006  -11.009  -34.276  89.267 0.0000000000
56007  -11.982  -34.386  89.241 0.0000000000
57343  -10.354  -33.868  88.763 0.0000000000
57353  -10.560  -33.420  88.103 0.0000000000
69398  -43.027  -23.258  75.878 0.0000000000
70361  -43.671  -22.214  76.164 0.0000000000
64834  -36.884  -26.533  77.980 0.0000000000
64849  -36.339  -26.830  76.939 0.0000000000
88733  -55.254  -6.587  56.700 0.0000000000
87720  -55.506  -7.155  56.608 0.0000000000
88749  -55.473  -6.037  55.967 0.0000000000
71721  -50.723  -20.984  62.231 0.0000000000
71722  -51.379  -20.696  62.263 0.0000000000
73835  -7.749  -19.686  79.876 0.0000000000
73828  -7.506  -19.860  80.660 0.0000000000
63586  -11.099  -28.688  80.657 0.0000000000
63595  -10.766  -29.358  79.419 0.0000000000
60047  -12.755  -32.176  73.584 0.0000000000
60030  -11.755  -31.419  74.307 0.0000000000
60046  -12.448  -31.910  73.338 0.0000000000
58777  -12.042  -32.294  72.455 0.0000000000
58792  -11.686  -32.672  71.865 0.0000000000
58793  -12.028  -32.923  72.311 0.0000000000
57349  -20.553  -33.537  88.981 0.0000000000
56011  -20.313  -34.354  89.323 0.0000000000
54764  -20.080  -35.148  88.838 0.0000000000
52207  -14.725  -36.724  88.196 0.0000000000
72865  -46.745  -20.340  68.535 0.0000000000
72859  -46.412  -20.164  69.096 0.0000000000
67291  -40.390  -26.096  71.448 0.0000000000
72863  -44.371  -20.431  68.591 0.0000000000
68260  -32.897  -23.724  84.227 0.0000000000
68272  -31.753  -24.375  83.311 0.0000000000
67152  -35.556  -25.699  80.646 0.0000000000
67138  -35.461  -25.282  81.485 0.0000000000
68364  -30.154  -24.678  76.363 0.0000000000
67208  -31.040  -24.931  77.722 0.0000000000
68355  -30.175  -24.946  77.340 0.0000000000
68344  -29.380  -24.898  77.927 0.0000000000
68353  -28.427  -24.402  76.721 0.0000000000
65942  -9.658  -26.286  87.653 0.0000000000
65954  -9.094  -26.710  86.899 0.0000000000
65965  -9.611  -27.199  86.149 0.0000000000
64761  -9.128  -27.560  85.366 0.0000000000
63569  -14.526  -28.648  82.705 0.0000000000
64807  -13.956  -27.945  82.513 0.0000000000
62409  -14.112  -29.191  81.893 0.0000000000
81548  -54.853  -13.270  60.620 0.0000000000
79435  -53.221  -14.697  59.919 0.0000000000
80494  -53.543  -13.652  59.771 0.0000000000
59910  -21.269  -31.748  84.744 0.0000000000
58645  -21.108  -32.746  84.240 0.0000000000
57388  -20.710  -33.706  84.023 0.0000000000
58658  -20.825  -33.126  83.160 0.0000000000
66026  -22.595  -27.049  76.966 0.0000000000
64823  -22.217  -27.614  77.917 0.0000000000
63590  -20.422  -28.806  80.142 0.0000000000
63580  -20.290  -28.500  80.757 0.0000000000
64801  -20.165  -27.583  81.710 0.0000000000
62410  -20.699  -29.605  81.168 0.0000000000
67141  -7.191  -25.631  80.764 0.0000000000
68279  -7.674  -24.874  81.384 0.0000000000
67130  -7.592  -25.116  81.022 0.0000000000
67142  -7.680  -25.108  80.374 0.0000000000
62441  -7.139  -30.466  78.105 0.0000000000
62454  -6.538  -29.922  77.154 0.0000000000
64857  -4.860  -27.951  74.735 0.0000000000
66061  -5.491  -26.888  73.944 0.0000000000
66074  -6.383  -26.195  73.015 0.0000000000
67060  -16.087  -25.866  90.680 0.0000000000
57328  -17.659  -33.133  91.449 0.0000000000
58600  -17.458  -32.358  91.494 0.0000000000
57327  -16.992  -33.328  91.268 0.0000000000
59899  -16.484  -31.425  88.110 0.0000000000
59901  -16.258  -31.291  87.043 0.0000000000
61194  -16.284  -30.440  86.470 0.0000000000
58621  -15.623  -31.774  86.784 0.0000000000
57375  -10.983  -32.786  84.620 0.0000000000
57376  -11.798  -32.467  84.066 0.0000000000
57386  -11.097  -32.809  83.458 0.0000000000
53571  -5.145  -36.257  84.975 0.0000000000
53554  -4.963  -36.196  86.086 0.0000000000
69393  -43.211  -22.923  77.101 0.0000000000
64861  -41.991  -27.211  75.040 0.0000000000
66047  -42.360  -26.081  76.399 0.0000000000
68335  -42.735  -23.595  77.221 0.0000000000
67200  -42.599  -24.208  76.951 0.0000000000
68346  -42.867  -23.670  76.711 0.0000000000
63610  -38.428  -26.058  77.472 0.0000000000
63617  -38.450  -26.525  76.831 0.0000000000
64838  -40.716  -25.933  76.808 0.0000000000
63635  -40.172  -26.680  76.217 0.0000000000
67182  -40.050  -25.019  77.899 0.0000000000
67181  -39.103  -25.216  78.324 0.0000000000
66019  -39.118  -25.538  77.833 0.0000000000
64819  -37.860  -26.070  78.072 0.0000000000
87712  -55.336  -7.292  57.676 0.0000000000
86707  -55.473  -7.855  58.233 0.0000000000
81571  -51.293  -12.538  57.049 0.0000000000
83759  -52.480  -10.412  56.436 0.0000000000
83767  -52.910  -9.858  56.131 0.0000000000
84794  -53.438  -9.489  56.083 0.0000000000
84791  -55.284  -8.832  57.645 0.0000000000
85742  -55.299  -8.402  56.992 0.0000000000
71668  -49.791  -21.037  64.808 0.0000000000
72894  -43.807  -20.759  65.708 0.0000000000
71678  -44.482  -21.275  63.065 0.0000000000
62435  -12.380  -29.531  78.332 0.0000000000
58720  -13.135  -32.359  76.344 0.0000000000
58735  -12.989  -32.653  75.462 0.0000000000
57508  -12.864  -33.237  74.984 0.0000000000
56195  -12.754  -33.786  74.405 0.0000000000
56174  -12.615  -33.896  75.207 0.0000000000
54921  -11.626  -35.052  75.640 0.0000000000
54920  -11.122  -35.564  75.962 0.0000000000
53720  -10.690  -36.163  75.653 0.0000000000
54781  -18.984  -34.662  85.567 0.0000000000
54775  -18.213  -35.268  86.191 0.0000000000
53553  -17.523  -35.501  85.458 0.0000000000
70371  -41.000  -23.134  73.240 0.0000000000
69413  -40.408  -23.628  72.350 0.0000000000
70377  -40.863  -22.627  72.467 0.0000000000
71598  -41.513  -21.876  71.828 0.0000000000
71603  -41.431  -21.789  70.952 0.0000000000
71602  -40.591  -22.009  70.727 0.0000000000
69360  -34.331  -22.970  84.747 0.0000000000
69365  -34.471  -23.263  84.448 0.0000000000
67195  -33.942  -25.735  77.592 0.0000000000
67210  -33.156  -25.527  76.782 0.0000000000
86766  -54.595  -7.434  53.560 0.0000000000
86767  -55.212  -7.191  53.362 0.0000000000
87769  -56.133  -6.103  52.883 0.0000000000
87768  -55.529  -6.543  52.805 0.0000000000
87782  -55.326  -6.254  52.292 0.0000000000
88791  -55.814  -5.802  52.151 0.0000000000
88781  -56.602  -5.546  52.638 0.0000000000
65967  -11.540  -27.651  86.302 0.0000000000
64765  -13.520  -27.777  85.907 0.0000000000
64764  -12.869  -27.876  85.657 0.0000000000
64790  -14.098  -28.114  84.235 0.0000000000
78416  -53.402  -15.765  60.602 0.0000000000
79404  -54.999  -14.781  61.148 0.0000000000
78395  -54.419  -15.697  61.493 0.0000000000
75274  -49.860  -18.505  59.687 0.0000000000
75292  -49.350  -18.376  59.237 0.0000000000
76552  -50.101  -17.321  59.077 0.0000000000
77499  -52.595  -16.899  60.253 0.0000000000
77510  -51.834  -16.408  59.685 0.0000000000
64757  -20.856  -28.088  86.159 0.0000000000
63547  -20.935  -28.966  85.566 0.0000000000
61248  -21.461  -30.658  78.840 0.0000000000
59969  -20.873  -31.596  78.218 0.0000000000
70310  -6.558  -22.579  85.131 0.0000000000
70311  -6.721  -22.547  84.306 0.0000000000
67117  -6.746  -25.978  82.424 0.0000000000
67110  -6.769  -25.368  82.857 0.0000000000
67128  -6.906  -25.829  81.906 0.0000000000
62492  -7.046  -30.284  74.165 0.0000000000
62523  -6.232  -29.255  72.486 0.0000000000
63680  -5.686  -28.526  71.706 0.0000000000
63679  -5.282  -28.516  72.343 0.0000000000
63707  -5.787  -28.107  70.337 0.0000000000
67049  -17.122  -26.454  92.566 0.0000000000
68181  -17.506  -24.855  91.620 0.0000000000
65924  -16.224  -26.251  93.029 0.0000000000
57331  -15.388  -34.397  90.859 0.0000000000
56001  -14.449  -34.583  90.375 0.0000000000
57346  -13.931  -33.875  89.242 0.0000000000
57355  -13.166  -32.876  87.779 0.0000000000
57362  -10.845  -33.160  87.067 0.0000000000
66113  -40.743  -26.497  71.546 0.0000000000
66098  -41.333  -26.505  72.070 0.0000000000
66067  -42.930  -27.342  74.702 0.0000000000
66068  -43.009  -26.727  74.349 0.0000000000
68376  -42.355  -24.719  74.539 0.0000000000
67253  -42.267  -25.752  73.751 0.0000000000
68388  -42.074  -24.960  73.763 0.0000000000
68375  -41.793  -24.377  73.884 0.0000000000
69409  -41.194  -23.886  73.525 0.0000000000
62482  -37.659  -27.732  74.929 0.0000000000
69375  -37.773  -23.581  82.100 0.0000000000
68292  -37.342  -24.292  81.501 0.0000000000
67154  -37.061  -24.830  80.478 0.0000000000
68329  -38.469  -24.379  79.207 0.0000000000
66016  -36.671  -26.147  79.068 0.0000000000
66008  -37.339  -25.611  79.270 0.0000000000
66006  -36.128  -26.138  79.536 0.0000000000
66014  -35.406  -26.291  78.509 0.0000000000
66044  -34.532  -26.448  76.295 0.0000000000
89792  -55.865  -4.848  55.070 0.0000000000
84817  -52.759  -9.239  54.889 0.0000000000
85751  -53.809  -8.730  55.289 0.0000000000
85764  -54.521  -8.193  54.747 0.0000000000
86756  -53.987  -7.899  54.285 0.0000000000
86757  -54.637  -7.773  54.181 0.0000000000
74049  -51.517  -19.801  61.371 0.0000000000
74039  -51.841  -20.048  61.793 0.0000000000
72921  -52.504  -20.281  62.743 0.0000000000
72931  -52.800  -20.093  62.648 0.0000000000
71684  -50.688  -20.987  63.559 0.0000000000
71685  -51.639  -20.796  63.004 0.0000000000
71717  -46.060  -21.729  61.666 0.0000000000
71749  -47.671  -21.104  60.218 0.0000000000
72939  -50.850  -20.441  61.370 0.0000000000
72938  -50.073  -20.530  60.905 0.0000000000
74048  -50.577  -19.930  60.739 0.0000000000
67206  -24.072  -25.800  76.383 0.0000000000
73856  -7.436  -19.082  78.477 0.0000000000
72721  -8.502  -20.662  79.784 0.0000000000
72730  -8.464  -20.527  79.130 0.0000000000
70340  -9.657  -22.352  78.883 0.0000000000
70339  -9.374  -21.845  79.259 0.0000000000
63558  -8.019  -29.006  83.039 0.0000000000
63566  -7.702  -29.859  82.307 0.0000000000
62423  -9.311  -30.371  79.269 0.0000000000
62414  -8.117  -30.644  80.274 0.0000000000
62422  -8.532  -30.649  79.630 0.0000000000
62430  -7.827  -30.725  78.876 0.0000000000
62443  -9.009  -30.811  77.984 0.0000000000
62446  -11.832  -29.896  77.178 0.0000000000
62459  -11.578  -30.262  76.547 0.0000000000
61289  -10.461  -31.148  75.420 0.0000000000
61273  -10.178  -30.738  76.312 0.0000000000
61272  -9.131  -30.770  76.479 0.0000000000
61307  -9.657  -31.283  74.454 0.0000000000
60069  -10.753  -31.367  71.875 0.0000000000
61342  -10.042  -31.040  72.488 0.0000000000
54977  -12.121  -34.953  73.148 0.0000000000
56236  -12.033  -34.471  72.617 0.0000000000
54976  -11.197  -35.554  72.782 0.0000000000
61178  -19.234  -30.568  92.009 0.0000000000
59894  -19.640  -31.560  91.304 0.0000000000
57334  -19.203  -33.183  90.576 0.0000000000
58604  -19.348  -32.369  91.273 0.0000000000
57333  -18.577  -33.450  90.834 0.0000000000
57329  -18.265  -33.139  91.343 0.0000000000
53517  -17.276  -35.371  88.431 0.0000000000
53509  -16.761  -35.906  90.177 0.0000000000
53508  -16.051  -35.840  90.516 0.0000000000
53507  -15.321  -35.747  90.659 0.0000000000
54745  -15.243  -35.473  90.861 0.0000000000
53520  -12.620  -36.261  89.186 0.0000000000
53511  -12.435  -35.685  89.600 0.0000000000
54752  -11.132  -35.248  89.427 0.0000000000
68409  -39.549  -24.595  71.150 0.0000000000
68408  -39.190  -24.184  70.668 0.0000000000
71630  -42.319  -21.138  67.599 0.0000000000
72882  -42.997  -20.857  66.684 0.0000000000
72896  -45.992  -21.034  65.945 0.0000000000
68286  -30.515  -24.489  82.063 0.0000000000
68270  -29.718  -24.434  82.967 0.0000000000
68284  -28.602  -24.378  81.545 0.0000000000
67125  -34.746  -24.597  82.321 0.0000000000
68290  -34.096  -24.458  82.548 0.0000000000
67136  -33.862  -24.733  81.737 0.0000000000
67176  -32.810  -25.054  79.026 0.0000000000
67175  -31.505  -24.651  79.269 0.0000000000
67163  -32.490  -24.682  80.194 0.0000000000
67162  -31.798  -24.564  79.841 0.0000000000
68315  -31.942  -24.495  80.672 0.0000000000
68300  -31.366  -24.524  81.209 0.0000000000
68314  -31.319  -24.520  80.192 0.0000000000
68311  -28.543  -24.673  79.497 0.0000000000
68324  -27.758  -24.789  78.342 0.0000000000
68342  -27.649  -24.604  77.423 0.0000000000
68361  -27.337  -24.379  75.318 0.0000000000
88816  -54.988  -5.217  50.292 0.0000000000
88806  -56.944  -4.820  50.528 0.0000000000
89854  -57.461  -4.453  48.799 0.0000000000
69324  -6.297  -23.469  87.593 0.0000000000
68234  -6.390  -24.466  85.835 0.0000000000
67089  -6.537  -25.550  86.585 0.0000000000
68200  -9.024  -24.165  88.885 0.0000000000
68199  -7.948  -24.198  88.838 0.0000000000
65963  -7.541  -26.871  86.107 0.0000000000
65939  -7.315  -25.974  87.364 0.0000000000
65962  -6.690  -26.442  86.019 0.0000000000
64771  -7.736  -27.830  84.414 0.0000000000
64773  -9.816  -27.984  84.580 0.0000000000
64785  -9.380  -28.500  83.458 0.0000000000
64796  -10.380  -28.450  82.505 0.0000000000
64803  -10.679  -28.499  81.785 0.0000000000
64775  -12.034  -28.033  84.745 0.0000000000
64774  -10.985  -28.001  84.923 0.0000000000
64806  -13.236  -27.755  82.036 0.0000000000
64813  -12.896  -28.008  81.324 0.0000000000
64812  -12.287  -28.081  81.028 0.0000000000
63588  -13.065  -28.559  80.591 0.0000000000
63597  -12.497  -28.864  79.499 0.0000000000
61233  -13.509  -30.310  81.040 0.0000000000
61241  -13.299  -30.247  79.824 0.0000000000
82650  -54.685  -10.916  59.631 0.0000000000
83740  -55.270  -10.460  60.210 0.0000000000
71640  -48.952  -20.902  66.603 0.0000000000
77517  -50.409  -16.018  58.664 0.0000000000
78424  -49.484  -15.950  58.196 0.0000000000
79443  -50.091  -14.419  57.353 0.0000000000
80501  -50.939  -13.465  57.470 0.0000000000
81561  -53.548  -12.371  59.167 0.0000000000
59898  -20.822  -31.630  89.325 0.0000000000
62384  -21.348  -29.747  88.376 0.0000000000
58628  -21.273  -32.607  86.262 0.0000000000
59902  -21.342  -31.666  86.976 0.0000000000
57365  -20.837  -33.462  86.664 0.0000000000
56028  -20.318  -34.190  85.930 0.0000000000
54782  -19.900  -34.918  86.282 0.0000000000
54816  -19.943  -35.075  83.373 0.0000000000
56034  -18.494  -35.101  84.049 0.0000000000
56033  -18.387  -35.142  83.685 0.0000000000
53578  -17.687  -35.566  83.685 0.0000000000
53589  -17.691  -35.395  82.991 0.0000000000
67159  -25.984  -25.183  79.675 0.0000000000
66004  -22.994  -25.756  79.737 0.0000000000
67157  -23.922  -25.748  80.228 0.0000000000
64816  -21.737  -27.629  78.684 0.0000000000
63598  -21.255  -28.325  78.964 0.0000000000
65988  -21.431  -26.278  80.903 0.0000000000
65994  -21.470  -26.604  79.803 0.0000000000
65989  -22.475  -25.801  81.156 0.0000000000
67121  -23.500  -25.850  82.689 0.0000000000
65978  -20.432  -26.883  82.998 0.0000000000
67111  -21.633  -25.963  83.480 0.0000000000
65979  -21.022  -26.509  83.537 0.0000000000
65976  -21.969  -26.185  84.548 0.0000000000
64781  -20.764  -27.303  84.451 0.0000000000
62405  -20.838  -29.783  82.182 0.0000000000
62400  -20.904  -29.946  83.106 0.0000000000
59954  -20.128  -32.187  79.778 0.0000000000
59946  -20.812  -31.500  80.506 0.0000000000
58678  -19.118  -33.548  80.512 0.0000000000
58679  -19.593  -33.388  81.005 0.0000000000
58669  -20.085  -33.266  81.708 0.0000000000
57416  -19.437  -33.781  81.673 0.0000000000
57400  -19.147  -33.954  82.089 0.0000000000
57415  -18.831  -34.074  81.657 0.0000000000
74878  -6.363  -18.667  83.730 0.0000000000
74879  -6.457  -18.049  83.167 0.0000000000
73814  -6.645  -19.628  82.410 0.0000000000
70322  -6.935  -22.498  83.622 0.0000000000
72681  -6.853  -21.075  83.444 0.0000000000
71474  -7.070  -21.600  83.211 0.0000000000
71475  -7.399  -21.512  82.547 0.0000000000
71489  -7.792  -21.429  81.763 0.0000000000
71490  -8.227  -21.675  81.193 0.0000000000
71504  -8.010  -21.047  81.036 0.0000000000
70332  -8.674  -22.299  80.988 0.0000000000
68294  -9.072  -24.004  80.083 0.0000000000
68305  -9.266  -24.078  79.147 0.0000000000
62407  -6.608  -29.355  81.413 0.0000000000
63573  -6.538  -28.842  81.564 0.0000000000
62411  -6.427  -29.015  80.672 0.0000000000
63592  -6.177  -28.403  79.010 0.0000000000
63582  -6.173  -28.372  79.984 0.0000000000
64815  -6.219  -27.678  79.129 0.0000000000
63624  -5.349  -29.501  76.421 0.0000000000
66038  -4.973  -26.749  76.584 0.0000000000
66025  -6.070  -26.214  77.927 0.0000000000
67186  -6.804  -25.648  78.249 0.0000000000
67227  -6.955  -25.616  75.526 0.0000000000
67214  -7.773  -25.425  75.939 0.0000000000
67215  -8.758  -25.214  75.481 0.0000000000
65935  -15.245  -27.260  88.461 0.0000000000
61175  -18.964  -30.481  92.514 0.0000000000
62372  -18.646  -29.746  92.543 0.0000000000
61174  -18.572  -30.444  92.671 0.0000000000
61176  -17.181  -30.761  91.758 0.0000000000
62375  -17.256  -29.540  91.964 0.0000000000
64737  -15.656  -27.515  92.293 0.0000000000
58603  -16.620  -32.583  90.524 0.0000000000
61184  -16.536  -30.586  90.595 0.0000000000
62381  -15.972  -29.925  90.273 0.0000000000
64741  -16.206  -27.569  89.999 0.0000000000
63539  -16.002  -28.852  88.833 0.0000000000
63543  -15.859  -28.821  87.813 0.0000000000
64749  -14.853  -27.900  87.871 0.0000000000
64756  -14.720  -28.018  87.305 0.0000000000
61197  -15.887  -30.368  85.217 0.0000000000
61206  -15.684  -29.859  84.566 0.0000000000
62397  -15.459  -29.438  84.194 0.0000000000
61205  -15.328  -30.486  84.080 0.0000000000
58619  -14.130  -32.116  86.277 0.0000000000
58630  -13.185  -31.843  83.983 0.0000000000
58631  -13.888  -31.769  84.546 0.0000000000
59918  -13.634  -31.524  83.314 0.0000000000
59919  -14.356  -31.203  83.517 0.0000000000
59928  -13.427  -31.306  82.621 0.0000000000
58656  -12.899  -31.724  82.368 0.0000000000
57414  -11.954  -32.738  81.447 0.0000000000
58667  -12.515  -32.190  81.531 0.0000000000
57427  -11.862  -32.955  80.453 0.0000000000
57426  -11.277  -33.413  80.087 0.0000000000
54768  -8.528  -34.849  88.225 0.0000000000
56019  -6.410  -34.562  86.848 0.0000000000
54765  -6.438  -34.863  87.320 0.0000000000
56012  -6.770  -34.635  87.115 0.0000000000
56014  -8.100  -34.222  87.887 0.0000000000
56021  -7.813  -33.956  87.403 0.0000000000
57366  -8.305  -33.524  87.280 0.0000000000
56027  -7.717  -33.758  86.656 0.0000000000
56032  -8.816  -33.401  84.915 0.0000000000
56043  -7.641  -34.226  83.759 0.0000000000
56058  -8.559  -34.207  82.740 0.0000000000
56070  -8.792  -34.352  81.958 0.0000000000
56071  -9.611  -34.046  81.954 0.0000000000
56081  -9.077  -34.494  81.403 0.0000000000
54852  -9.673  -34.904  79.785 0.0000000000
56117  -10.308  -34.576  79.393 0.0000000000
56099  -10.880  -33.999  79.646 0.0000000000
54870  -10.784  -34.914  78.398 0.0000000000
70351  -43.215  -22.315  78.386 0.0000000000
69389  -42.492  -23.144  78.141 0.0000000000
64839  -41.434  -25.616  76.741 0.0000000000
66036  -42.007  -25.376  76.866 0.0000000000
66022  -42.161  -24.748  77.102 0.0000000000
67185  -42.379  -24.220  77.234 0.0000000000
64827  -39.661  -25.787  77.258 0.0000000000
64828  -40.383  -25.634  77.153 0.0000000000
66021  -40.869  -25.339  77.117 0.0000000000
69386  -39.777  -23.730  78.696 0.0000000000
71547  -41.171  -21.730  78.979 0.0000000000
82660  -52.818  -11.032  57.728 0.0000000000
82661  -53.641  -10.198  57.909 0.0000000000
83753  -53.405  -10.110  57.261 0.0000000000
83754  -53.960  -9.563  57.535 0.0000000000
84789  -54.348  -9.254  57.080 0.0000000000
83755  -55.234  -9.152  57.838 0.0000000000
71654  -48.937  -21.248  65.708 0.0000000000
71650  -45.199  -21.126  64.797 0.0000000000
71664  -45.726  -21.369  64.160 0.0000000000
71680  -46.324  -21.472  63.386 0.0000000000
59985  -13.109  -31.140  77.925 0.0000000000
58707  -13.100  -32.046  77.463 0.0000000000
57490  -12.503  -33.950  76.309 0.0000000000
56152  -11.890  -34.531  76.440 0.0000000000
53567  -17.638  -35.561  84.521 0.0000000000
53566  -16.949  -35.643  84.876 0.0000000000
53575  -15.654  -36.258  84.617 0.0000000000
71594  -41.966  -21.590  73.081 0.0000000000
70378  -41.519  -21.940  72.631 0.0000000000
71605  -42.626  -21.035  71.619 0.0000000000
72848  -44.108  -20.264  71.751 0.0000000000
70320  -35.679  -22.214  84.530 0.0000000000
67223  -33.052  -25.540  75.586 0.0000000000
87745  -56.355  -6.229  53.733 0.0000000000
88771  -56.944  -5.435  53.364 0.0000000000
89803  -57.948  -4.224  53.415 0.0000000000
64754  -13.631  -27.390  86.689 0.0000000000
64766  -14.146  -27.842  86.234 0.0000000000
77480  -55.009  -16.577  62.113 0.0000000000
74060  -49.726  -19.818  60.260 0.0000000000
74061  -50.395  -19.181  60.274 0.0000000000
75275  -50.685  -18.481  60.056 0.0000000000
76538  -51.277  -17.831  59.916 0.0000000000
64752  -21.185  -27.208  87.655 0.0000000000
68269  -28.799  -24.518  82.687 0.0000000000
71534  -9.624  -21.576  77.998 0.0000000000
70352  -10.558  -21.973  77.196 0.0000000000
70344  -10.631  -22.726  77.471 0.0000000000
68243  -6.481  -24.858  84.676 0.0000000000
69363  -6.632  -24.299  84.121 0.0000000000
67109  -6.580  -25.981  83.304 0.0000000000
62525  -8.228  -30.169  72.029 0.0000000000
62509  -7.198  -30.278  73.257 0.0000000000
67050  -17.666  -26.605  92.462 0.0000000000
65922  -17.428  -27.008  92.585 0.0000000000
55999  -12.689  -34.863  89.784 0.0000000000
56000  -13.757  -34.616  89.947 0.0000000000
57361  -9.757  -33.403  87.454 0.0000000000
68365  -42.800  -24.985  75.297 0.0000000000
70367  -42.214  -22.686  74.613 0.0000000000
62484  -39.134  -27.662  75.050 0.0000000000
67180  -38.007  -25.370  79.118 0.0000000000
67179  -37.642  -25.516  79.205 0.0000000000
66032  -36.938  -26.202  78.674 0.0000000000
66030  -35.955  -26.554  78.138 0.0000000000
66029  -35.322  -26.410  77.589 0.0000000000
64832  -35.920  -26.647  77.328 0.0000000000
85752  -54.388  -8.585  55.500 0.0000000000
86743  -55.571  -7.619  54.993 0.0000000000
72929  -51.718  -20.252  61.852 0.0000000000
72920  -51.898  -20.458  62.514 0.0000000000
71703  -52.021  -20.470  62.814 0.0000000000
72927  -50.385  -20.855  61.643 0.0000000000
68350  -25.688  -24.921  75.610 0.0000000000
73843  -7.736  -19.649  78.975 0.0000000000
63594  -9.720  -29.988  79.786 0.0000000000
61291  -12.213  -31.140  75.265 0.0000000000
61274  -11.152  -30.573  76.065 0.0000000000
61309  -11.643  -31.301  74.781 0.0000000000
61308  -10.880  -31.446  74.598 0.0000000000
60056  -10.979  -31.471  72.997 0.0000000000
60070  -11.140  -31.941  71.436 0.0000000000
58808  -11.057  -32.433  71.156 0.0000000000
57564  -11.111  -33.729  71.367 0.0000000000
58608  -19.708  -32.422  90.658 0.0000000000
57340  -19.912  -33.419  89.863 0.0000000000
57335  -19.577  -33.558  90.064 0.0000000000
54749  -18.876  -34.480  89.642 0.0000000000
53537  -15.833  -36.276  87.550 0.0000000000
53524  -15.956  -36.062  88.566 0.0000000000
52205  -15.418  -36.299  88.409 0.0000000000
53523  -15.390  -36.107  89.039 0.0000000000
53522  -14.761  -36.251  89.169 0.0000000000
53513  -14.697  -35.948  89.895 0.0000000000
53521  -13.891  -36.553  88.960 0.0000000000
72875  -46.418  -20.717  67.645 0.0000000000
69421  -39.384  -23.115  70.509 0.0000000000
72883  -44.056  -20.726  66.683 0.0000000000
68277  -36.701  -24.102  82.511 0.0000000000
68264  -36.606  -23.441  83.162 0.0000000000
67126  -35.135  -24.683  82.265 0.0000000000
67192  -30.980  -24.737  78.550 0.0000000000
67174  -30.941  -24.610  78.945 0.0000000000
68327  -30.417  -24.686  79.143 0.0000000000
68343  -28.537  -24.719  77.661 0.0000000000
68362  -28.266  -24.152  75.654 0.0000000000
87790  -52.683  -6.818  51.075 0.0000000000
67075  -8.069  -25.707  88.140 0.0000000000
65941  -8.595  -26.225  87.605 0.0000000000
65953  -8.078  -26.509  86.846 0.0000000000
64789  -13.418  -27.837  84.058 0.0000000000
64799  -13.330  -27.685  83.101 0.0000000000
63589  -13.460  -28.552  81.235 0.0000000000
62416  -13.636  -28.944  81.203 0.0000000000
61234  -13.703  -29.568  81.342 0.0000000000
81557  -54.760  -11.965  60.161 0.0000000000
81550  -55.642  -12.072  61.096 0.0000000000
78426  -50.736  -15.535  58.574 0.0000000000
79433  -51.804  -15.132  59.165 0.0000000000
79439  -51.906  -14.085  58.686 0.0000000000
81559  -52.151  -13.138  58.376 0.0000000000
61193  -21.369  -30.720  86.513 0.0000000000
58633  -21.235  -32.603  85.214 0.0000000000
56035  -20.398  -34.153  84.817 0.0000000000
56048  -20.351  -34.515  83.939 0.0000000000
56062  -20.193  -34.782  83.440 0.0000000000
56061  -19.534  -34.662  83.192 0.0000000000
67189  -23.583  -25.660  78.141 0.0000000000
66012  -22.869  -26.045  78.677 0.0000000000
66003  -22.091  -26.577  79.125 0.0000000000
62427  -20.931  -28.952  79.275 0.0000000000
64814  -21.100  -27.469  79.341 0.0000000000
63591  -20.589  -28.223  79.761 0.0000000000
63581  -20.383  -27.767  80.293 0.0000000000
65983  -21.355  -26.134  82.224 0.0000000000
65987  -20.656  -26.660  81.559 0.0000000000
64791  -20.246  -27.603  82.933 0.0000000000
57460  -18.978  -33.329  79.576 0.0000000000
56085  -18.179  -34.641  80.611 0.0000000000
73813  -6.478  -19.639  83.256 0.0000000000
69369  -7.394  -23.500  82.571 0.0000000000
69370  -7.834  -23.309  81.913 0.0000000000
69373  -8.399  -23.231  81.426 0.0000000000
68280  -8.357  -24.314  80.995 0.0000000000
68293  -8.443  -24.631  79.868 0.0000000000
67170  -7.634  -25.075  78.562 0.0000000000
62420  -6.941  -29.939  79.823 0.0000000000
62428  -6.383  -29.320  78.993 0.0000000000
63602  -5.815  -28.573  78.152 0.0000000000
63652  -5.313  -28.654  74.349 0.0000000000
66050  -6.050  -26.113  75.899 0.0000000000
66063  -7.512  -25.479  74.199 0.0000000000
59889  -18.386  -31.560  92.150 0.0000000000
61173  -18.153  -30.610  92.611 0.0000000000
59888  -17.689  -31.451  92.014 0.0000000000
57348  -16.196  -33.058  89.320 0.0000000000
58606  -16.573  -32.500  89.681 0.0000000000
59897  -16.725  -31.521  89.186 0.0000000000
62388  -16.250  -29.558  87.199 0.0000000000
63546  -15.621  -28.942  86.951 0.0000000000
59909  -15.657  -31.037  85.190 0.0000000000
58617  -12.575  -32.366  85.432 0.0000000000
58624  -13.202  -32.017  84.989 0.0000000000
58629  -12.423  -32.089  83.577 0.0000000000
58643  -12.457  -32.050  82.747 0.0000000000
57398  -11.429  -32.838  82.373 0.0000000000
54773  -5.316  -35.597  86.257 0.0000000000
56025  -6.187  -34.702  85.982 0.0000000000
56026  -6.979  -34.236  86.143 0.0000000000
56029  -6.040  -34.830  85.227 0.0000000000
54785  -6.605  -34.834  84.178 0.0000000000
54837  -8.785  -35.032  80.626 0.0000000000
62502  -40.258  -27.983  74.332 0.0000000000
63661  -42.005  -28.489  74.303 0.0000000000
63648  -41.636  -28.166  75.137 0.0000000000
66055  -42.912  -27.124  75.226 0.0000000000
66056  -43.161  -26.219  75.585 0.0000000000
66048  -42.668  -25.277  76.566 0.0000000000
66057  -43.103  -25.818  76.414 0.0000000000
67226  -43.163  -25.109  75.998 0.0000000000
68356  -43.033  -24.008  76.192 0.0000000000
69395  -43.181  -23.005  76.461 0.0000000000
63615  -36.997  -26.908  77.048 0.0000000000
63616  -37.691  -26.718  76.924 0.0000000000
63633  -38.274  -27.125  76.106 0.0000000000
63634  -39.136  -26.824  76.145 0.0000000000
63645  -38.924  -27.309  75.583 0.0000000000
62485  -39.850  -27.827  74.983 0.0000000000
68330  -38.764  -24.744  78.883 0.0000000000
67196  -38.315  -25.618  78.509 0.0000000000
64835  -38.110  -26.000  78.394 0.0000000000
63599  -37.580  -26.188  78.049 0.0000000000
87711  -54.990  -6.542  58.061 0.0000000000
82668  -51.921  -11.411  56.756 0.0000000000
82673  -50.996  -11.551  56.004 0.0000000000
84805  -54.317  -8.823  56.069 0.0000000000
84796  -54.670  -8.909  56.589 0.0000000000
85746  -54.651  -8.717  56.066 0.0000000000
71695  -44.106  -21.447  62.154 0.0000000000
76175  -6.804  -17.502  81.476 0.0000000000
63604  -11.683  -29.152  78.778 0.0000000000
62447  -12.332  -29.968  77.431 0.0000000000
61260  -12.279  -30.143  77.021 0.0000000000
61276  -12.680  -31.011  76.012 0.0000000000
61292  -12.595  -31.337  75.448 0.0000000000
60032  -12.809  -32.029  74.145 0.0000000000
58764  -12.879  -32.634  73.596 0.0000000000
57550  -12.566  -33.556  73.028 0.0000000000
56217  -12.843  -33.655  73.854 0.0000000000
54959  -12.113  -35.154  73.820 0.0000000000
56173  -12.183  -34.515  75.411 0.0000000000
54940  -11.929  -35.148  74.795 0.0000000000
53734  -10.720  -36.245  74.650 0.0000000000
54777  -19.895  -34.972  87.279 0.0000000000
54772  -19.778  -34.939  88.050 0.0000000000
56023  -18.579  -34.748  87.005 0.0000000000
54770  -17.821  -35.425  87.013 0.0000000000
53526  -17.227  -35.487  87.460 0.0000000000
53552  -16.771  -35.675  85.858 0.0000000000
53538  -16.632  -35.847  86.944 0.0000000000
72858  -45.819  -20.101  69.248 0.0000000000
72854  -45.235  -19.896  70.164 0.0000000000
68399  -40.316  -24.720  72.115 0.0000000000
69412  -40.128  -23.291  71.731 0.0000000000
70381  -40.265  -22.657  71.445 0.0000000000
70385  -39.698  -22.584  70.352 0.0000000000
71607  -40.362  -21.917  69.753 0.0000000000
71616  -41.837  -21.385  69.346 0.0000000000
71610  -42.626  -21.011  70.630 0.0000000000
68274  -33.686  -24.140  83.227 0.0000000000
67165  -34.724  -25.759  79.580 0.0000000000
67209  -32.024  -25.237  77.291 0.0000000000
87766  -54.124  -7.059  52.721 0.0000000000
86776  -55.040  -7.080  52.971 0.0000000000
87767  -54.601  -6.889  52.663 0.0000000000
87780  -53.631  -6.828  52.109 0.0000000000
87791  -53.409  -6.320  51.020 0.0000000000
87792  -54.191  -5.848  50.726 0.0000000000
88792  -56.743  -5.193  51.646 0.0000000000
65943  -10.757  -26.315  87.470 0.0000000000
65966  -10.677  -27.362  86.110 0.0000000000
65973  -11.716  -27.998  85.596 0.0000000000
65974  -12.342  -28.016  85.422 0.0000000000
64776  -12.784  -27.935  84.799 0.0000000000
63560  -14.594  -28.429  83.604 0.0000000000
63570  -14.827  -28.780  83.331 0.0000000000
80465  -55.034  -14.241  60.954 0.0000000000
78396  -55.239  -15.656  61.916 0.0000000000
75272  -48.274  -19.029  59.230 0.0000000000
76550  -48.463  -17.542  58.381 0.0000000000
77509  -50.980  -16.541  59.256 0.0000000000
78422  -52.851  -15.209  59.908 0.0000000000
63540  -20.903  -28.716  88.076 0.0000000000
64751  -20.928  -27.979  87.254 0.0000000000
63544  -21.159  -28.871  86.725 0.0000000000
61198  -21.136  -30.848  84.256 0.0000000000
63625  -22.317  -29.163  76.326 0.0000000000
63613  -22.301  -29.010  77.294 0.0000000000
62449  -21.963  -29.514  77.834 0.0000000000
62448  -21.689  -30.041  78.333 0.0000000000
62436  -21.294  -29.667  79.122 0.0000000000
61242  -21.074  -30.092  79.643 0.0000000000
61235  -20.979  -30.387  80.410 0.0000000000
59968  -20.040  -32.105  78.720 0.0000000000
72669  -6.424  -20.500  84.952 0.0000000000
71451  -6.620  -21.206  84.539 0.0000000000
69364  -6.872  -23.643  83.517 0.0000000000
67118  -7.031  -25.295  82.221 0.0000000000
67129  -7.167  -25.469  81.478 0.0000000000
65993  -6.836  -26.201  80.582 0.0000000000
61286  -7.116  -30.694  76.132 0.0000000000
61285  -6.888  -30.339  76.708 0.0000000000
62475  -6.508  -30.129  75.347 0.0000000000
62490  -6.134  -29.144  75.071 0.0000000000
62508  -6.408  -29.626  73.627 0.0000000000
62507  -6.004  -28.951  74.036 0.0000000000
63665  -5.220  -28.592  73.359 0.0000000000
64877  -5.011  -27.903  72.721 0.0000000000
64888  -4.971  -27.527  71.834 0.0000000000
66088  -5.164  -26.885  71.776 0.0000000000
68186  -17.071  -24.803  90.922 0.0000000000
67056  -16.330  -25.831  91.209 0.0000000000
64738  -15.557  -27.412  91.562 0.0000000000
57336  -14.240  -34.259  90.144 0.0000000000
58609  -15.596  -32.626  88.220 0.0000000000
58614  -15.149  -32.394  87.543 0.0000000000
58613  -14.235  -32.453  87.209 0.0000000000
58612  -13.567  -32.475  86.832 0.0000000000
57363  -12.169  -32.732  86.520 0.0000000000
66136  -40.204  -26.401  71.203 0.0000000000
67271  -40.705  -25.663  72.019 0.0000000000
63675  -42.253  -28.044  73.585 0.0000000000
66081  -41.888  -26.550  72.926 0.0000000000
67240  -42.797  -25.682  74.823 0.0000000000
67272  -41.356  -25.871  72.491 0.0000000000
68400  -40.943  -25.201  72.601 0.0000000000
68386  -40.831  -24.389  72.872 0.0000000000
70373  -42.175  -21.860  73.993 0.0000000000
71595  -42.628  -21.052  73.676 0.0000000000
70330  -37.242  -22.977  82.896 0.0000000000
67139  -36.453  -25.184  81.548 0.0000000000
65990  -36.096  -25.740  80.914 0.0000000000
68303  -37.459  -24.442  80.339 0.0000000000
67167  -37.402  -25.252  79.655 0.0000000000
67166  -36.814  -25.262  80.024 0.0000000000
65998  -36.082  -25.849  80.154 0.0000000000
66013  -34.699  -26.037  78.096 0.0000000000
85762  -52.327  -8.980  54.155 0.0000000000
87744  -56.002  -6.736  54.406 0.0000000000
89793  -56.966  -4.698  54.289 0.0000000000
75262  -53.308  -18.461  61.379 0.0000000000
75249  -53.019  -19.053  61.633 0.0000000000
72949  -48.974  -20.463  60.337 0.0000000000
72937  -49.296  -20.863  60.852 0.0000000000
72950  -49.539  -20.475  60.591 0.0000000000
68309  -27.146  -25.100  78.964 0.0000000000
67160  -26.748  -25.186  79.550 0.0000000000
68308  -26.433  -25.079  78.905 0.0000000000
67190  -24.320  -25.433  77.477 0.0000000000
67191  -24.702  -25.291  76.783 0.0000000000
66040  -23.002  -27.138  76.298 0.0000000000
64844  -22.954  -27.737  76.229 0.0000000000
63643  -22.765  -28.611  75.755 0.0000000000
72744  -8.109  -20.125  78.766 0.0000000000
64783  -7.425  -28.320  83.483 0.0000000000
64794  -6.898  -28.480  82.871 0.0000000000
62402  -6.837  -29.786  81.958 0.0000000000
62408  -7.084  -30.212  81.476 0.0000000000
63583  -8.119  -30.573  80.698 0.0000000000
62456  -7.869  -30.541  77.415 0.0000000000
63603  -11.168  -29.435  78.663 0.0000000000
62433  -10.559  -29.844  78.403 0.0000000000
62444  -9.897  -30.490  77.681 0.0000000000
62458  -11.028  -30.317  76.765 0.0000000000
62457  -10.334  -30.444  77.036 0.0000000000
61258  -9.103  -30.743  77.308 0.0000000000
61271  -8.231  -30.619  76.972 0.0000000000
61270  -7.521  -30.421  76.977 0.0000000000
61326  -9.012  -30.617  73.176 0.0000000000
61341  -9.215  -30.412  71.865 0.0000000000
62373  -19.089  -29.843  92.333 0.0000000000
59890  -19.069  -31.367  91.988 0.0000000000
58605  -19.575  -32.105  91.255 0.0000000000
58602  -18.729  -32.247  91.650 0.0000000000
55987  -17.767  -33.635  91.258 0.0000000000
55986  -17.256  -33.931  91.177 0.0000000000
54763  -18.891  -34.534  88.427 0.0000000000
54757  -19.386  -34.985  89.366 0.0000000000
53516  -16.918  -35.734  89.245 0.0000000000
54755  -17.361  -35.526  90.006 0.0000000000
54748  -17.928  -34.854  90.168 0.0000000000
55992  -16.671  -34.784  90.855 0.0000000000
55991  -15.798  -34.861  90.918 0.0000000000
54743  -14.163  -35.371  90.064 0.0000000000
54753  -12.077  -35.291  89.724 0.0000000000
55997  -10.778  -34.768  89.381 0.0000000000
55996  -10.256  -34.794  89.196 0.0000000000
71638  -47.477  -21.019  65.980 0.0000000000
72876  -47.579  -20.706  67.732 0.0000000000
68419  -39.272  -25.340  70.586 0.0000000000
69425  -38.297  -23.857  69.906 0.0000000000
68296  -27.592  -24.888  80.103 0.0000000000
69362  -35.728  -22.652  84.435 0.0000000000
68263  -36.156  -23.635  83.425 0.0000000000
68262  -35.231  -23.675  83.665 0.0000000000
69366  -34.912  -23.239  84.339 0.0000000000
68288  -32.545  -24.395  82.325 0.0000000000
67150  -33.503  -24.834  81.142 0.0000000000
68302  -33.062  -24.538  81.714 0.0000000000
68299  -30.361  -24.388  80.990 0.0000000000
67161  -27.230  -25.123  79.549 0.0000000000
68323  -26.956  -24.814  78.177 0.0000000000
68351  -26.493  -24.519  76.010 0.0000000000
88826  -54.998  -5.105  48.968 0.0000000000
89838  -56.682  -4.614  49.348 0.0000000000
88827  -55.963  -5.031  48.486 0.0000000000
70300  -6.426  -22.509  86.102 0.0000000000
69344  -6.410  -23.360  85.680 0.0000000000
65971  -6.534  -26.678  84.886 0.0000000000
68207  -6.437  -24.271  88.007 0.0000000000
67074  -7.209  -25.620  87.680 0.0000000000
67090  -6.792  -25.662  87.204 0.0000000000
67073  -6.611  -25.106  87.474 0.0000000000
63559  -8.637  -28.802  83.208 0.0000000000
63567  -9.020  -29.106  82.577 0.0000000000
63576  -10.075  -28.872  81.679 0.0000000000
64797  -11.483  -28.038  82.704 0.0000000000
64804  -11.354  -28.221  81.584 0.0000000000
64811  -11.728  -28.244  80.850 0.0000000000
57441  -12.732  -32.444  78.925 0.0000000000
76513  -54.015  -17.700  61.666 0.0000000000
78434  -49.125  -15.458  57.561 0.0000000000
78435  -49.625  -14.987  57.498 0.0000000000
80500  -50.440  -13.856  57.211 0.0000000000
81560  -52.683  -12.681  58.483 0.0000000000
57358  -20.746  -33.526  87.823 0.0000000000
62385  -21.460  -29.046  88.877 0.0000000000
59900  -21.273  -31.656  88.194 0.0000000000
54787  -18.946  -34.663  84.514 0.0000000000
53588  -17.237  -35.475  83.188 0.0000000000
67146  -25.644  -25.282  80.536 0.0000000000
67134  -25.470  -25.324  81.507 0.0000000000
67132  -23.807  -25.956  81.836 0.0000000000
67143  -23.228  -25.781  81.179 0.0000000000
67122  -24.428  -25.746  82.746 0.0000000000
67113  -23.083  -25.848  83.516 0.0000000000
67119  -21.653  -25.885  83.023 0.0000000000
67112  -22.219  -25.823  83.446 0.0000000000
67098  -22.797  -25.964  85.114 0.0000000000
64768  -20.592  -28.214  84.966 0.0000000000
63556  -20.371  -28.852  84.160 0.0000000000
63550  -20.676  -29.345  84.313 0.0000000000
62395  -20.763  -29.625  84.095 0.0000000000
59938  -20.803  -31.827  81.480 0.0000000000
58687  -19.497  -33.118  80.115 0.0000000000
59931  -20.906  -32.006  82.564 0.0000000000
57401  -20.052  -34.059  82.295 0.0000000000
54841  -18.026  -34.925  81.346 0.0000000000
54830  -18.115  -34.973  81.919 0.0000000000
54814  -17.746  -35.231  82.250 0.0000000000
73827  -7.038  -19.499  81.396 0.0000000000
72680  -6.611  -20.656  83.898 0.0000000000
72697  -6.533  -20.120  83.541 0.0000000000
72711  -7.046  -20.189  82.006 0.0000000000
69374  -9.022  -23.176  80.788 0.0000000000
69376  -9.423  -23.242  79.992 0.0000000000
70335  -9.337  -22.220  79.994 0.0000000000
69380  -9.633  -23.244  79.278 0.0000000000
68320  -9.862  -23.861  78.279 0.0000000000
64793  -6.555  -27.808  82.238 0.0000000000
64802  -6.401  -27.595  81.171 0.0000000000
65992  -6.572  -26.905  80.411 0.0000000000
66001  -6.698  -26.351  79.703 0.0000000000
64829  -4.929  -27.847  77.489 0.0000000000
66009  -5.992  -26.998  78.446 0.0000000000
67169  -6.990  -25.714  79.134 0.0000000000
67187  -7.495  -25.135  77.720 0.0000000000
67171  -8.162  -24.803  78.007 0.0000000000
67188  -8.402  -24.848  77.324 0.0000000000
68336  -9.420  -24.677  76.922 0.0000000000
67204  -9.405  -24.946  75.893 0.0000000000
67216  -9.717  -24.985  75.183 0.0000000000
67242  -9.269  -25.355  73.622 0.0000000000
67241  -8.252  -25.371  73.973 0.0000000000
67258  -8.454  -25.497  73.148 0.0000000000
67081  -14.187  -26.008  87.685 0.0000000000
64731  -18.085  -27.825  92.429 0.0000000000
64730  -17.173  -27.507  92.494 0.0000000000
62371  -17.961  -29.835  92.427 0.0000000000
63527  -17.383  -28.909  91.989 0.0000000000
64732  -16.087  -27.484  92.809 0.0000000000
58599  -16.894  -32.521  91.109 0.0000000000
61180  -16.812  -30.605  91.218 0.0000000000
59895  -16.794  -31.528  90.167 0.0000000000
63537  -15.844  -28.174  91.019 0.0000000000
64742  -15.802  -27.745  90.881 0.0000000000
64744  -15.285  -27.652  88.393 0.0000000000
65947  -14.793  -27.011  88.130 0.0000000000
64755  -14.268  -27.588  87.008 0.0000000000
64767  -14.642  -28.148  86.577 0.0000000000
64779  -14.684  -28.251  85.771 0.0000000000
63549  -15.558  -28.934  86.062 0.0000000000
63548  -15.126  -28.543  85.943 0.0000000000
63553  -15.230  -28.654  84.900 0.0000000000
63561  -15.026  -28.803  83.900 0.0000000000
58626  -14.826  -31.745  85.598 0.0000000000
59908  -15.165  -31.266  84.727 0.0000000000
58632  -14.506  -31.667  84.873 0.0000000000
61204  -14.818  -30.837  83.593 0.0000000000
61215  -14.467  -30.530  82.935 0.0000000000
61224  -13.620  -30.723  82.087 0.0000000000
59944  -13.192  -31.133  81.324 0.0000000000
58655  -12.592  -32.025  82.124 0.0000000000
58677  -12.854  -31.772  80.872 0.0000000000
58684  -12.297  -32.628  80.008 0.0000000000
57440  -12.026  -33.029  79.211 0.0000000000
56003  -9.059  -34.298  88.597 0.0000000000
53527  -6.548  -35.121  87.449 0.0000000000
54767  -7.627  -34.760  87.661 0.0000000000
57350  -8.493  -33.964  88.114 0.0000000000
57351  -8.926  -33.907  88.311 0.0000000000
57360  -8.893  -33.555  87.741 0.0000000000
57367  -8.978  -33.328  86.906 0.0000000000
57373  -9.052  -33.289  85.713 0.0000000000
57384  -9.411  -33.381  84.756 0.0000000000
56045  -9.752  -33.555  83.365 0.0000000000
54796  -7.028  -34.978  83.456 0.0000000000
54797  -7.592  -34.565  83.127 0.0000000000
56057  -7.878  -34.403  82.985 0.0000000000
57412  -10.321  -33.627  81.782 0.0000000000
56072  -10.270  -33.845  81.281 0.0000000000
54838  -9.603  -34.683  80.330 0.0000000000
56083  -10.545  -33.849  80.520 0.0000000000
56100  -11.399  -33.775  79.119 0.0000000000
56119  -11.680  -33.911  78.442 0.0000000000
56133  -11.317  -34.628  78.092 0.0000000000
56151  -11.377  -34.793  77.348 0.0000000000
52202  -14.174  -36.672  88.703 0.0000000000
52204  -14.997  -36.474  88.583 0.0000000000
52209  -15.604  -36.320  88.111 0.0000000000
53506  -14.874  -35.571  90.440 0.0000000000
53510  -11.759  -35.492  89.516 0.0000000000
53605  -17.720  -35.306  82.592 0.0000000000
54744  -14.804  -35.375  90.551 0.0000000000
54750  -19.685  -34.740  89.935 0.0000000000
54762  -17.894  -35.077  87.929 0.0000000000
54766  -6.939  -34.849  87.356 0.0000000000
54771  -19.146  -34.377  87.467 0.0000000000
54778  -5.349  -35.670  85.352 0.0000000000
54783  -5.421  -35.744  84.736 0.0000000000
54798  -18.120  -35.363  83.347 0.0000000000
54799  -19.579  -34.820  83.842 0.0000000000
54815  -18.093  -35.174  82.615 0.0000000000
54817  -20.143  -35.034  83.764 0.0000000000
54885  -10.819  -35.181  77.889 0.0000000000
55988  -13.632  -35.097  89.987 0.0000000000
55995  -19.377  -33.965  89.859 0.0000000000
56002  -20.023  -34.275  90.050 0.0000000000
56004  -9.633  -34.502  88.908 0.0000000000
56005  -10.253  -34.373  89.066 0.0000000000
56009  -18.145  -34.965  87.619 0.0000000000
56015  -8.676  -34.279  88.330 0.0000000000
56016  -18.217  -35.119  87.106 0.0000000000
56017  -18.473  -34.715  87.574 0.0000000000
56022  -18.430  -34.965  86.627 0.0000000000
56047  -18.783  -34.687  83.777 0.0000000000
56073  -18.464  -34.595  81.449 0.0000000000
57341  -9.252  -34.150  88.652 0.0000000000
57357  -15.160  -32.813  88.257 0.0000000000
57429  -19.055  -33.750  81.365 0.0000000000
57443  -19.050  -33.413  80.044 0.0000000000
57536  -12.739  -33.693  73.506 0.0000000000
57537  -12.870  -33.291  73.549 0.0000000000
57551  -12.772  -32.981  73.195 0.0000000000
57565  -11.993  -33.468  72.217 0.0000000000
58607  -19.441  -32.708  90.750 0.0000000000
58627  -15.380  -31.638  86.052 0.0000000000
58668  -12.881  -31.701  81.708 0.0000000000
58748  -12.929  -32.573  74.620 0.0000000000
58763  -12.682  -32.305  73.305 0.0000000000
58778  -12.433  -32.662  72.798 0.0000000000
59884  -18.043  -31.096  92.540 0.0000000000
59886  -18.821  -30.819  92.521 0.0000000000
59893  -19.432  -31.895  91.495 0.0000000000
59903  -15.424  -31.385  85.483 0.0000000000
59906  -13.919  -31.604  83.892 0.0000000000
59920  -14.903  -31.088  83.985 0.0000000000
59929  -13.965  -31.110  82.976 0.0000000000
59930  -20.529  -32.544  81.857 0.0000000000
60015  -12.513  -31.456  75.148 0.0000000000
60029  -11.384  -31.434  74.405 0.0000000000
60045  -11.774  -31.581  73.582 0.0000000000
60058  -12.235  -32.115  72.723 0.0000000000
61179  -19.455  -30.893  91.475 0.0000000000
61257  -8.601  -30.735  77.601 0.0000000000
61310  -12.025  -31.302  74.695 0.0000000000
62391  -20.842  -29.544  84.360 0.0000000000
62393  -15.544  -29.128  84.659 0.0000000000
62396  -20.898  -30.117  83.836 0.0000000000
62398  -15.633  -29.566  84.574 0.0000000000
62401  -6.728  -29.495  81.885 0.0000000000
62404  -14.989  -29.201  83.293 0.0000000000
62406  -6.465  -28.952  81.028 0.0000000000
62413  -7.462  -30.484  80.617 0.0000000000
62426  -20.878  -29.412  79.615 0.0000000000
62431  -8.726  -30.731  78.727 0.0000000000
62455  -7.436  -30.406  77.507 0.0000000000
62510  -7.925  -30.315  72.808 0.0000000000
63532  -15.691  -27.917  91.294 0.0000000000
63554  -15.480  -28.841  85.466 0.0000000000
63555  -20.571  -29.343  83.781 0.0000000000
63562  -20.687  -29.485  83.400 0.0000000000
63564  -6.461  -28.370  81.642 0.0000000000
63568  -9.762  -28.770  82.387 0.0000000000
63593  -9.148  -30.366  79.809 0.0000000000
63600  -38.005  -25.999  77.960 0.0000000000
63601  -38.042  -26.129  77.721 0.0000000000
63608  -37.288  -26.481  77.719 0.0000000000
63626  -22.560  -28.416  76.730 0.0000000000
63660  -41.097  -28.284  74.530 0.0000000000
63694  -5.555  -28.260  71.068 0.0000000000
64729  -16.408  -27.213  93.007 0.0000000000
64733  -16.900  -27.948  92.304 0.0000000000
64763  -10.734  -27.733  85.584 0.0000000000
64817  -22.051  -27.193  78.476 0.0000000000
64818  -37.715  -26.018  78.272 0.0000000000
64820  -38.208  -25.988  77.789 0.0000000000
64822  -22.048  -27.991  78.261 0.0000000000
64825  -37.938  -25.830  78.422 0.0000000000
64826  -38.619  -25.780  77.780 0.0000000000
64831  -35.524  -26.593  76.906 0.0000000000
64836  -38.333  -26.047  78.332 0.0000000000
64837  -39.957  -26.045  76.918 0.0000000000
64852  -41.596  -25.883  76.588 0.0000000000
64862  -42.276  -28.058  74.908 0.0000000000
64871  -42.550  -27.583  74.977 0.0000000000
64889  -5.075  -26.939  71.273 0.0000000000
64909  -41.117  -26.664  71.775 0.0000000000
65920  -16.289  -26.989  93.386 0.0000000000
65923  -16.001  -26.921  93.472 0.0000000000
65928  -15.706  -26.886  92.918 0.0000000000
65952  -7.090  -26.178  86.925 0.0000000000
65961  -21.999  -26.148  86.400 0.0000000000
65991  -36.384  -25.456  80.868 0.0000000000
65999  -36.423  -25.532  80.316 0.0000000000
66018  -38.098  -25.654  78.582 0.0000000000
66023  -42.395  -24.495  77.061 0.0000000000
66031  -36.514  -26.432  78.473 0.0000000000
66033  -38.362  -25.830  78.340 0.0000000000
66034  -38.572  -25.945  78.062 0.0000000000
66035  -41.382  -25.365  76.921 0.0000000000
66042  -23.758  -26.161  75.853 0.0000000000
66114  -41.065  -26.424  71.753 0.0000000000
67052  -18.094  -26.063  92.262 0.0000000000
67064  -7.544  -25.011  88.440 0.0000000000
67140  -36.888  -24.812  81.171 0.0000000000
67168  -37.887  -25.364  79.325 0.0000000000
67199  -41.783  -24.999  77.057 0.0000000000
68197  -6.614  -23.993  88.331 0.0000000000
68208  -6.878  -24.894  88.091 0.0000000000
68291  -36.886  -24.615  81.715 0.0000000000
68306  -9.719  -23.582  78.785 0.0000000000
68318  -8.304  -24.728  78.391 0.0000000000
68339  -24.867  -25.091  77.250 0.0000000000
68347  -9.468  -24.804  76.320 0.0000000000
69372  -37.283  -23.399  82.593 0.0000000000
69379  -9.379  -23.652  79.644 0.0000000000
69383  -10.519  -22.986  77.804 0.0000000000
69384  -38.170  -23.816  79.365 0.0000000000
69402  -41.558  -23.619  73.977 0.0000000000
69416  -39.326  -23.937  70.839 0.0000000000
70336  -9.559  -22.816  79.576 0.0000000000
71426  -6.667  -21.879  84.644 0.0000000000
71518  -9.385  -21.633  78.790 0.0000000000
76536  -49.883  -17.961  59.402 0.0000000000
80497  -52.553  -13.637  58.873 0.0000000000
81564  -52.437  -11.988  58.006 0.0000000000
83761  -53.814  -9.557  56.968 0.0000000000
84780  -55.520  -8.974  59.224 0.0000000000
84784  -55.427  -8.844  58.371 0.0000000000
84818  -53.435  -9.003  55.224 0.0000000000
88790  -55.243  -6.092  52.017 0.0000000000
89852  -56.381  -4.653  49.015 0.0000000000
