#!ascii label  , from subject 3953 vox2ras=TkReg
947
58360  19.901  -29.476  73.244 0.0000000000
63000  31.267  -25.801  80.778 0.0000000000
76896  36.183  -13.614  58.107 0.0000000000
68793  28.433  -21.102  65.960 0.0000000000
65369  33.632  -24.369  72.573 0.0000000000
82977  48.088  -7.761  49.914 0.0000000000
72257  37.388  -17.941  59.869 0.0000000000
71075  32.860  -18.901  59.426 0.0000000000
57057  14.573  -30.805  73.212 0.0000000000
60756  25.580  -28.321  77.029 0.0000000000
60789  27.966  -27.545  74.128 0.0000000000
61965  21.564  -27.525  70.324 0.0000000000
81950  42.313  -8.848  54.717 0.0000000000
56990  23.277  -30.648  77.785 0.0000000000
56994  19.412  -30.610  77.856 0.0000000000
80963  42.044  -10.124  57.927 0.0000000000
58279  14.186  -29.269  78.761 0.0000000000
56934  10.193  -31.086  80.870 0.0000000000
73475  30.771  -16.528  63.500 0.0000000000
66509  31.304  -22.410  69.216 0.0000000000
60895  31.961  -27.992  67.261 0.0000000000
59676  29.921  -29.167  70.655 0.0000000000
72210  37.104  -17.506  61.137 0.0000000000
71051  35.075  -18.193  60.226 0.0000000000
72213  34.262  -17.658  60.913 0.0000000000
73522  39.632  -17.109  60.242 0.0000000000
57075  17.585  -30.801  70.904 0.0000000000
54654  15.684  -32.260  71.658 0.0000000000
58378  16.900  -29.690  72.733 0.0000000000
60794  22.403  -28.178  74.818 0.0000000000
61917  23.608  -27.025  73.817 0.0000000000
59666  20.127  -29.053  71.592 0.0000000000
57084  19.230  -30.469  69.527 0.0000000000
77974  35.735  -12.741  55.933 0.0000000000
76887  39.236  -13.510  59.047 0.0000000000
78987  39.113  -11.868  57.929 0.0000000000
79996  39.130  -11.033  56.197 0.0000000000
56954  18.170  -30.578  80.914 0.0000000000
58294  16.185  -29.645  78.204 0.0000000000
58259  16.607  -30.054  80.856 0.0000000000
59493  12.661  -28.715  86.177 0.0000000000
58206  11.358  -29.730  82.361 0.0000000000
56865  10.078  -30.482  84.103 0.0000000000
55635  8.269  -31.958  84.985 0.0000000000
55622  8.263  -31.222  87.051 0.0000000000
68730  32.506  -20.882  71.208 0.0000000000
65379  32.396  -23.283  70.575 0.0000000000
63135  31.189  -24.927  68.632 0.0000000000
61958  32.523  -26.566  69.799 0.0000000000
61960  25.538  -27.255  69.921 0.0000000000
60817  29.013  -28.351  72.154 0.0000000000
59696  27.328  -28.329  69.567 0.0000000000
58417  28.511  -29.010  68.286 0.0000000000
70994  29.311  -18.440  64.983 0.0000000000
71030  29.105  -18.437  61.937 0.0000000000
68833  27.654  -20.803  63.383 0.0000000000
84065  51.157  -6.551  48.806 0.0000000000
82982  49.027  -7.676  48.741 0.0000000000
74753  36.893  -15.649  58.947 0.0000000000
72269  35.279  -17.400  58.602 0.0000000000
74742  39.337  -15.829  59.521 0.0000000000
61858  28.670  -27.159  78.485 0.0000000000
61872  30.428  -26.604  77.500 0.0000000000
60772  26.628  -27.501  75.481 0.0000000000
61928  24.825  -26.898  72.357 0.0000000000
60901  22.048  -28.181  67.960 0.0000000000
82925  44.447  -7.735  56.455 0.0000000000
82938  44.759  -7.738  54.478 0.0000000000
81964  44.927  -8.194  52.045 0.0000000000
81976  45.485  -8.419  49.854 0.0000000000
58324  21.428  -29.940  75.395 0.0000000000
58326  19.450  -29.832  75.418 0.0000000000
56992  21.478  -30.729  77.726 0.0000000000
59587  25.096  -29.450  77.482 0.0000000000
81939  41.992  -8.990  56.185 0.0000000000
58329  16.293  -29.487  75.899 0.0000000000
58331  14.308  -29.606  76.013 0.0000000000
57012  12.163  -30.371  76.982 0.0000000000
58228  14.085  -28.827  81.887 0.0000000000
58248  11.772  -29.965  80.123 0.0000000000
58125  5.813  -29.867  89.450 0.0000000000
74702  33.644  -15.865  62.784 0.0000000000
70971  30.432  -19.098  67.248 0.0000000000
69831  31.723  -20.005  69.586 0.0000000000
67686  29.754  -21.805  67.502 0.0000000000
64274  29.639  -24.144  68.031 0.0000000000
62013  31.192  -26.560  66.379 0.0000000000
59767  30.499  -29.578  65.350 0.0000000000
60767  31.311  -27.308  75.107 0.0000000000
58340  31.752  -28.703  73.968 0.0000000000
60832  33.023  -27.765  72.232 0.0000000000
59691  31.832  -28.868  69.882 0.0000000000
58448  29.279  -29.801  66.685 0.0000000000
72216  31.269  -17.203  60.812 0.0000000000
69981  30.486  -20.038  59.410 0.0000000000
73502  36.614  -16.917  61.692 0.0000000000
72212  35.334  -17.700  60.885 0.0000000000
73503  35.778  -17.111  61.649 0.0000000000
72193  37.883  -17.351  61.697 0.0000000000
58388  17.994  -29.885  71.618 0.0000000000
58389  17.311  -29.927  72.043 0.0000000000
58377  17.927  -29.521  72.587 0.0000000000
59635  21.164  -29.350  73.789 0.0000000000
59651  21.134  -29.082  72.798 0.0000000000
58375  19.601  -29.443  72.044 0.0000000000
58387  18.869  -29.780  71.445 0.0000000000
77959  35.814  -12.730  56.836 0.0000000000
76894  37.939  -13.572  58.602 0.0000000000
77930  38.539  -12.673  58.504 0.0000000000
78989  37.242  -12.194  57.934 0.0000000000
79002  37.526  -11.833  57.258 0.0000000000
58157  11.328  -29.374  86.073 0.0000000000
58168  11.265  -29.355  84.948 0.0000000000
56859  9.967  -30.431  85.136 0.0000000000
55638  8.992  -31.338  84.326 0.0000000000
56860  9.361  -30.892  85.734 0.0000000000
55631  8.266  -31.723  85.994 0.0000000000
66482  33.003  -22.461  71.645 0.0000000000
65370  33.215  -23.720  71.855 0.0000000000
64246  32.577  -24.860  70.438 0.0000000000
63118  33.073  -25.694  71.381 0.0000000000
63015  32.095  -25.605  79.716 0.0000000000
60882  25.160  -27.421  68.628 0.0000000000
60864  26.693  -27.911  69.576 0.0000000000
59729  25.794  -28.289  67.669 0.0000000000
59749  26.348  -28.817  67.358 0.0000000000
69899  28.992  -19.798  65.177 0.0000000000
69910  28.608  -19.522  64.290 0.0000000000
82962  47.764  -7.617  51.613 0.0000000000
82960  49.569  -7.251  51.176 0.0000000000
82968  49.740  -7.329  50.293 0.0000000000
82975  49.817  -7.384  49.384 0.0000000000
82983  48.420  -7.782  49.195 0.0000000000
73541  36.834  -16.982  59.248 0.0000000000
73552  35.811  -16.815  58.786 0.0000000000
73542  36.141  -17.441  59.252 0.0000000000
71074  33.913  -18.677  59.628 0.0000000000
71087  33.672  -18.829  58.718 0.0000000000
71088  32.761  -19.236  58.785 0.0000000000
72234  38.334  -17.657  60.319 0.0000000000
73539  38.828  -16.970  59.706 0.0000000000
74743  38.355  -15.860  59.312 0.0000000000
55784  15.242  -31.156  72.407 0.0000000000
55774  13.410  -31.345  73.653 0.0000000000
60739  27.087  -27.658  77.259 0.0000000000
61887  27.696  -27.311  76.638 0.0000000000
60755  26.410  -27.710  76.675 0.0000000000
61947  22.177  -27.596  71.932 0.0000000000
61929  23.778  -27.086  72.618 0.0000000000
61963  22.965  -27.015  70.741 0.0000000000
61981  23.115  -26.921  69.903 0.0000000000
60886  21.268  -28.000  68.500 0.0000000000
59735  20.109  -29.482  68.226 0.0000000000
63178  28.656  -25.120  66.271 0.0000000000
81942  43.332  -8.302  55.175 0.0000000000
82930  44.520  -7.663  55.437 0.0000000000
81948  43.403  -8.372  54.367 0.0000000000
81960  44.047  -8.328  52.902 0.0000000000
81970  44.608  -8.436  50.794 0.0000000000
81963  45.601  -8.057  51.877 0.0000000000
58307  22.457  -30.137  76.148 0.0000000000
57021  21.382  -30.402  76.152 0.0000000000
56991  22.364  -30.748  77.764 0.0000000000
58291  23.815  -30.120  77.335 0.0000000000
59597  22.929  -29.616  76.155 0.0000000000
81934  42.830  -9.011  57.476 0.0000000000
80973  41.721  -9.937  57.384 0.0000000000
80013  39.694  -10.921  54.769 0.0000000000
58309  18.958  -29.877  76.183 0.0000000000
58327  18.374  -29.815  75.431 0.0000000000
58310  18.122  -30.005  76.386 0.0000000000
58278  15.370  -29.474  79.082 0.0000000000
58313  14.834  -29.514  76.731 0.0000000000
58296  13.719  -29.476  77.748 0.0000000000
57024  12.780  -30.234  76.309 0.0000000000
58297  12.874  -29.685  77.686 0.0000000000
59529  14.626  -28.730  82.871 0.0000000000
56888  11.056  -30.207  81.504 0.0000000000
58230  11.726  -29.788  81.065 0.0000000000
56933  10.780  -30.869  80.456 0.0000000000
56956  11.289  -30.748  79.224 0.0000000000
72165  30.802  -17.897  67.425 0.0000000000
67634  32.092  -21.617  70.082 0.0000000000
69815  32.103  -20.322  70.187 0.0000000000
68763  31.465  -20.884  69.061 0.0000000000
68764  30.931  -20.961  68.377 0.0000000000
66510  30.635  -22.475  68.641 0.0000000000
65420  29.448  -23.274  67.927 0.0000000000
65401  30.146  -23.235  68.406 0.0000000000
61993  31.981  -26.804  67.820 0.0000000000
61994  31.180  -26.250  67.553 0.0000000000
60896  31.655  -27.238  66.842 0.0000000000
59766  31.162  -28.714  65.243 0.0000000000
59747  31.286  -29.056  66.461 0.0000000000
60751  29.891  -27.151  75.856 0.0000000000
60750  30.792  -27.092  75.912 0.0000000000
60768  30.411  -27.440  75.079 0.0000000000
59663  29.420  -28.689  71.322 0.0000000000
59632  30.879  -28.560  73.152 0.0000000000
59646  31.415  -28.909  72.561 0.0000000000
58372  33.087  -29.034  73.099 0.0000000000
59660  32.014  -29.053  71.902 0.0000000000
59690  32.316  -28.533  70.401 0.0000000000
59675  30.922  -29.283  70.764 0.0000000000
58471  27.498  -30.168  66.122 0.0000000000
58429  28.749  -29.392  67.493 0.0000000000
74692  32.812  -15.711  63.653 0.0000000000
73486  33.147  -16.182  61.985 0.0000000000
73488  30.768  -16.594  62.318 0.0000000000
69964  28.645  -19.815  61.088 0.0000000000
69963  29.346  -19.650  60.533 0.0000000000
84068  50.666  -6.640  47.575 0.0000000000
71070  36.964  -18.193  60.288 0.0000000000
71072  35.736  -18.275  59.860 0.0000000000
71050  35.769  -18.132  60.411 0.0000000000
72237  34.643  -18.028  60.546 0.0000000000
72238  33.776  -18.123  60.521 0.0000000000
73499  39.490  -17.142  61.454 0.0000000000
72209  38.054  -17.930  61.090 0.0000000000
57076  16.741  -31.122  71.210 0.0000000000
57066  15.674  -30.914  72.300 0.0000000000
57056  15.365  -30.446  72.946 0.0000000000
60775  23.478  -28.137  75.841 0.0000000000
61893  24.136  -27.241  75.374 0.0000000000
61918  22.828  -27.559  74.099 0.0000000000
60837  21.783  -27.971  72.095 0.0000000000
59680  20.638  -28.519  71.167 0.0000000000
58406  19.629  -29.917  69.387 0.0000000000
58396  19.628  -29.698  70.238 0.0000000000
57074  18.384  -30.542  70.620 0.0000000000
81006  40.935  -10.252  52.906 0.0000000000
56970  23.816  -31.214  78.864 0.0000000000
77921  40.550  -12.629  59.163 0.0000000000
78977  40.690  -11.813  58.746 0.0000000000
78999  40.255  -11.136  57.453 0.0000000000
79982  40.157  -10.902  57.010 0.0000000000
79001  38.661  -11.458  57.009 0.0000000000
79016  37.690  -11.429  56.219 0.0000000000
56975  19.088  -30.529  79.137 0.0000000000
56995  18.202  -30.393  78.041 0.0000000000
58276  17.240  -30.203  79.255 0.0000000000
58277  16.664  -30.044  79.549 0.0000000000
58260  15.677  -29.586  80.299 0.0000000000
59518  13.263  -28.558  84.061 0.0000000000
58183  12.165  -28.884  84.349 0.0000000000
58207  10.692  -30.228  82.803 0.0000000000
56912  9.997  -30.938  81.825 0.0000000000
55645  8.827  -31.740  82.938 0.0000000000
67623  32.762  -21.660  71.416 0.0000000000
65380  32.166  -22.702  69.991 0.0000000000
64258  31.258  -23.865  69.206 0.0000000000
64247  32.188  -24.311  69.948 0.0000000000
61959  32.118  -25.932  69.461 0.0000000000
61975  32.373  -27.139  69.231 0.0000000000
60819  27.218  -27.751  72.176 0.0000000000
60788  29.149  -27.952  73.895 0.0000000000
60835  27.608  -28.045  71.256 0.0000000000
60834  28.203  -28.295  71.115 0.0000000000
59678  28.349  -28.469  70.447 0.0000000000
59694  28.759  -28.715  69.714 0.0000000000
59711  27.572  -28.639  68.786 0.0000000000
58450  26.713  -29.380  66.839 0.0000000000
72180  30.122  -17.288  64.167 0.0000000000
72185  30.014  -17.106  63.039 0.0000000000
71001  29.046  -18.268  63.469 0.0000000000
69930  28.420  -19.630  62.359 0.0000000000
84061  51.412  -6.917  49.817 0.0000000000
82981  49.802  -7.426  48.455 0.0000000000
75884  36.510  -14.573  58.514 0.0000000000
75893  35.227  -14.717  57.070 0.0000000000
74755  35.498  -16.116  58.070 0.0000000000
72260  34.910  -18.269  59.082 0.0000000000
72271  33.956  -18.392  58.079 0.0000000000
74726  41.303  -16.088  60.647 0.0000000000
75859  41.505  -15.434  60.252 0.0000000000
76884  41.538  -13.842  59.914 0.0000000000
75875  38.988  -14.565  59.148 0.0000000000
75883  37.507  -14.575  58.761 0.0000000000
63017  30.306  -26.332  79.405 0.0000000000
63035  30.914  -26.177  78.781 0.0000000000
61873  29.477  -26.845  77.563 0.0000000000
61886  28.426  -27.176  76.612 0.0000000000
60771  27.603  -27.501  75.158 0.0000000000
61901  25.239  -26.910  74.065 0.0000000000
61915  25.818  -27.088  73.313 0.0000000000
60806  27.025  -27.516  73.380 0.0000000000
61927  25.939  -27.301  71.943 0.0000000000
61997  24.095  -26.917  68.838 0.0000000000
59732  22.746  -28.626  67.397 0.0000000000
82937  45.566  -7.589  54.293 0.0000000000
81955  43.752  -8.270  53.854 0.0000000000
82957  44.672  -8.063  53.180 0.0000000000
82947  45.757  -7.703  53.479 0.0000000000
82954  46.685  -7.559  52.528 0.0000000000
82972  46.480  -8.007  51.399 0.0000000000
82978  47.467  -7.945  50.359 0.0000000000
81981  47.616  -8.068  49.004 0.0000000000
58342  20.670  -29.566  74.369 0.0000000000
58343  19.646  -29.577  74.367 0.0000000000
58325  20.351  -29.863  75.208 0.0000000000
57008  19.881  -30.306  76.549 0.0000000000
56993  20.499  -30.680  77.723 0.0000000000
56972  21.946  -31.151  78.645 0.0000000000
56974  20.091  -30.812  78.851 0.0000000000
56952  19.812  -30.856  79.948 0.0000000000
62991  30.493  -26.294  81.724 0.0000000000
61843  29.025  -27.441  79.556 0.0000000000
60718  28.428  -28.074  79.117 0.0000000000
60740  26.642  -28.757  77.556 0.0000000000
59579  26.769  -29.772  78.122 0.0000000000
59594  25.125  -28.850  77.175 0.0000000000
59605  23.052  -28.763  75.850 0.0000000000
59620  21.618  -29.242  74.757 0.0000000000
82921  44.483  -7.872  57.440 0.0000000000
81937  43.285  -8.402  56.147 0.0000000000
81944  42.134  -8.850  55.620 0.0000000000
80003  40.510  -10.354  55.864 0.0000000000
80988  40.962  -9.727  55.399 0.0000000000
80994  40.957  -9.771  54.413 0.0000000000
58362  17.778  -29.502  73.588 0.0000000000
58363  16.780  -29.552  73.752 0.0000000000
58365  15.024  -29.889  74.288 0.0000000000
58312  15.762  -29.544  76.955 0.0000000000
58330  15.211  -29.468  75.924 0.0000000000
57035  13.888  -30.074  74.811 0.0000000000
57036  12.974  -30.344  74.989 0.0000000000
57025  11.999  -30.778  75.908 0.0000000000
58245  14.907  -29.205  80.997 0.0000000000
58262  13.431  -29.277  79.603 0.0000000000
58247  12.638  -29.557  80.392 0.0000000000
58263  12.492  -29.693  79.404 0.0000000000
56978  11.668  -30.409  78.265 0.0000000000
56831  7.757  -30.701  88.609 0.0000000000
74701  34.768  -15.953  62.854 0.0000000000
73459  30.882  -16.862  65.795 0.0000000000
72173  30.549  -17.639  66.286 0.0000000000
70982  29.877  -19.116  66.235 0.0000000000
69870  29.432  -20.481  66.574 0.0000000000
69860  30.774  -19.508  68.041 0.0000000000
68782  30.110  -20.614  67.337 0.0000000000
67696  28.913  -21.793  66.710 0.0000000000
66548  29.200  -22.538  67.353 0.0000000000
64289  29.040  -24.129  67.572 0.0000000000
62015  29.318  -25.619  66.655 0.0000000000
63136  30.528  -24.510  68.420 0.0000000000
61995  30.371  -25.766  67.502 0.0000000000
62031  30.551  -26.392  65.683 0.0000000000
60928  31.244  -27.512  65.204 0.0000000000
59781  30.832  -28.870  64.315 0.0000000000
64217  34.267  -24.665  73.614 0.0000000000
61871  31.532  -26.264  77.496 0.0000000000
61882  32.194  -26.510  76.548 0.0000000000
60748  32.746  -26.860  75.875 0.0000000000
59617  30.470  -28.206  73.751 0.0000000000
60785  31.717  -27.705  74.348 0.0000000000
60765  32.986  -27.032  75.133 0.0000000000
60782  33.538  -26.706  74.390 0.0000000000
61913  33.655  -26.378  73.431 0.0000000000
63117  33.193  -26.047  72.147 0.0000000000
61942  32.895  -26.658  70.822 0.0000000000
60862  32.386  -27.801  69.754 0.0000000000
59707  31.634  -28.812  68.831 0.0000000000
58416  29.456  -29.364  68.082 0.0000000000
58415  30.217  -29.508  67.734 0.0000000000
58446  30.768  -29.446  66.957 0.0000000000
58469  29.975  -29.943  65.927 0.0000000000
73485  34.268  -16.359  61.979 0.0000000000
72214  33.261  -17.559  60.846 0.0000000000
72240  31.830  -17.960  60.402 0.0000000000
72218  29.664  -17.651  61.450 0.0000000000
72241  30.787  -17.839  60.595 0.0000000000
71077  31.013  -19.299  59.548 0.0000000000
81980  48.399  -7.915  48.697 0.0000000000
73483  36.362  -16.524  62.623 0.0000000000
73482  37.056  -16.586  62.446 0.0000000000
58376  18.856  -29.536  72.381 0.0000000000
58361  18.799  -29.360  73.444 0.0000000000
58359  20.590  -29.467  73.648 0.0000000000
59636  20.650  -29.414  73.171 0.0000000000
77933  36.051  -13.012  57.703 0.0000000000
76916  35.408  -13.600  56.508 0.0000000000
76903  35.627  -13.540  57.406 0.0000000000
76895  37.049  -13.606  58.440 0.0000000000
77931  37.578  -12.752  58.311 0.0000000000
77932  36.696  -12.695  58.033 0.0000000000
77942  36.283  -12.543  57.328 0.0000000000
58148  10.707  -29.754  86.882 0.0000000000
58158  10.565  -29.821  85.633 0.0000000000
56852  9.882  -30.303  86.305 0.0000000000
65362  33.804  -23.132  72.876 0.0000000000
64233  33.203  -24.859  71.715 0.0000000000
62999  32.346  -25.479  80.973 0.0000000000
60899  24.022  -27.924  67.933 0.0000000000
60898  24.974  -27.726  67.925 0.0000000000
59730  24.789  -28.331  67.385 0.0000000000
59751  24.528  -29.041  66.834 0.0000000000
68804  28.637  -20.482  65.654 0.0000000000
68818  28.282  -20.229  64.818 0.0000000000
82970  47.964  -7.679  50.811 0.0000000000
82961  48.664  -7.444  51.415 0.0000000000
82969  48.818  -7.447  50.545 0.0000000000
82976  48.967  -7.468  49.657 0.0000000000
73540  37.853  -16.938  59.590 0.0000000000
72258  36.405  -17.953  59.579 0.0000000000
71053  33.356  -18.527  60.079 0.0000000000
69979  32.096  -19.381  58.971 0.0000000000
72256  38.109  -17.427  59.907 0.0000000000
55785  14.593  -31.348  72.721 0.0000000000
55773  14.129  -31.080  73.291 0.0000000000
57047  14.203  -30.389  73.960 0.0000000000
60851  21.238  -27.839  70.764 0.0000000000
61964  22.009  -27.365  70.865 0.0000000000
61983  21.751  -27.402  70.149 0.0000000000
61982  22.204  -27.230  69.871 0.0000000000
60868  21.351  -27.567  69.651 0.0000000000
59714  20.483  -28.374  69.091 0.0000000000
62032  29.441  -25.894  65.993 0.0000000000
81949  42.932  -8.605  54.549 0.0000000000
58292  23.120  -30.302  76.952 0.0000000000
57005  22.635  -30.486  77.066 0.0000000000
79970  41.744  -10.621  58.484 0.0000000000
80962  42.659  -9.839  58.341 0.0000000000
80972  42.425  -9.583  57.710 0.0000000000
57009  18.776  -30.271  76.994 0.0000000000
57010  18.057  -30.197  77.107 0.0000000000
58295  14.872  -29.460  77.781 0.0000000000
58280  13.105  -29.358  78.567 0.0000000000
59517  14.405  -28.567  83.917 0.0000000000
56911  10.642  -30.655  81.261 0.0000000000
56910  11.187  -30.385  80.705 0.0000000000
56957  10.749  -31.152  79.740 0.0000000000
67646  31.638  -21.658  69.445 0.0000000000
68746  31.844  -20.913  69.837 0.0000000000
67665  31.124  -21.730  68.764 0.0000000000
65400  30.846  -23.153  69.068 0.0000000000
60879  31.964  -27.143  67.413 0.0000000000
60914  31.642  -28.120  66.715 0.0000000000
59746  31.474  -28.663  67.160 0.0000000000
60770  28.605  -27.503  74.953 0.0000000000
60769  29.547  -27.524  74.968 0.0000000000
59662  30.191  -28.984  71.532 0.0000000000
59647  30.496  -28.748  72.384 0.0000000000
59661  31.129  -29.107  71.702 0.0000000000
73474  31.596  -16.004  64.121 0.0000000000
73487  31.922  -16.120  62.579 0.0000000000
71048  36.888  -17.931  60.653 0.0000000000
71049  36.452  -18.081  60.454 0.0000000000
71029  36.053  -17.861  60.701 0.0000000000
73478  40.322  -16.289  62.222 0.0000000000
72235  37.471  -17.982  60.551 0.0000000000
57065  16.493  -30.621  71.954 0.0000000000
57055  16.221  -30.118  72.670 0.0000000000
58379  16.167  -29.812  73.142 0.0000000000
61904  22.864  -27.645  74.756 0.0000000000
59665  20.785  -28.792  72.028 0.0000000000
60822  21.738  -28.401  72.763 0.0000000000
60838  21.307  -28.288  71.784 0.0000000000
59681  20.068  -29.025  70.668 0.0000000000
58386  19.494  -29.469  71.088 0.0000000000
58398  18.335  -30.198  70.997 0.0000000000
76886  39.851  -13.679  59.245 0.0000000000
77922  39.674  -12.833  59.020 0.0000000000
77929  39.442  -12.299  58.569 0.0000000000
78986  40.268  -11.528  58.067 0.0000000000
79000  39.679  -11.351  57.366 0.0000000000
79017  36.654  -12.069  56.785 0.0000000000
79030  36.546  -12.000  55.810 0.0000000000
56976  17.886  -30.280  79.577 0.0000000000
59505  12.940  -28.616  85.175 0.0000000000
58169  10.592  -29.940  84.462 0.0000000000
58185  10.708  -30.097  83.423 0.0000000000
56872  10.238  -30.494  83.190 0.0000000000
56890  9.800  -30.859  82.796 0.0000000000
56873  9.619  -30.877  83.757 0.0000000000
55639  8.566  -31.826  83.829 0.0000000000
55621  8.676  -31.052  86.848 0.0000000000
55613  8.142  -31.012  87.966 0.0000000000
65371  32.731  -22.938  71.314 0.0000000000
66490  32.553  -22.363  71.033 0.0000000000
66491  32.272  -22.295  70.347 0.0000000000
65387  32.087  -23.553  69.865 0.0000000000
63125  32.807  -25.630  70.521 0.0000000000
63126  32.354  -25.426  69.937 0.0000000000
60836  26.678  -27.629  71.226 0.0000000000
60848  27.178  -28.051  70.390 0.0000000000
59679  27.735  -28.375  70.161 0.0000000000
59695  27.985  -28.597  69.637 0.0000000000
58431  26.860  -28.891  67.411 0.0000000000
72181  29.548  -18.020  64.822 0.0000000000
72186  29.274  -17.854  63.658 0.0000000000
72187  29.077  -18.280  64.387 0.0000000000
68832  28.144  -20.171  63.833 0.0000000000
69918  28.466  -19.521  63.297 0.0000000000
68847  28.102  -20.237  62.814 0.0000000000
82986  49.729  -7.692  47.413 0.0000000000
82987  49.263  -7.778  47.985 0.0000000000
74754  35.961  -15.588  58.506 0.0000000000
73553  35.115  -16.853  58.093 0.0000000000
72279  34.369  -17.587  57.601 0.0000000000
71073  34.841  -18.331  59.662 0.0000000000
71095  33.589  -18.811  57.732 0.0000000000
73521  40.308  -16.677  60.789 0.0000000000
74741  40.196  -16.004  59.805 0.0000000000
75873  40.977  -14.957  59.870 0.0000000000
75874  40.006  -14.809  59.537 0.0000000000
74752  37.689  -15.433  59.085 0.0000000000
75876  38.158  -14.931  59.042 0.0000000000
61842  29.618  -26.797  80.033 0.0000000000
61857  29.734  -26.623  78.692 0.0000000000
60754  27.247  -27.463  76.153 0.0000000000
60753  28.114  -27.353  75.859 0.0000000000
61902  24.595  -27.043  74.742 0.0000000000
61916  24.651  -26.879  73.497 0.0000000000
61944  24.865  -26.794  71.241 0.0000000000
60885  22.281  -27.452  68.896 0.0000000000
61980  24.010  -26.663  69.623 0.0000000000
61998  23.234  -27.120  69.219 0.0000000000
60884  23.463  -27.468  68.523 0.0000000000
60900  23.009  -27.987  67.967 0.0000000000
57095  19.391  -30.682  68.920 0.0000000000
84010  45.179  -7.464  57.108 0.0000000000
82929  45.351  -7.437  55.182 0.0000000000
81004  42.409  -9.258  52.973 0.0000000000
81956  43.087  -8.673  53.571 0.0000000000
81959  44.719  -8.140  52.747 0.0000000000
82956  45.217  -7.949  52.866 0.0000000000
82955  45.949  -7.772  52.727 0.0000000000
82965  45.549  -7.963  52.295 0.0000000000
81969  45.816  -8.237  51.163 0.0000000000
81968  46.524  -8.189  50.973 0.0000000000
82971  47.118  -7.965  51.034 0.0000000000
81975  46.740  -8.213  50.158 0.0000000000
58341  21.203  -29.544  74.749 0.0000000000
57007  20.994  -30.507  76.790 0.0000000000
57022  20.702  -30.319  75.908 0.0000000000
56971  22.862  -31.194  78.524 0.0000000000
56950  21.366  -31.275  79.287 0.0000000000
61830  29.735  -26.942  81.256 0.0000000000
60732  27.591  -28.414  78.286 0.0000000000
59586  25.678  -29.394  77.564 0.0000000000
59585  26.352  -29.346  77.652 0.0000000000
60758  24.010  -28.724  76.572 0.0000000000
59595  24.608  -29.175  77.119 0.0000000000
58323  22.086  -29.772  75.560 0.0000000000
59606  22.452  -29.168  75.569 0.0000000000
59607  21.900  -29.552  75.314 0.0000000000
59621  21.166  -29.472  74.416 0.0000000000
75894  34.944  -15.407  56.895 0.0000000000
81938  42.576  -8.820  56.499 0.0000000000
81933  43.353  -8.585  57.138 0.0000000000
79995  39.988  -10.813  56.336 0.0000000000
79994  40.642  -10.452  56.625 0.0000000000
80012  40.437  -10.400  55.006 0.0000000000
80021  40.343  -10.502  54.030 0.0000000000
58344  18.627  -29.603  74.471 0.0000000000
58328  17.377  -29.687  75.688 0.0000000000
58345  17.601  -29.653  74.599 0.0000000000
58346  16.571  -29.540  74.776 0.0000000000
58364  15.756  -29.730  73.890 0.0000000000
58347  15.562  -29.579  74.942 0.0000000000
58293  17.211  -30.105  78.626 0.0000000000
58311  17.165  -29.838  77.115 0.0000000000
58348  14.561  -29.784  75.019 0.0000000000
58349  13.831  -29.890  75.373 0.0000000000
57011  12.744  -30.125  76.855 0.0000000000
57013  11.534  -31.047  76.733 0.0000000000
59545  15.177  -29.050  82.350 0.0000000000
58227  15.384  -29.266  81.911 0.0000000000
58246  13.687  -29.143  80.683 0.0000000000
58205  12.711  -28.923  82.905 0.0000000000
58281  12.225  -29.946  78.417 0.0000000000
58264  11.726  -30.186  79.321 0.0000000000
56823  8.103  -30.503  89.277 0.0000000000
58110  6.773  -29.919  89.963 0.0000000000
58124  6.524  -30.194  89.236 0.0000000000
74681  32.442  -15.765  64.934 0.0000000000
73455  31.073  -17.066  66.762 0.0000000000
72166  30.557  -18.494  67.218 0.0000000000
72174  30.358  -18.401  66.703 0.0000000000
69884  29.660  -19.672  66.316 0.0000000000
69869  29.860  -19.992  66.827 0.0000000000
69848  31.143  -19.875  68.566 0.0000000000
67685  30.205  -21.442  67.669 0.0000000000
68773  30.466  -20.928  67.791 0.0000000000
68774  30.035  -21.163  67.440 0.0000000000
68783  29.570  -20.967  66.980 0.0000000000
65419  29.789  -23.664  68.208 0.0000000000
63164  29.374  -25.127  67.258 0.0000000000
64259  30.634  -23.956  68.716 0.0000000000
62014  30.092  -26.056  66.868 0.0000000000
62030  31.248  -26.744  65.839 0.0000000000
60916  31.231  -26.909  65.486 0.0000000000
59782  30.613  -29.415  64.809 0.0000000000
58489  30.475  -29.588  64.451 0.0000000000
58505  30.034  -30.268  64.271 0.0000000000
61856  30.687  -26.358  78.232 0.0000000000
61855  31.233  -26.172  78.236 0.0000000000
61883  31.133  -26.662  76.627 0.0000000000
60749  31.763  -26.835  75.846 0.0000000000
60804  28.996  -28.376  72.753 0.0000000000
59618  29.875  -28.220  73.804 0.0000000000
59633  29.904  -28.406  73.137 0.0000000000
59615  31.923  -28.415  73.825 0.0000000000
59616  31.289  -28.211  73.744 0.0000000000
60784  32.429  -27.571  74.272 0.0000000000
60783  32.969  -27.154  74.438 0.0000000000
60803  32.612  -27.746  73.914 0.0000000000
59658  33.035  -28.473  72.637 0.0000000000
60816  33.067  -27.871  72.867 0.0000000000
61925  33.281  -26.872  72.663 0.0000000000
61941  33.003  -26.772  71.748 0.0000000000
60833  32.909  -27.739  71.384 0.0000000000
59709  29.179  -28.951  68.900 0.0000000000
58428  29.754  -29.671  67.358 0.0000000000
58427  30.425  -29.557  67.232 0.0000000000
58447  30.344  -29.642  66.662 0.0000000000
73507  31.541  -16.605  61.388 0.0000000000
73506  32.621  -16.720  61.330 0.0000000000
72215  32.250  -17.333  60.743 0.0000000000
72196  29.463  -17.678  62.513 0.0000000000
72195  30.081  -17.070  61.972 0.0000000000
69962  30.275  -19.340  60.027 0.0000000000
71056  29.817  -18.473  60.718 0.0000000000
71055  31.164  -18.609  60.023 0.0000000000
85206  50.859  -6.094  46.878 0.0000000000
86272  50.913  -5.256  46.234 0.0000000000
81988  47.200  -8.861  47.743 0.0000000000
72211  36.223  -17.504  61.106 0.0000000000
73504  34.799  -17.119  61.459 0.0000000000
73501  37.180  -16.855  61.772 0.0000000000
57064  17.352  -30.306  71.614 0.0000000000
59634  21.682  -29.032  73.972 0.0000000000
60809  21.928  -28.589  73.755 0.0000000000
59650  21.586  -28.974  73.364 0.0000000000
59652  20.369  -29.251  72.473 0.0000000000
79031  36.144  -12.336  56.404 0.0000000000
76893  38.669  -13.585  58.829 0.0000000000
77923  39.082  -12.944  58.865 0.0000000000
78988  38.085  -11.998  57.953 0.0000000000
77958  36.231  -12.416  56.938 0.0000000000
56977  17.353  -30.290  80.487 0.0000000000
56955  17.431  -30.447  81.428 0.0000000000
56866  9.480  -30.914  84.719 0.0000000000
55634  8.849  -31.353  85.327 0.0000000000
55630  8.777  -31.244  86.285 0.0000000000
56854  8.662  -30.939  87.282 0.0000000000
66481  33.484  -22.485  72.297 0.0000000000
65378  32.829  -23.946  70.996 0.0000000000
64239  32.575  -24.208  70.626 0.0000000000
64238  32.936  -24.690  71.044 0.0000000000
61978  25.496  -27.270  69.456 0.0000000000
60849  26.302  -27.607  70.225 0.0000000000
60865  26.026  -27.493  69.439 0.0000000000
60881  26.038  -27.613  68.728 0.0000000000
59713  26.262  -28.033  68.186 0.0000000000
59728  26.701  -28.561  67.901 0.0000000000
59750  25.605  -28.901  67.054 0.0000000000
70989  29.394  -19.326  65.635 0.0000000000
70995  29.136  -18.876  64.788 0.0000000000
82952  48.475  -7.367  52.216 0.0000000000
82967  50.637  -7.251  50.044 0.0000000000
74744  37.531  -16.184  59.253 0.0000000000
73551  36.356  -16.261  58.921 0.0000000000
71052  34.272  -18.405  60.198 0.0000000000
72233  38.953  -17.491  60.380 0.0000000000
73538  39.553  -16.564  59.723 0.0000000000
55797  15.059  -31.657  72.274 0.0000000000
55761  12.925  -31.070  74.296 0.0000000000
61859  28.060  -27.455  78.064 0.0000000000
61875  27.827  -27.379  77.423 0.0000000000
61946  22.905  -27.234  71.755 0.0000000000
61945  23.859  -26.875  71.544 0.0000000000
61962  23.924  -26.709  70.547 0.0000000000
61999  22.671  -27.206  69.473 0.0000000000
60902  21.428  -28.468  67.949 0.0000000000
59734  20.707  -28.879  68.029 0.0000000000
64307  28.086  -24.199  66.466 0.0000000000
82931  43.838  -8.046  55.785 0.0000000000
82939  43.942  -8.015  54.683 0.0000000000
81961  43.051  -8.789  52.389 0.0000000000
81965  43.835  -8.607  51.676 0.0000000000
58308  21.815  -30.340  76.075 0.0000000000
57006  21.892  -30.498  76.799 0.0000000000
58305  24.010  -29.603  77.042 0.0000000000
58306  23.307  -29.847  76.645 0.0000000000
80982  42.243  -9.249  57.197 0.0000000000
80983  41.742  -9.398  56.646 0.0000000000
80005  39.024  -11.065  55.423 0.0000000000
58314  14.053  -29.591  76.906 0.0000000000
58332  13.510  -29.907  76.103 0.0000000000
58315  13.223  -29.908  76.971 0.0000000000
58316  12.712  -30.027  77.174 0.0000000000
58298  12.409  -30.046  77.579 0.0000000000
59528  15.613  -29.297  82.923 0.0000000000
56932  11.256  -30.618  79.938 0.0000000000
73445  31.313  -17.126  67.443 0.0000000000
70970  30.646  -18.580  67.497 0.0000000000
68731  32.207  -20.913  70.502 0.0000000000
69814  32.311  -20.035  70.891 0.0000000000
67666  30.443  -21.781  68.068 0.0000000000
66530  29.759  -22.540  67.795 0.0000000000
66511  30.173  -22.529  68.109 0.0000000000
61977  31.259  -25.818  68.284 0.0000000000
60915  31.429  -27.586  65.989 0.0000000000
61884  30.191  -26.996  76.718 0.0000000000
59648  29.565  -28.562  72.160 0.0000000000
59631  31.662  -28.769  73.285 0.0000000000
59630  32.042  -29.003  73.448 0.0000000000
58357  32.641  -28.904  73.538 0.0000000000
59645  32.254  -29.144  72.883 0.0000000000
59644  32.889  -29.038  72.833 0.0000000000
59659  32.767  -28.683  72.133 0.0000000000
59673  32.539  -28.642  71.160 0.0000000000
59674  31.879  -29.209  70.938 0.0000000000
59692  30.715  -29.177  69.754 0.0000000000
58449  28.092  -29.610  66.763 0.0000000000
58470  28.863  -30.301  65.903 0.0000000000
57134  28.755  -30.788  65.477 0.0000000000
74703  32.841  -15.971  62.775 0.0000000000
69944  28.938  -19.152  61.290 0.0000000000
82980  50.343  -7.080  48.071 0.0000000000
71071  36.504  -18.354  60.060 0.0000000000
72236  35.197  -18.002  60.517 0.0000000000
73498  40.493  -16.416  61.612 0.0000000000
73500  38.565  -17.539  61.521 0.0000000000
72208  38.873  -17.657  60.844 0.0000000000
55795  16.234  -31.576  71.390 0.0000000000
55796  15.630  -31.457  71.961 0.0000000000
60774  24.626  -27.517  75.953 0.0000000000
61894  23.890  -27.473  75.621 0.0000000000
61903  23.466  -27.312  74.992 0.0000000000
60808  22.282  -28.047  73.476 0.0000000000
60821  22.208  -27.966  72.893 0.0000000000
61930  22.775  -27.628  72.843 0.0000000000
60850  21.692  -27.799  71.467 0.0000000000
59697  20.534  -28.317  70.170 0.0000000000
59698  20.104  -29.139  69.742 0.0000000000
58407  19.193  -30.222  69.907 0.0000000000
58397  18.897  -30.080  70.562 0.0000000000
81001  41.847  -9.381  53.810 0.0000000000
81957  42.562  -8.907  54.030 0.0000000000
81000  42.508  -9.061  53.581 0.0000000000
78976  41.547  -11.508  59.167 0.0000000000
77928  40.095  -12.173  58.766 0.0000000000
78985  41.079  -11.300  58.480 0.0000000000
79971  41.085  -10.924  58.052 0.0000000000
79980  41.486  -10.454  57.851 0.0000000000
79981  40.854  -10.677  57.416 0.0000000000
79983  39.528  -11.094  56.788 0.0000000000
79015  38.490  -11.220  56.326 0.0000000000
79997  38.483  -11.106  55.905 0.0000000000
79029  37.371  -11.591  55.219 0.0000000000
58184  11.393  -29.455  83.707 0.0000000000
56889  10.543  -30.456  82.249 0.0000000000
55659  9.345  -31.353  82.395 0.0000000000
55644  9.178  -31.291  83.341 0.0000000000
67633  32.403  -21.622  70.764 0.0000000000
66497  31.899  -22.284  69.748 0.0000000000
65388  31.712  -23.094  69.642 0.0000000000
64248  31.764  -23.803  69.614 0.0000000000
64257  31.645  -24.405  69.357 0.0000000000
63134  31.910  -25.224  69.327 0.0000000000
61976  32.002  -26.378  68.633 0.0000000000
60878  32.099  -27.720  68.056 0.0000000000
60805  28.126  -27.974  73.062 0.0000000000
60818  28.376  -28.249  71.944 0.0000000000
59664  28.768  -28.431  71.196 0.0000000000
59677  29.138  -28.718  70.525 0.0000000000
59710  28.295  -28.804  68.984 0.0000000000
58418  27.955  -28.859  68.469 0.0000000000
59727  27.164  -28.607  68.290 0.0000000000
58430  27.582  -28.963  67.778 0.0000000000
71013  29.061  -18.301  63.008 0.0000000000
71002  28.830  -18.653  63.719 0.0000000000
71014  28.766  -18.966  62.727 0.0000000000
71031  28.715  -19.169  62.002 0.0000000000
69945  28.524  -19.603  61.690 0.0000000000
82974  50.576  -7.164  49.103 0.0000000000
75885  35.727  -14.532  57.956 0.0000000000
74762  35.473  -15.361  57.775 0.0000000000
72259  35.493  -17.861  59.169 0.0000000000
71086  34.451  -18.548  59.125 0.0000000000
72270  34.605  -17.911  58.341 0.0000000000
74727  40.501  -16.371  60.288 0.0000000000
74740  40.965  -15.853  60.106 0.0000000000
76885  40.729  -13.785  59.506 0.0000000000
75882  38.260  -14.252  58.839 0.0000000000
63001  30.330  -26.254  80.486 0.0000000000
63016  31.102  -25.951  79.605 0.0000000000
63036  30.393  -26.376  78.780 0.0000000000
61874  28.589  -27.023  77.465 0.0000000000
61885  29.295  -27.094  76.671 0.0000000000
60752  29.011  -27.391  75.822 0.0000000000
60773  25.714  -27.548  75.869 0.0000000000
60792  25.197  -27.320  75.300 0.0000000000
60791  25.816  -27.294  74.631 0.0000000000
60790  26.933  -27.466  74.447 0.0000000000
61914  26.537  -27.416  72.587 0.0000000000
61926  26.591  -27.516  72.136 0.0000000000
61943  25.693  -27.215  70.800 0.0000000000
61961  24.845  -26.814  70.236 0.0000000000
61979  24.929  -27.057  69.315 0.0000000000
61996  24.645  -27.177  68.766 0.0000000000
59731  23.728  -28.480  67.347 0.0000000000
59715  20.037  -29.234  68.816 0.0000000000
58419  19.804  -29.911  68.583 0.0000000000
67708  28.043  -21.763  66.056 0.0000000000
82936  46.347  -7.346  54.103 0.0000000000
82949  44.356  -8.042  53.778 0.0000000000
82948  45.040  -7.853  53.659 0.0000000000
82946  46.504  -7.450  53.293 0.0000000000
82964  46.111  -7.854  51.959 0.0000000000
82963  46.916  -7.728  51.814 0.0000000000
81974  47.471  -8.014  49.863 0.0000000000
57023  20.120  -30.106  75.744 0.0000000000
56953  18.978  -30.672  80.370 0.0000000000
60731  28.115  -27.755  78.553 0.0000000000
60733  27.115  -29.196  77.989 0.0000000000
60741  26.092  -29.035  77.476 0.0000000000
60757  24.563  -28.443  76.688 0.0000000000
60776  22.822  -28.554  75.553 0.0000000000
59596  23.461  -29.128  76.391 0.0000000000
59619  22.009  -28.761  74.924 0.0000000000
82926  43.836  -8.151  56.795 0.0000000000
81943  42.781  -8.572  55.457 0.0000000000
80974  41.205  -10.069  56.873 0.0000000000
80984  41.086  -9.864  56.230 0.0000000000
80004  39.824  -10.826  55.596 0.0000000000
80987  41.546  -9.271  55.863 0.0000000000
80993  41.595  -9.222  54.957 0.0000000000
81002  40.954  -10.051  53.389 0.0000000000
57046  15.087  -30.112  73.754 0.0000000000
57048  13.373  -30.753  74.195 0.0000000000
55762  12.297  -31.433  74.707 0.0000000000
57037  12.276  -30.920  75.203 0.0000000000
55748  11.930  -31.305  75.351 0.0000000000
58244  15.910  -29.655  81.395 0.0000000000
58261  14.562  -29.234  79.890 0.0000000000
59530  13.695  -28.506  83.207 0.0000000000
58204  13.720  -28.623  82.607 0.0000000000
58229  12.670  -29.335  81.517 0.0000000000
56996  11.914  -30.249  77.764 0.0000000000
58282  11.646  -30.400  78.785 0.0000000000
56997  11.276  -30.885  77.763 0.0000000000
56842  8.478  -30.944  87.763 0.0000000000
55609  7.891  -30.917  88.174 0.0000000000
56844  7.324  -30.891  88.155 0.0000000000
56845  6.661  -30.917  88.125 0.0000000000
56824  7.509  -30.381  89.303 0.0000000000
74700  35.755  -16.135  63.061 0.0000000000
73466  30.823  -16.713  64.700 0.0000000000
72176  30.351  -17.482  65.249 0.0000000000
72177  30.068  -18.232  65.765 0.0000000000
70988  29.535  -18.647  65.375 0.0000000000
69885  29.297  -20.018  66.100 0.0000000000
68792  28.996  -20.914  66.321 0.0000000000
70952  30.758  -18.844  68.095 0.0000000000
70953  30.641  -19.348  67.772 0.0000000000
69849  30.789  -20.446  68.102 0.0000000000
69861  30.542  -19.980  67.704 0.0000000000
67707  28.594  -21.401  66.279 0.0000000000
67697  28.341  -22.180  66.552 0.0000000000
66549  28.556  -22.602  66.878 0.0000000000
65435  28.787  -23.260  67.317 0.0000000000
64290  28.494  -23.884  67.089 0.0000000000
64306  28.673  -24.523  66.978 0.0000000000
64273  30.078  -24.110  68.374 0.0000000000
63146  30.918  -25.546  68.137 0.0000000000
63147  30.277  -25.048  67.925 0.0000000000
63163  29.975  -25.551  67.451 0.0000000000
60929  30.955  -26.826  64.988 0.0000000000
60940  31.091  -27.608  64.498 0.0000000000
64225  33.935  -24.852  72.950 0.0000000000
63034  31.827  -25.879  78.438 0.0000000000
63053  32.171  -25.967  77.624 0.0000000000
63052  32.681  -25.805  77.640 0.0000000000
60747  33.596  -26.723  75.790 0.0000000000
60787  30.046  -28.014  74.368 0.0000000000
60786  30.867  -27.736  74.344 0.0000000000
60766  32.213  -27.165  75.086 0.0000000000
60764  33.701  -26.770  75.075 0.0000000000
60802  33.021  -27.475  73.595 0.0000000000
60801  33.479  -26.611  73.945 0.0000000000
61912  34.003  -26.199  74.073 0.0000000000
63097  34.147  -25.510  73.570 0.0000000000
63107  33.624  -25.673  72.748 0.0000000000
63108  33.291  -25.405  72.077 0.0000000000
60846  32.684  -27.681  70.491 0.0000000000
60863  32.261  -27.864  68.997 0.0000000000
59725  31.631  -28.821  67.847 0.0000000000
59693  29.632  -29.112  69.729 0.0000000000
59708  30.439  -29.235  68.565 0.0000000000
59726  30.946  -29.306  67.425 0.0000000000
59748  30.694  -29.452  65.914 0.0000000000
58491  29.206  -30.578  65.354 0.0000000000
58490  29.975  -30.201  64.944 0.0000000000
73484  35.324  -16.557  62.226 0.0000000000
73505  33.738  -16.954  61.335 0.0000000000
72239  32.843  -18.064  60.407 0.0000000000
71054  32.373  -18.536  59.950 0.0000000000
73508  30.751  -16.805  61.453 0.0000000000
72242  30.121  -17.759  60.910 0.0000000000
71076  31.842  -19.059  59.493 0.0000000000
81987  48.504  -8.188  47.888 0.0000000000
55608  8.059  -30.839  88.348 0.0000000000
55775  12.786  -31.696  74.138 0.0000000000
56843  7.650  -30.889  88.161 0.0000000000
56979  11.363  -30.737  78.589 0.0000000000
58339  32.348  -28.692  73.734 0.0000000000
58356  33.042  -28.894  73.345 0.0000000000
58358  32.208  -28.825  73.648 0.0000000000
58373  32.712  -29.180  73.258 0.0000000000
58374  32.376  -29.117  73.404 0.0000000000
59614  32.325  -28.247  73.886 0.0000000000
59628  33.191  -28.464  73.226 0.0000000000
59629  32.622  -28.294  73.597 0.0000000000
59643  33.058  -28.526  73.042 0.0000000000
59649  29.044  -28.399  71.759 0.0000000000
59712  26.799  -28.187  68.752 0.0000000000
60793  22.997  -27.769  75.130 0.0000000000
60795  21.924  -28.764  74.408 0.0000000000
60807  26.406  -27.364  73.938 0.0000000000
60820  26.624  -27.558  71.860 0.0000000000
60823  21.247  -28.653  72.335 0.0000000000
60847  27.826  -28.273  70.686 0.0000000000
60866  25.529  -27.339  69.109 0.0000000000
60867  21.902  -27.392  69.453 0.0000000000
60880  26.435  -27.751  69.102 0.0000000000
60883  24.371  -27.418  68.399 0.0000000000
60897  25.674  -27.762  68.184 0.0000000000
61870  32.524  -26.180  77.125 0.0000000000
61931  22.092  -27.871  72.537 0.0000000000
63148  29.561  -24.628  67.730 0.0000000000
64232  33.508  -24.818  72.337 0.0000000000
65402  29.891  -22.887  68.048 0.0000000000
67667  30.069  -22.191  67.830 0.0000000000
70983  29.565  -19.533  66.071 0.0000000000
71027  36.836  -17.737  60.819 0.0000000000
71028  36.568  -17.775  60.765 0.0000000000
72182  29.198  -18.356  64.776 0.0000000000
72194  37.443  -17.070  61.687 0.0000000000
72217  30.387  -17.261  61.107 0.0000000000
77943  35.867  -12.915  57.337 0.0000000000
78990  36.901  -12.309  57.886 0.0000000000
79003  36.847  -12.196  57.571 0.0000000000
79018  36.202  -12.370  56.696 0.0000000000
81986  49.204  -8.059  47.491 0.0000000000
