#!ascii label  , from subject 4073 vox2ras=TkReg
229
77487  25.305  4.908  -0.822 0.0000000000
69386  23.839  -3.591  1.744 0.0000000000
81399  24.108  8.972  -2.726 0.0000000000
89661  22.502  18.692  -3.832 0.0000000000
67469  22.173  -4.768  1.750 0.0000000000
84017  25.729  11.952  -0.723 0.0000000000
87408  25.677  15.184  -0.632 0.0000000000
75554  23.433  2.207  -1.518 0.0000000000
73663  24.390  0.497  0.368 0.0000000000
76480  25.440  2.951  0.751 0.0000000000
80388  26.707  7.837  0.314 0.0000000000
78471  27.170  5.594  1.573 0.0000000000
79463  25.475  7.101  -1.384 0.0000000000
82265  25.913  9.853  -0.455 0.0000000000
88169  23.647  16.377  -2.449 0.0000000000
88936  25.325  17.510  -1.933 0.0000000000
71677  25.003  -1.631  2.190 0.0000000000
84950  24.813  12.658  -1.483 0.0000000000
86659  24.402  14.689  -1.505 0.0000000000
76501  24.717  3.201  -1.622 0.0000000000
75545  24.628  2.538  -0.067 0.0000000000
76493  25.581  4.044  0.449 0.0000000000
68402  22.762  -4.159  1.641 0.0000000000
80436  24.424  8.137  -2.401 0.0000000000
81391  25.937  8.517  -1.049 0.0000000000
81392  25.417  8.800  -1.543 0.0000000000
85784  26.435  13.441  -0.075 0.0000000000
84933  26.479  12.590  0.292 0.0000000000
88939  22.774  17.255  -1.937 0.0000000000
87433  22.808  15.855  -2.189 0.0000000000
88948  23.383  17.375  -2.556 0.0000000000
91819  25.502  21.229  -5.499 0.0000000000
91086  25.844  20.318  -4.682 0.0000000000
89645  25.599  19.038  -3.278 0.0000000000
89633  26.639  18.700  -2.687 0.0000000000
88935  26.484  17.852  -1.815 0.0000000000
73646  24.956  0.618  1.492 0.0000000000
72720  24.490  -0.190  1.161 0.0000000000
67457  20.998  -5.573  1.885 0.0000000000
83123  25.144  10.832  -1.653 0.0000000000
84027  24.656  11.735  -1.938 0.0000000000
85785  25.716  13.441  -0.464 0.0000000000
87407  26.844  15.354  -0.157 0.0000000000
73665  22.756  0.365  0.143 0.0000000000
74629  24.038  1.564  -0.856 0.0000000000
74605  24.930  1.580  1.096 0.0000000000
74589  25.652  1.662  2.306 0.0000000000
79432  26.374  6.291  0.031 0.0000000000
78491  26.568  5.549  0.761 0.0000000000
78490  26.933  6.108  1.029 0.0000000000
77495  24.371  4.255  -1.851 0.0000000000
78516  23.757  5.260  -1.780 0.0000000000
79451  25.350  5.961  -0.975 0.0000000000
80408  26.229  7.509  -0.721 0.0000000000
81360  26.663  8.682  0.163 0.0000000000
82233  26.749  10.050  0.936 0.0000000000
83112  25.716  10.964  -0.813 0.0000000000
83098  26.747  10.713  0.812 0.0000000000
86669  23.437  14.605  -2.308 0.0000000000
90375  23.131  20.010  -5.433 0.0000000000
89646  24.399  18.337  -2.916 0.0000000000
88158  24.205  16.652  -2.324 0.0000000000
87419  24.341  15.185  -1.828 0.0000000000
88149  25.593  16.015  -1.231 0.0000000000
88148  26.434  16.142  -0.852 0.0000000000
70554  23.445  -2.809  0.678 0.0000000000
72737  22.984  -0.416  0.596 0.0000000000
76478  26.605  3.993  1.427 0.0000000000
76460  26.312  2.965  1.749 0.0000000000
85796  24.453  13.727  -1.652 0.0000000000
85806  23.829  13.633  -2.306 0.0000000000
77488  25.074  4.306  -1.158 0.0000000000
77479  25.150  3.879  -0.519 0.0000000000
77478  25.364  4.551  -0.223 0.0000000000
65545  21.126  -7.324  2.584 0.0000000000
66502  21.869  -6.847  2.543 0.0000000000
68401  23.354  -3.910  1.778 0.0000000000
81393  24.812  8.875  -2.282 0.0000000000
86640  26.990  14.295  0.098 0.0000000000
85777  27.154  13.403  0.368 0.0000000000
89648  22.765  18.456  -2.898 0.0000000000
88159  22.699  16.847  -2.249 0.0000000000
88170  22.898  16.498  -2.457 0.0000000000
89647  23.314  18.249  -3.090 0.0000000000
118205  26.008  19.789  -4.267 0.0000000000
118204  27.555  18.747  -2.894 0.0000000000
73631  25.824  0.724  2.867 0.0000000000
73632  25.237  0.640  2.225 0.0000000000
69402  21.639  -3.517  1.037 0.0000000000
83124  24.551  10.813  -2.271 0.0000000000
85795  24.944  13.480  -0.838 0.0000000000
86648  25.447  14.180  -0.580 0.0000000000
86647  26.199  14.318  -0.293 0.0000000000
90356  22.241  19.784  -3.419 0.0000000000
74630  23.262  1.664  -1.178 0.0000000000
75536  24.992  2.496  0.632 0.0000000000
74618  24.729  1.846  0.383 0.0000000000
75535  25.428  2.495  1.177 0.0000000000
74604  25.393  1.916  1.640 0.0000000000
75519  25.889  2.484  1.699 0.0000000000
67456  21.859  -5.423  1.973 0.0000000000
66515  22.175  -5.793  2.276 0.0000000000
79431  26.671  6.787  0.638 0.0000000000
79465  24.011  6.261  -1.755 0.0000000000
78515  24.535  5.286  -1.464 0.0000000000
79464  24.960  6.441  -1.409 0.0000000000
79450  25.814  6.567  -0.759 0.0000000000
80422  26.280  8.124  -0.871 0.0000000000
81377  26.298  8.860  -0.502 0.0000000000
82248  26.793  9.121  0.585 0.0000000000
82249  26.529  9.678  0.350 0.0000000000
84016  26.099  11.753  -0.150 0.0000000000
84003  26.592  11.665  0.531 0.0000000000
84002  27.162  11.630  1.103 0.0000000000
87432  23.190  15.598  -2.395 0.0000000000
86670  22.682  14.743  -2.159 0.0000000000
85808  22.421  13.909  -2.422 0.0000000000
87431  23.935  15.453  -2.263 0.0000000000
91093  24.921  20.907  -5.268 0.0000000000
92558  24.978  22.029  -5.776 0.0000000000
91088  23.857  20.343  -5.126 0.0000000000
89659  24.418  19.194  -3.618 0.0000000000
89634  25.572  18.220  -2.484 0.0000000000
89635  24.923  17.843  -2.437 0.0000000000
88157  24.889  16.473  -1.845 0.0000000000
87418  24.873  15.409  -1.394 0.0000000000
88156  25.933  16.905  -1.337 0.0000000000
88934  27.528  17.607  -1.906 0.0000000000
88155  27.030  16.967  -1.307 0.0000000000
88147  27.468  16.207  -0.834 0.0000000000
70568  21.995  -2.142  0.455 0.0000000000
73664  23.578  0.338  0.228 0.0000000000
72736  23.738  -0.336  0.812 0.0000000000
71692  25.238  -0.953  2.073 0.0000000000
71708  23.899  -1.212  1.087 0.0000000000
71693  24.596  -1.285  1.601 0.0000000000
70553  24.027  -2.317  0.918 0.0000000000
78472  26.728  5.064  1.312 0.0000000000
77458  26.493  4.525  1.117 0.0000000000
77457  26.866  4.544  1.624 0.0000000000
84037  24.211  11.773  -2.692 0.0000000000
84951  24.285  12.693  -2.203 0.0000000000
86658  24.792  14.471  -0.915 0.0000000000
75566  23.819  2.731  -1.781 0.0000000000
75546  24.486  2.405  -0.869 0.0000000000
76495  24.919  3.269  -0.731 0.0000000000
76494  25.140  3.449  0.223 0.0000000000
67455  22.807  -5.091  2.212 0.0000000000
68389  23.147  -4.343  1.982 0.0000000000
68373  24.042  -4.622  2.862 0.0000000000
81359  26.919  8.611  0.735 0.0000000000
80387  26.910  7.756  0.970 0.0000000000
80425  24.313  7.230  -2.119 0.0000000000
80424  25.113  7.729  -1.892 0.0000000000
80423  25.852  7.741  -1.281 0.0000000000
81378  25.748  9.145  -0.925 0.0000000000
84941  25.934  12.629  -0.288 0.0000000000
88938  23.862  16.931  -2.458 0.0000000000
91092  25.825  20.723  -5.207 0.0000000000
90373  25.143  20.002  -4.252 0.0000000000
89658  25.101  19.554  -3.757 0.0000000000
88946  27.346  18.256  -2.288 0.0000000000
73647  24.761  0.702  0.893 0.0000000000
72719  25.126  -0.255  1.755 0.0000000000
66517  20.552  -6.244  2.169 0.0000000000
68403  21.939  -4.175  1.441 0.0000000000
69401  22.529  -3.589  1.022 0.0000000000
69400  23.453  -3.396  1.136 0.0000000000
82278  24.333  9.873  -2.398 0.0000000000
82277  24.981  9.834  -1.960 0.0000000000
84026  25.277  11.791  -1.299 0.0000000000
84942  25.375  12.637  -0.832 0.0000000000
89649  22.124  19.187  -3.681 0.0000000000
73679  23.401  0.889  -0.504 0.0000000000
73678  24.120  0.811  -0.335 0.0000000000
74619  24.570  1.514  -0.206 0.0000000000
74606  24.841  1.169  0.432 0.0000000000
74590  25.166  1.297  1.806 0.0000000000
74588  26.480  1.644  2.733 0.0000000000
78492  25.935  5.508  -0.051 0.0000000000
79430  27.042  6.747  1.381 0.0000000000
79418  27.513  6.620  2.075 0.0000000000
76510  23.966  3.283  -2.039 0.0000000000
78506  25.119  5.381  -1.080 0.0000000000
79449  26.382  7.173  -0.144 0.0000000000
80407  26.551  8.019  -0.357 0.0000000000
82232  27.083  9.544  1.179 0.0000000000
82266  25.380  9.881  -1.177 0.0000000000
83111  26.338  10.765  -0.009 0.0000000000
118213  20.202  20.757  -6.245 0.0000000000
90384  22.275  20.644  -6.469 0.0000000000
90364  22.621  19.060  -4.811 0.0000000000
88947  23.786  17.884  -2.610 0.0000000000
88937  24.339  17.367  -2.395 0.0000000000
88168  24.248  16.136  -2.222 0.0000000000
87430  24.492  15.726  -1.956 0.0000000000
86668  24.113  14.549  -2.059 0.0000000000
69415  23.004  -3.091  0.613 0.0000000000
71709  23.291  -1.246  0.740 0.0000000000
70566  23.622  -1.768  0.708 0.0000000000
77477  26.013  4.599  0.514 0.0000000000
76479  26.056  3.459  1.051 0.0000000000
77438  27.418  4.583  2.232 0.0000000000
76459  26.788  3.529  2.005 0.0000000000
75518  26.313  2.518  2.278 0.0000000000
74643  23.010  2.108  -1.545 0.0000000000
75553  23.949  2.408  -1.543 0.0000000000
76521  23.794  3.113  -1.976 0.0000000000
76522  23.611  3.144  -1.836 0.0000000000
78505  25.487  5.474  -0.660 0.0000000000
83085  26.982  10.326  1.258 0.0000000000
88160  22.709  16.377  -1.967 0.0000000000
89662  22.221  18.968  -3.677 0.0000000000
90362  24.468  19.719  -4.054 0.0000000000
90363  23.657  19.489  -4.355 0.0000000000
90365  21.499  19.635  -4.416 0.0000000000
90366  20.548  20.232  -4.992 0.0000000000
90376  21.791  19.728  -5.748 0.0000000000
90377  20.622  19.983  -5.655 0.0000000000
90385  20.990  20.238  -6.778 0.0000000000
90391  21.439  20.870  -7.037 0.0000000000
91079  20.137  20.659  -5.388 0.0000000000
91825  25.378  21.248  -5.535 0.0000000000
92557  25.478  21.495  -5.570 0.0000000000
92562  24.690  21.741  -5.816 0.0000000000
92564  22.184  21.470  -6.398 0.0000000000
92565  21.043  21.365  -6.671 0.0000000000
118214  20.554  21.482  -5.598 0.0000000000
118215  21.709  21.127  -6.821 0.0000000000
