#!ascii label  , from subject 3589 vox2ras=TkReg
1354
54714  -43.942  -46.439  7.819 0.0000000000
70114  -58.885  -31.491  8.188 0.0000000000
62418  -49.403  -38.490  8.731 0.0000000000
28003  -16.325  -68.797  15.968 0.0000000000
50420  -43.449  -49.725  13.204 0.0000000000
35545  -30.243  -63.534  20.056 0.0000000000
37973  -39.808  -60.577  20.843 0.0000000000
40534  -47.106  -58.918  15.874 0.0000000000
47260  -48.683  -52.927  15.774 0.0000000000
36841  -23.624  -60.938  15.177 0.0000000000
36755  -25.561  -62.461  19.706 0.0000000000
38043  -28.123  -61.270  15.832 0.0000000000
40501  -36.022  -60.130  16.529 0.0000000000
39288  -41.944  -59.696  16.484 0.0000000000
52461  -47.808  -48.045  13.173 0.0000000000
54701  -49.239  -45.677  10.059 0.0000000000
64610  -55.613  -36.647  7.693 0.0000000000
59165  -45.685  -41.680  8.737 0.0000000000
73369  -57.739  -28.823  3.315 0.0000000000
24097  -14.256  -72.053  15.696 0.0000000000
130965  -47.979  -48.468  16.248 0.0000000000
52510  -42.766  -47.870  11.396 0.0000000000
40496  -31.696  -58.955  16.816 0.0000000000
37955  -34.718  -61.144  21.222 0.0000000000
60187  -50.176  -41.609  12.094 0.0000000000
82193  -57.390  -20.703  2.567 0.0000000000
41753  -45.899  -57.217  14.450 0.0000000000
44044  -47.215  -55.476  13.971 0.0000000000
38040  -25.481  -60.720  16.003 0.0000000000
39339  -39.878  -59.108  14.450 0.0000000000
40550  -43.119  -58.456  14.238 0.0000000000
39316  -44.523  -59.247  15.903 0.0000000000
52540  -45.756  -47.788  10.256 0.0000000000
52516  -48.963  -47.919  11.395 0.0000000000
53628  -46.668  -46.191  8.671 0.0000000000
66796  -57.482  -34.686  7.129 0.0000000000
64594  -58.564  -35.963  8.538 0.0000000000
73337  -59.510  -28.775  7.566 0.0000000000
29280  -16.415  -68.158  13.064 0.0000000000
26676  -15.414  -69.852  15.712 0.0000000000
49354  -45.958  -49.999  14.245 0.0000000000
130919  -48.479  -50.702  16.316 0.0000000000
51433  -45.115  -48.445  15.231 0.0000000000
53493  -45.043  -47.464  14.145 0.0000000000
52456  -42.797  -48.735  12.444 0.0000000000
35559  -27.630  -63.301  20.203 0.0000000000
35499  -26.527  -63.316  22.380 0.0000000000
34241  -28.687  -64.042  22.988 0.0000000000
34229  -31.495  -64.466  23.333 0.0000000000
42877  -31.610  -57.133  14.186 0.0000000000
42857  -32.699  -56.675  15.063 0.0000000000
39218  -37.697  -60.418  19.152 0.0000000000
40462  -35.231  -60.439  18.401 0.0000000000
39183  -36.379  -59.936  21.066 0.0000000000
36736  -36.113  -61.674  22.427 0.0000000000
33074  -19.541  -64.870  15.614 0.0000000000
34307  -19.880  -64.150  18.323 0.0000000000
31723  -18.615  -65.600  20.526 0.0000000000
61348  -47.731  -39.848  8.461 0.0000000000
59142  -47.904  -41.867  10.534 0.0000000000
61319  -49.524  -39.347  10.373 0.0000000000
84430  -58.930  -18.258  0.995 0.0000000000
26619  -14.757  -69.789  19.106 0.0000000000
40503  -47.717  -58.434  17.793 0.0000000000
43982  -47.732  -55.463  17.623 0.0000000000
42843  -48.163  -55.976  15.936 0.0000000000
46232  -47.652  -52.859  14.011 0.0000000000
36809  -21.709  -61.871  17.415 0.0000000000
36752  -23.331  -62.584  19.434 0.0000000000
36790  -24.536  -62.574  17.871 0.0000000000
36792  -26.643  -62.572  18.156 0.0000000000
36794  -28.690  -62.338  17.956 0.0000000000
41729  -35.549  -57.613  14.871 0.0000000000
39309  -37.347  -59.055  14.923 0.0000000000
39265  -38.884  -60.496  17.032 0.0000000000
39242  -40.572  -59.981  18.478 0.0000000000
39269  -43.310  -59.584  17.619 0.0000000000
39272  -45.960  -59.812  17.674 0.0000000000
36853  -22.224  -62.266  14.086 0.0000000000
130908  -50.052  -48.930  15.030 0.0000000000
50410  -53.913  -49.060  15.479 0.0000000000
50437  -50.649  -49.478  13.138 0.0000000000
51507  -51.984  -48.393  11.801 0.0000000000
63525  -52.502  -37.655  8.222 0.0000000000
62391  -52.611  -38.577  10.388 0.0000000000
63508  -55.531  -37.784  9.657 0.0000000000
130819  -9.154  -74.459  15.378 0.0000000000
56975  -44.544  -43.730  7.537 0.0000000000
61367  -45.606  -39.785  7.184 0.0000000000
64604  -49.427  -37.304  6.876 0.0000000000
65721  -51.873  -35.984  5.889 0.0000000000
66810  -55.340  -34.735  6.220 0.0000000000
69045  -57.472  -32.306  5.087 0.0000000000
71242  -58.312  -30.458  5.404 0.0000000000
70168  -56.227  -31.091  3.258 0.0000000000
25304  -12.832  -71.137  18.799 0.0000000000
22840  -11.801  -73.042  18.007 0.0000000000
130821  -9.887  -73.577  16.864 0.0000000000
49289  -50.229  -50.636  19.624 0.0000000000
46126  -47.940  -53.246  18.975 0.0000000000
49295  -47.979  -50.141  19.301 0.0000000000
130950  -49.134  -48.411  18.088 0.0000000000
53479  -47.578  -47.157  14.674 0.0000000000
53533  -44.873  -47.507  12.529 0.0000000000
53600  -43.449  -47.058  9.499 0.0000000000
35496  -24.104  -63.411  21.862 0.0000000000
39281  -30.472  -60.165  15.653 0.0000000000
36797  -31.891  -61.981  17.595 0.0000000000
41686  -33.952  -57.965  17.073 0.0000000000
39214  -33.398  -60.836  18.386 0.0000000000
35548  -32.851  -62.677  20.774 0.0000000000
34231  -33.667  -63.347  23.468 0.0000000000
30549  -17.244  -67.361  14.084 0.0000000000
31824  -18.744  -65.959  14.896 0.0000000000
29244  -17.713  -67.216  16.655 0.0000000000
55821  -47.147  -43.982  9.722 0.0000000000
55802  -48.949  -44.399  11.377 0.0000000000
56906  -50.732  -43.748  13.234 0.0000000000
61281  -53.081  -39.477  13.136 0.0000000000
74430  -59.307  -27.194  5.231 0.0000000000
76672  -59.200  -24.554  4.918 0.0000000000
79969  -58.366  -21.954  5.150 0.0000000000
81055  -55.575  -21.754  4.807 0.0000000000
83310  -59.527  -19.813  5.057 0.0000000000
41772  -45.429  -57.041  13.869 0.0000000000
42890  -46.352  -56.205  14.004 0.0000000000
42889  -46.003  -55.710  13.823 0.0000000000
40570  -42.980  -58.049  13.605 0.0000000000
41770  -43.865  -57.643  13.208 0.0000000000
41752  -45.050  -57.917  14.251 0.0000000000
52581  -44.808  -47.396  9.038 0.0000000000
52563  -46.232  -47.504  9.513 0.0000000000
53627  -46.017  -46.366  8.588 0.0000000000
69022  -58.253  -32.684  7.332 0.0000000000
67893  -58.714  -33.542  7.979 0.0000000000
70102  -59.136  -31.935  9.067 0.0000000000
71211  -59.467  -30.637  8.750 0.0000000000
72280  -58.991  -30.048  8.062 0.0000000000
29265  -16.464  -68.079  14.095 0.0000000000
26698  -15.824  -69.444  14.137 0.0000000000
26655  -15.731  -69.321  15.935 0.0000000000
50405  -44.081  -49.591  13.914 0.0000000000
50407  -45.661  -49.234  14.648 0.0000000000
51444  -44.275  -48.736  14.308 0.0000000000
51443  -43.563  -48.361  13.845 0.0000000000
51460  -43.225  -49.011  12.850 0.0000000000
34294  -20.780  -63.789  19.621 0.0000000000
35544  -29.183  -63.510  20.441 0.0000000000
35522  -27.829  -63.664  22.004 0.0000000000
34257  -29.831  -64.126  21.856 0.0000000000
34242  -29.595  -64.000  22.748 0.0000000000
34258  -30.910  -64.162  21.574 0.0000000000
39200  -38.317  -60.463  20.033 0.0000000000
39199  -37.467  -60.258  20.133 0.0000000000
39185  -38.106  -60.306  20.784 0.0000000000
37957  -37.681  -60.564  21.788 0.0000000000
35588  -21.134  -63.156  18.041 0.0000000000
34308  -20.527  -63.700  18.713 0.0000000000
34272  -19.872  -64.237  19.815 0.0000000000
130909  -52.302  -49.433  18.255 0.0000000000
61349  -48.558  -39.117  8.618 0.0000000000
61333  -48.644  -39.409  9.450 0.0000000000
62388  -49.793  -38.173  10.045 0.0000000000
40516  -47.677  -58.610  16.758 0.0000000000
41715  -47.878  -57.570  17.032 0.0000000000
41734  -47.569  -57.474  15.669 0.0000000000
45158  -47.899  -54.545  14.068 0.0000000000
46231  -46.985  -53.051  13.421 0.0000000000
48319  -45.648  -51.241  13.640 0.0000000000
36827  -23.123  -61.174  16.116 0.0000000000
36789  -23.482  -62.652  17.881 0.0000000000
36811  -23.982  -61.969  16.846 0.0000000000
38042  -27.243  -61.241  15.815 0.0000000000
36813  -26.198  -62.161  17.203 0.0000000000
38022  -27.623  -61.270  16.750 0.0000000000
36793  -27.747  -62.502  18.128 0.0000000000
38023  -28.464  -61.043  16.789 0.0000000000
41731  -37.046  -57.881  14.262 0.0000000000
39313  -41.682  -59.423  15.439 0.0000000000
39311  -39.338  -59.577  15.003 0.0000000000
39287  -40.870  -59.870  16.240 0.0000000000
39266  -40.062  -59.908  17.289 0.0000000000
39267  -41.212  -59.766  17.427 0.0000000000
39243  -41.727  -59.935  18.450 0.0000000000
39268  -42.308  -59.769  17.524 0.0000000000
40533  -46.085  -58.833  15.434 0.0000000000
39291  -44.804  -59.418  16.836 0.0000000000
39319  -46.813  -59.426  16.401 0.0000000000
39294  -47.236  -59.403  16.822 0.0000000000
36840  -22.797  -61.411  14.994 0.0000000000
130969  -49.535  -48.393  14.031 0.0000000000
50421  -50.883  -49.391  14.229 0.0000000000
51464  -49.173  -48.509  13.210 0.0000000000
52544  -49.220  -47.138  10.766 0.0000000000
51505  -49.955  -48.258  11.933 0.0000000000
53562  -50.126  -46.644  11.294 0.0000000000
53563  -50.810  -46.562  11.804 0.0000000000
54684  -50.249  -45.797  11.058 0.0000000000
63546  -54.069  -37.236  7.536 0.0000000000
63526  -53.697  -37.647  8.197 0.0000000000
63548  -55.339  -37.285  8.135 0.0000000000
65678  -59.416  -36.111  9.971 0.0000000000
64622  -50.278  -36.586  6.221 0.0000000000
64639  -50.191  -35.855  5.563 0.0000000000
66827  -53.336  -34.552  5.302 0.0000000000
66839  -54.233  -33.811  4.504 0.0000000000
67942  -56.238  -33.559  5.545 0.0000000000
69043  -55.469  -32.907  4.808 0.0000000000
69055  -56.875  -32.188  4.415 0.0000000000
25395  -14.599  -70.584  13.701 0.0000000000
22899  -13.470  -72.676  14.483 0.0000000000
26605  -13.199  -70.063  20.448 0.0000000000
25296  -14.234  -70.514  19.028 0.0000000000
25285  -12.704  -70.537  20.583 0.0000000000
24039  -11.258  -72.252  19.726 0.0000000000
22811  -10.760  -73.203  18.990 0.0000000000
22838  -10.264  -72.902  17.337 0.0000000000
21625  -10.531  -74.002  18.820 0.0000000000
19196  -10.588  -74.815  17.785 0.0000000000
45102  -47.923  -54.148  16.898 0.0000000000
45089  -47.888  -54.592  18.197 0.0000000000
47220  -48.176  -53.050  17.575 0.0000000000
130958  -48.562  -49.236  15.401 0.0000000000
130956  -48.264  -50.587  18.131 0.0000000000
130963  -48.158  -49.317  17.824 0.0000000000
51399  -48.657  -48.863  18.415 0.0000000000
130920  -48.289  -48.036  16.542 0.0000000000
130947  -48.652  -47.653  16.232 0.0000000000
130962  -48.049  -47.525  16.065 0.0000000000
53532  -44.168  -47.344  12.969 0.0000000000
53512  -45.639  -47.255  13.333 0.0000000000
53558  -43.869  -47.476  11.728 0.0000000000
53582  -44.464  -47.459  10.631 0.0000000000
53580  -42.837  -47.231  10.393 0.0000000000
36754  -24.679  -62.206  19.631 0.0000000000
35539  -24.164  -62.568  20.328 0.0000000000
35540  -25.085  -62.394  20.494 0.0000000000
41726  -31.820  -58.254  15.089 0.0000000000
40523  -30.995  -59.375  14.879 0.0000000000
39282  -31.098  -59.911  15.863 0.0000000000
36818  -30.780  -61.323  17.028 0.0000000000
38027  -32.205  -60.164  17.007 0.0000000000
40513  -35.340  -58.666  16.224 0.0000000000
42833  -34.468  -57.767  16.306 0.0000000000
41663  -34.931  -58.668  16.934 0.0000000000
39196  -34.937  -60.578  19.755 0.0000000000
39216  -34.597  -60.286  18.674 0.0000000000
39195  -34.419  -61.096  19.781 0.0000000000
36776  -33.132  -61.432  19.525 0.0000000000
37954  -33.987  -61.419  20.973 0.0000000000
35502  -33.042  -63.207  21.820 0.0000000000
36733  -34.229  -62.325  22.334 0.0000000000
39203  -43.875  -59.932  20.133 0.0000000000
33088  -19.129  -65.115  15.049 0.0000000000
31810  -18.542  -66.289  15.997 0.0000000000
30527  -17.841  -66.552  15.756 0.0000000000
30425  -18.455  -66.329  21.718 0.0000000000
58069  -45.255  -43.104  8.319 0.0000000000
56962  -45.742  -43.664  8.609 0.0000000000
56951  -45.822  -43.279  9.270 0.0000000000
60206  -48.916  -41.446  11.372 0.0000000000
58034  -48.015  -42.705  10.984 0.0000000000
58018  -49.261  -42.535  11.446 0.0000000000
56919  -49.746  -43.701  12.121 0.0000000000
57984  -50.528  -42.351  13.131 0.0000000000
62376  -53.714  -38.418  11.524 0.0000000000
62375  -52.958  -38.943  11.228 0.0000000000
62358  -53.948  -38.486  12.528 0.0000000000
72312  -57.972  -29.555  4.144 0.0000000000
73351  -59.028  -28.746  5.673 0.0000000000
73370  -58.269  -27.958  3.882 0.0000000000
76696  -58.763  -25.740  3.826 0.0000000000
77801  -58.162  -23.961  4.508 0.0000000000
78942  -59.140  -23.302  5.448 0.0000000000
78940  -57.624  -22.988  4.764 0.0000000000
80010  -56.170  -21.745  2.446 0.0000000000
80002  -55.185  -21.900  3.418 0.0000000000
82184  -56.532  -20.975  3.354 0.0000000000
82168  -57.156  -21.069  4.702 0.0000000000
83328  -58.439  -19.671  3.909 0.0000000000
84415  -58.770  -18.739  3.090 0.0000000000
85520  -59.570  -17.563  0.955 0.0000000000
41733  -46.535  -57.942  15.158 0.0000000000
42891  -47.108  -56.251  14.856 0.0000000000
41754  -46.582  -56.932  14.952 0.0000000000
44061  -47.091  -54.732  13.478 0.0000000000
38039  -24.776  -60.765  15.849 0.0000000000
40548  -41.505  -58.577  13.786 0.0000000000
40528  -41.579  -58.956  14.541 0.0000000000
39314  -42.647  -59.259  15.717 0.0000000000
39315  -43.587  -59.184  15.859 0.0000000000
40531  -44.213  -58.768  15.115 0.0000000000
40532  -45.149  -58.835  15.051 0.0000000000
53561  -46.557  -48.156  11.762 0.0000000000
52485  -48.095  -48.013  12.228 0.0000000000
52542  -47.410  -47.586  10.352 0.0000000000
52565  -47.720  -47.109  9.733 0.0000000000
53605  -48.276  -46.436  9.652 0.0000000000
65711  -56.873  -35.541  6.910 0.0000000000
64592  -56.627  -36.733  8.042 0.0000000000
65700  -58.186  -35.494  7.731 0.0000000000
66760  -59.101  -34.518  9.133 0.0000000000
74403  -59.892  -27.657  8.368 0.0000000000
26697  -15.296  -69.988  14.715 0.0000000000
25356  -14.994  -70.563  15.467 0.0000000000
48321  -47.958  -51.190  14.496 0.0000000000
48293  -48.385  -51.934  16.717 0.0000000000
130935  -48.328  -50.464  15.509 0.0000000000
130960  -46.518  -48.747  15.164 0.0000000000
130968  -46.142  -48.253  15.593 0.0000000000
52426  -45.584  -47.628  15.202 0.0000000000
52425  -44.883  -48.016  15.288 0.0000000000
52458  -43.980  -47.626  13.606 0.0000000000
52480  -43.025  -48.237  12.262 0.0000000000
35542  -26.899  -63.301  20.578 0.0000000000
35520  -26.259  -63.067  21.502 0.0000000000
35521  -27.140  -63.375  21.700 0.0000000000
35500  -27.240  -63.685  22.532 0.0000000000
32929  -29.972  -64.885  23.560 0.0000000000
42856  -31.948  -56.955  15.117 0.0000000000
42830  -32.361  -57.570  15.450 0.0000000000
39263  -36.597  -60.551  17.197 0.0000000000
40481  -35.178  -59.792  17.301 0.0000000000
40463  -35.927  -60.770  18.369 0.0000000000
40427  -36.146  -60.360  20.177 0.0000000000
39182  -35.620  -60.374  20.933 0.0000000000
37939  -35.320  -61.213  21.715 0.0000000000
39169  -36.227  -60.079  21.929 0.0000000000
35611  -20.595  -62.634  15.376 0.0000000000
34347  -20.097  -64.063  16.264 0.0000000000
33010  -19.087  -65.107  17.976 0.0000000000
32991  -18.601  -65.401  19.339 0.0000000000
34292  -19.300  -64.308  19.695 0.0000000000
60259  -46.823  -40.986  8.959 0.0000000000
59157  -46.598  -41.774  9.837 0.0000000000
60245  -47.426  -40.700  9.655 0.0000000000
60226  -48.481  -41.013  10.815 0.0000000000
60208  -50.744  -40.539  11.445 0.0000000000
73377  -56.398  -28.562  2.580 0.0000000000
74451  -57.909  -27.495  3.245 0.0000000000
74460  -56.141  -26.851  2.043 0.0000000000
80021  -57.656  -21.927  1.309 0.0000000000
83341  -58.690  -19.517  1.834 0.0000000000
82202  -58.591  -20.769  0.959 0.0000000000
82219  -58.973  -20.458  0.056 0.0000000000
27979  -16.064  -68.282  18.007 0.0000000000
27978  -15.248  -68.643  18.118 0.0000000000
41668  -48.251  -57.334  18.889 0.0000000000
42819  -47.631  -56.584  17.480 0.0000000000
44000  -47.881  -56.007  16.969 0.0000000000
45116  -48.092  -54.352  16.309 0.0000000000
44021  -47.979  -55.265  15.223 0.0000000000
45143  -48.152  -54.403  14.616 0.0000000000
47282  -48.829  -52.868  15.039 0.0000000000
48336  -47.409  -51.613  13.833 0.0000000000
49353  -44.682  -50.417  13.813 0.0000000000
36787  -21.831  -62.174  18.318 0.0000000000
35557  -22.449  -62.968  19.354 0.0000000000
36788  -22.497  -62.388  18.218 0.0000000000
36767  -24.120  -62.443  18.847 0.0000000000
36768  -25.014  -62.767  18.821 0.0000000000
38019  -24.816  -60.966  16.636 0.0000000000
36791  -25.571  -62.454  18.059 0.0000000000
36769  -25.926  -63.208  18.897 0.0000000000
36770  -27.215  -63.161  19.295 0.0000000000
36771  -28.464  -62.899  18.893 0.0000000000
35561  -29.332  -63.080  19.563 0.0000000000
41710  -35.987  -58.243  15.325 0.0000000000
40515  -36.365  -59.902  15.685 0.0000000000
39338  -39.251  -58.816  14.345 0.0000000000
39285  -38.477  -60.104  15.808 0.0000000000
39264  -37.384  -60.383  16.826 0.0000000000
39240  -38.152  -60.514  18.133 0.0000000000
39241  -39.395  -60.358  18.352 0.0000000000
37988  -40.107  -60.609  19.891 0.0000000000
37974  -40.746  -60.571  20.831 0.0000000000
39221  -41.324  -60.253  19.252 0.0000000000
39222  -42.236  -59.796  19.511 0.0000000000
39224  -44.211  -59.662  19.384 0.0000000000
39290  -43.905  -59.554  16.731 0.0000000000
39270  -44.237  -59.456  17.678 0.0000000000
39247  -45.469  -59.921  18.477 0.0000000000
39248  -46.302  -59.932  18.407 0.0000000000
36838  -21.254  -61.937  15.409 0.0000000000
130899  -51.708  -48.374  17.440 0.0000000000
50408  -51.830  -48.883  15.067 0.0000000000
50409  -52.205  -48.937  14.364 0.0000000000
50439  -52.819  -49.029  12.915 0.0000000000
51504  -49.232  -48.229  12.170 0.0000000000
50449  -51.185  -49.342  12.283 0.0000000000
63523  -50.826  -37.872  8.533 0.0000000000
63487  -50.817  -37.823  9.858 0.0000000000
63505  -52.084  -38.233  9.008 0.0000000000
63507  -54.253  -38.158  9.664 0.0000000000
63490  -56.242  -38.117  10.999 0.0000000000
63529  -57.258  -37.415  8.667 0.0000000000
63491  -57.591  -37.718  10.675 0.0000000000
55858  -43.070  -45.151  6.796 0.0000000000
54736  -44.768  -45.334  7.634 0.0000000000
56974  -43.763  -43.887  7.167 0.0000000000
58067  -44.040  -42.683  7.000 0.0000000000
59176  -44.952  -41.809  7.502 0.0000000000
60279  -45.448  -40.941  7.808 0.0000000000
61347  -46.480  -40.204  8.065 0.0000000000
61369  -47.594  -39.025  7.718 0.0000000000
62435  -48.388  -38.447  7.833 0.0000000000
63542  -49.398  -37.644  7.313 0.0000000000
64606  -50.940  -37.267  7.001 0.0000000000
64607  -52.168  -37.182  7.446 0.0000000000
65708  -54.040  -36.113  6.770 0.0000000000
66826  -52.264  -34.843  5.493 0.0000000000
65723  -53.607  -35.538  6.239 0.0000000000
65725  -55.191  -35.526  6.521 0.0000000000
66811  -56.229  -34.212  6.311 0.0000000000
67930  -57.416  -33.818  6.309 0.0000000000
69035  -58.248  -32.101  6.436 0.0000000000
71229  -58.688  -30.525  6.566 0.0000000000
70148  -58.116  -31.247  5.524 0.0000000000
71252  -57.544  -30.511  4.200 0.0000000000
71265  -57.039  -30.212  3.566 0.0000000000
72330  -56.154  -29.709  2.776 0.0000000000
26639  -15.310  -69.677  17.301 0.0000000000
25317  -13.896  -71.085  17.577 0.0000000000
24086  -13.723  -71.968  16.758 0.0000000000
24045  -11.905  -71.697  19.559 0.0000000000
24066  -12.246  -72.590  18.466 0.0000000000
22858  -13.134  -72.771  16.372 0.0000000000
22876  -12.492  -73.411  15.426 0.0000000000
21668  -11.143  -73.629  15.401 0.0000000000
22896  -10.549  -73.796  15.537 0.0000000000
130816  -10.169  -74.188  16.770 0.0000000000
50367  -51.603  -49.646  18.939 0.0000000000
46113  -47.951  -52.868  19.677 0.0000000000
48277  -48.069  -51.848  17.530 0.0000000000
47198  -47.800  -52.270  19.137 0.0000000000
49287  -48.871  -50.204  20.230 0.0000000000
51385  -49.962  -49.205  19.457 0.0000000000
130951  -51.041  -48.752  18.486 0.0000000000
130916  -49.840  -48.223  16.529 0.0000000000
130949  -48.947  -47.578  15.704 0.0000000000
53497  -47.954  -47.215  14.293 0.0000000000
53477  -45.989  -47.148  14.842 0.0000000000
53495  -46.311  -47.330  14.094 0.0000000000
53513  -46.605  -47.301  13.155 0.0000000000
52512  -45.184  -47.882  10.930 0.0000000000
52561  -44.708  -47.476  9.704 0.0000000000
53625  -44.233  -47.119  8.642 0.0000000000
51459  -41.941  -49.310  12.411 0.0000000000
51483  -41.085  -49.171  12.053 0.0000000000
52479  -42.032  -48.709  11.846 0.0000000000
52509  -41.559  -48.149  11.216 0.0000000000
53579  -42.070  -47.352  9.997 0.0000000000
53598  -41.672  -47.374  9.217 0.0000000000
53623  -42.190  -47.062  8.247 0.0000000000
53646  -42.627  -46.488  7.572 0.0000000000
35498  -25.709  -63.080  22.261 0.0000000000
38076  -28.864  -60.342  14.605 0.0000000000
39306  -30.086  -59.884  15.013 0.0000000000
38044  -29.010  -61.070  15.863 0.0000000000
36817  -30.024  -61.795  16.851 0.0000000000
36773  -30.577  -62.775  18.374 0.0000000000
35563  -31.125  -62.793  19.129 0.0000000000
42859  -34.510  -57.081  15.023 0.0000000000
42810  -33.372  -57.953  16.369 0.0000000000
41684  -32.807  -58.217  16.726 0.0000000000
40480  -34.589  -59.473  17.583 0.0000000000
40499  -33.516  -59.195  17.508 0.0000000000
39235  -32.198  -59.944  17.939 0.0000000000
37985  -32.967  -61.334  18.498 0.0000000000
36758  -32.117  -62.438  19.678 0.0000000000
34279  -31.598  -63.361  20.713 0.0000000000
34259  -31.855  -63.529  21.382 0.0000000000
34230  -32.633  -63.911  23.198 0.0000000000
29281  -17.061  -67.676  13.434 0.0000000000
29255  -17.358  -67.683  15.280 0.0000000000
33102  -19.473  -65.035  13.893 0.0000000000
31851  -18.394  -65.815  13.121 0.0000000000
30551  -18.379  -66.556  14.014 0.0000000000
30526  -17.550  -67.024  15.539 0.0000000000
27991  -16.836  -67.834  16.886 0.0000000000
29230  -17.108  -67.451  17.570 0.0000000000
31722  -17.883  -66.035  20.409 0.0000000000
54717  -46.244  -45.482  8.431 0.0000000000
55847  -47.296  -44.833  8.831 0.0000000000
55836  -48.369  -44.624  9.877 0.0000000000
56936  -47.145  -43.374  10.072 0.0000000000
55822  -47.770  -44.054  10.022 0.0000000000
54661  -48.874  -45.095  11.048 0.0000000000
54662  -49.762  -45.038  11.212 0.0000000000
62373  -51.123  -38.791  10.606 0.0000000000
60209  -51.497  -40.135  11.244 0.0000000000
60189  -51.694  -40.623  12.030 0.0000000000
73343  -58.984  -28.959  6.751 0.0000000000
73344  -59.437  -28.219  6.509 0.0000000000
75521  -59.774  -26.490  6.779 0.0000000000
75555  -58.979  -26.795  4.093 0.0000000000
75542  -59.368  -26.296  4.889 0.0000000000
76657  -60.055  -25.584  7.234 0.0000000000
78924  -59.948  -23.645  7.297 0.0000000000
79971  -59.945  -22.502  6.557 0.0000000000
79990  -55.477  -22.334  4.602 0.0000000000
81047  -56.927  -21.579  5.040 0.0000000000
82162  -58.805  -20.579  5.422 0.0000000000
85511  -59.142  -18.052  1.907 0.0000000000
41771  -44.788  -57.177  13.587 0.0000000000
42905  -45.434  -56.226  13.614 0.0000000000
53626  -45.236  -46.850  8.558 0.0000000000
54715  -44.646  -46.184  7.987 0.0000000000
69008  -59.001  -32.677  8.495 0.0000000000
70115  -59.220  -31.372  8.853 0.0000000000
71210  -58.991  -30.677  8.158 0.0000000000
29254  -16.992  -68.315  14.984 0.0000000000
28017  -16.591  -68.990  14.624 0.0000000000
50406  -44.954  -49.370  14.394 0.0000000000
51461  -43.784  -49.009  13.566 0.0000000000
35555  -21.072  -63.287  19.616 0.0000000000
35556  -21.821  -63.456  19.724 0.0000000000
34276  -29.169  -63.845  21.253 0.0000000000
34277  -30.056  -63.949  20.927 0.0000000000
37987  -39.189  -60.574  20.020 0.0000000000
37972  -38.891  -60.524  20.849 0.0000000000
37959  -39.520  -60.546  21.669 0.0000000000
62401  -49.163  -38.858  8.956 0.0000000000
61334  -49.386  -38.836  9.624 0.0000000000
62402  -49.627  -38.420  9.255 0.0000000000
46214  -46.176  -53.174  13.804 0.0000000000
36828  -24.057  -60.883  16.052 0.0000000000
36815  -28.079  -61.612  17.437 0.0000000000
39318  -46.254  -59.292  16.240 0.0000000000
52462  -48.398  -47.956  13.592 0.0000000000
52463  -49.097  -48.049  13.818 0.0000000000
51463  -48.737  -48.308  13.325 0.0000000000
53583  -48.934  -46.692  10.224 0.0000000000
53584  -49.729  -46.349  10.584 0.0000000000
64609  -54.498  -36.786  7.194 0.0000000000
63547  -54.736  -37.355  7.788 0.0000000000
64567  -59.922  -36.763  10.288 0.0000000000
64638  -49.349  -36.035  5.532 0.0000000000
67940  -54.910  -33.359  4.855 0.0000000000
69042  -55.079  -32.957  4.687 0.0000000000
69054  -55.877  -32.352  4.064 0.0000000000
25375  -14.421  -71.083  14.044 0.0000000000
24113  -14.382  -72.052  14.614 0.0000000000
24132  -13.875  -71.737  13.462 0.0000000000
24098  -14.133  -72.464  15.178 0.0000000000
25286  -13.140  -70.289  20.064 0.0000000000
25276  -12.725  -70.478  21.370 0.0000000000
21626  -10.562  -73.525  19.038 0.0000000000
20397  -10.262  -74.598  18.971 0.0000000000
46171  -48.291  -53.628  16.504 0.0000000000
46153  -48.076  -53.664  17.367 0.0000000000
47239  -48.553  -52.867  16.859 0.0000000000
130948  -48.336  -48.576  17.565 0.0000000000
130959  -48.088  -47.903  16.437 0.0000000000
52414  -47.136  -47.843  15.702 0.0000000000
52511  -43.295  -47.797  12.056 0.0000000000
53557  -43.303  -47.403  11.013 0.0000000000
40512  -31.897  -58.598  16.443 0.0000000000
40511  -31.698  -59.089  15.899 0.0000000000
39259  -31.798  -59.723  16.507 0.0000000000
40500  -35.281  -59.095  16.543 0.0000000000
41688  -35.081  -58.379  16.555 0.0000000000
39181  -34.945  -60.853  20.610 0.0000000000
39180  -34.402  -61.195  20.562 0.0000000000
37971  -33.835  -61.473  20.059 0.0000000000
36745  -33.926  -61.994  21.561 0.0000000000
36746  -34.395  -61.471  21.546 0.0000000000
39204  -44.606  -60.033  19.806 0.0000000000
31756  -18.221  -65.854  18.530 0.0000000000
58057  -45.299  -42.375  8.196 0.0000000000
58058  -45.413  -42.779  8.920 0.0000000000
59126  -49.219  -41.810  11.552 0.0000000000
59127  -49.789  -42.080  11.953 0.0000000000
58004  -50.017  -42.635  12.725 0.0000000000
59113  -50.253  -41.882  12.756 0.0000000000
62377  -54.522  -38.277  11.805 0.0000000000
73359  -58.225  -29.137  3.871 0.0000000000
78952  -57.240  -23.303  4.255 0.0000000000
78953  -57.829  -23.421  4.722 0.0000000000
81075  -56.904  -20.784  2.696 0.0000000000
81074  -56.111  -21.146  2.931 0.0000000000
82185  -57.245  -20.376  3.088 0.0000000000
83334  -57.926  -20.085  3.729 0.0000000000
83335  -58.266  -19.593  3.236 0.0000000000
82186  -58.087  -19.918  2.718 0.0000000000
41732  -45.657  -58.032  15.017 0.0000000000
44043  -46.393  -55.096  13.785 0.0000000000
40568  -41.429  -57.822  13.423 0.0000000000
40549  -42.311  -58.507  14.073 0.0000000000
40529  -42.436  -58.860  14.864 0.0000000000
40530  -43.339  -58.782  15.006 0.0000000000
40552  -44.635  -58.513  14.603 0.0000000000
52513  -45.994  -48.304  11.249 0.0000000000
52514  -46.913  -47.887  11.120 0.0000000000
52541  -46.581  -47.821  10.306 0.0000000000
53603  -46.564  -46.887  8.994 0.0000000000
52564  -47.024  -47.349  9.568 0.0000000000
53604  -47.339  -46.497  9.101 0.0000000000
65712  -57.511  -35.455  7.240 0.0000000000
66778  -58.173  -34.681  7.633 0.0000000000
67881  -59.456  -33.681  9.769 0.0000000000
66761  -59.634  -34.455  9.792 0.0000000000
67870  -59.758  -33.536  10.206 0.0000000000
73327  -59.971  -28.671  8.852 0.0000000000
74394  -60.064  -27.816  9.463 0.0000000000
50397  -45.215  -48.936  14.916 0.0000000000
49343  -46.543  -48.979  14.875 0.0000000000
50398  -45.892  -48.743  14.996 0.0000000000
50391  -46.073  -48.429  15.470 0.0000000000
51434  -45.584  -48.340  15.423 0.0000000000
52411  -45.136  -47.973  15.537 0.0000000000
51432  -44.579  -48.298  14.943 0.0000000000
52457  -43.471  -48.250  13.080 0.0000000000
52439  -43.560  -47.923  13.917 0.0000000000
34256  -28.744  -63.837  22.101 0.0000000000
35501  -27.955  -64.146  22.604 0.0000000000
34243  -30.631  -64.275  22.538 0.0000000000
34228  -30.323  -64.440  23.169 0.0000000000
32930  -30.987  -64.815  23.605 0.0000000000
39239  -36.945  -60.888  18.092 0.0000000000
39217  -36.778  -60.195  19.239 0.0000000000
39198  -36.691  -60.107  20.235 0.0000000000
40426  -35.849  -60.356  20.394 0.0000000000
39170  -36.959  -59.958  21.814 0.0000000000
37941  -37.218  -61.066  21.937 0.0000000000
35610  -19.978  -63.303  15.750 0.0000000000
35598  -20.160  -63.459  16.185 0.0000000000
33011  -19.404  -64.585  18.153 0.0000000000
32992  -19.179  -64.995  19.050 0.0000000000
32993  -19.538  -64.445  18.714 0.0000000000
34273  -20.338  -64.132  19.834 0.0000000000
60260  -47.475  -40.405  9.153 0.0000000000
61318  -48.493  -39.996  10.315 0.0000000000
60227  -49.235  -40.325  10.770 0.0000000000
61307  -49.903  -40.093  11.127 0.0000000000
74470  -56.158  -27.288  2.079 0.0000000000
78984  -56.436  -22.498  0.975 0.0000000000
80035  -57.228  -22.476  0.610 0.0000000000
80022  -58.200  -21.792  1.077 0.0000000000
80036  -58.097  -22.015  0.630 0.0000000000
29215  -15.352  -68.112  19.102 0.0000000000
27937  -14.038  -68.877  21.805 0.0000000000
41693  -47.696  -57.473  18.122 0.0000000000
42842  -47.999  -56.497  16.398 0.0000000000
44001  -48.109  -55.408  16.287 0.0000000000
43983  -48.047  -54.768  16.942 0.0000000000
44020  -47.547  -55.616  14.764 0.0000000000
45142  -47.917  -54.140  14.221 0.0000000000
46215  -48.100  -53.578  14.344 0.0000000000
46216  -48.584  -53.529  15.018 0.0000000000
47281  -48.425  -52.510  14.589 0.0000000000
47301  -47.745  -51.932  14.035 0.0000000000
36772  -29.496  -62.883  18.558 0.0000000000
40525  -37.197  -58.368  14.627 0.0000000000
41730  -36.528  -57.903  14.610 0.0000000000
39308  -36.894  -58.833  14.898 0.0000000000
40524  -36.466  -58.604  15.050 0.0000000000
39283  -36.611  -59.322  15.155 0.0000000000
39286  -39.703  -60.019  16.024 0.0000000000
39284  -37.298  -59.984  15.462 0.0000000000
38003  -39.456  -60.473  19.304 0.0000000000
38004  -39.993  -60.247  19.086 0.0000000000
39220  -40.588  -60.383  19.309 0.0000000000
39244  -42.763  -59.673  18.536 0.0000000000
39223  -43.303  -59.595  19.461 0.0000000000
39245  -43.737  -59.368  18.572 0.0000000000
39292  -45.656  -59.457  16.914 0.0000000000
39271  -45.102  -59.647  17.680 0.0000000000
39246  -44.604  -59.675  18.522 0.0000000000
39274  -47.458  -59.217  17.676 0.0000000000
35612  -21.196  -62.320  14.658 0.0000000000
130900  -50.831  -48.430  16.223 0.0000000000
130903  -51.443  -48.622  15.777 0.0000000000
50422  -51.640  -49.229  13.890 0.0000000000
50423  -52.536  -48.935  13.816 0.0000000000
50438  -51.831  -49.476  12.919 0.0000000000
52486  -48.757  -48.108  12.108 0.0000000000
51506  -51.033  -48.541  11.787 0.0000000000
50450  -51.939  -49.135  12.139 0.0000000000
53564  -51.767  -47.120  12.039 0.0000000000
63524  -51.659  -37.815  8.497 0.0000000000
63527  -54.949  -37.704  8.613 0.0000000000
63489  -54.996  -38.187  10.410 0.0000000000
64593  -57.887  -36.676  8.335 0.0000000000
63530  -57.808  -37.183  8.865 0.0000000000
63510  -58.048  -37.591  9.447 0.0000000000
21681  -9.093  -73.929  15.233 0.0000000000
59175  -44.049  -41.442  6.691 0.0000000000
60278  -44.760  -40.652  6.812 0.0000000000
61346  -45.885  -40.433  7.867 0.0000000000
61368  -46.824  -39.389  7.498 0.0000000000
62433  -47.088  -38.483  7.278 0.0000000000
62416  -48.150  -38.842  8.126 0.0000000000
62434  -47.892  -38.414  7.587 0.0000000000
63543  -50.364  -37.654  7.683 0.0000000000
64605  -49.897  -37.244  6.921 0.0000000000
64623  -51.447  -36.602  6.439 0.0000000000
64624  -52.496  -36.487  6.466 0.0000000000
64625  -53.277  -36.190  6.437 0.0000000000
66808  -53.072  -34.987  5.917 0.0000000000
66809  -54.065  -34.998  5.818 0.0000000000
65724  -54.546  -35.521  6.382 0.0000000000
66794  -55.841  -35.016  6.576 0.0000000000
69044  -56.561  -32.972  5.231 0.0000000000
67929  -56.822  -33.790  5.831 0.0000000000
69033  -57.077  -33.308  5.651 0.0000000000
69034  -57.586  -32.994  6.127 0.0000000000
70134  -57.909  -31.871  5.713 0.0000000000
70157  -56.344  -31.658  3.763 0.0000000000
70158  -57.160  -31.433  4.238 0.0000000000
71251  -56.800  -30.886  3.701 0.0000000000
22919  -13.039  -72.543  13.358 0.0000000000
26630  -14.751  -69.685  17.998 0.0000000000
25305  -13.620  -70.791  18.501 0.0000000000
25316  -13.174  -71.218  18.062 0.0000000000
24040  -11.670  -71.532  20.439 0.0000000000
22821  -11.379  -72.792  18.542 0.0000000000
24044  -11.514  -72.499  19.157 0.0000000000
22822  -11.798  -72.775  18.515 0.0000000000
24084  -12.483  -72.865  17.864 0.0000000000
22857  -11.931  -72.918  16.868 0.0000000000
22855  -10.007  -72.933  16.621 0.0000000000
22856  -10.711  -72.871  16.668 0.0000000000
22874  -10.403  -73.092  15.979 0.0000000000
22897  -10.761  -73.420  15.640 0.0000000000
22895  -10.060  -74.121  15.387 0.0000000000
22873  -10.222  -73.837  16.223 0.0000000000
17934  -10.380  -75.388  18.451 0.0000000000
49297  -50.594  -51.087  19.203 0.0000000000
49298  -51.249  -50.264  18.808 0.0000000000
50353  -50.841  -49.879  19.286 0.0000000000
42799  -47.736  -56.454  18.578 0.0000000000
42800  -48.245  -56.702  19.257 0.0000000000
43966  -47.889  -55.415  18.740 0.0000000000
46139  -48.068  -53.671  18.155 0.0000000000
45071  -48.119  -54.386  19.013 0.0000000000
45053  -47.936  -53.737  19.785 0.0000000000
130918  -48.332  -51.200  16.258 0.0000000000
130936  -48.708  -51.175  17.149 0.0000000000
49309  -48.302  -51.139  18.151 0.0000000000
48257  -47.827  -51.224  19.300 0.0000000000
47188  -47.819  -52.039  20.147 0.0000000000
48248  -47.960  -50.807  20.339 0.0000000000
48237  -48.493  -51.011  20.778 0.0000000000
49286  -48.244  -50.250  19.975 0.0000000000
51400  -48.953  -49.049  18.722 0.0000000000
51412  -49.406  -48.908  18.577 0.0000000000
51402  -50.340  -49.176  18.993 0.0000000000
51413  -50.041  -48.918  18.404 0.0000000000
130932  -50.745  -48.314  17.518 0.0000000000
130930  -49.639  -48.347  17.248 0.0000000000
130961  -48.385  -47.302  14.920 0.0000000000
130946  -48.855  -47.637  14.349 0.0000000000
52442  -45.419  -47.558  14.709 0.0000000000
52427  -46.490  -47.439  15.309 0.0000000000
53494  -45.478  -47.431  14.264 0.0000000000
53534  -45.844  -47.543  12.435 0.0000000000
52483  -45.753  -48.169  11.964 0.0000000000
52482  -45.339  -47.886  11.804 0.0000000000
53581  -43.671  -47.216  10.523 0.0000000000
53601  -44.130  -47.305  9.711 0.0000000000
52580  -44.447  -47.359  9.266 0.0000000000
52508  -40.485  -48.421  10.992 0.0000000000
52537  -41.219  -47.745  10.276 0.0000000000
52560  -40.728  -47.636  9.327 0.0000000000
35558  -22.995  -62.662  19.309 0.0000000000
35538  -23.132  -62.883  20.049 0.0000000000
35518  -24.529  -62.833  21.226 0.0000000000
39307  -30.636  -59.806  15.383 0.0000000000
40522  -30.236  -59.344  14.609 0.0000000000
38045  -29.920  -60.642  15.883 0.0000000000
38024  -29.401  -61.126  16.578 0.0000000000
38025  -30.294  -60.891  16.627 0.0000000000
38000  -31.436  -61.403  17.268 0.0000000000
36796  -30.853  -61.987  17.655 0.0000000000
42812  -34.405  -57.926  16.963 0.0000000000
42832  -33.836  -57.563  15.892 0.0000000000
42811  -33.959  -57.737  16.796 0.0000000000
41685  -33.583  -58.085  17.084 0.0000000000
40461  -34.897  -60.250  18.524 0.0000000000
39215  -34.089  -60.631  18.745 0.0000000000
39237  -33.817  -59.705  18.034 0.0000000000
39236  -33.061  -59.964  18.200 0.0000000000
39262  -33.230  -59.418  17.592 0.0000000000
38002  -32.756  -60.588  18.127 0.0000000000
36759  -33.046  -61.970  20.444 0.0000000000
36775  -32.506  -61.808  19.210 0.0000000000
35547  -32.322  -62.732  20.450 0.0000000000
35523  -31.856  -63.010  20.807 0.0000000000
35524  -32.471  -62.963  21.199 0.0000000000
35482  -33.250  -63.158  22.700 0.0000000000
36735  -35.639  -61.651  22.362 0.0000000000
36734  -34.712  -61.725  22.140 0.0000000000
36716  -35.266  -62.154  22.821 0.0000000000
37975  -41.714  -60.442  20.812 0.0000000000
29266  -16.994  -67.666  14.422 0.0000000000
34376  -19.992  -64.063  15.176 0.0000000000
34402  -19.657  -63.964  14.419 0.0000000000
33089  -19.600  -64.570  14.690 0.0000000000
31837  -18.795  -65.976  13.734 0.0000000000
30540  -18.558  -66.360  14.408 0.0000000000
30515  -17.542  -66.846  16.118 0.0000000000
29243  -17.249  -67.520  16.273 0.0000000000
32969  -18.577  -65.423  19.786 0.0000000000
51435  -54.421  -49.411  15.753 0.0000000000
55861  -45.094  -44.603  7.664 0.0000000000
54716  -45.410  -45.628  8.126 0.0000000000
55845  -45.758  -44.603  8.151 0.0000000000
56963  -46.306  -43.759  9.008 0.0000000000
55846  -46.524  -44.534  8.575 0.0000000000
55835  -47.751  -44.628  9.393 0.0000000000
59141  -47.187  -41.687  10.316 0.0000000000
58049  -46.625  -42.717  9.956 0.0000000000
58033  -47.291  -42.506  10.354 0.0000000000
56938  -48.499  -43.533  11.023 0.0000000000
56937  -47.827  -43.424  10.524 0.0000000000
55823  -48.406  -44.336  10.608 0.0000000000
56905  -50.218  -43.500  12.651 0.0000000000
55780  -50.143  -44.101  12.409 0.0000000000
55781  -50.588  -44.257  12.960 0.0000000000
62390  -51.567  -38.202  10.119 0.0000000000
62389  -50.595  -38.094  10.256 0.0000000000
62374  -52.009  -38.765  10.894 0.0000000000
61293  -52.723  -39.247  12.152 0.0000000000
61310  -52.362  -39.306  11.346 0.0000000000
61292  -52.310  -39.972  11.568 0.0000000000
61280  -52.292  -39.963  12.753 0.0000000000
72294  -58.742  -29.622  6.152 0.0000000000
74429  -59.220  -28.104  5.015 0.0000000000
73352  -59.459  -27.946  5.692 0.0000000000
74411  -59.685  -27.496  7.227 0.0000000000
74420  -59.613  -27.297  6.192 0.0000000000
74452  -58.563  -27.128  3.699 0.0000000000
75564  -58.047  -26.294  3.321 0.0000000000
76683  -58.748  -24.884  4.463 0.0000000000
76684  -59.397  -25.730  4.274 0.0000000000
76673  -59.464  -25.251  5.292 0.0000000000
76667  -59.751  -25.646  6.308 0.0000000000
77786  -59.807  -24.556  6.444 0.0000000000
79981  -58.457  -22.559  5.305 0.0000000000
78933  -59.506  -23.280  6.046 0.0000000000
79970  -59.023  -22.298  5.692 0.0000000000
79972  -60.550  -22.066  6.761 0.0000000000
81038  -59.344  -21.467  5.833 0.0000000000
81065  -55.359  -21.871  3.855 0.0000000000
81054  -55.112  -22.096  4.434 0.0000000000
79989  -54.741  -22.538  4.175 0.0000000000
79978  -55.800  -22.056  5.235 0.0000000000
81046  -56.106  -21.748  5.199 0.0000000000
83318  -58.121  -20.008  5.147 0.0000000000
82161  -58.160  -20.599  5.343 0.0000000000
83309  -58.825  -20.308  5.203 0.0000000000
82150  -59.398  -20.494  5.828 0.0000000000
83295  -59.976  -19.620  5.675 0.0000000000
83349  -58.754  -19.087  1.320 0.0000000000
83348  -58.841  -18.944  1.894 0.0000000000
84429  -58.929  -18.383  1.648 0.0000000000
42906  -45.813  -56.645  13.868 0.0000000000
40569  -42.197  -57.994  13.479 0.0000000000
41769  -42.821  -57.510  12.888 0.0000000000
40571  -43.518  -58.139  13.779 0.0000000000
40551  -44.068  -58.370  14.134 0.0000000000
41751  -44.471  -57.806  13.734 0.0000000000
52562  -45.399  -47.485  9.409 0.0000000000
53602  -45.908  -47.069  8.966 0.0000000000
67910  -58.119  -33.435  7.531 0.0000000000
70103  -59.597  -31.429  9.346 0.0000000000
71203  -60.088  -30.795  9.730 0.0000000000
72274  -60.456  -29.629  9.968 0.0000000000
72273  -60.036  -29.631  9.505 0.0000000000
72281  -59.606  -29.566  8.407 0.0000000000
72289  -59.289  -29.525  7.799 0.0000000000
28029  -16.305  -68.822  13.628 0.0000000000
26677  -15.953  -69.480  15.189 0.0000000000
51445  -44.774  -48.780  14.866 0.0000000000
32994  -20.612  -64.168  19.883 0.0000000000
35560  -28.321  -63.102  19.957 0.0000000000
35543  -28.089  -63.631  20.994 0.0000000000
39184  -37.395  -60.022  21.137 0.0000000000
37958  -38.476  -60.516  21.640 0.0000000000
34324  -20.485  -63.844  17.675 0.0000000000
34293  -19.851  -64.219  19.207 0.0000000000
61332  -47.852  -40.053  9.618 0.0000000000
44062  -47.616  -54.862  13.760 0.0000000000
45157  -47.483  -53.981  13.900 0.0000000000
47300  -47.221  -52.100  13.693 0.0000000000
47280  -46.398  -52.166  13.641 0.0000000000
36810  -22.793  -61.832  17.129 0.0000000000
38041  -26.346  -60.935  15.962 0.0000000000
38020  -25.759  -61.421  16.567 0.0000000000
38021  -26.745  -61.687  16.483 0.0000000000
36814  -27.278  -62.226  17.178 0.0000000000
39312  -40.556  -59.396  14.912 0.0000000000
39317  -45.416  -59.207  16.055 0.0000000000
39293  -46.459  -59.572  16.950 0.0000000000
36839  -21.936  -61.890  14.703 0.0000000000
36826  -22.025  -61.574  16.033 0.0000000000
130938  -49.729  -48.841  14.823 0.0000000000
48338  -50.185  -49.206  14.650 0.0000000000
49375  -49.813  -48.871  14.250 0.0000000000
50436  -49.692  -48.848  13.537 0.0000000000
52543  -48.361  -47.340  10.384 0.0000000000
52517  -50.132  -47.397  11.410 0.0000000000
52518  -51.346  -47.677  11.647 0.0000000000
53585  -50.191  -46.294  11.199 0.0000000000
64590  -52.847  -37.228  7.865 0.0000000000
64579  -58.693  -36.719  9.258 0.0000000000
78918  -60.635  -23.702  8.173 0.0000000000
64621  -49.030  -36.902  6.497 0.0000000000
65720  -50.942  -35.786  6.018 0.0000000000
66828  -54.413  -34.264  5.226 0.0000000000
66829  -55.267  -33.941  5.495 0.0000000000
67941  -55.711  -33.431  5.320 0.0000000000
26606  -13.865  -69.604  20.175 0.0000000000
26618  -14.055  -70.046  19.417 0.0000000000
25295  -13.473  -70.480  19.397 0.0000000000
25294  -12.568  -70.860  19.683 0.0000000000
22808  -11.380  -72.458  20.390 0.0000000000
22812  -11.125  -72.894  19.072 0.0000000000
22820  -10.634  -72.981  18.241 0.0000000000
22839  -11.041  -72.779  17.596 0.0000000000
22819  -10.172  -73.088  17.716 0.0000000000
130820  -10.147  -73.462  17.459 0.0000000000
21649  -10.150  -73.775  17.178 0.0000000000
20413  -10.672  -74.338  18.356 0.0000000000
19181  -10.265  -74.942  18.687 0.0000000000
46152  -48.075  -54.109  17.821 0.0000000000
46140  -48.038  -53.400  17.739 0.0000000000
47210  -47.961  -53.205  17.882 0.0000000000
130937  -48.668  -49.911  16.476 0.0000000000
130966  -48.030  -49.757  18.464 0.0000000000
50364  -48.309  -49.387  18.586 0.0000000000
130906  -48.106  -49.495  18.312 0.0000000000
130964  -48.408  -48.819  18.163 0.0000000000
130929  -48.871  -48.378  16.840 0.0000000000
130907  -48.635  -47.980  16.429 0.0000000000
52428  -47.408  -47.307  15.307 0.0000000000
53510  -44.296  -47.465  13.415 0.0000000000
53511  -44.737  -47.399  13.664 0.0000000000
53559  -44.706  -47.669  11.539 0.0000000000
36753  -23.811  -62.413  19.549 0.0000000000
35479  -26.819  -63.637  22.988 0.0000000000
35478  -26.170  -63.367  22.886 0.0000000000
38046  -30.609  -60.428  16.172 0.0000000000
38026  -31.404  -60.710  16.604 0.0000000000
41709  -35.330  -58.274  15.858 0.0000000000
41728  -34.908  -57.804  15.705 0.0000000000
41708  -34.954  -57.984  16.375 0.0000000000
41687  -34.813  -58.066  16.884 0.0000000000
42793  -34.332  -58.110  17.145 0.0000000000
40442  -35.114  -60.342  19.342 0.0000000000
37986  -33.673  -61.164  19.140 0.0000000000
35525  -33.275  -62.669  21.272 0.0000000000
35503  -33.632  -62.624  22.147 0.0000000000
31812  -19.423  -65.433  16.125 0.0000000000
33073  -19.320  -65.240  15.394 0.0000000000
31811  -19.287  -65.793  15.717 0.0000000000
31823  -18.257  -66.435  15.424 0.0000000000
30516  -18.105  -66.699  16.576 0.0000000000
29231  -18.011  -67.194  17.115 0.0000000000
31724  -19.273  -65.430  20.334 0.0000000000
56976  -45.304  -43.742  7.878 0.0000000000
56952  -46.499  -43.408  9.587 0.0000000000
59143  -48.534  -42.015  11.285 0.0000000000
58035  -48.845  -42.817  10.925 0.0000000000
56918  -49.264  -43.463  11.464 0.0000000000
58019  -49.723  -42.986  12.012 0.0000000000
56884  -50.784  -43.054  13.090 0.0000000000
62392  -53.463  -38.496  10.677 0.0000000000
62357  -53.276  -38.696  12.049 0.0000000000
61294  -53.313  -38.904  12.696 0.0000000000
72313  -58.353  -29.723  4.753 0.0000000000
72302  -58.638  -29.489  5.259 0.0000000000
73360  -58.713  -28.877  4.344 0.0000000000
74440  -58.888  -27.554  4.409 0.0000000000
76682  -58.208  -24.523  4.158 0.0000000000
77792  -58.879  -24.097  4.792 0.0000000000
77793  -59.382  -23.985  5.331 0.0000000000
78941  -58.422  -23.284  5.081 0.0000000000
79980  -57.659  -22.247  4.906 0.0000000000
80009  -55.489  -22.011  2.748 0.0000000000
81073  -55.551  -21.786  3.277 0.0000000000
81066  -56.315  -21.754  3.858 0.0000000000
81056  -56.411  -21.522  4.718 0.0000000000
82176  -56.927  -21.184  3.933 0.0000000000
82177  -57.454  -20.494  4.139 0.0000000000
83319  -58.869  -19.841  4.489 0.0000000000
84402  -59.322  -18.897  4.309 0.0000000000
85519  -59.172  -17.923  1.539 0.0000000000
38058  -26.007  -60.624  15.269 0.0000000000
38060  -27.759  -60.557  15.350 0.0000000000
40547  -40.373  -58.325  13.731 0.0000000000
40527  -41.035  -59.206  13.957 0.0000000000
52460  -47.253  -47.737  12.711 0.0000000000
51484  -48.149  -48.390  12.833 0.0000000000
52484  -47.188  -48.014  11.900 0.0000000000
52515  -47.826  -47.944  11.152 0.0000000000
53606  -49.002  -46.125  9.949 0.0000000000
64611  -56.425  -36.145  7.386 0.0000000000
65699  -57.319  -36.113  7.460 0.0000000000
66779  -58.704  -34.590  8.326 0.0000000000
65701  -58.650  -35.355  8.438 0.0000000000
65690  -59.114  -35.396  9.158 0.0000000000
65691  -59.596  -35.357  9.883 0.0000000000
73320  -60.497  -29.143  9.825 0.0000000000
75503  -59.876  -26.673  9.051 0.0000000000
75512  -59.887  -26.562  7.888 0.0000000000
26720  -15.771  -69.311  13.256 0.0000000000
26719  -14.940  -69.920  13.369 0.0000000000
25376  -14.827  -70.613  14.385 0.0000000000
25355  -14.530  -71.188  15.116 0.0000000000
47259  -48.798  -52.497  15.158 0.0000000000
48306  -48.634  -52.349  16.328 0.0000000000
48305  -48.641  -51.805  15.552 0.0000000000
49342  -46.291  -49.277  14.714 0.0000000000
49355  -47.393  -49.497  14.847 0.0000000000
130954  -48.395  -49.715  15.085 0.0000000000
130967  -46.681  -48.433  15.550 0.0000000000
52405  -46.554  -48.234  15.647 0.0000000000
52413  -46.225  -48.019  15.722 0.0000000000
52441  -44.966  -47.685  14.497 0.0000000000
52440  -44.178  -47.983  14.506 0.0000000000
52459  -44.432  -47.664  14.101 0.0000000000
52481  -43.643  -47.767  12.654 0.0000000000
36756  -26.216  -63.218  19.803 0.0000000000
35541  -25.929  -62.774  20.581 0.0000000000
34227  -29.317  -64.376  23.296 0.0000000000
42855  -31.834  -57.379  15.029 0.0000000000
41707  -32.080  -58.057  16.145 0.0000000000
40482  -36.042  -60.688  17.449 0.0000000000
40444  -36.066  -60.342  19.362 0.0000000000
40443  -35.561  -60.400  19.498 0.0000000000
39197  -35.462  -60.522  20.020 0.0000000000
37956  -35.309  -60.802  21.248 0.0000000000
37938  -34.756  -61.369  21.670 0.0000000000
39168  -35.766  -60.574  21.638 0.0000000000
37940  -36.219  -61.277  21.974 0.0000000000
37924  -36.388  -61.712  22.426 0.0000000000
35628  -20.031  -63.355  14.586 0.0000000000
33055  -19.439  -64.790  16.630 0.0000000000
31777  -18.758  -65.525  17.534 0.0000000000
31757  -18.730  -65.484  18.346 0.0000000000
32970  -19.293  -65.121  19.728 0.0000000000
34271  -19.474  -64.457  19.777 0.0000000000
59156  -46.013  -41.818  9.420 0.0000000000
59166  -46.234  -41.539  9.272 0.0000000000
60244  -46.984  -41.117  9.848 0.0000000000
60225  -47.528  -41.144  10.240 0.0000000000
61317  -47.892  -40.515  10.181 0.0000000000
60207  -49.646  -41.085  11.573 0.0000000000
73368  -57.090  -29.022  2.871 0.0000000000
73378  -57.199  -27.786  2.807 0.0000000000
74461  -56.549  -27.186  2.146 0.0000000000
75572  -56.946  -26.170  2.359 0.0000000000
80019  -55.368  -22.435  1.586 0.0000000000
80020  -56.479  -22.059  1.590 0.0000000000
81083  -57.249  -21.334  2.216 0.0000000000
82194  -58.143  -20.291  2.006 0.0000000000
82203  -58.865  -19.945  1.115 0.0000000000
81105  -58.420  -21.422  -0.177 0.0000000000
83359  -58.971  -19.179  0.482 0.0000000000
27990  -16.340  -68.335  17.256 0.0000000000
27989  -15.813  -69.083  16.944 0.0000000000
46192  -48.350  -53.773  15.810 0.0000000000
42867  -47.830  -56.135  15.473 0.0000000000
42868  -48.070  -55.701  15.716 0.0000000000
44045  -47.875  -55.133  14.257 0.0000000000
45128  -48.202  -54.452  15.528 0.0000000000
48337  -47.584  -51.411  13.947 0.0000000000
48320  -47.010  -51.077  13.857 0.0000000000
49352  -43.832  -50.269  13.516 0.0000000000
35574  -21.724  -62.814  18.767 0.0000000000
36765  -22.645  -62.319  19.003 0.0000000000
36766  -23.275  -62.262  18.964 0.0000000000
36812  -25.129  -61.974  17.174 0.0000000000
40514  -35.831  -59.040  15.773 0.0000000000
39337  -38.653  -58.569  14.256 0.0000000000
39310  -38.271  -59.109  14.878 0.0000000000
40502  -36.704  -60.357  16.056 0.0000000000
39219  -38.677  -60.535  19.167 0.0000000000
37989  -41.059  -60.605  19.980 0.0000000000
37990  -41.706  -60.210  19.986 0.0000000000
39289  -42.932  -59.474  16.664 0.0000000000
39273  -46.746  -59.578  17.731 0.0000000000
35629  -20.721  -62.782  14.164 0.0000000000
36825  -21.072  -62.097  16.396 0.0000000000
35589  -21.408  -62.319  18.025 0.0000000000
130933  -52.435  -48.478  16.831 0.0000000000
51446  -52.890  -48.882  14.787 0.0000000000
51465  -53.002  -48.764  14.228 0.0000000000
51485  -48.730  -48.412  12.717 0.0000000000
51486  -49.685  -48.711  12.674 0.0000000000
51487  -50.506  -48.913  12.298 0.0000000000
52519  -52.193  -47.686  11.900 0.0000000000
63522  -49.812  -38.108  8.505 0.0000000000
63502  -49.924  -37.962  9.537 0.0000000000
63504  -51.308  -38.006  9.301 0.0000000000
62403  -51.827  -38.128  9.593 0.0000000000
62404  -52.383  -38.273  9.711 0.0000000000
63506  -53.035  -38.190  9.077 0.0000000000
62405  -53.266  -38.352  9.957 0.0000000000
62393  -54.294  -38.270  10.742 0.0000000000
62394  -55.183  -38.425  11.238 0.0000000000
62395  -55.704  -38.324  11.571 0.0000000000
64591  -56.057  -36.819  8.190 0.0000000000
63528  -56.052  -37.425  8.464 0.0000000000
63509  -56.797  -37.756  9.625 0.0000000000
21682  -10.063  -73.829  14.775 0.0000000000
54734  -43.314  -45.894  7.424 0.0000000000
54735  -44.106  -45.551  7.563 0.0000000000
55860  -44.330  -44.647  7.425 0.0000000000
58068  -44.873  -42.903  7.755 0.0000000000
59164  -45.372  -41.859  8.086 0.0000000000
59177  -45.391  -41.568  8.021 0.0000000000
60258  -46.052  -40.846  8.309 0.0000000000
62417  -48.911  -38.492  8.251 0.0000000000
63541  -48.531  -37.980  7.458 0.0000000000
63521  -49.208  -38.126  7.832 0.0000000000
63544  -51.326  -37.609  7.841 0.0000000000
63545  -51.947  -37.627  7.983 0.0000000000
64608  -53.371  -36.836  7.261 0.0000000000
65740  -51.479  -35.373  5.590 0.0000000000
65741  -52.065  -35.430  5.767 0.0000000000
66807  -52.653  -35.050  5.895 0.0000000000
65722  -52.661  -35.536  6.033 0.0000000000
65709  -54.900  -35.902  7.057 0.0000000000
65710  -55.834  -35.585  6.806 0.0000000000
66795  -56.352  -34.806  6.636 0.0000000000
67908  -56.909  -34.095  6.651 0.0000000000
67909  -57.646  -33.563  7.028 0.0000000000
69021  -57.739  -33.028  6.899 0.0000000000
70125  -58.702  -31.491  7.002 0.0000000000
71219  -58.833  -30.631  7.557 0.0000000000
70135  -58.375  -31.295  6.098 0.0000000000
69056  -57.395  -31.869  4.608 0.0000000000
70147  -57.806  -31.332  4.901 0.0000000000
71241  -57.968  -30.643  4.763 0.0000000000
72322  -57.445  -29.731  3.669 0.0000000000
72321  -56.926  -29.519  3.097 0.0000000000
26654  -15.592  -69.584  16.451 0.0000000000
25337  -15.208  -70.302  16.479 0.0000000000
25306  -14.260  -70.325  18.224 0.0000000000
25318  -14.772  -70.469  17.413 0.0000000000
25336  -14.514  -71.127  16.390 0.0000000000
25284  -11.894  -70.726  21.033 0.0000000000
25293  -11.972  -70.917  20.261 0.0000000000
24046  -12.403  -71.370  19.240 0.0000000000
24052  -12.410  -71.919  18.926 0.0000000000
24067  -12.766  -71.959  18.154 0.0000000000
22859  -13.687  -72.375  16.091 0.0000000000
22877  -13.578  -72.656  15.443 0.0000000000
22875  -11.132  -73.203  15.754 0.0000000000
130822  -9.847  -74.496  15.655 0.0000000000
20420  -10.371  -74.524  17.237 0.0000000000
130814  -10.241  -74.662  16.537 0.0000000000
47238  -48.426  -52.371  16.927 0.0000000000
47219  -48.222  -52.435  17.296 0.0000000000
47209  -47.890  -52.659  18.095 0.0000000000
49322  -48.404  -51.136  17.853 0.0000000000
48266  -48.022  -51.559  18.294 0.0000000000
48238  -49.070  -50.940  21.012 0.0000000000
49276  -49.330  -50.573  20.493 0.0000000000
50365  -48.774  -49.617  19.433 0.0000000000
50350  -49.131  -49.700  19.792 0.0000000000
50352  -50.227  -49.892  19.579 0.0000000000
51386  -50.319  -49.425  19.390 0.0000000000
51403  -51.135  -49.333  18.948 0.0000000000
130931  -49.729  -48.410  15.661 0.0000000000
130928  -49.196  -48.020  16.177 0.0000000000
130901  -49.671  -48.033  16.105 0.0000000000
130957  -49.235  -48.119  14.688 0.0000000000
52444  -48.490  -47.491  14.101 0.0000000000
52443  -47.877  -47.531  13.782 0.0000000000
53478  -46.818  -47.148  14.772 0.0000000000
53496  -47.229  -47.261  14.041 0.0000000000
53514  -47.342  -47.503  13.374 0.0000000000
53535  -46.578  -47.801  12.361 0.0000000000
52539  -45.094  -47.624  10.184 0.0000000000
50419  -42.431  -49.958  12.655 0.0000000000
52538  -42.079  -47.621  10.702 0.0000000000
53599  -42.585  -47.120  9.285 0.0000000000
53622  -41.044  -46.951  8.360 0.0000000000
53624  -43.211  -46.873  8.282 0.0000000000
35537  -22.100  -62.952  20.576 0.0000000000
35519  -25.393  -62.791  21.390 0.0000000000
39305  -28.102  -60.216  14.923 0.0000000000
38061  -28.578  -60.527  15.119 0.0000000000
36816  -28.994  -61.759  17.145 0.0000000000
36795  -29.742  -62.471  17.603 0.0000000000
35562  -30.365  -63.089  19.251 0.0000000000
42858  -33.605  -56.905  15.250 0.0000000000
42831  -33.122  -57.617  15.561 0.0000000000
42809  -32.752  -58.122  15.957 0.0000000000
40497  -32.130  -58.580  17.075 0.0000000000
41662  -34.632  -58.539  17.161 0.0000000000
41661  -34.136  -58.330  17.218 0.0000000000
39238  -34.373  -59.751  17.984 0.0000000000
40479  -33.870  -58.959  17.438 0.0000000000
41660  -33.813  -58.340  17.257 0.0000000000
40498  -33.124  -58.684  17.330 0.0000000000
39261  -32.618  -59.354  17.473 0.0000000000
39260  -31.991  -59.375  17.251 0.0000000000
38001  -32.376  -61.082  17.440 0.0000000000
37984  -32.523  -61.978  18.120 0.0000000000
36774  -31.705  -62.415  18.605 0.0000000000
36757  -31.582  -62.656  19.360 0.0000000000
35546  -31.472  -63.213  19.912 0.0000000000
34278  -31.083  -63.761  20.699 0.0000000000
34244  -31.743  -64.158  22.328 0.0000000000
34260  -32.432  -63.290  21.655 0.0000000000
34245  -32.515  -63.555  22.194 0.0000000000
36715  -34.582  -62.355  22.665 0.0000000000
35483  -34.133  -62.756  22.836 0.0000000000
29242  -17.116  -68.196  15.824 0.0000000000
31836  -18.308  -66.308  13.358 0.0000000000
30550  -17.815  -66.972  13.632 0.0000000000
30539  -18.198  -66.820  14.890 0.0000000000
30538  -17.582  -67.356  14.670 0.0000000000
28004  -16.790  -68.151  16.458 0.0000000000
29229  -16.377  -67.949  17.868 0.0000000000
31704  -17.981  -65.885  21.421 0.0000000000
54718  -47.008  -45.540  8.697 0.0000000000
54699  -47.795  -45.583  9.057 0.0000000000
54700  -48.554  -45.438  9.620 0.0000000000
58048  -45.930  -42.484  9.542 0.0000000000
54682  -48.785  -45.161  10.297 0.0000000000
54683  -49.581  -45.465  10.560 0.0000000000
54663  -50.408  -45.382  12.076 0.0000000000
55803  -49.757  -44.409  11.909 0.0000000000
55804  -50.420  -44.646  12.489 0.0000000000
63486  -50.219  -37.859  9.869 0.0000000000
61320  -50.346  -38.795  10.387 0.0000000000
61308  -50.608  -39.471  11.075 0.0000000000
61309  -51.605  -39.344  11.173 0.0000000000
60188  -50.793  -41.274  12.365 0.0000000000
60176  -51.781  -40.894  13.441 0.0000000000
59114  -50.595  -41.570  12.932 0.0000000000
59099  -50.723  -41.940  13.282 0.0000000000
72288  -58.955  -29.622  7.225 0.0000000000
74441  -59.146  -26.840  4.580 0.0000000000
76697  -59.329  -26.137  3.749 0.0000000000
75556  -59.421  -26.414  4.160 0.0000000000
75532  -59.557  -26.363  5.783 0.0000000000
77781  -60.150  -24.706  7.638 0.0000000000
78917  -60.290  -24.281  8.048 0.0000000000
78925  -60.355  -23.342  7.584 0.0000000000
79963  -60.165  -23.057  7.312 0.0000000000
79964  -60.666  -23.044  7.399 0.0000000000
78951  -56.076  -22.849  4.107 0.0000000000
79991  -56.302  -22.458  4.741 0.0000000000
81048  -57.800  -21.408  5.200 0.0000000000
82160  -57.476  -20.980  5.121 0.0000000000
81037  -58.567  -21.414  5.453 0.0000000000
83340  -58.585  -19.342  2.450 0.0000000000
84421  -59.055  -18.381  2.341 0.0000000000
85512  -59.562  -17.844  2.143 0.0000000000
17922  -9.966  -75.274  18.971 0.0000000000
19172  -9.936  -74.834  19.115 0.0000000000
19195  -10.502  -74.743  17.470 0.0000000000
19210  -10.441  -74.876  17.333 0.0000000000
20421  -10.663  -74.158  17.689 0.0000000000
21637  -10.642  -73.512  17.977 0.0000000000
21638  -10.589  -73.240  18.572 0.0000000000
21683  -10.967  -73.708  14.971 0.0000000000
22837  -9.867  -73.268  17.192 0.0000000000
22878  -13.822  -72.623  15.143 0.0000000000
22900  -13.644  -72.707  14.978 0.0000000000
24050  -11.570  -72.648  18.888 0.0000000000
24051  -11.835  -72.447  18.899 0.0000000000
24068  -13.323  -71.738  17.608 0.0000000000
24085  -13.013  -72.536  17.359 0.0000000000
24114  -13.979  -72.572  14.854 0.0000000000
28002  -15.805  -69.166  16.314 0.0000000000
30528  -19.385  -65.860  16.046 0.0000000000
31740  -18.529  -65.459  18.962 0.0000000000
31776  -18.497  -65.902  17.853 0.0000000000
32995  -21.119  -64.291  20.061 0.0000000000
36714  -34.312  -62.495  22.612 0.0000000000
40478  -33.581  -58.424  17.290 0.0000000000
40526  -37.710  -58.666  14.677 0.0000000000
40544  -37.476  -57.746  14.121 0.0000000000
41706  -31.877  -58.441  15.956 0.0000000000
41727  -32.005  -57.608  15.352 0.0000000000
42792  -34.160  -57.928  17.059 0.0000000000
45101  -47.897  -54.450  17.487 0.0000000000
48249  -48.611  -50.769  20.598 0.0000000000
48267  -48.243  -51.337  18.027 0.0000000000
48278  -48.271  -51.418  17.773 0.0000000000
48294  -48.526  -52.359  16.708 0.0000000000
48322  -50.214  -49.093  14.874 0.0000000000
49277  -49.643  -50.839  20.442 0.0000000000
49278  -49.843  -51.007  20.325 0.0000000000
49288  -49.683  -50.298  20.074 0.0000000000
49290  -51.028  -50.095  19.219 0.0000000000
49296  -48.431  -50.017  19.779 0.0000000000
49299  -51.986  -49.631  18.645 0.0000000000
49365  -49.981  -49.122  14.522 0.0000000000
49366  -50.245  -49.297  14.428 0.0000000000
49376  -50.192  -49.372  13.890 0.0000000000
50351  -49.643  -49.637  19.716 0.0000000000
50366  -49.276  -49.522  19.546 0.0000000000
51387  -50.616  -49.620  19.293 0.0000000000
51401  -49.549  -49.228  19.133 0.0000000000
51426  -45.242  -48.178  15.554 0.0000000000
51427  -45.745  -48.158  15.580 0.0000000000
51462  -48.312  -48.363  13.177 0.0000000000
51466  -53.156  -48.831  14.391 0.0000000000
52412  -45.352  -47.980  15.669 0.0000000000
52424  -44.544  -48.045  14.944 0.0000000000
53476  -45.647  -47.441  14.780 0.0000000000
53560  -46.128  -48.225  12.065 0.0000000000
55834  -47.061  -44.019  9.019 0.0000000000
59098  -50.413  -42.026  13.102 0.0000000000
60224  -46.997  -41.370  10.145 0.0000000000
62378  -55.317  -38.298  12.039 0.0000000000
62406  -53.832  -38.350  10.254 0.0000000000
63485  -49.937  -37.913  9.863 0.0000000000
63488  -54.491  -38.181  10.286 0.0000000000
63503  -50.473  -37.949  9.299 0.0000000000
64578  -58.081  -37.031  9.000 0.0000000000
64589  -52.590  -37.416  7.816 0.0000000000
67928  -55.872  -33.837  5.922 0.0000000000
69053  -54.958  -32.748  4.204 0.0000000000
71253  -58.048  -30.189  4.643 0.0000000000
73336  -59.109  -29.103  7.179 0.0000000000
73384  -56.122  -27.616  2.090 0.0000000000
75565  -58.821  -26.441  3.732 0.0000000000
75566  -59.179  -26.467  3.889 0.0000000000
78932  -58.905  -22.922  5.539 0.0000000000
78983  -56.117  -22.619  1.077 0.0000000000
79979  -56.512  -22.102  5.196 0.0000000000
79992  -57.064  -22.522  4.633 0.0000000000
80034  -56.669  -22.475  0.887 0.0000000000
81064  -54.845  -22.117  4.136 0.0000000000
81082  -56.526  -21.593  2.336 0.0000000000
81084  -58.103  -21.313  1.416 0.0000000000
81092  -58.398  -21.429  0.715 0.0000000000
82149  -58.860  -20.886  5.501 0.0000000000
82169  -57.664  -20.458  4.887 0.0000000000
82195  -58.679  -19.726  1.573 0.0000000000
82218  -58.575  -20.999  0.363 0.0000000000
83294  -59.388  -20.023  5.554 0.0000000000
83308  -58.269  -20.272  5.226 0.0000000000
83320  -59.481  -19.411  4.663 0.0000000000
83327  -57.963  -19.969  4.453 0.0000000000
84380  -60.130  -19.144  5.457 0.0000000000
84401  -58.820  -19.326  4.065 0.0000000000
84409  -58.709  -19.019  3.716 0.0000000000
130902  -50.594  -49.004  15.109 0.0000000000
130904  -51.615  -49.843  18.172 0.0000000000
130921  -48.308  -47.774  16.417 0.0000000000
130922  -49.980  -49.034  14.774 0.0000000000
130955  -48.587  -49.789  15.528 0.0000000000
130970  -46.896  -48.226  15.697 0.0000000000
