#!ascii label  , from subject 3589 vox2ras=TkReg
1428
27331  6.112  -70.998  17.007 0.0000000000
63027  41.211  -41.122  6.735 0.0000000000
36479  25.164  -63.711  12.956 0.0000000000
36468  37.058  -63.839  13.076 0.0000000000
38982  18.671  -61.479  13.186 0.0000000000
29928  13.695  -69.408  19.326 0.0000000000
68786  51.238  -36.024  1.788 0.0000000000
61836  51.167  -41.985  9.045 0.0000000000
47030  36.443  -54.565  8.231 0.0000000000
75208  55.184  -28.825  -0.288 0.0000000000
33838  23.844  -65.808  18.143 0.0000000000
28590  9.365  -70.219  18.438 0.0000000000
65325  51.282  -38.075  5.656 0.0000000000
64216  46.451  -39.187  3.519 0.0000000000
59509  40.147  -43.467  9.679 0.0000000000
61795  44.613  -41.403  11.832 0.0000000000
57254  37.925  -45.436  7.415 0.0000000000
41417  32.213  -60.316  9.568 0.0000000000
36473  30.931  -64.104  13.128 0.0000000000
35111  20.640  -65.086  17.985 0.0000000000
29883  17.741  -68.687  20.239 0.0000000000
33888  17.298  -65.995  15.604 0.0000000000
31357  12.933  -67.494  14.334 0.0000000000
38963  21.393  -61.622  14.456 0.0000000000
70925  55.972  -34.263  2.988 0.0000000000
66488  56.002  -37.738  5.369 0.0000000000
61887  45.750  -41.171  7.452 0.0000000000
50594  40.051  -51.727  9.550 0.0000000000
42491  37.114  -59.583  10.936 0.0000000000
70992  52.962  -32.595  -1.487 0.0000000000
73178  57.432  -31.401  -0.819 0.0000000000
77254  57.688  -28.439  -3.417 0.0000000000
32541  23.626  -67.139  20.690 0.0000000000
27329  7.840  -70.751  17.680 0.0000000000
26103  8.315  -71.835  21.044 0.0000000000
26120  7.024  -72.284  20.334 0.0000000000
66532  46.611  -37.546  2.672 0.0000000000
56028  40.738  -46.101  10.473 0.0000000000
58375  41.847  -44.354  11.812 0.0000000000
28558  1.418  -70.558  20.311 0.0000000000
60693  36.749  -43.245  6.633 0.0000000000
39022  26.300  -62.062  11.123 0.0000000000
37744  29.052  -62.441  11.186 0.0000000000
36475  28.683  -63.859  13.331 0.0000000000
36406  20.475  -64.397  16.241 0.0000000000
33861  19.535  -66.206  17.100 0.0000000000
35192  18.560  -65.080  14.774 0.0000000000
40168  20.234  -61.327  15.027 0.0000000000
37637  21.075  -63.753  16.319 0.0000000000
29908  15.826  -68.676  19.543 0.0000000000
68794  54.338  -35.425  2.126 0.0000000000
68761  55.912  -36.173  4.019 0.0000000000
68764  54.166  -35.879  4.239 0.0000000000
63003  51.121  -40.401  7.442 0.0000000000
64141  53.597  -39.869  7.958 0.0000000000
64197  41.357  -39.535  4.719 0.0000000000
64174  43.844  -39.945  5.081 0.0000000000
63009  43.164  -40.973  7.386 0.0000000000
50615  36.127  -51.208  7.365 0.0000000000
51778  37.790  -50.408  7.866 0.0000000000
48223  38.590  -52.988  8.944 0.0000000000
37714  34.473  -62.507  11.496 0.0000000000
41414  34.901  -59.688  9.946 0.0000000000
38995  36.848  -61.550  12.123 0.0000000000
70967  49.650  -33.628  0.342 0.0000000000
72104  50.504  -32.002  -0.377 0.0000000000
70954  52.209  -34.003  0.847 0.0000000000
70962  54.573  -33.567  0.910 0.0000000000
78393  57.186  -26.717  -2.474 0.0000000000
76223  56.349  -28.188  -1.777 0.0000000000
76220  58.168  -29.605  -2.237 0.0000000000
74222  55.518  -30.103  -2.294 0.0000000000
35164  25.209  -65.517  15.638 0.0000000000
33922  27.708  -65.565  14.696 0.0000000000
32622  26.952  -67.303  17.416 0.0000000000
28588  11.386  -69.872  18.618 0.0000000000
28529  12.257  -70.018  21.376 0.0000000000
27254  9.911  -71.116  20.719 0.0000000000
67706  49.099  -35.878  0.940 0.0000000000
67647  51.755  -37.030  4.406 0.0000000000
66529  49.135  -37.362  2.914 0.0000000000
64189  49.318  -39.549  4.200 0.0000000000
63019  49.851  -41.241  5.993 0.0000000000
61873  39.828  -42.130  8.370 0.0000000000
61870  42.546  -41.527  8.843 0.0000000000
61818  41.590  -42.366  10.124 0.0000000000
47032  34.051  -54.602  8.323 0.0000000000
37677  39.531  -62.664  13.933 0.0000000000
28612  3.906  -70.179  16.740 0.0000000000
26122  4.552  -72.103  20.085 0.0000000000
27279  3.084  -71.127  20.069 0.0000000000
61921  38.739  -41.325  5.756 0.0000000000
60691  38.235  -42.860  7.390 0.0000000000
58436  38.685  -44.460  8.744 0.0000000000
54940  40.361  -47.289  9.421 0.0000000000
40262  29.206  -60.786  9.110 0.0000000000
37741  31.959  -62.746  10.876 0.0000000000
35234  34.253  -65.018  13.023 0.0000000000
33899  30.192  -65.888  15.357 0.0000000000
35184  33.111  -64.938  15.487 0.0000000000
32564  21.327  -66.336  20.835 0.0000000000
29881  20.010  -68.522  21.889 0.0000000000
32567  19.318  -67.125  19.807 0.0000000000
31288  17.344  -67.459  18.112 0.0000000000
29942  15.518  -68.353  17.728 0.0000000000
35221  16.429  -65.215  13.331 0.0000000000
32659  15.547  -66.446  14.689 0.0000000000
29984  13.685  -68.683  16.541 0.0000000000
29987  11.234  -68.843  16.229 0.0000000000
30010  9.338  -68.966  14.896 0.0000000000
30012  7.438  -69.401  14.450 0.0000000000
39024  23.640  -61.493  11.226 0.0000000000
40221  21.734  -60.709  12.565 0.0000000000
36482  22.897  -63.459  13.528 0.0000000000
36404  22.906  -64.462  16.187 0.0000000000
35081  22.199  -65.019  19.043 0.0000000000
65351  56.909  -38.452  3.655 0.0000000000
66477  53.392  -37.503  6.396 0.0000000000
64218  44.553  -39.326  3.710 0.0000000000
61919  46.665  -41.322  5.562 0.0000000000
61865  48.401  -42.285  8.422 0.0000000000
61841  45.118  -41.513  10.061 0.0000000000
61812  47.782  -42.028  10.486 0.0000000000
54965  36.686  -47.453  6.626 0.0000000000
53931  39.311  -48.686  8.428 0.0000000000
51733  41.465  -50.378  10.375 0.0000000000
44879  34.803  -56.926  8.622 0.0000000000
44877  36.634  -57.278  9.194 0.0000000000
40215  39.347  -60.556  12.312 0.0000000000
42488  39.385  -58.589  11.255 0.0000000000
43752  39.621  -56.682  9.447 0.0000000000
45938  41.050  -55.168  9.938 0.0000000000
46955  42.547  -54.388  11.405 0.0000000000
74224  53.936  -30.424  -1.776 0.0000000000
72114  55.790  -32.456  -1.791 0.0000000000
72081  56.532  -32.855  0.781 0.0000000000
31213  24.108  -67.704  22.127 0.0000000000
27330  7.332  -71.133  17.097 0.0000000000
26155  7.689  -71.401  18.660 0.0000000000
26140  6.380  -72.306  19.434 0.0000000000
54908  41.651  -47.186  11.533 0.0000000000
56009  41.744  -46.528  11.965 0.0000000000
29930  -0.175  -69.243  18.595 0.0000000000
37747  25.894  -62.869  11.599 0.0000000000
37721  27.612  -63.021  12.085 0.0000000000
36477  26.983  -64.002  13.042 0.0000000000
37665  20.193  -63.034  13.842 0.0000000000
36431  19.626  -64.005  14.546 0.0000000000
36457  18.981  -63.660  13.654 0.0000000000
41337  19.075  -59.952  14.088 0.0000000000
38964  19.276  -61.721  13.841 0.0000000000
37664  20.658  -62.624  14.415 0.0000000000
29927  14.858  -69.106  18.932 0.0000000000
29887  13.636  -69.767  20.686 0.0000000000
68796  52.675  -35.601  1.557 0.0000000000
68773  54.130  -35.987  3.395 0.0000000000
68774  52.661  -36.320  2.788 0.0000000000
61861  51.372  -41.468  8.665 0.0000000000
62990  52.205  -40.570  8.519 0.0000000000
63050  40.561  -40.415  5.855 0.0000000000
63048  42.652  -40.190  5.985 0.0000000000
63026  42.369  -40.714  6.723 0.0000000000
48254  35.060  -53.136  7.552 0.0000000000
49419  35.749  -52.593  7.612 0.0000000000
49417  37.583  -52.344  8.415 0.0000000000
48236  36.993  -53.436  8.271 0.0000000000
36498  36.087  -63.667  12.240 0.0000000000
38996  35.863  -61.605  11.810 0.0000000000
37711  37.569  -62.586  12.418 0.0000000000
69859  50.662  -34.911  0.927 0.0000000000
69867  51.052  -34.075  0.470 0.0000000000
69858  51.336  -34.617  0.852 0.0000000000
69856  53.373  -34.928  1.065 0.0000000000
76214  56.181  -27.963  -1.208 0.0000000000
76224  55.785  -28.536  -1.440 0.0000000000
76230  55.924  -28.743  -2.121 0.0000000000
75220  55.282  -29.042  -1.023 0.0000000000
33859  24.589  -66.005  16.775 0.0000000000
33857  26.054  -66.636  16.822 0.0000000000
32609  25.379  -66.944  17.869 0.0000000000
28607  10.822  -69.620  17.742 0.0000000000
28554  10.707  -70.595  20.145 0.0000000000
28555  10.074  -70.825  19.873 0.0000000000
24943  8.148  -73.175  22.131 0.0000000000
24942  8.860  -72.720  22.482 0.0000000000
67707  48.298  -35.891  0.845 0.0000000000
67676  49.246  -36.756  2.348 0.0000000000
67677  48.058  -36.694  2.168 0.0000000000
65356  46.673  -38.441  3.191 0.0000000000
65355  47.571  -38.661  3.457 0.0000000000
64190  48.707  -39.933  4.080 0.0000000000
63041  49.668  -40.660  5.297 0.0000000000
63068  47.989  -40.409  4.527 0.0000000000
60678  39.866  -42.520  8.790 0.0000000000
61845  40.916  -42.063  9.483 0.0000000000
60639  40.903  -42.902  10.297 0.0000000000
68815  48.715  -35.392  0.433 0.0000000000
27296  3.260  -71.196  19.094 0.0000000000
28575  2.859  -70.642  18.661 0.0000000000
63031  37.042  -40.976  6.250 0.0000000000
61893  38.008  -42.476  6.709 0.0000000000
61894  37.268  -42.385  6.615 0.0000000000
58455  37.450  -44.482  7.305 0.0000000000
58438  37.796  -44.093  7.804 0.0000000000
57253  38.437  -45.180  7.811 0.0000000000
57233  39.539  -45.694  8.823 0.0000000000
56073  39.520  -46.489  8.475 0.0000000000
40263  28.226  -60.561  9.238 0.0000000000
37719  29.636  -63.041  11.870 0.0000000000
37743  30.019  -62.705  11.104 0.0000000000
37717  31.574  -63.148  11.622 0.0000000000
36501  33.090  -63.589  12.068 0.0000000000
36471  32.782  -64.005  12.813 0.0000000000
33880  28.469  -66.593  15.989 0.0000000000
33900  29.080  -65.967  15.434 0.0000000000
33878  30.567  -66.479  16.255 0.0000000000
35162  32.836  -66.045  16.212 0.0000000000
35183  34.305  -65.292  15.299 0.0000000000
33821  21.054  -65.668  19.489 0.0000000000
32566  19.997  -66.868  20.238 0.0000000000
33839  20.029  -65.749  18.634 0.0000000000
32644  18.229  -66.544  16.482 0.0000000000
32612  18.056  -67.071  17.884 0.0000000000
32627  17.648  -66.954  17.177 0.0000000000
31289  16.622  -67.688  18.008 0.0000000000
32629  16.095  -67.177  16.567 0.0000000000
35241  16.653  -64.552  12.794 0.0000000000
32676  13.456  -66.843  13.881 0.0000000000
32675  14.502  -66.424  13.858 0.0000000000
32661  13.673  -67.263  14.588 0.0000000000
31321  14.308  -68.087  16.102 0.0000000000
31322  13.317  -68.213  15.788 0.0000000000
29986  11.999  -68.709  16.600 0.0000000000
31339  12.594  -67.956  15.060 0.0000000000
30011  8.360  -69.138  14.750 0.0000000000
39044  24.580  -61.253  10.582 0.0000000000
40235  23.419  -60.858  10.669 0.0000000000
40184  21.236  -60.920  14.104 0.0000000000
40183  21.404  -61.313  13.504 0.0000000000
38981  22.042  -62.513  13.154 0.0000000000
37681  22.200  -63.166  13.920 0.0000000000
36429  22.533  -64.236  14.871 0.0000000000
36430  21.923  -63.763  14.764 0.0000000000
36378  20.787  -64.236  17.732 0.0000000000
36376  21.953  -64.225  17.737 0.0000000000
35110  21.159  -64.783  18.273 0.0000000000
35062  22.000  -65.424  19.569 0.0000000000
29882  18.847  -68.565  21.076 0.0000000000
24960  4.185  -73.020  21.266 0.0000000000
24946  4.603  -73.521  22.352 0.0000000000
69835  56.670  -34.927  2.852 0.0000000000
67634  55.852  -36.825  4.873 0.0000000000
66496  56.322  -37.845  3.791 0.0000000000
65335  56.391  -38.679  4.499 0.0000000000
64168  56.675  -39.508  5.094 0.0000000000
66498  51.497  -37.683  4.796 0.0000000000
66490  52.465  -37.163  5.651 0.0000000000
66478  52.479  -37.563  6.325 0.0000000000
64139  54.898  -39.746  7.423 0.0000000000
63024  44.253  -40.792  6.303 0.0000000000
63045  45.324  -40.795  5.022 0.0000000000
63006  45.897  -41.140  6.610 0.0000000000
61901  47.531  -41.931  6.331 0.0000000000
61866  47.312  -41.937  8.421 0.0000000000
61843  43.163  -41.643  9.828 0.0000000000
61869  43.603  -41.287  9.020 0.0000000000
61815  44.874  -41.412  10.852 0.0000000000
54980  35.994  -47.497  6.097 0.0000000000
50596  38.667  -51.354  8.680 0.0000000000
52902  38.193  -49.744  8.009 0.0000000000
51761  39.558  -50.435  9.311 0.0000000000
52876  39.747  -49.499  9.384 0.0000000000
50580  40.579  -51.243  9.950 0.0000000000
42537  31.226  -58.668  8.764 0.0000000000
42536  32.179  -58.535  9.057 0.0000000000
42492  36.403  -59.688  9.922 0.0000000000
42517  34.740  -59.044  9.342 0.0000000000
43738  36.403  -58.375  9.528 0.0000000000
44878  35.527  -57.001  9.027 0.0000000000
43737  37.245  -57.924  9.964 0.0000000000
38979  39.907  -62.035  13.239 0.0000000000
42487  40.519  -58.397  10.950 0.0000000000
43734  39.646  -57.446  9.847 0.0000000000
43733  40.679  -57.146  9.838 0.0000000000
44874  40.691  -56.048  9.571 0.0000000000
43732  41.798  -57.113  10.203 0.0000000000
72103  51.407  -32.041  -0.582 0.0000000000
73183  53.120  -31.266  -1.580 0.0000000000
73182  54.024  -31.341  -2.258 0.0000000000
70991  53.617  -33.101  -1.676 0.0000000000
72071  55.385  -33.800  1.744 0.0000000000
72091  55.297  -33.330  0.658 0.0000000000
72069  56.147  -33.205  1.878 0.0000000000
72067  57.148  -33.372  1.305 0.0000000000
77255  57.465  -27.625  -3.341 0.0000000000
74219  58.383  -30.354  -1.109 0.0000000000
74207  59.198  -30.610  -0.870 0.0000000000
74202  58.257  -31.574  -0.524 0.0000000000
33795  23.848  -66.147  19.438 0.0000000000
32589  24.899  -67.251  18.692 0.0000000000
32540  24.637  -67.544  20.724 0.0000000000
28591  8.757  -70.611  18.568 0.0000000000
27277  9.120  -71.319  19.841 0.0000000000
27294  8.520  -71.400  19.712 0.0000000000
26104  7.548  -72.329  20.895 0.0000000000
24944  6.994  -73.188  22.338 0.0000000000
66533  45.663  -37.519  2.443 0.0000000000
65357  45.804  -38.670  3.181 0.0000000000
58417  40.151  -44.248  9.647 0.0000000000
58393  40.922  -44.121  10.824 0.0000000000
57168  40.889  -45.214  11.196 0.0000000000
57151  41.807  -45.455  12.454 0.0000000000
28593  1.991  -69.632  18.437 0.0000000000
28594  1.184  -69.707  18.494 0.0000000000
28559  0.136  -70.053  19.906 0.0000000000
60700  36.801  -42.699  6.609 0.0000000000
57255  37.193  -45.381  6.879 0.0000000000
39041  27.802  -61.919  10.064 0.0000000000
37745  28.011  -62.519  11.184 0.0000000000
37720  28.626  -63.092  11.869 0.0000000000
36474  29.836  -64.117  13.438 0.0000000000
36389  20.200  -64.058  17.115 0.0000000000
33860  19.903  -65.717  17.704 0.0000000000
35168  19.904  -64.980  16.062 0.0000000000
33905  18.613  -65.574  15.352 0.0000000000
33906  17.866  -65.640  14.898 0.0000000000
31358  11.956  -67.509  14.225 0.0000000000
33941  11.055  -66.159  12.538 0.0000000000
41335  20.361  -60.162  14.113 0.0000000000
40167  20.706  -61.026  15.050 0.0000000000
38932  21.135  -62.546  14.888 0.0000000000
38933  20.980  -62.797  14.935 0.0000000000
37638  20.811  -63.796  16.345 0.0000000000
29907  16.834  -68.208  20.167 0.0000000000
69846  54.835  -34.788  2.211 0.0000000000
69820  56.132  -35.147  3.494 0.0000000000
69822  55.098  -35.046  3.658 0.0000000000
68745  55.005  -35.954  4.883 0.0000000000
67636  54.602  -36.501  5.424 0.0000000000
64160  51.170  -39.157  6.610 0.0000000000
65303  52.226  -38.742  7.293 0.0000000000
64142  52.601  -39.680  8.030 0.0000000000
61860  53.104  -41.423  7.818 0.0000000000
64195  43.217  -39.617  4.471 0.0000000000
64175  42.920  -39.966  5.184 0.0000000000
63025  43.338  -40.732  6.523 0.0000000000
63008  44.126  -40.793  7.214 0.0000000000
61794  45.659  -41.369  11.755 0.0000000000
52936  35.488  -49.488  6.164 0.0000000000
52935  36.176  -49.112  6.329 0.0000000000
50614  36.704  -50.894  7.491 0.0000000000
49416  38.261  -51.999  8.674 0.0000000000
49407  38.896  -52.352  8.834 0.0000000000
39035  33.339  -61.459  10.572 0.0000000000
41416  32.917  -59.877  9.513 0.0000000000
40234  34.229  -60.761  10.799 0.0000000000
40232  35.673  -60.744  11.393 0.0000000000
41375  37.061  -59.899  12.109 0.0000000000
72093  49.077  -32.892  0.045 0.0000000000
72105  49.528  -32.054  -0.231 0.0000000000
72092  50.060  -32.733  0.131 0.0000000000
70981  50.854  -32.661  -0.208 0.0000000000
70979  52.627  -33.307  -0.867 0.0000000000
70978  53.744  -33.628  -0.670 0.0000000000
70964  52.838  -33.902  0.072 0.0000000000
70952  53.816  -33.993  1.338 0.0000000000
78374  56.173  -26.953  -1.062 0.0000000000
77245  57.086  -27.283  -1.991 0.0000000000
77249  57.561  -28.498  -2.982 0.0000000000
76226  58.249  -29.470  -2.880 0.0000000000
76228  57.198  -29.126  -2.633 0.0000000000
75242  56.699  -29.743  -2.282 0.0000000000
74229  56.554  -30.588  -2.058 0.0000000000
35216  25.041  -64.722  14.363 0.0000000000
36451  26.608  -64.283  13.694 0.0000000000
33903  26.073  -65.643  15.389 0.0000000000
33881  27.458  -66.562  16.023 0.0000000000
32621  27.896  -67.558  17.366 0.0000000000
29945  12.722  -69.556  18.474 0.0000000000
29911  12.598  -69.889  20.307 0.0000000000
28570  12.100  -70.296  19.949 0.0000000000
28530  11.294  -70.145  21.086 0.0000000000
26102  9.174  -71.632  21.233 0.0000000000
26090  9.962  -72.206  21.759 0.0000000000
67690  50.226  -35.875  1.612 0.0000000000
67674  51.323  -36.410  2.232 0.0000000000
67675  50.518  -36.485  1.948 0.0000000000
66509  50.568  -37.645  3.761 0.0000000000
65338  50.477  -38.511  4.468 0.0000000000
66512  48.045  -38.058  2.975 0.0000000000
65353  49.264  -38.449  3.660 0.0000000000
65327  50.063  -39.092  4.959 0.0000000000
64161  50.447  -39.894  6.253 0.0000000000
63004  50.612  -41.002  7.103 0.0000000000
61882  50.731  -41.821  7.714 0.0000000000
61904  40.296  -41.605  7.045 0.0000000000
63011  41.430  -41.497  7.360 0.0000000000
61872  40.701  -41.964  8.557 0.0000000000
61844  42.074  -41.892  9.637 0.0000000000
61817  42.706  -42.091  10.741 0.0000000000
60620  41.493  -43.165  11.049 0.0000000000
60619  42.423  -42.975  11.605 0.0000000000
61781  43.256  -41.994  12.830 0.0000000000
48225  35.120  -54.397  8.510 0.0000000000
37678  38.584  -62.979  14.173 0.0000000000
70982  48.119  -33.229  -0.347 0.0000000000
70968  48.585  -33.658  0.147 0.0000000000
68814  49.726  -35.398  0.887 0.0000000000
76195  55.389  -28.372  1.498 0.0000000000
76206  55.137  -28.967  1.015 0.0000000000
27332  4.895  -70.528  17.083 0.0000000000
27312  5.472  -71.203  17.940 0.0000000000
26159  4.430  -71.244  18.884 0.0000000000
26123  3.624  -71.636  20.400 0.0000000000
26091  3.111  -72.201  21.676 0.0000000000
28557  2.186  -70.645  19.929 0.0000000000
63071  40.048  -40.226  5.211 0.0000000000
63052  38.515  -40.754  5.362 0.0000000000
63029  39.564  -41.296  6.185 0.0000000000
61905  39.455  -41.699  6.653 0.0000000000
61874  39.105  -42.175  8.017 0.0000000000
60679  39.279  -42.885  8.494 0.0000000000
60692  37.513  -43.136  6.887 0.0000000000
59525  38.612  -43.638  8.391 0.0000000000
58418  39.361  -44.394  9.273 0.0000000000
57211  39.928  -45.225  9.296 0.0000000000
56052  40.502  -46.571  9.739 0.0000000000
53880  40.964  -48.099  10.505 0.0000000000
40260  31.061  -60.395  9.264 0.0000000000
40248  29.214  -61.642  9.511 0.0000000000
39038  30.956  -61.864  9.790 0.0000000000
39037  31.933  -61.604  10.108 0.0000000000
37740  32.877  -62.410  10.803 0.0000000000
36500  33.967  -63.318  12.189 0.0000000000
35233  35.416  -64.703  13.458 0.0000000000
35213  28.351  -65.100  14.120 0.0000000000
35236  29.691  -64.628  14.025 0.0000000000
36449  30.694  -64.429  13.946 0.0000000000
33877  31.672  -66.338  16.728 0.0000000000
35185  31.929  -65.233  15.464 0.0000000000
35209  32.345  -64.762  14.521 0.0000000000
35208  33.531  -64.732  14.249 0.0000000000
35207  34.808  -64.904  14.326 0.0000000000
35180  36.693  -64.296  14.984 0.0000000000
31236  21.434  -67.428  21.674 0.0000000000
31237  20.592  -67.698  21.626 0.0000000000
31255  19.274  -67.555  20.279 0.0000000000
31256  18.628  -67.763  19.813 0.0000000000
32610  19.474  -66.443  18.488 0.0000000000
31274  18.282  -67.653  19.070 0.0000000000
31257  17.583  -67.961  19.774 0.0000000000
31258  16.706  -67.932  19.483 0.0000000000
29926  15.703  -68.445  18.545 0.0000000000
29943  14.977  -68.785  17.978 0.0000000000
36458  17.967  -63.576  13.210 0.0000000000
35220  17.112  -64.983  13.589 0.0000000000
33907  16.884  -65.937  14.869 0.0000000000
33937  15.110  -65.771  13.188 0.0000000000
32646  16.374  -66.356  15.835 0.0000000000
32647  15.384  -67.199  15.917 0.0000000000
29963  14.416  -68.813  17.109 0.0000000000
29944  14.003  -69.087  18.233 0.0000000000
29965  12.381  -69.049  17.395 0.0000000000
29966  11.479  -69.204  17.234 0.0000000000
29967  10.614  -69.302  16.888 0.0000000000
30008  10.749  -68.685  15.542 0.0000000000
29988  10.387  -69.097  16.092 0.0000000000
28627  9.576  -69.489  16.676 0.0000000000
28628  9.008  -69.709  16.636 0.0000000000
28629  7.955  -70.344  16.285 0.0000000000
27349  6.742  -70.741  16.153 0.0000000000
27350  5.656  -70.534  16.071 0.0000000000
28631  4.751  -70.240  15.696 0.0000000000
39043  25.709  -61.383  10.447 0.0000000000
39023  24.988  -62.085  11.536 0.0000000000
37724  24.629  -62.970  12.003 0.0000000000
39025  22.854  -61.338  11.569 0.0000000000
37725  23.623  -63.129  12.453 0.0000000000
36480  24.258  -63.632  13.267 0.0000000000
35217  24.233  -64.511  14.268 0.0000000000
35166  23.983  -64.628  16.068 0.0000000000
35137  23.497  -64.911  16.920 0.0000000000
37636  21.364  -64.098  16.076 0.0000000000
36375  22.603  -64.445  17.679 0.0000000000
33819  23.554  -65.548  18.898 0.0000000000
33796  23.080  -65.605  19.692 0.0000000000
33781  22.118  -66.166  20.501 0.0000000000
24983  5.525  -72.671  19.745 0.0000000000
24945  5.904  -73.299  22.300 0.0000000000
68760  56.222  -36.010  3.663 0.0000000000
67646  52.538  -36.755  4.111 0.0000000000
67621  54.044  -36.861  6.133 0.0000000000
66475  55.272  -37.831  6.439 0.0000000000
65301  53.940  -38.754  7.455 0.0000000000
66461  55.261  -38.673  6.500 0.0000000000
65310  55.153  -38.983  6.198 0.0000000000
65379  44.368  -38.123  2.846 0.0000000000
64217  45.527  -39.344  3.604 0.0000000000
64194  44.150  -39.706  4.369 0.0000000000
64193  45.216  -39.897  4.356 0.0000000000
63069  46.913  -40.404  4.536 0.0000000000
63021  47.620  -41.624  5.697 0.0000000000
61884  48.995  -42.161  7.510 0.0000000000
60677  50.085  -42.454  8.924 0.0000000000
62995  42.957  -41.180  8.209 0.0000000000
62994  43.942  -40.958  8.160 0.0000000000
61867  46.042  -41.534  8.481 0.0000000000
61814  45.815  -41.570  10.775 0.0000000000
61840  45.883  -41.721  9.748 0.0000000000
61839  46.938  -41.933  9.529 0.0000000000
61838  48.006  -42.250  9.432 0.0000000000
60636  49.284  -42.530  9.871 0.0000000000
57273  35.751  -45.356  5.964 0.0000000000
56086  37.681  -46.286  6.977 0.0000000000
53947  37.088  -48.358  7.074 0.0000000000
54963  38.014  -47.907  7.258 0.0000000000
54954  38.496  -47.473  7.376 0.0000000000
53915  39.713  -48.425  9.097 0.0000000000
52856  40.916  -49.112  10.371 0.0000000000
51732  42.002  -49.868  10.791 0.0000000000
42518  33.617  -58.779  9.220 0.0000000000
45961  34.448  -55.765  8.771 0.0000000000
45960  35.206  -55.992  8.566 0.0000000000
45958  36.842  -55.888  8.684 0.0000000000
37694  38.722  -62.430  13.044 0.0000000000
40231  38.542  -60.841  11.952 0.0000000000
42461  38.247  -59.481  11.719 0.0000000000
42460  39.153  -59.459  11.633 0.0000000000
42489  38.545  -59.037  11.043 0.0000000000
43736  38.004  -57.644  10.190 0.0000000000
44893  38.376  -56.553  9.115 0.0000000000
45980  37.917  -55.452  8.581 0.0000000000
47002  39.114  -54.525  8.732 0.0000000000
47001  39.842  -54.385  9.207 0.0000000000
48221  40.238  -53.416  9.426 0.0000000000
43708  43.251  -56.376  10.625 0.0000000000
45923  42.170  -55.133  11.125 0.0000000000
48219  41.452  -52.864  10.048 0.0000000000
49375  42.099  -52.212  10.873 0.0000000000
75209  54.661  -29.097  0.246 0.0000000000
75221  54.610  -29.322  -0.669 0.0000000000
74223  54.846  -30.528  -2.229 0.0000000000
73189  55.374  -31.387  -2.537 0.0000000000
72113  56.349  -31.918  -1.453 0.0000000000
70976  55.298  -33.188  -0.555 0.0000000000
72100  55.639  -32.822  -0.478 0.0000000000
73167  56.836  -31.676  -0.459 0.0000000000
72079  57.529  -32.876  0.404 0.0000000000
29864  22.315  -68.216  22.969 0.0000000000
29863  22.886  -67.969  23.125 0.0000000000
27311  6.535  -71.382  17.864 0.0000000000
53871  41.769  -48.096  11.784 0.0000000000
37697  25.707  -63.496  12.747 0.0000000000
36508  26.756  -63.563  12.824 0.0000000000
36478  26.176  -63.673  13.047 0.0000000000
37682  19.041  -62.453  13.058 0.0000000000
29909  14.531  -69.387  19.802 0.0000000000
68797  51.715  -35.497  1.379 0.0000000000
68784  52.925  -36.154  2.463 0.0000000000
68785  51.973  -36.156  2.163 0.0000000000
61835  51.544  -41.927  9.024 0.0000000000
62975  51.898  -41.226  9.104 0.0000000000
63049  41.645  -40.312  6.010 0.0000000000
48237  35.797  -53.471  7.967 0.0000000000
48253  35.456  -52.900  7.602 0.0000000000
36469  36.414  -64.174  12.874 0.0000000000
36497  36.872  -63.239  12.258 0.0000000000
68798  50.634  -35.495  1.315 0.0000000000
76215  55.688  -28.244  -0.629 0.0000000000
33837  24.685  -66.071  17.742 0.0000000000
33836  25.170  -66.540  17.673 0.0000000000
33817  24.926  -66.525  18.181 0.0000000000
28589  10.270  -70.021  18.476 0.0000000000
28572  10.566  -70.301  19.395 0.0000000000
28573  9.811  -70.445  19.224 0.0000000000
67693  47.436  -36.122  1.298 0.0000000000
64215  47.029  -38.957  3.509 0.0000000000
64191  47.385  -39.543  3.981 0.0000000000
60661  40.128  -42.819  9.398 0.0000000000
60640  40.349  -43.156  9.915 0.0000000000
28592  2.776  -70.119  18.210 0.0000000000
61907  37.550  -41.747  6.476 0.0000000000
61908  36.553  -41.839  6.539 0.0000000000
58454  38.090  -44.633  7.730 0.0000000000
57235  38.483  -45.794  7.752 0.0000000000
56074  38.890  -46.528  7.853 0.0000000000
36504  30.245  -63.565  12.560 0.0000000000
37718  30.615  -63.091  11.765 0.0000000000
36503  31.249  -63.463  12.472 0.0000000000
36502  32.190  -63.517  12.279 0.0000000000
36472  31.901  -63.932  13.056 0.0000000000
32640  28.766  -66.967  16.789 0.0000000000
33879  29.500  -66.483  16.096 0.0000000000
32639  29.843  -66.897  16.950 0.0000000000
35083  20.850  -65.312  18.827 0.0000000000
33822  20.429  -65.881  19.249 0.0000000000
35084  20.492  -65.507  18.681 0.0000000000
32645  17.410  -66.502  16.274 0.0000000000
32628  16.840  -67.047  16.728 0.0000000000
31356  13.403  -67.325  14.435 0.0000000000
31338  13.458  -67.617  14.968 0.0000000000
38962  21.718  -61.965  13.955 0.0000000000
37663  21.851  -62.948  14.480 0.0000000000
35082  21.518  -65.232  19.113 0.0000000000
24947  3.217  -72.881  22.080 0.0000000000
24936  3.648  -73.509  22.856 0.0000000000
70940  56.357  -33.780  2.415 0.0000000000
70923  56.637  -34.520  2.611 0.0000000000
70924  56.410  -34.563  2.937 0.0000000000
66497  56.041  -37.509  4.497 0.0000000000
65336  56.013  -38.185  4.868 0.0000000000
65323  56.399  -38.923  4.943 0.0000000000
65324  55.821  -38.931  5.178 0.0000000000
66479  51.838  -37.540  6.049 0.0000000000
63007  45.018  -40.988  6.920 0.0000000000
61886  46.667  -41.700  7.278 0.0000000000
61816  43.848  -41.587  10.827 0.0000000000
53965  35.693  -48.431  6.079 0.0000000000
50595  39.418  -51.418  9.121 0.0000000000
51762  38.974  -50.503  8.881 0.0000000000
50581  39.877  -51.040  9.636 0.0000000000
41428  31.810  -59.702  9.226 0.0000000000
42516  35.621  -58.933  9.520 0.0000000000
43714  36.719  -59.060  10.299 0.0000000000
43713  37.160  -58.759  10.466 0.0000000000
42457  42.285  -59.178  11.553 0.0000000000
42515  40.689  -57.868  10.392 0.0000000000
42514  41.397  -57.992  10.491 0.0000000000
42513  42.236  -57.885  10.464 0.0000000000
72102  52.383  -32.108  -1.074 0.0000000000
73169  51.958  -31.245  -0.924 0.0000000000
73168  52.487  -31.274  -1.217 0.0000000000
72117  52.929  -32.057  -1.583 0.0000000000
72116  53.461  -32.161  -1.974 0.0000000000
70941  55.871  -33.709  2.454 0.0000000000
72070  55.652  -33.472  1.905 0.0000000000
77261  57.446  -27.564  -4.035 0.0000000000
76233  57.759  -28.954  -3.607 0.0000000000
74220  57.777  -30.689  -1.197 0.0000000000
75219  58.597  -30.198  -1.055 0.0000000000
74208  58.544  -30.699  -0.780 0.0000000000
74201  58.694  -31.263  -0.307 0.0000000000
74209  57.964  -31.319  -0.717 0.0000000000
32562  23.320  -66.487  20.024 0.0000000000
32561  24.216  -67.021  19.760 0.0000000000
28609  8.565  -70.287  17.593 0.0000000000
27309  8.116  -70.910  18.388 0.0000000000
26139  7.743  -71.637  19.519 0.0000000000
24958  6.744  -73.119  21.177 0.0000000000
66534  44.777  -37.479  2.483 0.0000000000
65377  46.006  -38.097  2.793 0.0000000000
65378  45.250  -38.163  2.730 0.0000000000
57187  40.408  -45.150  10.120 0.0000000000
57169  40.590  -44.920  10.672 0.0000000000
57186  40.648  -45.346  10.614 0.0000000000
39042  26.780  -61.728  10.254 0.0000000000
39021  27.275  -62.225  10.773 0.0000000000
36506  28.209  -63.559  12.576 0.0000000000
36505  29.244  -63.547  12.594 0.0000000000
35167  20.372  -65.009  16.498 0.0000000000
36407  20.023  -64.231  15.367 0.0000000000
35218  18.953  -64.515  14.396 0.0000000000
35191  19.227  -64.852  15.288 0.0000000000
40187  19.496  -60.927  14.533 0.0000000000
41336  19.759  -60.022  14.236 0.0000000000
40186  20.188  -60.632  14.639 0.0000000000
40185  20.697  -60.668  14.472 0.0000000000
38948  20.798  -61.881  15.113 0.0000000000
37647  20.607  -63.507  15.220 0.0000000000
37639  20.652  -63.976  16.299 0.0000000000
29885  15.271  -69.423  20.012 0.0000000000
69838  55.162  -34.694  3.072 0.0000000000
68782  54.505  -35.345  2.871 0.0000000000
68746  54.454  -35.973  4.871 0.0000000000
64151  51.550  -39.613  7.377 0.0000000000
64143  51.905  -40.107  8.116 0.0000000000
62989  52.772  -40.779  8.039 0.0000000000
64196  42.270  -39.592  4.599 0.0000000000
64176  41.991  -39.971  5.264 0.0000000000
51801  35.006  -50.465  6.256 0.0000000000
51792  35.765  -50.442  6.733 0.0000000000
51791  36.428  -50.307  7.123 0.0000000000
49408  38.248  -52.631  8.868 0.0000000000
37738  34.220  -61.992  11.004 0.0000000000
39015  33.868  -61.536  10.718 0.0000000000
39014  34.600  -61.531  11.142 0.0000000000
40219  36.312  -60.714  12.030 0.0000000000
41394  36.510  -60.187  11.248 0.0000000000
40218  37.128  -60.682  12.194 0.0000000000
70966  50.770  -33.459  0.229 0.0000000000
70965  51.765  -33.760  0.169 0.0000000000
70980  51.587  -32.958  -0.473 0.0000000000
69855  54.224  -34.854  1.540 0.0000000000
77246  56.571  -27.557  -1.582 0.0000000000
77251  56.771  -27.840  -2.093 0.0000000000
77250  57.214  -27.809  -2.624 0.0000000000
76229  56.574  -28.660  -2.371 0.0000000000
75243  56.004  -29.497  -2.304 0.0000000000
75233  56.875  -30.151  -1.889 0.0000000000
74230  55.981  -30.484  -2.417 0.0000000000
35188  25.370  -65.220  15.172 0.0000000000
35187  25.980  -65.203  15.035 0.0000000000
33904  25.490  -65.580  15.552 0.0000000000
32623  26.081  -66.912  17.262 0.0000000000
33882  26.331  -66.390  16.254 0.0000000000
32642  26.934  -67.002  16.744 0.0000000000
31299  27.623  -67.454  16.939 0.0000000000
31300  27.411  -67.384  17.121 0.0000000000
28587  12.077  -69.990  19.320 0.0000000000
28531  10.835  -70.779  20.428 0.0000000000
28553  11.368  -70.137  20.516 0.0000000000
27253  10.735  -71.087  20.565 0.0000000000
27255  9.065  -71.161  20.619 0.0000000000
67691  49.592  -35.954  1.485 0.0000000000
67663  49.512  -37.147  2.944 0.0000000000
66510  49.618  -37.667  3.355 0.0000000000
65352  49.980  -38.333  3.802 0.0000000000
67678  47.036  -36.754  2.155 0.0000000000
66531  47.581  -37.375  2.651 0.0000000000
65340  48.920  -39.070  4.004 0.0000000000
65354  48.469  -38.528  3.549 0.0000000000
65339  49.700  -39.025  4.252 0.0000000000
64170  50.246  -39.466  5.375 0.0000000000
64171  49.646  -39.934  4.944 0.0000000000
64162  50.035  -40.477  5.545 0.0000000000
63005  50.016  -41.519  6.833 0.0000000000
61890  40.441  -41.854  7.793 0.0000000000
61819  40.958  -42.345  10.007 0.0000000000
58376  41.189  -44.336  11.321 0.0000000000
59475  41.221  -43.722  10.976 0.0000000000
59474  41.822  -43.746  11.399 0.0000000000
61782  43.039  -42.626  12.153 0.0000000000
61797  42.980  -42.358  11.695 0.0000000000
61762  44.288  -41.802  13.907 0.0000000000
48239  33.632  -54.229  7.777 0.0000000000
48238  34.666  -53.957  7.951 0.0000000000
70969  47.683  -33.793  -0.067 0.0000000000
67705  49.450  -35.750  1.094 0.0000000000
68799  49.975  -35.615  1.289 0.0000000000
27313  4.340  -70.891  18.369 0.0000000000
26143  3.569  -71.307  19.797 0.0000000000
24971  3.441  -72.098  20.831 0.0000000000
26105  3.070  -71.849  21.189 0.0000000000
28577  1.277  -69.976  19.286 0.0000000000
63072  39.263  -40.189  4.879 0.0000000000
63030  37.961  -41.215  5.929 0.0000000000
63051  39.492  -40.833  5.719 0.0000000000
61920  39.204  -41.513  6.020 0.0000000000
61906  38.534  -41.896  6.268 0.0000000000
61892  38.850  -42.314  7.195 0.0000000000
60690  38.800  -42.680  7.826 0.0000000000
60680  38.476  -43.173  7.932 0.0000000000
58437  38.262  -44.167  8.154 0.0000000000
59526  38.048  -43.633  7.936 0.0000000000
57212  39.131  -45.120  9.064 0.0000000000
56053  39.986  -46.360  9.219 0.0000000000
54924  40.729  -47.259  10.096 0.0000000000
41430  29.771  -59.913  8.504 0.0000000000
41429  30.754  -59.721  8.826 0.0000000000
40261  30.299  -60.754  8.983 0.0000000000
37761  28.530  -62.283  10.805 0.0000000000
39040  28.849  -62.202  10.181 0.0000000000
37742  30.943  -62.934  10.772 0.0000000000
39018  30.354  -62.378  10.404 0.0000000000
39017  30.903  -62.395  10.308 0.0000000000
37760  31.501  -62.330  10.331 0.0000000000
37758  32.676  -62.097  10.541 0.0000000000
36470  33.614  -64.127  12.562 0.0000000000
35259  34.372  -64.062  12.405 0.0000000000
35258  35.174  -64.380  12.489 0.0000000000
33923  26.748  -65.415  14.795 0.0000000000
35214  27.294  -64.864  14.129 0.0000000000
33920  29.505  -65.511  14.862 0.0000000000
35212  29.267  -65.107  14.290 0.0000000000
35211  30.241  -65.025  14.518 0.0000000000
36450  30.124  -64.511  14.003 0.0000000000
35182  35.437  -64.839  15.317 0.0000000000
35206  35.905  -64.734  14.425 0.0000000000
32544  21.016  -66.880  21.226 0.0000000000
32625  19.271  -66.417  17.780 0.0000000000
32611  18.686  -66.978  18.310 0.0000000000
31287  17.979  -67.448  18.461 0.0000000000
31275  17.464  -67.906  18.940 0.0000000000
31276  16.757  -67.877  18.711 0.0000000000
31290  16.010  -67.977  17.854 0.0000000000
31277  16.227  -67.943  18.481 0.0000000000
35240  17.454  -64.343  13.092 0.0000000000
33925  17.326  -65.392  14.277 0.0000000000
33926  16.637  -65.531  14.072 0.0000000000
35243  14.511  -64.939  12.775 0.0000000000
32674  15.223  -66.222  13.652 0.0000000000
29964  13.357  -69.026  17.383 0.0000000000
31324  11.759  -68.469  16.041 0.0000000000
31359  10.831  -67.827  14.039 0.0000000000
31340  11.468  -68.141  15.300 0.0000000000
31342  9.906  -68.547  14.762 0.0000000000
30009  10.097  -68.871  15.332 0.0000000000
29989  9.565  -69.225  16.020 0.0000000000
29968  9.975  -69.351  16.623 0.0000000000
29991  7.995  -69.888  15.124 0.0000000000
28652  6.869  -70.221  15.152 0.0000000000
28653  5.804  -69.670  15.045 0.0000000000
28630  5.398  -70.148  15.362 0.0000000000
28654  4.896  -69.533  15.258 0.0000000000
37748  25.239  -62.845  11.809 0.0000000000
38998  24.545  -62.484  11.815 0.0000000000
41382  22.332  -59.930  11.422 0.0000000000
40220  22.389  -60.819  12.057 0.0000000000
37699  22.661  -63.195  13.083 0.0000000000
37726  23.026  -62.979  12.626 0.0000000000
37698  23.157  -63.231  12.835 0.0000000000
36511  23.927  -63.412  12.913 0.0000000000
36481  23.409  -63.471  13.259 0.0000000000
36454  23.843  -63.952  13.880 0.0000000000
35190  23.375  -64.667  15.371 0.0000000000
37645  21.140  -63.490  15.333 0.0000000000
35108  22.418  -64.692  18.350 0.0000000000
35107  23.099  -65.053  17.933 0.0000000000
35080  22.861  -65.046  19.018 0.0000000000
35061  22.532  -65.262  19.528 0.0000000000
33798  21.499  -65.883  20.116 0.0000000000
33782  21.671  -66.220  20.679 0.0000000000
32543  21.792  -66.679  21.090 0.0000000000
28551  12.728  -69.691  21.026 0.0000000000
26141  5.217  -72.113  19.439 0.0000000000
24984  5.104  -72.644  19.699 0.0000000000
23748  5.402  -73.195  22.923 0.0000000000
24959  5.379  -73.280  21.241 0.0000000000
23747  5.902  -73.063  22.956 0.0000000000
24934  6.240  -73.255  22.786 0.0000000000
23736  5.884  -73.522  23.243 0.0000000000
68762  55.598  -35.678  4.124 0.0000000000
69819  56.302  -35.510  3.429 0.0000000000
67661  51.491  -36.710  3.197 0.0000000000
66489  53.020  -37.104  5.938 0.0000000000
67622  53.435  -36.915  5.993 0.0000000000
66476  54.384  -37.752  6.520 0.0000000000
65302  52.959  -38.618  7.714 0.0000000000
65286  54.250  -39.273  7.791 0.0000000000
65284  54.869  -39.485  7.316 0.0000000000
64148  55.357  -39.629  6.534 0.0000000000
66460  55.703  -38.868  6.710 0.0000000000
64159  55.928  -39.794  5.894 0.0000000000
65359  43.948  -38.729  3.241 0.0000000000
65380  43.480  -38.130  2.864 0.0000000000
65358  44.902  -38.764  3.177 0.0000000000
63022  45.965  -41.156  5.736 0.0000000000
63070  46.003  -40.475  4.509 0.0000000000
63044  46.390  -40.795  5.165 0.0000000000
63043  47.478  -40.993  5.323 0.0000000000
61918  47.123  -41.665  5.706 0.0000000000
61885  47.915  -42.025  7.428 0.0000000000
61864  49.469  -42.442  8.441 0.0000000000
61888  42.057  -41.702  8.223 0.0000000000
63010  42.159  -41.368  7.546 0.0000000000
62996  42.467  -41.496  8.183 0.0000000000
61842  44.239  -41.553  9.921 0.0000000000
61868  44.823  -41.365  9.039 0.0000000000
61792  47.593  -41.770  11.507 0.0000000000
61813  46.768  -41.739  10.621 0.0000000000
56097  36.332  -46.759  6.180 0.0000000000
56088  36.189  -46.041  6.210 0.0000000000
56087  36.849  -46.373  6.649 0.0000000000
52920  36.804  -49.387  6.812 0.0000000000
52919  37.778  -49.307  7.289 0.0000000000
52901  38.836  -49.510  8.424 0.0000000000
52918  38.387  -49.115  7.795 0.0000000000
53932  38.789  -48.488  7.924 0.0000000000
54953  39.394  -47.653  8.162 0.0000000000
51747  40.863  -50.163  10.124 0.0000000000
52857  40.344  -49.389  9.830 0.0000000000
51746  41.376  -49.759  10.439 0.0000000000
41415  34.180  -59.810  10.238 0.0000000000
42519  32.797  -58.914  9.320 0.0000000000
43740  34.306  -57.820  8.921 0.0000000000
44880  33.829  -56.784  8.801 0.0000000000
45962  33.738  -55.883  9.067 0.0000000000
45941  34.422  -56.272  8.735 0.0000000000
44896  35.361  -56.557  8.709 0.0000000000
44895  35.979  -56.463  8.916 0.0000000000
45959  36.293  -55.688  8.614 0.0000000000
44894  37.021  -56.463  8.770 0.0000000000
40200  39.382  -61.250  13.047 0.0000000000
40216  38.853  -60.787  12.409 0.0000000000
41374  38.011  -59.946  12.286 0.0000000000
41373  38.916  -60.082  11.884 0.0000000000
42459  40.154  -59.236  11.773 0.0000000000
43712  37.892  -58.498  10.554 0.0000000000
43711  38.660  -58.138  10.671 0.0000000000
43753  39.090  -57.017  9.625 0.0000000000
43735  38.773  -57.424  9.969 0.0000000000
44910  37.484  -55.993  8.680 0.0000000000
45957  38.809  -55.445  8.665 0.0000000000
44892  39.303  -56.031  9.000 0.0000000000
44873  41.400  -56.101  10.198 0.0000000000
45955  40.345  -55.215  9.378 0.0000000000
47000  40.684  -54.333  9.687 0.0000000000
43707  43.866  -56.981  10.401 0.0000000000
45922  42.917  -55.161  11.573 0.0000000000
48182  41.620  -53.938  11.013 0.0000000000
48181  42.194  -53.479  11.071 0.0000000000
48202  41.716  -53.028  10.414 0.0000000000
75202  54.440  -29.223  1.085 0.0000000000
73171  50.173  -31.146  -0.446 0.0000000000
75237  53.230  -29.780  -1.023 0.0000000000
75222  53.804  -29.403  -0.459 0.0000000000
75236  53.894  -29.712  -1.205 0.0000000000
75235  54.625  -29.665  -1.519 0.0000000000
72115  54.598  -32.336  -2.395 0.0000000000
73181  54.691  -31.413  -2.473 0.0000000000
72122  55.409  -32.190  -2.571 0.0000000000
73188  56.194  -31.447  -2.328 0.0000000000
70977  54.931  -33.525  -0.236 0.0000000000
72090  55.819  -32.884  0.417 0.0000000000
72089  56.344  -32.337  -0.039 0.0000000000
73161  56.840  -31.940  0.118 0.0000000000
73152  57.446  -32.187  0.128 0.0000000000
73153  56.958  -32.265  0.402 0.0000000000
70949  57.398  -33.468  0.969 0.0000000000
78394  56.612  -26.431  -2.305 0.0000000000
78395  56.029  -26.325  -2.443 0.0000000000
79658  57.126  -25.970  -2.632 0.0000000000
31214  23.064  -67.651  22.448 0.0000000000
27310  7.372  -71.112  18.087 0.0000000000
26156  6.966  -71.704  18.639 0.0000000000
56010  41.367  -46.198  11.394 0.0000000000
37746  26.936  -62.662  11.516 0.0000000000
37722  26.521  -63.167  12.391 0.0000000000
36507  27.313  -63.529  12.693 0.0000000000
36476  27.775  -63.991  13.112 0.0000000000
37648  20.135  -63.684  14.767 0.0000000000
40169  20.023  -61.619  14.802 0.0000000000
38950  20.020  -62.021  14.405 0.0000000000
29886  14.224  -69.634  20.383 0.0000000000
28527  13.966  -69.895  20.681 0.0000000000
68795  53.618  -35.614  1.774 0.0000000000
68783  53.870  -36.039  2.567 0.0000000000
67659  53.484  -36.358  3.077 0.0000000000
67645  53.436  -36.377  3.866 0.0000000000
62991  51.410  -40.852  8.197 0.0000000000
62974  52.487  -41.328  8.870 0.0000000000
64177  41.083  -39.999  5.234 0.0000000000
49434  35.761  -51.953  7.424 0.0000000000
49418  36.474  -52.206  7.861 0.0000000000
48235  38.097  -53.508  8.795 0.0000000000
37713  35.535  -62.635  11.718 0.0000000000
38997  35.200  -61.933  11.430 0.0000000000
37712  36.483  -62.541  11.964 0.0000000000
69868  50.332  -34.489  0.583 0.0000000000
69857  52.393  -34.860  0.905 0.0000000000
75234  55.362  -29.380  -1.932 0.0000000000
33884  24.691  -65.635  16.301 0.0000000000
33883  25.291  -65.880  16.056 0.0000000000
33858  25.432  -66.468  16.990 0.0000000000
32624  25.510  -66.725  17.454 0.0000000000
32608  26.083  -67.339  18.101 0.0000000000
28571  11.372  -70.263  19.717 0.0000000000
28532  10.059  -71.090  20.365 0.0000000000
24956  8.680  -72.555  21.508 0.0000000000
67692  48.618  -36.223  1.499 0.0000000000
66530  48.479  -37.349  2.724 0.0000000000
66513  47.290  -38.003  3.021 0.0000000000
65341  48.200  -39.135  3.845 0.0000000000
64172  49.037  -40.355  4.569 0.0000000000
63042  48.828  -40.676  5.132 0.0000000000
61846  40.255  -42.278  8.931 0.0000000000
60660  40.680  -42.476  9.826 0.0000000000
58374  42.235  -44.265  12.351 0.0000000000
27333  3.821  -70.424  17.575 0.0000000000
27314  3.414  -70.556  18.298 0.0000000000
27297  2.591  -70.899  19.733 0.0000000000
63053  37.503  -40.652  5.377 0.0000000000
59537  37.062  -43.792  6.913 0.0000000000
58453  38.513  -44.741  8.133 0.0000000000
57234  38.900  -45.484  8.329 0.0000000000
54941  39.806  -47.343  8.979 0.0000000000
37716  32.526  -63.102  11.503 0.0000000000
35235  33.314  -64.545  13.211 0.0000000000
33901  28.089  -66.037  15.376 0.0000000000
33921  28.678  -65.541  14.793 0.0000000000
35134  33.482  -65.799  17.083 0.0000000000
32565  20.792  -66.503  20.602 0.0000000000
33799  20.664  -66.191  19.916 0.0000000000
33800  20.255  -66.394  19.677 0.0000000000
32591  19.825  -66.547  19.312 0.0000000000
33886  19.081  -65.848  16.232 0.0000000000
32626  18.668  -66.625  17.269 0.0000000000
31304  16.980  -67.371  17.457 0.0000000000
31305  16.369  -67.555  17.253 0.0000000000
35242  15.589  -64.796  12.793 0.0000000000
33929  13.959  -66.289  13.449 0.0000000000
33938  14.287  -65.893  13.188 0.0000000000
32660  14.322  -67.222  15.071 0.0000000000
32648  14.772  -67.597  15.851 0.0000000000
31337  13.856  -67.777  15.495 0.0000000000
29985  12.851  -68.716  16.586 0.0000000000
31323  12.333  -68.314  15.928 0.0000000000
29990  8.651  -69.430  15.679 0.0000000000
39045  23.893  -60.855  10.539 0.0000000000
40202  21.169  -60.778  13.003 0.0000000000
40201  21.715  -61.555  12.836 0.0000000000
36456  22.644  -63.399  13.668 0.0000000000
36455  22.947  -63.660  14.067 0.0000000000
37680  22.440  -63.630  14.393 0.0000000000
36405  21.920  -64.312  15.604 0.0000000000
36388  20.806  -63.565  17.230 0.0000000000
36387  21.523  -63.604  17.114 0.0000000000
36377  21.285  -64.096  17.818 0.0000000000
35109  21.746  -64.642  18.416 0.0000000000
33820  21.442  -65.600  19.572 0.0000000000
24969  4.769  -73.118  20.066 0.0000000000
68743  55.752  -36.504  4.452 0.0000000000
67644  56.006  -36.865  4.214 0.0000000000
64187  56.655  -39.550  4.368 0.0000000000
66508  51.206  -37.339  4.161 0.0000000000
66491  51.856  -37.440  5.337 0.0000000000
62988  53.751  -40.599  7.751 0.0000000000
64140  54.440  -39.892  7.827 0.0000000000
64219  43.536  -39.294  3.748 0.0000000000
63046  44.418  -40.585  5.457 0.0000000000
63023  45.158  -40.843  6.020 0.0000000000
61902  46.537  -41.670  6.170 0.0000000000
61811  48.869  -42.447  10.401 0.0000000000
51777  38.412  -50.479  8.368 0.0000000000
52877  39.246  -49.820  9.039 0.0000000000
52900  39.416  -49.210  8.845 0.0000000000
51748  40.143  -50.301  9.735 0.0000000000
50561  41.160  -50.896  10.223 0.0000000000
42493  35.394  -59.615  9.716 0.0000000000
43739  35.259  -58.017  9.010 0.0000000000
38961  40.064  -62.570  13.788 0.0000000000
38960  40.518  -62.543  14.122 0.0000000000
38978  40.587  -61.711  13.474 0.0000000000
40199  39.827  -60.944  12.866 0.0000000000
43710  39.530  -57.897  10.573 0.0000000000
43709  40.214  -57.814  10.286 0.0000000000
44891  40.031  -56.013  9.164 0.0000000000
43751  40.253  -56.491  9.498 0.0000000000
73170  51.118  -31.186  -0.663 0.0000000000
74210  52.624  -30.494  -1.136 0.0000000000
74225  53.328  -30.293  -1.397 0.0000000000
72083  55.272  -33.561  1.353 0.0000000000
72082  55.800  -33.213  1.230 0.0000000000
72080  56.990  -32.833  0.788 0.0000000000
72068  56.720  -33.319  1.627 0.0000000000
78404  57.215  -26.960  -3.136 0.0000000000
79657  57.461  -26.186  -2.876 0.0000000000
78417  57.406  -26.502  -3.437 0.0000000000
75231  58.298  -29.998  -1.561 0.0000000000
75218  58.826  -30.035  -1.053 0.0000000000
73177  59.164  -31.511  -1.249 0.0000000000
33818  24.358  -66.190  18.673 0.0000000000
32590  24.261  -66.638  19.126 0.0000000000
32525  24.415  -67.682  21.435 0.0000000000
28574  9.256  -70.817  19.132 0.0000000000
27278  8.484  -71.435  20.204 0.0000000000
26138  8.086  -71.367  18.882 0.0000000000
26119  7.904  -71.761  20.481 0.0000000000
24957  7.747  -72.728  21.484 0.0000000000
23746  7.728  -73.492  22.569 0.0000000000
67679  46.124  -36.909  2.063 0.0000000000
59491  40.472  -43.606  10.093 0.0000000000
58394  40.605  -44.325  10.384 0.0000000000
58377  40.780  -44.571  10.909 0.0000000000
58357  41.225  -44.766  11.850 0.0000000000
55994  41.604  -45.954  12.078 0.0000000000
57152  41.281  -45.418  11.993 0.0000000000
58356  41.728  -44.779  12.370 0.0000000000
28578  0.392  -69.808  18.980 0.0000000000
28535  0.231  -70.352  20.912 0.0000000000
58456  36.758  -44.511  6.691 0.0000000000
39020  27.832  -62.260  10.624 0.0000000000
35138  20.717  -65.062  17.033 0.0000000000
33885  20.069  -65.579  16.717 0.0000000000
33887  18.107  -66.120  15.755 0.0000000000
33939  13.244  -66.057  12.775 0.0000000000
32692  13.174  -66.548  13.270 0.0000000000
32677  12.521  -67.171  13.735 0.0000000000
32678  12.075  -67.260  13.711 0.0000000000
31380  11.445  -67.393  13.628 0.0000000000
41334  20.724  -60.424  14.025 0.0000000000
40166  21.045  -60.916  14.737 0.0000000000
38947  21.188  -61.592  14.853 0.0000000000
38931  21.293  -62.342  14.815 0.0000000000
38949  20.632  -62.264  14.786 0.0000000000
37646  20.925  -63.548  15.491 0.0000000000
70926  55.671  -34.233  2.783 0.0000000000
69837  55.628  -34.480  3.125 0.0000000000
69821  55.612  -34.911  3.512 0.0000000000
68772  54.622  -35.293  3.646 0.0000000000
68763  54.964  -35.394  4.258 0.0000000000
68744  55.624  -36.329  4.600 0.0000000000
67635  55.388  -36.664  5.307 0.0000000000
67619  55.901  -37.152  6.022 0.0000000000
65315  50.987  -38.819  6.164 0.0000000000
65314  51.687  -38.358  6.652 0.0000000000
64150  52.295  -39.117  7.678 0.0000000000
64221  41.579  -39.304  4.060 0.0000000000
63047  43.560  -40.379  5.748 0.0000000000
62993  44.994  -40.922  7.919 0.0000000000
52921  36.151  -49.758  6.621 0.0000000000
51790  37.130  -50.272  7.393 0.0000000000
50605  36.638  -51.409  7.639 0.0000000000
50604  37.210  -51.285  7.823 0.0000000000
50603  37.987  -51.322  8.315 0.0000000000
49406  39.738  -52.472  9.265 0.0000000000
40245  32.434  -60.789  10.044 0.0000000000
40244  33.352  -60.794  10.434 0.0000000000
41396  34.660  -60.352  10.697 0.0000000000
39013  35.253  -61.303  11.397 0.0000000000
40233  34.918  -60.729  11.116 0.0000000000
41395  35.351  -60.281  10.407 0.0000000000
42463  37.043  -59.558  11.622 0.0000000000
70963  53.790  -33.792  0.391 0.0000000000
70953  53.007  -34.140  0.881 0.0000000000
70951  54.837  -34.117  1.551 0.0000000000
70942  55.457  -34.125  2.227 0.0000000000
78384  55.924  -26.818  -1.474 0.0000000000
78383  56.678  -26.954  -1.668 0.0000000000
77242  56.147  -27.447  -0.921 0.0000000000
78382  57.175  -26.922  -1.930 0.0000000000
77253  57.733  -28.951  -3.195 0.0000000000
76227  57.698  -29.273  -2.764 0.0000000000
76221  57.711  -29.613  -2.272 0.0000000000
75241  56.984  -29.649  -2.299 0.0000000000
76222  57.047  -29.791  -2.051 0.0000000000
75232  57.342  -29.939  -1.876 0.0000000000
74221  57.013  -30.631  -1.657 0.0000000000
36452  25.637  -64.200  13.744 0.0000000000
35215  26.115  -64.932  14.457 0.0000000000
33902  27.070  -65.964  15.393 0.0000000000
32641  27.807  -67.259  16.531 0.0000000000
32587  27.340  -67.646  19.251 0.0000000000
32607  27.115  -67.516  18.297 0.0000000000
37700  18.357  -61.963  13.095 0.0000000000
29929  12.759  -69.795  19.696 0.0000000000
28552  12.191  -69.796  20.791 0.0000000000
27252  11.511  -70.701  20.686 0.0000000000
28556  9.636  -70.995  19.664 0.0000000000
26101  9.968  -71.544  21.315 0.0000000000
67662  50.124  -36.959  3.012 0.0000000000
66499  51.063  -37.983  4.342 0.0000000000
65337  51.064  -38.295  4.921 0.0000000000
66511  48.857  -37.948  3.136 0.0000000000
65326  50.638  -38.860  5.422 0.0000000000
64152  50.898  -40.195  7.077 0.0000000000
63018  50.379  -40.722  6.404 0.0000000000
62992  51.020  -41.400  7.841 0.0000000000
61862  51.046  -41.804  8.509 0.0000000000
61903  40.960  -41.647  7.323 0.0000000000
61889  41.357  -41.814  7.902 0.0000000000
61871  41.592  -41.789  8.780 0.0000000000
61796  43.599  -41.766  11.802 0.0000000000
59490  40.867  -43.661  10.541 0.0000000000
60621  41.136  -43.359  10.687 0.0000000000
60638  41.893  -42.602  10.877 0.0000000000
59473  42.494  -43.765  11.996 0.0000000000
60637  42.513  -42.520  11.204 0.0000000000
61780  44.407  -41.628  12.851 0.0000000000
49436  34.159  -52.940  6.923 0.0000000000
48224  35.422  -54.153  8.300 0.0000000000
47031  35.811  -54.281  8.181 0.0000000000
36445  37.462  -64.082  14.376 0.0000000000
37679  38.048  -63.476  14.374 0.0000000000
37659  39.077  -63.138  14.917 0.0000000000
72094  48.535  -33.050  -0.202 0.0000000000
69869  49.209  -34.566  0.324 0.0000000000
69870  48.168  -34.601  0.149 0.0000000000
68813  50.337  -35.083  0.913 0.0000000000
76205  55.491  -28.450  0.385 0.0000000000
26158  4.993  -71.392  18.825 0.0000000000
27295  4.083  -71.225  18.920 0.0000000000
26142  4.242  -71.479  19.456 0.0000000000
24970  3.946  -72.424  20.617 0.0000000000
24961  3.383  -72.473  21.242 0.0000000000
28576  2.248  -70.487  19.212 0.0000000000
27280  2.313  -71.016  20.297 0.0000000000
26106  2.565  -71.535  21.317 0.0000000000
26092  2.670  -71.860  21.946 0.0000000000
64198  40.295  -39.546  4.571 0.0000000000
64178  40.531  -40.099  5.153 0.0000000000
63028  40.093  -41.143  6.373 0.0000000000
61891  39.620  -41.903  7.543 0.0000000000
60662  39.557  -43.249  9.004 0.0000000000
60681  37.946  -43.314  7.554 0.0000000000
59536  37.567  -43.697  7.474 0.0000000000
59524  39.043  -43.638  9.041 0.0000000000
59510  39.741  -43.641  9.289 0.0000000000
56029  40.305  -45.885  9.768 0.0000000000
54909  41.104  -47.156  10.874 0.0000000000
53879  41.363  -48.026  11.134 0.0000000000
40246  31.638  -60.837  9.585 0.0000000000
40249  28.554  -61.296  9.752 0.0000000000
39059  29.787  -61.410  9.276 0.0000000000
39019  29.636  -62.243  10.615 0.0000000000
39039  29.880  -62.014  9.817 0.0000000000
39058  30.368  -61.463  9.420 0.0000000000
40247  30.859  -61.055  9.442 0.0000000000
39036  32.788  -61.649  10.453 0.0000000000
39016  33.357  -61.893  10.607 0.0000000000
37739  33.722  -62.217  11.013 0.0000000000
37715  33.443  -62.847  11.540 0.0000000000
36499  34.922  -63.376  12.168 0.0000000000
35257  35.926  -64.390  12.863 0.0000000000
35232  36.400  -64.482  13.571 0.0000000000
35239  27.360  -64.313  13.525 0.0000000000
35238  28.087  -64.475  13.630 0.0000000000
35237  28.996  -64.553  13.792 0.0000000000
33898  31.269  -65.949  15.723 0.0000000000
35163  31.979  -65.968  15.924 0.0000000000
35186  31.063  -65.524  14.970 0.0000000000
35210  31.325  -64.867  14.543 0.0000000000
36448  31.631  -64.462  13.773 0.0000000000
36447  32.566  -64.475  13.576 0.0000000000
35204  37.115  -64.318  14.285 0.0000000000
31215  21.853  -67.845  22.371 0.0000000000
31238  19.637  -67.736  21.013 0.0000000000
32545  20.300  -66.994  21.091 0.0000000000
31239  18.697  -68.119  20.445 0.0000000000
31240  18.002  -68.266  19.998 0.0000000000
32592  18.985  -67.024  19.182 0.0000000000
29906  17.476  -68.201  20.155 0.0000000000
31259  16.157  -68.017  19.053 0.0000000000
37683  18.539  -63.071  13.078 0.0000000000
35219  17.989  -64.591  14.063 0.0000000000
32690  15.105  -66.118  13.364 0.0000000000
33927  15.967  -65.920  13.598 0.0000000000
33908  16.251  -65.983  14.476 0.0000000000
32658  16.278  -66.209  14.978 0.0000000000
31306  15.536  -67.818  16.986 0.0000000000
31307  14.822  -68.119  16.824 0.0000000000
29962  15.050  -68.370  17.344 0.0000000000
29946  11.875  -69.435  17.923 0.0000000000
28606  11.396  -69.535  17.874 0.0000000000
31341  10.432  -68.281  14.888 0.0000000000
28608  9.768  -69.726  17.393 0.0000000000
28610  7.928  -70.613  17.172 0.0000000000
27364  6.342  -70.474  15.673 0.0000000000
27351  4.960  -70.402  16.318 0.0000000000
28611  4.433  -70.419  16.314 0.0000000000
28632  3.768  -70.016  15.801 0.0000000000
28633  3.374  -69.672  16.399 0.0000000000
37723  25.506  -63.282  12.293 0.0000000000
36509  24.922  -63.387  12.446 0.0000000000
39000  22.761  -62.265  12.185 0.0000000000
38999  24.025  -62.402  11.881 0.0000000000
36510  24.411  -63.421  12.648 0.0000000000
36453  24.688  -64.161  13.718 0.0000000000
35189  24.274  -64.894  15.071 0.0000000000
36428  23.498  -64.372  14.571 0.0000000000
35165  24.739  -65.276  15.855 0.0000000000
35136  24.237  -65.334  16.560 0.0000000000
35106  23.883  -65.657  17.316 0.0000000000
37644  21.540  -63.341  14.951 0.0000000000
36386  22.288  -63.911  16.874 0.0000000000
36385  22.888  -64.508  17.256 0.0000000000
32563  22.681  -66.149  20.116 0.0000000000
33797  22.341  -65.679  19.953 0.0000000000
32542  22.708  -66.749  20.775 0.0000000000
31235  22.331  -67.303  21.631 0.0000000000
29910  13.277  -69.667  20.428 0.0000000000
26157  5.888  -71.926  18.537 0.0000000000
24968  6.019  -72.927  20.284 0.0000000000
24933  6.513  -73.409  22.848 0.0000000000
69836  56.466  -35.008  3.238 0.0000000000
68771  56.401  -35.844  3.213 0.0000000000
68775  52.337  -36.264  2.799 0.0000000000
67660  52.749  -36.464  3.132 0.0000000000
67638  52.295  -37.007  4.942 0.0000000000
67637  53.418  -36.577  5.156 0.0000000000
67620  54.991  -37.024  6.097 0.0000000000
66474  55.637  -38.249  6.103 0.0000000000
65313  52.715  -38.139  6.918 0.0000000000
65312  53.612  -38.287  6.904 0.0000000000
65285  54.785  -39.406  7.536 0.0000000000
65300  54.687  -38.918  7.135 0.0000000000
66462  54.823  -38.365  6.639 0.0000000000
64169  56.318  -39.597  5.411 0.0000000000
64192  46.244  -39.805  4.099 0.0000000000
64173  44.596  -40.182  4.855 0.0000000000
63020  48.363  -41.534  5.731 0.0000000000
61900  48.716  -41.906  6.598 0.0000000000
61899  49.537  -41.826  6.843 0.0000000000
61883  49.990  -41.941  7.473 0.0000000000
61863  50.375  -42.255  8.282 0.0000000000
60676  50.640  -42.254  8.961 0.0000000000
61793  46.646  -41.626  11.630 0.0000000000
61837  48.904  -42.548  9.323 0.0000000000
60659  49.626  -42.515  9.411 0.0000000000
60658  50.328  -42.477  9.576 0.0000000000
60657  51.125  -42.463  9.427 0.0000000000
57256  36.386  -45.344  6.534 0.0000000000
53964  36.438  -48.380  6.475 0.0000000000
53946  37.746  -48.291  7.207 0.0000000000
54964  37.589  -47.384  6.990 0.0000000000
54955  38.123  -46.864  6.952 0.0000000000
56075  38.274  -46.386  7.370 0.0000000000
53914  40.036  -47.833  9.362 0.0000000000
53898  40.002  -48.898  9.587 0.0000000000
53897  40.432  -48.301  9.741 0.0000000000
52844  41.299  -48.673  10.761 0.0000000000
43754  33.385  -57.487  8.731 0.0000000000
47006  33.922  -55.012  8.970 0.0000000000
45940  34.883  -56.367  8.650 0.0000000000
47005  34.716  -54.929  8.586 0.0000000000
47004  35.615  -54.921  8.310 0.0000000000
37695  37.989  -63.310  13.540 0.0000000000
37710  38.212  -61.942  12.449 0.0000000000
37693  39.389  -62.223  13.231 0.0000000000
38993  38.587  -61.439  12.438 0.0000000000
39012  38.191  -61.091  11.753 0.0000000000
40217  37.967  -60.575  11.934 0.0000000000
42462  37.445  -59.391  11.785 0.0000000000
41349  40.177  -60.679  12.540 0.0000000000
41371  40.922  -60.058  12.267 0.0000000000
41348  40.403  -60.517  12.390 0.0000000000
41372  39.854  -60.279  12.108 0.0000000000
42490  37.824  -59.424  10.943 0.0000000000
44876  37.570  -57.208  9.486 0.0000000000
44875  38.160  -57.187  9.735 0.0000000000
44911  37.084  -55.949  8.691 0.0000000000
45981  37.003  -55.410  8.565 0.0000000000
47029  37.482  -54.498  8.433 0.0000000000
47028  38.364  -54.573  8.574 0.0000000000
48234  38.684  -54.016  8.733 0.0000000000
45956  39.630  -55.286  8.895 0.0000000000
48222  39.156  -53.459  8.949 0.0000000000
42512  42.915  -57.885  10.487 0.0000000000
44872  42.122  -56.384  10.451 0.0000000000
44856  41.945  -55.739  10.710 0.0000000000
44854  43.633  -55.709  11.071 0.0000000000
44855  42.703  -55.884  10.779 0.0000000000
45937  41.547  -55.029  10.631 0.0000000000
46979  41.240  -54.322  10.427 0.0000000000
48220  41.227  -53.415  9.884 0.0000000000
49405  40.687  -52.395  9.735 0.0000000000
49392  41.343  -52.233  10.254 0.0000000000
50579  41.131  -51.484  10.215 0.0000000000
50560  41.704  -51.159  10.548 0.0000000000
74231  55.424  -30.631  -2.425 0.0000000000
73187  56.655  -31.174  -1.865 0.0000000000
73179  56.849  -31.393  -1.258 0.0000000000
70990  54.714  -33.311  -1.446 0.0000000000
72101  55.350  -33.055  0.118 0.0000000000
72099  56.290  -32.072  -0.898 0.0000000000
73166  57.453  -31.641  -0.344 0.0000000000
73159  57.827  -32.084  -0.369 0.0000000000
70948  57.588  -33.059  0.518 0.0000000000
24955  9.441  -72.396  21.670 0.0000000000
26121  4.869  -72.499  19.776 0.0000000000
27256  8.425  -71.453  20.650 0.0000000000
27257  2.827  -71.383  20.728 0.0000000000
27293  8.596  -71.239  19.115 0.0000000000
27334  3.297  -70.224  17.831 0.0000000000
27365  6.024  -70.250  15.414 0.0000000000
28533  9.637  -71.206  20.177 0.0000000000
29947  1.585  -69.502  18.063 0.0000000000
31197  23.239  -67.873  23.134 0.0000000000
31315  27.387  -67.290  16.854 0.0000000000
31316  27.165  -67.269  17.022 0.0000000000
31320  14.963  -67.755  16.352 0.0000000000
31379  11.842  -67.309  13.686 0.0000000000
32643  26.347  -66.748  16.768 0.0000000000
32691  14.861  -66.144  13.414 0.0000000000
32693  12.750  -66.672  13.199 0.0000000000
33924  26.253  -65.267  14.942 0.0000000000
33928  14.273  -66.243  13.476 0.0000000000
35063  21.674  -65.539  19.595 0.0000000000
35181  36.408  -64.447  15.213 0.0000000000
35205  36.793  -64.380  14.536 0.0000000000
35231  37.048  -64.393  13.912 0.0000000000
36374  22.855  -64.641  17.638 0.0000000000
36426  36.908  -64.125  15.136 0.0000000000
36427  36.660  -64.275  15.354 0.0000000000
36446  37.058  -64.190  14.706 0.0000000000
37662  22.159  -63.538  14.512 0.0000000000
37676  40.129  -62.827  14.156 0.0000000000
37696  25.977  -63.395  12.632 0.0000000000
37759  32.312  -62.189  10.437 0.0000000000
37762  28.207  -62.246  10.564 0.0000000000
38934  20.897  -63.138  14.762 0.0000000000
38946  21.448  -62.202  14.600 0.0000000000
38980  39.118  -61.629  13.000 0.0000000000
38994  37.908  -61.408  11.937 0.0000000000
39011  38.495  -61.149  11.954 0.0000000000
40230  38.661  -61.016  12.187 0.0000000000
41376  36.650  -60.265  12.016 0.0000000000
41393  36.915  -59.755  11.491 0.0000000000
41413  41.899  -58.265  10.558 0.0000000000
41427  32.435  -59.262  9.244 0.0000000000
43730  43.310  -57.532  10.515 0.0000000000
43731  42.792  -57.010  10.399 0.0000000000
45939  35.129  -56.640  8.696 0.0000000000
45982  36.496  -55.208  8.430 0.0000000000
46956  41.785  -54.372  11.034 0.0000000000
46957  41.387  -54.166  10.903 0.0000000000
46978  41.454  -54.433  10.774 0.0000000000
47003  36.227  -55.138  8.310 0.0000000000
48203  41.493  -53.739  10.691 0.0000000000
49393  40.914  -51.850  10.067 0.0000000000
49404  41.222  -52.731  9.890 0.0000000000
52855  41.474  -49.257  10.695 0.0000000000
53945  38.253  -48.455  7.397 0.0000000000
57136  42.219  -45.525  12.976 0.0000000000
60675  50.927  -42.044  9.044 0.0000000000
62976  51.506  -41.309  8.855 0.0000000000
63067  48.643  -40.393  4.534 0.0000000000
64158  56.649  -39.899  5.650 0.0000000000
65287  53.516  -39.166  7.965 0.0000000000
65298  55.211  -38.982  6.688 0.0000000000
65299  55.023  -39.334  6.877 0.0000000000
65311  54.303  -38.488  6.866 0.0000000000
67639  51.865  -37.309  4.868 0.0000000000
67672  53.360  -36.265  2.714 0.0000000000
67673  53.131  -36.362  2.830 0.0000000000
70909  56.277  -34.783  3.266 0.0000000000
70910  56.096  -34.650  3.314 0.0000000000
70989  55.342  -33.191  -0.945 0.0000000000
72121  55.837  -31.984  -2.603 0.0000000000
73151  57.642  -32.437  -0.035 0.0000000000
73160  57.573  -31.892  -0.085 0.0000000000
73180  56.435  -31.734  -1.804 0.0000000000
74203  57.862  -31.726  -0.468 0.0000000000
77248  57.660  -28.911  -2.999 0.0000000000
78392  57.293  -26.447  -2.782 0.0000000000
78403  57.318  -26.546  -3.007 0.0000000000
79663  57.650  -26.219  -3.339 0.0000000000
80764  57.448  -25.723  -2.914 0.0000000000
