#!ascii label  , from subject 3589 vox2ras=TkReg
256
32076  34.994  -67.805  -32.779 0.0000000000
22154  38.836  -75.529  -38.909 0.0000000000
29455  28.516  -69.682  -34.388 0.0000000000
29497  33.107  -69.742  -37.218 0.0000000000
20864  33.223  -76.468  -37.737 0.0000000000
25754  30.262  -72.809  -36.737 0.0000000000
22117  31.025  -76.267  -36.457 0.0000000000
25782  35.581  -72.605  -38.231 0.0000000000
29541  35.197  -69.523  -38.565 0.0000000000
32080  31.210  -67.926  -32.390 0.0000000000
29471  30.558  -69.458  -36.166 0.0000000000
25765  33.421  -72.583  -37.427 0.0000000000
20885  35.997  -76.706  -38.716 0.0000000000
15879  35.496  -80.453  -38.676 0.0000000000
28093  39.509  -70.594  -34.381 0.0000000000
28071  35.558  -70.444  -32.506 0.0000000000
28050  31.654  -70.700  -31.475 0.0000000000
34675  33.052  -65.748  -36.750 0.0000000000
24566  29.531  -73.857  -35.973 0.0000000000
23338  37.077  -74.615  -38.346 0.0000000000
25781  36.501  -72.534  -38.520 0.0000000000
32100  29.672  -68.183  -33.036 0.0000000000
29472  29.648  -69.561  -35.687 0.0000000000
22135  32.350  -75.650  -37.572 0.0000000000
25767  31.834  -73.062  -37.145 0.0000000000
22134  33.292  -75.337  -37.907 0.0000000000
23340  34.747  -74.440  -38.402 0.0000000000
20886  34.933  -76.650  -38.480 0.0000000000
17117  36.864  -79.548  -38.523 0.0000000000
26850  35.397  -71.431  -32.540 0.0000000000
28048  33.396  -70.395  -31.806 0.0000000000
26852  33.732  -71.662  -32.365 0.0000000000
32165  31.513  -67.774  -36.016 0.0000000000
32183  33.141  -67.634  -37.149 0.0000000000
30881  36.329  -68.343  -39.201 0.0000000000
33474  34.988  -66.595  -38.331 0.0000000000
28142  28.533  -70.870  -35.273 0.0000000000
28141  29.313  -70.540  -35.920 0.0000000000
25755  29.455  -72.981  -36.224 0.0000000000
23312  30.831  -74.403  -37.181 0.0000000000
20865  32.373  -76.773  -37.265 0.0000000000
26943  34.508  -71.559  -37.943 0.0000000000
29523  34.124  -69.699  -37.994 0.0000000000
28215  34.928  -70.362  -38.301 0.0000000000
28231  36.167  -70.092  -39.260 0.0000000000
20903  40.017  -76.733  -39.226 0.0000000000
32078  33.167  -67.616  -31.959 0.0000000000
32140  30.756  -67.445  -35.138 0.0000000000
29499  31.788  -69.709  -36.490 0.0000000000
26925  30.346  -71.547  -36.682 0.0000000000
26923  32.170  -71.509  -36.988 0.0000000000
28192  33.149  -71.104  -37.359 0.0000000000
24575  34.678  -73.016  -37.794 0.0000000000
23339  35.905  -74.547  -38.542 0.0000000000
22156  36.692  -75.779  -38.767 0.0000000000
18363  34.247  -78.272  -38.071 0.0000000000
18379  36.196  -78.556  -38.291 0.0000000000
19625  37.503  -77.668  -38.714 0.0000000000
19624  38.617  -77.559  -38.747 0.0000000000
29451  38.950  -69.678  -35.178 0.0000000000
30742  37.203  -68.936  -33.775 0.0000000000
28095  37.832  -70.332  -33.760 0.0000000000
30716  35.041  -68.582  -32.483 0.0000000000
30696  33.238  -68.923  -31.610 0.0000000000
30698  31.378  -68.971  -31.633 0.0000000000
29413  29.682  -69.536  -32.312 0.0000000000
28052  29.663  -70.601  -31.803 0.0000000000
28097  28.058  -70.283  -33.429 0.0000000000
32182  34.111  -67.658  -37.580 0.0000000000
32097  35.449  -67.464  -33.175 0.0000000000
32096  36.205  -67.441  -33.697 0.0000000000
33389  34.810  -66.596  -33.136 0.0000000000
23337  38.160  -74.641  -38.528 0.0000000000
24587  37.491  -73.554  -38.697 0.0000000000
30745  29.121  -68.716  -33.363 0.0000000000
30773  29.261  -68.620  -34.339 0.0000000000
29454  29.118  -69.264  -35.042 0.0000000000
23325  32.576  -74.496  -37.773 0.0000000000
20863  33.994  -76.076  -38.255 0.0000000000
14691  37.144  -81.467  -38.874 0.0000000000
26851  34.532  -71.568  -32.422 0.0000000000
30847  32.574  -68.641  -37.006 0.0000000000
32164  32.339  -67.663  -36.636 0.0000000000
30846  33.057  -68.606  -37.314 0.0000000000
32198  36.159  -67.156  -38.941 0.0000000000
26912  29.249  -71.702  -36.112 0.0000000000
25746  28.764  -72.620  -35.777 0.0000000000
22137  31.012  -75.982  -36.524 0.0000000000
23313  30.510  -74.765  -36.771 0.0000000000
23327  30.941  -75.533  -36.772 0.0000000000
22136  31.448  -76.128  -36.960 0.0000000000
26942  35.090  -72.067  -38.220 0.0000000000
26964  34.827  -71.029  -38.149 0.0000000000
26963  35.502  -71.520  -38.362 0.0000000000
26962  36.673  -71.510  -38.991 0.0000000000
26980  36.862  -70.981  -39.373 0.0000000000
28230  36.778  -70.281  -39.541 0.0000000000
32079  32.103  -67.865  -31.985 0.0000000000
33380  32.231  -66.857  -32.468 0.0000000000
33381  31.350  -67.267  -32.633 0.0000000000
30824  31.480  -68.760  -36.226 0.0000000000
29470  31.161  -69.189  -36.265 0.0000000000
24577  33.032  -73.512  -37.597 0.0000000000
25752  31.842  -72.022  -36.977 0.0000000000
26945  32.883  -71.668  -37.254 0.0000000000
26944  33.637  -71.652  -37.502 0.0000000000
24576  34.205  -73.559  -37.857 0.0000000000
22157  35.456  -75.593  -38.745 0.0000000000
13575  33.574  -82.595  -39.318 0.0000000000
14693  35.120  -81.371  -39.080 0.0000000000
15880  34.442  -80.464  -38.609 0.0000000000
17119  34.783  -79.529  -38.305 0.0000000000
18380  35.010  -78.409  -38.021 0.0000000000
17118  35.826  -79.497  -38.401 0.0000000000
17116  37.810  -79.550  -38.654 0.0000000000
18378  37.181  -78.611  -38.560 0.0000000000
18377  38.125  -78.614  -38.711 0.0000000000
18376  38.951  -78.703  -38.894 0.0000000000
28139  39.951  -69.791  -35.782 0.0000000000
28117  39.813  -70.310  -35.224 0.0000000000
29452  38.298  -69.359  -34.751 0.0000000000
28119  38.304  -69.988  -34.291 0.0000000000
26872  37.015  -71.236  -32.942 0.0000000000
28096  37.171  -70.585  -33.298 0.0000000000
28070  36.403  -70.303  -32.935 0.0000000000
29409  36.244  -69.357  -32.992 0.0000000000
29410  35.684  -69.507  -32.602 0.0000000000
30717  34.012  -68.663  -31.922 0.0000000000
29390  34.226  -69.667  -31.732 0.0000000000
28049  32.627  -70.694  -31.759 0.0000000000
29392  32.851  -69.693  -31.622 0.0000000000
29393  31.963  -69.751  -31.502 0.0000000000
30699  30.740  -69.049  -31.860 0.0000000000
29394  30.978  -69.773  -31.546 0.0000000000
26837  29.575  -71.697  -31.215 0.0000000000
28075  29.269  -70.047  -32.354 0.0000000000
30861  34.566  -68.729  -38.186 0.0000000000
32200  34.852  -67.574  -38.182 0.0000000000
34693  34.658  -65.633  -37.960 0.0000000000
24588  36.292  -73.546  -38.396 0.0000000000
32081  30.379  -67.977  -32.692 0.0000000000
33393  30.593  -67.268  -33.233 0.0000000000
32122  29.564  -68.090  -33.684 0.0000000000
30797  30.140  -68.788  -35.473 0.0000000000
24579  31.464  -73.482  -37.331 0.0000000000
25753  31.302  -72.565  -37.059 0.0000000000
24578  32.077  -73.574  -37.514 0.0000000000
23323  34.125  -74.318  -38.137 0.0000000000
22133  33.999  -74.988  -38.324 0.0000000000
22158  34.595  -75.543  -38.554 0.0000000000
15878  36.531  -80.479  -38.730 0.0000000000
15877  37.526  -80.501  -38.766 0.0000000000
26849  36.238  -71.275  -32.717 0.0000000000
28072  34.678  -70.561  -32.127 0.0000000000
28073  33.947  -70.914  -32.110 0.0000000000
28074  33.316  -71.030  -32.140 0.0000000000
33435  32.222  -66.376  -36.329 0.0000000000
33434  32.905  -66.688  -36.891 0.0000000000
30860  35.498  -68.469  -38.732 0.0000000000
32199  35.493  -67.350  -38.632 0.0000000000
33473  35.584  -66.473  -38.707 0.0000000000
29473  28.901  -69.908  -35.383 0.0000000000
24565  29.960  -73.856  -36.526 0.0000000000
24564  30.745  -73.766  -37.155 0.0000000000
23326  31.376  -74.654  -37.381 0.0000000000
28191  33.565  -70.503  -37.470 0.0000000000
29524  33.390  -69.403  -37.505 0.0000000000
28190  34.429  -70.631  -37.905 0.0000000000
29542  34.689  -69.581  -38.280 0.0000000000
28214  35.792  -70.476  -38.833 0.0000000000
29559  35.765  -69.490  -39.043 0.0000000000
30882  35.934  -68.921  -39.143 0.0000000000
29557  36.884  -69.247  -39.667 0.0000000000
22168  39.042  -76.190  -38.978 0.0000000000
32077  34.200  -67.576  -32.510 0.0000000000
33378  34.200  -66.674  -32.799 0.0000000000
33379  33.326  -66.493  -32.657 0.0000000000
30823  32.046  -68.680  -36.555 0.0000000000
29498  32.599  -69.531  -36.916 0.0000000000
28168  31.032  -70.396  -36.595 0.0000000000
26924  31.445  -71.452  -36.865 0.0000000000
28167  31.841  -70.745  -36.733 0.0000000000
28166  32.614  -70.607  -37.054 0.0000000000
28165  33.001  -70.102  -37.090 0.0000000000
25764  34.227  -72.482  -37.743 0.0000000000
25763  34.867  -72.532  -38.033 0.0000000000
24590  34.683  -73.786  -38.196 0.0000000000
24589  35.125  -73.481  -38.194 0.0000000000
22155  37.853  -75.617  -38.532 0.0000000000
19611  33.111  -77.566  -37.503 0.0000000000
13566  33.851  -81.935  -39.243 0.0000000000
18364  33.629  -78.449  -37.876 0.0000000000
19610  34.118  -77.432  -38.065 0.0000000000
19628  34.927  -77.504  -38.136 0.0000000000
19627  35.615  -77.571  -38.287 0.0000000000
19626  36.556  -77.670  -38.564 0.0000000000
20884  36.868  -76.902  -38.849 0.0000000000
20883  37.677  -76.641  -38.858 0.0000000000
20882  38.547  -76.383  -38.849 0.0000000000
19643  39.311  -77.504  -38.839 0.0000000000
29468  39.389  -69.237  -35.647 0.0000000000
30769  38.183  -68.665  -35.036 0.0000000000
30770  37.525  -68.454  -34.525 0.0000000000
30771  36.762  -68.159  -33.984 0.0000000000
30743  36.315  -68.484  -33.281 0.0000000000
26870  38.694  -71.270  -33.483 0.0000000000
28094  38.874  -70.518  -33.956 0.0000000000
29430  37.406  -69.612  -33.803 0.0000000000
30715  35.802  -68.816  -32.789 0.0000000000
30744  35.543  -68.215  -32.865 0.0000000000
30718  33.304  -68.338  -31.746 0.0000000000
32064  32.375  -68.255  -31.722 0.0000000000
29391  33.597  -69.700  -31.620 0.0000000000
30697  32.270  -68.721  -31.577 0.0000000000
30719  31.584  -68.391  -31.962 0.0000000000
30720  30.916  -68.500  -32.146 0.0000000000
30722  29.559  -68.729  -32.694 0.0000000000
29432  29.116  -69.135  -32.778 0.0000000000
29395  30.275  -69.998  -31.825 0.0000000000
29414  29.032  -69.661  -32.626 0.0000000000
29433  28.616  -69.383  -33.232 0.0000000000
30845  33.711  -68.623  -37.660 0.0000000000
33452  33.575  -66.676  -37.249 0.0000000000
33451  34.360  -66.642  -37.754 0.0000000000
34694  33.878  -65.735  -37.351 0.0000000000
14694  34.108  -81.358  -38.984 0.0000000000
19642  39.784  -77.501  -39.116 0.0000000000
20904  39.279  -76.839  -38.937 0.0000000000
22167  39.510  -76.083  -39.139 0.0000000000
23324  33.544  -74.360  -37.925 0.0000000000
25766  32.349  -72.573  -37.139 0.0000000000
26911  29.692  -71.010  -36.388 0.0000000000
26926  29.825  -72.248  -36.467 0.0000000000
28047  34.011  -70.289  -31.731 0.0000000000
28118  38.940  -70.093  -34.636 0.0000000000
28213  36.433  -70.697  -39.220 0.0000000000
29411  34.910  -69.564  -32.155 0.0000000000
29412  30.375  -69.417  -31.976 0.0000000000
29431  36.919  -69.670  -33.435 0.0000000000
29453  37.711  -69.475  -34.200 0.0000000000
29469  38.640  -69.071  -35.264 0.0000000000
29500  31.123  -69.668  -36.433 0.0000000000
29525  32.904  -69.208  -37.239 0.0000000000
29558  36.288  -69.401  -39.346 0.0000000000
30695  33.786  -69.227  -31.666 0.0000000000
30721  30.209  -68.773  -32.320 0.0000000000
30746  28.799  -68.996  -33.446 0.0000000000
30774  28.745  -68.984  -33.764 0.0000000000
30859  35.903  -67.833  -38.825 0.0000000000
32063  32.749  -68.242  -31.667 0.0000000000
32082  29.926  -68.376  -32.665 0.0000000000
32098  34.705  -67.234  -32.926 0.0000000000
32099  29.961  -67.690  -33.352 0.0000000000
32163  32.656  -67.083  -36.751 0.0000000000
32184  32.777  -68.133  -37.029 0.0000000000
33382  30.856  -67.564  -32.712 0.0000000000
