#!ascii label  , from subject 3285 vox2ras=TkReg
389
77368  -29.980  -16.066  -13.590 0.0000000000
82076  -28.355  -10.962  -14.052 0.0000000000
94316  -29.934  2.465  -8.906 0.0000000000
90360  -31.434  -3.628  -7.469 0.0000000000
86386  -32.949  -8.541  -11.059 0.0000000000
84271  -33.106  -9.653  -14.363 0.0000000000
96678  -29.454  3.473  -11.221 0.0000000000
87428  -32.822  -7.392  -7.925 0.0000000000
86383  -29.491  -8.438  -10.399 0.0000000000
80037  -29.754  -12.836  -14.494 0.0000000000
83171  -30.859  -10.380  -14.239 0.0000000000
81056  -32.074  -12.610  -15.795 0.0000000000
73700  -28.323  -19.578  -7.832 0.0000000000
78202  -28.309  -15.694  -12.426 0.0000000000
102208  -27.721  8.217  -13.585 0.0000000000
101265  -30.085  6.951  -13.869 0.0000000000
101258  -31.509  7.378  -11.793 0.0000000000
101244  -34.770  6.555  -8.991 0.0000000000
95484  -34.447  2.524  -7.414 0.0000000000
91283  -31.142  -0.892  -7.571 0.0000000000
92235  -36.122  0.144  -7.999 0.0000000000
89357  -36.613  -3.049  -8.131 0.0000000000
89383  -34.375  -4.484  -11.537 0.0000000000
89418  -30.871  -4.609  -13.721 0.0000000000
84220  -30.119  -10.643  -11.866 0.0000000000
86422  -30.842  -8.181  -13.352 0.0000000000
87458  -28.714  -7.081  -9.932 0.0000000000
87457  -28.695  -7.154  -11.057 0.0000000000
80025  -29.661  -14.021  -13.930 0.0000000000
81045  -30.616  -12.951  -15.055 0.0000000000
79076  -30.724  -14.386  -14.451 0.0000000000
68048  -28.298  -25.168  -7.359 0.0000000000
68977  -28.158  -24.604  -7.542 0.0000000000
70790  -28.320  -22.767  -7.834 0.0000000000
79052  -27.780  -14.557  -12.383 0.0000000000
78192  -26.955  -15.621  -11.155 0.0000000000
101257  -30.966  7.237  -12.647 0.0000000000
95498  -28.677  3.428  -9.783 0.0000000000
101241  -30.611  5.076  -9.805 0.0000000000
101231  -32.070  4.380  -8.875 0.0000000000
101232  -34.921  4.256  -8.256 0.0000000000
94317  -32.272  2.564  -8.077 0.0000000000
90349  -32.085  -2.377  -7.203 0.0000000000
91276  -34.559  -0.222  -6.648 0.0000000000
89354  -34.507  -2.289  -6.591 0.0000000000
90336  -36.355  -2.029  -7.976 0.0000000000
89365  -35.365  -4.096  -6.981 0.0000000000
86363  -33.504  -8.583  -8.837 0.0000000000
88393  -35.273  -6.623  -10.069 0.0000000000
86387  -33.680  -7.458  -11.370 0.0000000000
88434  -32.518  -5.040  -11.788 0.0000000000
87474  -31.609  -6.836  -12.396 0.0000000000
83168  -28.142  -9.806  -13.879 0.0000000000
82037  -28.691  -11.182  -11.702 0.0000000000
83146  -29.000  -10.332  -13.229 0.0000000000
83172  -31.816  -10.402  -14.220 0.0000000000
85337  -30.983  -9.197  -13.523 0.0000000000
85366  -31.534  -9.036  -14.040 0.0000000000
87504  -32.085  -6.811  -14.795 0.0000000000
86450  -33.799  -7.453  -14.798 0.0000000000
74682  -28.614  -19.759  -9.032 0.0000000000
75602  -27.690  -18.710  -9.152 0.0000000000
74699  -28.139  -19.127  -10.283 0.0000000000
75617  -27.677  -18.930  -11.284 0.0000000000
89381  -30.801  -4.747  -8.132 0.0000000000
88382  -33.195  -5.349  -7.460 0.0000000000
88391  -31.202  -6.422  -7.789 0.0000000000
86361  -31.636  -8.531  -8.647 0.0000000000
86384  -30.686  -9.187  -10.580 0.0000000000
81042  -28.880  -11.539  -14.220 0.0000000000
83170  -29.887  -10.448  -14.163 0.0000000000
82078  -30.246  -11.113  -14.912 0.0000000000
82090  -31.185  -11.281  -15.305 0.0000000000
83193  -32.221  -10.954  -14.823 0.0000000000
72714  -29.048  -21.417  -8.233 0.0000000000
82067  -28.000  -11.612  -13.566 0.0000000000
80022  -27.989  -12.847  -13.253 0.0000000000
79063  -28.737  -14.032  -13.502 0.0000000000
78203  -28.959  -15.723  -13.068 0.0000000000
104262  -28.830  9.478  -16.012 0.0000000000
101252  -26.577  6.979  -11.659 0.0000000000
102210  -29.742  7.506  -14.605 0.0000000000
103214  -31.215  8.831  -13.628 0.0000000000
102204  -32.129  8.688  -12.275 0.0000000000
102197  -33.252  8.344  -11.347 0.0000000000
97921  -30.442  4.599  -11.715 0.0000000000
101242  -31.545  5.686  -9.762 0.0000000000
102191  -34.848  7.828  -9.911 0.0000000000
102185  -36.309  6.314  -8.574 0.0000000000
100183  -36.960  4.654  -8.586 0.0000000000
97923  -36.595  3.729  -10.351 0.0000000000
94333  -30.087  0.326  -8.657 0.0000000000
91284  -33.538  0.877  -7.236 0.0000000000
92234  -35.889  1.601  -7.487 0.0000000000
97922  -36.279  2.411  -9.738 0.0000000000
94348  -35.921  0.791  -9.917 0.0000000000
91285  -34.074  -1.220  -10.880 0.0000000000
88384  -35.434  -5.016  -7.901 0.0000000000
88409  -35.457  -4.507  -9.973 0.0000000000
85285  -28.967  -9.201  -11.243 0.0000000000
85287  -30.157  -9.495  -10.863 0.0000000000
86401  -31.088  -8.913  -11.863 0.0000000000
83148  -30.315  -10.256  -13.499 0.0000000000
85336  -30.828  -9.493  -12.716 0.0000000000
87473  -30.997  -7.681  -12.540 0.0000000000
88452  -30.649  -6.512  -13.512 0.0000000000
88454  -31.484  -5.852  -15.032 0.0000000000
77351  -27.623  -16.629  -11.478 0.0000000000
77358  -28.725  -16.620  -12.507 0.0000000000
77360  -29.763  -17.187  -13.217 0.0000000000
79065  -29.993  -14.580  -13.956 0.0000000000
78222  -31.027  -14.944  -14.504 0.0000000000
78212  -30.481  -15.471  -14.043 0.0000000000
68049  -28.633  -25.342  -7.261 0.0000000000
68978  -28.988  -24.769  -7.574 0.0000000000
95499  -29.435  3.434  -9.316 0.0000000000
95500  -30.514  3.686  -9.156 0.0000000000
95501  -31.027  2.631  -8.897 0.0000000000
90359  -30.923  -3.438  -7.873 0.0000000000
90341  -33.912  -1.489  -6.681 0.0000000000
89364  -33.806  -3.598  -6.711 0.0000000000
89355  -35.216  -2.709  -6.674 0.0000000000
86370  -32.773  -9.183  -9.712 0.0000000000
86371  -34.039  -8.480  -10.120 0.0000000000
86404  -33.308  -6.636  -12.075 0.0000000000
86403  -32.697  -7.356  -11.910 0.0000000000
83169  -29.084  -10.420  -13.987 0.0000000000
84270  -32.183  -9.697  -14.127 0.0000000000
85367  -32.458  -8.801  -14.462 0.0000000000
86449  -32.834  -7.699  -14.562 0.0000000000
85368  -33.727  -8.542  -14.644 0.0000000000
86471  -34.601  -7.679  -14.932 0.0000000000
88406  -30.390  -5.794  -8.673 0.0000000000
88405  -29.674  -5.981  -9.376 0.0000000000
87441  -29.288  -8.046  -9.702 0.0000000000
87442  -29.619  -7.477  -9.225 0.0000000000
86368  -29.961  -8.452  -9.783 0.0000000000
86369  -31.166  -8.642  -9.258 0.0000000000
81043  -29.364  -12.132  -14.394 0.0000000000
81055  -31.157  -12.451  -15.483 0.0000000000
81054  -30.777  -11.873  -15.410 0.0000000000
82091  -32.032  -11.752  -15.536 0.0000000000
82092  -32.886  -11.603  -15.205 0.0000000000
82107  -32.606  -12.099  -15.789 0.0000000000
68035  -27.211  -25.994  -7.108 0.0000000000
67051  -27.380  -26.395  -6.468 0.0000000000
72723  -28.629  -21.849  -7.887 0.0000000000
81031  -28.488  -12.166  -13.712 0.0000000000
78201  -28.008  -15.097  -12.396 0.0000000000
80015  -27.986  -14.006  -12.818 0.0000000000
79053  -28.348  -14.581  -12.955 0.0000000000
79054  -28.642  -15.174  -13.044 0.0000000000
103221  -27.604  8.727  -14.011 0.0000000000
104257  -28.282  9.626  -15.263 0.0000000000
103229  -28.116  8.770  -14.697 0.0000000000
103236  -28.925  8.746  -15.753 0.0000000000
102216  -28.558  8.333  -14.861 0.0000000000
101264  -29.217  6.799  -13.709 0.0000000000
101263  -28.437  6.886  -13.523 0.0000000000
102211  -31.068  7.765  -14.391 0.0000000000
101259  -32.174  8.153  -11.685 0.0000000000
101250  -32.286  7.372  -10.864 0.0000000000
96679  -29.970  4.258  -11.174 0.0000000000
101243  -33.451  6.742  -9.578 0.0000000000
102192  -35.554  6.906  -8.795 0.0000000000
97898  -36.380  3.766  -9.246 0.0000000000
91282  -30.060  -1.155  -8.289 0.0000000000
91274  -29.692  -0.959  -8.482 0.0000000000
91268  -35.301  0.077  -6.805 0.0000000000
92233  -34.857  0.616  -6.843 0.0000000000
95534  -36.305  0.791  -9.055 0.0000000000
95533  -35.934  1.484  -10.088 0.0000000000
90337  -36.310  -2.249  -8.992 0.0000000000
91271  -36.436  -1.114  -8.830 0.0000000000
91277  -35.278  -1.005  -10.072 0.0000000000
90343  -35.310  -2.428  -9.872 0.0000000000
87418  -33.014  -6.312  -7.727 0.0000000000
88383  -34.471  -5.166  -7.479 0.0000000000
87419  -33.889  -6.397  -7.886 0.0000000000
88394  -35.528  -5.863  -10.161 0.0000000000
87445  -35.598  -5.542  -9.750 0.0000000000
88408  -35.330  -4.954  -10.327 0.0000000000
89384  -34.874  -3.683  -11.199 0.0000000000
88433  -31.758  -5.673  -12.419 0.0000000000
85306  -28.391  -8.036  -12.002 0.0000000000
84205  -29.509  -10.846  -11.523 0.0000000000
84204  -29.242  -10.199  -11.106 0.0000000000
85307  -30.161  -10.172  -11.064 0.0000000000
85308  -30.697  -9.932  -11.539 0.0000000000
87502  -30.554  -7.045  -13.894 0.0000000000
88455  -32.805  -5.754  -15.102 0.0000000000
75618  -28.536  -18.909  -11.734 0.0000000000
76491  -28.464  -17.783  -12.016 0.0000000000
76492  -28.882  -18.313  -12.151 0.0000000000
76500  -29.009  -17.190  -12.562 0.0000000000
76501  -29.366  -17.753  -12.629 0.0000000000
87459  -29.010  -6.544  -9.432 0.0000000000
80038  -30.162  -13.497  -14.477 0.0000000000
80039  -30.962  -13.518  -15.020 0.0000000000
79077  -31.516  -14.399  -15.048 0.0000000000
79078  -31.870  -14.987  -15.108 0.0000000000
68036  -28.094  -25.720  -6.942 0.0000000000
70772  -27.856  -22.751  -7.298 0.0000000000
69888  -28.445  -23.285  -7.916 0.0000000000
69879  -28.800  -23.773  -7.949 0.0000000000
80014  -27.455  -13.479  -12.571 0.0000000000
80006  -26.921  -14.108  -11.851 0.0000000000
79043  -27.234  -14.658  -11.790 0.0000000000
78193  -27.656  -15.585  -11.788 0.0000000000
100233  -29.685  6.526  -13.462 0.0000000000
101256  -30.566  7.090  -13.414 0.0000000000
100224  -29.382  5.892  -13.042 0.0000000000
100225  -30.434  5.931  -12.944 0.0000000000
100226  -31.203  5.696  -12.147 0.0000000000
97897  -29.298  4.513  -10.344 0.0000000000
95482  -29.090  4.157  -9.644 0.0000000000
101230  -30.906  4.677  -9.434 0.0000000000
90334  -35.120  -1.250  -6.560 0.0000000000
91270  -36.313  -0.894  -7.854 0.0000000000
90335  -35.925  -1.726  -7.134 0.0000000000
89356  -36.129  -2.999  -7.268 0.0000000000
87429  -34.619  -7.430  -8.925 0.0000000000
87444  -34.546  -7.067  -10.625 0.0000000000
88407  -34.778  -5.507  -10.978 0.0000000000
88423  -33.549  -4.876  -11.515 0.0000000000
87460  -33.965  -6.144  -11.777 0.0000000000
87475  -32.554  -6.228  -12.255 0.0000000000
83123  -28.418  -10.318  -12.254 0.0000000000
83145  -28.511  -9.661  -13.162 0.0000000000
83124  -28.864  -10.856  -12.467 0.0000000000
83125  -29.449  -11.304  -12.161 0.0000000000
84245  -30.770  -9.932  -13.391 0.0000000000
84269  -31.403  -9.833  -13.788 0.0000000000
86423  -31.062  -8.624  -13.850 0.0000000000
86447  -30.744  -7.554  -14.125 0.0000000000
86448  -31.478  -7.966  -14.270 0.0000000000
87505  -33.316  -6.709  -14.781 0.0000000000
88477  -34.775  -5.759  -15.272 0.0000000000
87523  -34.285  -6.718  -15.041 0.0000000000
75593  -27.762  -18.945  -8.556 0.0000000000
74681  -28.127  -19.383  -8.563 0.0000000000
74690  -28.149  -19.177  -9.513 0.0000000000
75609  -27.480  -18.552  -10.253 0.0000000000
74700  -28.347  -19.597  -10.875 0.0000000000
89382  -31.124  -4.118  -7.601 0.0000000000
89372  -31.919  -4.456  -7.339 0.0000000000
89371  -31.472  -5.426  -7.674 0.0000000000
88392  -32.227  -5.936  -7.615 0.0000000000
87443  -30.350  -7.141  -8.457 0.0000000000
87427  -31.500  -7.963  -8.213 0.0000000000
86362  -32.273  -8.623  -8.613 0.0000000000
86385  -31.888  -9.376  -10.802 0.0000000000
82077  -29.301  -11.057  -14.403 0.0000000000
81044  -30.288  -12.298  -15.036 0.0000000000
82089  -30.601  -11.595  -15.264 0.0000000000
82079  -30.927  -10.651  -15.003 0.0000000000
83192  -31.434  -10.655  -14.772 0.0000000000
83173  -32.591  -10.348  -14.253 0.0000000000
84287  -34.118  -9.670  -14.242 0.0000000000
83194  -33.339  -10.739  -14.444 0.0000000000
81065  -32.786  -12.682  -16.189 0.0000000000
67038  -27.507  -27.065  -5.689 0.0000000000
73699  -28.046  -19.997  -7.233 0.0000000000
71743  -28.223  -22.263  -7.642 0.0000000000
72713  -28.369  -21.206  -7.544 0.0000000000
73715  -28.803  -20.151  -7.964 0.0000000000
73716  -29.255  -20.537  -9.292 0.0000000000
81032  -28.897  -12.771  -13.823 0.0000000000
80023  -28.369  -13.423  -13.361 0.0000000000
80024  -29.278  -13.409  -13.912 0.0000000000
79064  -29.138  -14.640  -13.522 0.0000000000
78211  -29.666  -15.519  -13.552 0.0000000000
104249  -27.609  9.668  -14.405 0.0000000000
102199  -26.820  7.592  -12.085 0.0000000000
102200  -27.471  7.607  -13.068 0.0000000000
102201  -28.029  7.151  -13.488 0.0000000000
102209  -28.421  7.798  -14.092 0.0000000000
102217  -29.160  8.187  -15.312 0.0000000000
102218  -30.334  8.364  -15.704 0.0000000000
102202  -30.811  8.326  -13.192 0.0000000000
102203  -31.346  8.596  -12.506 0.0000000000
103216  -32.129  9.263  -13.027 0.0000000000
102205  -32.901  8.523  -12.190 0.0000000000
102198  -33.970  8.355  -11.304 0.0000000000
99107  -30.390  5.013  -12.329 0.0000000000
101249  -30.312  5.272  -10.581 0.0000000000
101251  -33.271  7.927  -10.614 0.0000000000
100185  -38.003  6.356  -9.607 0.0000000000
101217  -36.811  5.619  -8.546 0.0000000000
94304  -34.748  2.331  -7.424 0.0000000000
92244  -36.159  -0.161  -9.341 0.0000000000
93282  -35.677  0.255  -9.867 0.0000000000
97961  -33.127  0.735  -12.046 0.0000000000
150231  -33.490  -0.794  -11.362 0.0000000000
89366  -36.203  -4.064  -7.834 0.0000000000
87420  -35.029  -6.128  -8.197 0.0000000000
88385  -35.898  -4.761  -8.620 0.0000000000
89367  -36.150  -3.596  -8.971 0.0000000000
89373  -35.102  -3.061  -10.633 0.0000000000
89396  -33.004  -4.121  -12.108 0.0000000000
86382  -29.021  -8.461  -11.097 0.0000000000
84218  -28.307  -9.488  -11.968 0.0000000000
83147  -29.771  -10.529  -13.070 0.0000000000
84244  -30.503  -10.288  -12.654 0.0000000000
86402  -31.854  -8.149  -11.716 0.0000000000
88444  -30.961  -5.907  -13.056 0.0000000000
87503  -30.965  -6.899  -14.599 0.0000000000
88453  -30.877  -5.955  -14.112 0.0000000000
89426  -31.278  -4.781  -14.551 0.0000000000
77350  -27.122  -16.523  -11.182 0.0000000000
78194  -27.917  -16.151  -11.900 0.0000000000
76490  -27.453  -17.747  -11.315 0.0000000000
77352  -28.084  -16.763  -11.932 0.0000000000
77359  -29.452  -16.601  -13.126 0.0000000000
69887  -28.217  -23.137  -7.790 0.0000000000
69892  -28.280  -22.952  -7.868 0.0000000000
69893  -28.407  -23.052  -7.929 0.0000000000
70773  -29.111  -23.275  -8.214 0.0000000000
70784  -28.060  -22.931  -7.650 0.0000000000
70791  -28.571  -22.806  -8.031 0.0000000000
71750  -28.562  -22.358  -7.946 0.0000000000
72712  -28.223  -20.628  -7.339 0.0000000000
72724  -28.811  -22.060  -8.134 0.0000000000
73714  -28.410  -20.470  -7.458 0.0000000000
74671  -27.855  -19.172  -8.006 0.0000000000
78213  -30.777  -16.072  -14.154 0.0000000000
80052  -31.661  -13.387  -15.494 0.0000000000
81011  -28.744  -11.869  -11.747 0.0000000000
81012  -28.961  -12.210  -11.770 0.0000000000
81021  -28.685  -11.901  -11.980 0.0000000000
81022  -28.740  -12.145  -11.931 0.0000000000
82038  -29.079  -11.803  -11.561 0.0000000000
82039  -29.324  -11.694  -11.691 0.0000000000
82054  -28.603  -11.433  -12.041 0.0000000000
82055  -28.981  -11.917  -12.127 0.0000000000
82056  -29.279  -11.867  -11.862 0.0000000000
83090  -28.840  -10.299  -11.295 0.0000000000
83091  -29.000  -10.423  -11.199 0.0000000000
83105  -28.577  -10.362  -11.594 0.0000000000
83106  -29.025  -10.895  -11.323 0.0000000000
83107  -29.330  -11.437  -11.572 0.0000000000
84187  -28.824  -10.057  -11.250 0.0000000000
84188  -29.003  -10.161  -11.159 0.0000000000
84203  -28.717  -9.737  -11.390 0.0000000000
84219  -29.767  -10.379  -11.182 0.0000000000
85286  -29.565  -9.500  -10.932 0.0000000000
86367  -29.534  -8.398  -9.910 0.0000000000
87421  -35.547  -5.571  -8.585 0.0000000000
87430  -35.458  -6.192  -9.239 0.0000000000
87431  -35.653  -5.324  -9.213 0.0000000000
87446  -35.580  -5.022  -9.734 0.0000000000
87476  -33.212  -5.874  -12.130 0.0000000000
87488  -30.630  -7.133  -13.224 0.0000000000
87489  -30.870  -6.820  -12.864 0.0000000000
88395  -35.707  -4.513  -9.405 0.0000000000
88422  -32.980  -4.670  -11.685 0.0000000000
88435  -33.295  -5.494  -11.763 0.0000000000
88443  -30.718  -6.587  -13.169 0.0000000000
89374  -35.374  -3.612  -10.024 0.0000000000
89385  -35.296  -4.221  -10.411 0.0000000000
89410  -32.173  -3.951  -12.190 0.0000000000
90342  -35.549  -2.527  -9.664 0.0000000000
90350  -34.731  -2.358  -10.893 0.0000000000
90351  -35.170  -2.531  -10.207 0.0000000000
90352  -35.192  -2.272  -10.003 0.0000000000
91269  -35.770  -0.364  -7.264 0.0000000000
91275  -29.965  -0.683  -8.457 0.0000000000
91278  -35.280  -2.056  -9.912 0.0000000000
91286  -34.911  -1.833  -10.451 0.0000000000
91287  -35.151  -1.957  -10.114 0.0000000000
92236  -36.443  -0.243  -8.559 0.0000000000
94334  -36.097  0.410  -9.543 0.0000000000
95483  -29.949  4.483  -9.632 0.0000000000
96645  -28.981  4.456  -9.988 0.0000000000
96646  -29.495  4.600  -9.932 0.0000000000
96660  -29.469  4.324  -10.664 0.0000000000
96693  -29.972  3.881  -11.704 0.0000000000
99043  -37.536  4.837  -9.551 0.0000000000
99045  -38.134  6.209  -10.407 0.0000000000
100184  -37.760  5.534  -8.973 0.0000000000
100234  -30.036  6.459  -13.335 0.0000000000
101218  -37.481  6.304  -8.817 0.0000000000
101219  -37.759  6.657  -9.064 0.0000000000
101255  -28.658  6.324  -13.193 0.0000000000
102174  -36.994  6.432  -8.590 0.0000000000
102175  -37.226  6.657  -8.695 0.0000000000
103230  -28.546  8.730  -15.306 0.0000000000
103237  -29.333  8.808  -16.158 0.0000000000
104258  -28.609  9.110  -15.627 0.0000000000
