#!ascii label  , from subject 3285 vox2ras=TkReg
868
64059  22.885  -24.420  -4.546 0.1428571492
63033  21.528  -25.497  -4.621 0.1428571492
65982  23.171  -22.291  -6.245 0.1428571492
65980  23.406  -22.673  -5.770 0.2857142985
64070  22.370  -24.112  -5.432 0.1428571492
65045  23.643  -23.264  -4.909 0.1428571492
66968  23.969  -21.368  -6.828 0.5714285970
141080  24.049  -22.191  -5.639 0.1428571492
67867  25.308  -20.271  -6.965 0.2857142985
68826  26.195  -19.202  -8.110 0.1428571492
140977  27.462  -18.517  -12.047 0.2857142985
71520  26.588  -18.598  -12.173 0.1428571492
140976  26.610  -19.218  -10.893 0.2857142985
72367  28.650  -15.506  -12.433 0.2857142985
140982  28.341  -17.220  -11.600 0.2857142985
74047  28.568  -14.550  -13.671 0.2857142985
73234  27.954  -15.617  -13.700 0.2857142985
74860  27.526  -13.006  -12.331 0.2857142985
77488  25.359  -10.897  -14.219 0.8571428657
76579  25.885  -11.134  -12.378 0.4285714328
74030  28.330  -13.254  -12.248 0.2857142985
79313  25.763  -8.568  -11.639 0.7142857313
78419  25.907  -9.744  -11.916 0.7142857313
77457  26.043  -10.047  -12.309 0.7142857313
80223  25.452  -7.348  -11.590 0.8571428657
79291  24.986  -8.264  -11.305 0.8571428657
78420  25.537  -9.510  -11.559 0.7142857313
78446  25.689  -10.235  -12.301 0.7142857313
82071  25.557  -5.356  -12.140 0.4285714328
83048  25.875  -4.469  -12.893 0.2857142985
84066  24.451  -3.591  -12.382 0.5714285970
82059  24.647  -5.332  -11.816 0.8571428657
81143  24.311  -6.046  -11.380 0.8571428657
85034  24.825  -2.936  -13.279 0.1428571492
84065  25.059  -3.580  -13.085 0.1428571492
83040  24.172  -4.460  -11.882 0.5714285970
82060  23.805  -5.349  -11.514 0.8571428657
87119  23.975  -0.772  -13.171 0.1428571492
85041  25.020  -3.099  -13.812 0.1428571492
85042  24.557  -2.453  -13.517 0.1428571492
85035  24.534  -2.749  -12.827 0.4285714328
83041  23.284  -4.529  -11.646 0.8571428657
88154  24.017  0.174  -13.883 0.1428571492
87128  24.198  -0.834  -14.095 0.1428571492
86060  24.207  -1.859  -12.993 0.1428571492
86061  23.888  -1.263  -12.778 0.4285714328
85019  24.089  -2.783  -12.253 0.5714285970
85020  23.383  -2.733  -11.925 0.7142857313
84053  22.853  -3.650  -11.700 0.8571428657
88133  23.870  0.451  -13.007 0.1428571492
87100  23.828  -0.161  -12.762 0.1428571492
87101  23.637  -0.764  -12.498 0.5714285970
86047  23.100  -1.787  -12.012 0.8571428657
85021  22.503  -2.718  -11.673 0.8571428657
89199  23.860  1.322  -13.442 0.1428571492
89180  24.384  1.742  -12.518 0.2857142985
88108  23.796  0.554  -12.444 0.1428571492
86046  23.811  -1.929  -12.410 0.7142857313
87102  22.899  -0.756  -11.997 0.8571428657
90270  25.316  3.159  -12.320 0.1428571492
90271  24.611  2.895  -12.800 0.1428571492
89161  25.579  2.367  -11.605 0.4285714328
89144  25.623  1.747  -10.543 0.8571428657
89162  24.387  1.541  -11.602 0.8571428657
88109  23.491  0.405  -12.133 0.8571428657
89160  26.566  2.784  -11.555 0.4285714328
89163  23.700  1.423  -11.472 0.8571428657
90253  26.106  3.421  -11.913 0.1428571492
91439  25.343  4.176  -12.256 0.2857142985
90252  27.122  3.594  -11.623 0.5714285970
90236  28.232  3.648  -10.869 0.8571428657
89142  28.251  2.518  -10.445 0.8571428657
89131  28.100  1.826  -9.657 0.8571428657
89132  26.511  1.362  -9.261 0.8571428657
90221  27.723  2.886  -7.799 0.8571428657
89145  24.661  1.883  -10.617 0.8571428657
92513  24.470  4.600  -12.500 0.2857142985
91420  26.213  4.603  -11.756 0.5714285970
91419  27.404  5.178  -11.193 0.8571428657
91388  27.325  5.156  -7.870 0.8571428657
91389  25.522  4.699  -8.197 0.8571428657
90229  25.559  2.394  -8.421 0.8571428657
92512  24.882  5.082  -11.918 0.8571428657
142402  24.882  5.646  -11.353 0.8571428657
142413  26.671  6.915  -8.647 0.8571428657
142399  24.533  5.743  -10.529 0.7142857313
142401  24.526  5.182  -9.896 0.7142857313
93601  23.737  5.164  -12.670 0.8571428657
142380  23.420  5.397  -11.943 0.8571428657
142400  25.179  6.038  -10.455 0.8571428657
93579  21.489  6.729  -12.253 0.8571428657
142373  22.195  5.554  -12.194 0.7142857313
142381  22.180  7.064  -12.724 0.7142857313
142385  21.909  6.836  -12.343 0.8571428657
142368  21.190  7.552  -12.477 0.8571428657
142372  20.313  8.800  -12.326 0.7142857313
142384  21.931  6.731  -12.309 0.8571428657
96657  20.200  8.828  -14.756 0.1428571492
95645  21.443  7.946  -12.799 0.8571428657
142371  20.841  9.116  -12.725 0.7142857313
142377  20.914  9.427  -12.945 0.7142857313
142367  19.903  7.987  -12.138 0.8571428657
99640  17.795  11.381  -14.456 0.1428571492
98625  20.908  9.694  -13.269 0.5714285970
98631  20.452  10.575  -14.030 0.5714285970
99628  20.048  11.731  -13.037 0.5714285970
99638  20.126  11.362  -14.339 0.1428571492
99659  18.495  12.199  -16.246 0.1428571492
101560  19.978  12.899  -13.335 0.5714285970
101585  20.333  14.150  -16.174 0.1428571492
100648  20.397  14.220  -17.275 0.1428571492
100621  20.220  12.920  -15.103 0.1428571492
142778  20.759  15.153  -17.115 0.1428571492
100616  20.200  12.405  -14.298 0.5714285970
101590  20.548  14.675  -16.623 0.1428571492
105512  20.823  15.406  -15.528 0.1428571492
100658  21.106  15.733  -17.947 0.1428571492
106591  21.087  15.888  -15.738 0.1428571492
63021  22.087  -25.432  -3.999 0.1428571492
140948  20.601  -26.263  -4.370 0.1428571492
141077  24.753  -21.186  -5.786 0.2857142985
140979  27.633  -18.309  -10.899 0.2857142985
140963  26.940  -18.933  -9.501 0.1428571492
74877  27.584  -13.286  -12.898 0.2857142985
74886  27.199  -13.982  -13.214 0.2857142985
76578  26.586  -11.220  -11.500 0.4285714328
75700  26.425  -11.762  -11.380 0.5714285970
80222  26.432  -7.503  -11.710 0.2857142985
77479  25.430  -10.502  -12.322 0.7142857313
81144  23.536  -6.315  -11.326 0.8571428657
84052  23.727  -3.608  -11.910 0.7142857313
88110  22.774  0.300  -12.075 0.8571428657
142394  22.825  6.282  -13.194 0.8571428657
142382  21.702  7.888  -13.262 0.8571428657
142388  21.147  9.107  -13.330 0.7142857313
100617  19.986  11.825  -14.609 0.1428571492
100638  19.454  12.905  -16.328 0.1428571492
101605  21.096  15.654  -19.715 0.1428571492
60614  19.746  -26.584  -4.336 0.1428571492
140962  25.205  -19.434  -10.226 0.2857142985
67868  24.604  -19.945  -7.996 0.4285714328
140970  28.609  -17.359  -10.352 0.2857142985
140985  28.972  -16.190  -11.308 0.2857142985
71540  27.644  -17.039  -13.233 0.2857142985
71541  26.801  -17.544  -12.493 0.2857142985
140980  28.437  -16.805  -12.900 0.2857142985
76580  25.794  -11.136  -12.053 0.7142857313
86079  24.602  -1.476  -14.692 0.1428571492
89179  24.994  2.516  -12.234 0.2857142985
86048  22.201  -1.763  -11.775 0.8571428657
91440  24.589  3.854  -12.690 0.1428571492
92521  23.855  4.643  -13.204 0.1428571492
142398  24.032  4.433  -11.033 0.8571428657
94669  22.432  7.082  -14.189 0.5714285970
97637  21.018  9.129  -14.131 0.4285714328
142396  21.424  8.273  -14.358 0.2857142985
97650  20.587  9.251  -14.487 0.1428571492
98641  19.807  10.357  -14.582 0.1428571492
99639  19.321  11.360  -14.657 0.1428571492
102546  20.247  14.234  -14.361 0.2857142985
99647  18.729  11.954  -15.228 0.1428571492
102555  20.554  14.771  -15.602 0.1428571492
103517  20.698  15.039  -15.086 0.1428571492
105494  21.141  15.820  -14.971 0.1428571492
99669  19.968  13.227  -17.351 0.1428571492
100653  21.118  16.256  -16.718 0.1428571492
107588  21.241  17.259  -15.513 0.1428571492
101598  21.293  16.695  -17.577 0.1428571492
93602  23.016  5.778  -13.863 0.4285714328
93603  22.679  6.424  -13.845 0.4285714328
95657  21.853  7.703  -13.866 0.5714285970
142389  21.267  8.799  -13.524 0.5714285970
65041  23.521  -23.814  -4.539 0.1428571492
65046  23.083  -23.740  -5.172 0.1428571492
64060  22.407  -24.927  -4.365 0.1428571492
140949  20.400  -26.296  -4.536 0.1428571492
65051  22.622  -23.428  -5.740 0.2857142985
78390  25.070  -8.670  -10.858 0.7142857313
81156  25.102  -6.234  -11.569 0.8571428657
80207  24.405  -7.077  -11.184 0.8571428657
83049  24.906  -4.530  -12.516 0.5714285970
87120  23.864  -0.940  -12.799 0.2857142985
86069  24.246  -1.654  -13.842 0.1428571492
89143  27.151  2.132  -10.908 0.8571428657
91402  28.335  5.243  -9.489 0.8571428657
91401  28.581  3.889  -9.028 0.8571428657
90223  25.985  3.207  -7.696 0.8571428657
92495  26.705  6.374  -10.259 0.8571428657
142393  23.252  5.712  -12.877 0.8571428657
97652  18.948  9.476  -14.466 0.1428571492
99633  20.285  11.511  -13.710 0.5714285970
98627  19.971  11.078  -12.759 0.5714285970
99670  19.262  12.475  -17.290 0.1428571492
101569  20.353  13.536  -14.592 0.4285714328
100627  20.088  13.273  -15.807 0.1428571492
142777  20.668  14.536  -17.714 0.1428571492
100651  20.169  14.043  -18.349 0.1428571492
100622  19.738  12.165  -14.948 0.1428571492
102551  20.513  14.471  -14.919 0.1428571492
106604  21.070  16.003  -16.219 0.1428571492
140967  28.481  -17.461  -8.770 0.1428571492
72387  27.192  -16.708  -13.153 0.5714285970
103513  20.219  15.012  -14.592 0.1428571492
72389  25.610  -15.828  -11.268 0.5714285970
72369  24.780  -15.672  -9.362 0.5714285970
71501  22.952  -16.081  -9.455 0.2857142985
73203  25.918  -14.934  -10.353 0.5714285970
73205  24.796  -14.960  -8.861 0.5714285970
70628  23.379  -17.280  -9.855 0.4285714328
73204  25.351  -14.961  -9.403 0.5714285970
72324  22.084  -15.690  -8.773 0.2857142985
73183  23.181  -14.698  -8.454 0.4285714328
74032  26.509  -13.582  -10.929 0.4285714328
74033  26.198  -13.924  -10.159 0.5714285970
74013  24.317  -13.604  -8.834 0.5714285970
74014  23.544  -13.526  -8.546 0.4285714328
74837  25.966  -12.590  -10.201 0.5714285970
74839  25.025  -12.567  -9.681 0.5714285970
74012  25.030  -13.418  -9.177 0.4285714328
74863  25.440  -12.310  -10.060 0.7142857313
75655  24.608  -11.686  -9.591 0.4285714328
75702  25.732  -11.328  -10.765 0.4285714328
73182  24.128  -14.547  -8.650 0.4285714328
73184  22.593  -14.602  -8.213 0.2857142985
73159  22.000  -14.963  -8.211 0.2857142985
73987  23.855  -13.068  -8.918 0.4285714328
74861  26.215  -12.482  -10.729 0.7142857313
76582  25.376  -10.232  -9.795 0.7142857313
77428  23.521  -9.282  -8.581 0.4285714328
79295  22.923  -8.220  -9.018 0.7142857313
79284  22.197  -8.158  -9.417 0.7142857313
80199  20.241  -7.481  -10.034 0.2857142985
76581  25.663  -10.744  -11.086 0.5714285970
77459  25.611  -9.782  -10.363 0.5714285970
77460  24.987  -9.489  -9.417 0.7142857313
79283  22.809  -7.925  -9.948 0.7142857313
81135  21.189  -6.612  -9.943 0.7142857313
82052  20.490  -5.803  -9.576 0.7142857313
81136  20.293  -6.644  -9.494 0.4285714328
83034  19.638  -5.064  -9.829 0.4285714328
78391  24.769  -8.480  -10.071 0.5714285970
79292  24.075  -7.980  -10.681 0.5714285970
81134  21.901  -6.768  -10.404 0.5714285970
81147  21.387  -6.253  -10.571 0.7142857313
83044  20.446  -4.772  -10.905 0.7142857313
84056  20.232  -3.458  -11.226 0.7142857313
83045  19.478  -4.128  -10.835 0.5714285970
85025  18.707  -2.584  -11.635 0.5714285970
82062  21.899  -5.707  -11.770 0.5714285970
81146  21.792  -6.367  -11.065 0.5714285970
83043  21.314  -4.684  -11.660 0.7142857313
82063  21.192  -5.657  -11.178 0.7142857313
84043  20.719  -3.163  -10.802 0.8571428657
83035  18.560  -4.158  -10.249 0.4285714328
85023  20.642  -2.608  -11.184 0.7142857313
85024  19.717  -2.642  -11.698 0.7142857313
86050  20.286  -1.772  -11.902 0.7142857313
86051  19.222  -1.733  -12.007 0.5714285970
82061  22.876  -5.535  -11.592 0.5714285970
85022  21.526  -2.699  -11.269 0.8571428657
86049  21.250  -1.734  -11.640 0.8571428657
87104  20.893  -0.759  -11.953 0.7142857313
87105  19.871  -0.859  -12.292 0.5714285970
88114  18.487  0.544  -12.021 0.2857142985
89181  20.651  1.647  -12.803 0.7142857313
89146  24.050  1.828  -10.884 0.8571428657
88111  21.645  0.317  -12.308 0.8571428657
88135  20.125  0.781  -13.067 0.5714285970
89164  22.636  1.392  -12.040 0.8571428657
90255  23.379  2.446  -11.386 0.8571428657
90272  21.291  2.540  -12.616 0.7142857313
90239  23.781  2.891  -10.962 0.8571428657
90237  24.661  2.625  -10.084 0.8571428657
142403  24.987  4.346  -8.743 0.8571428657
91423  22.818  3.567  -11.699 0.7142857313
93580  19.706  6.281  -12.001 0.7142857313
93564  18.263  6.413  -10.711 0.7142857313
94644  18.714  6.806  -10.917 0.7142857313
94642  20.026  7.192  -11.872 0.7142857313
142359  19.419  8.010  -11.680 0.8571428657
96615  18.711  8.594  -10.987 0.7142857313
142336  18.135  7.125  -10.350 0.7142857313
97611  18.651  9.642  -11.024 0.7142857313
97612  18.278  10.150  -10.653 0.7142857313
97606  17.922  9.605  -10.232 0.5714285970
142360  19.273  8.757  -11.548 0.7142857313
98620  19.064  10.652  -11.477 0.4285714328
98612  18.491  10.689  -10.935 0.5714285970
98613  18.080  10.649  -10.383 0.5714285970
97621  19.344  9.825  -11.620 0.5714285970
97602  17.376  9.591  -9.389 0.5714285970
99624  18.721  11.401  -11.299 0.5714285970
99618  18.322  11.572  -10.630 0.5714285970
99619  17.973  11.251  -9.991 0.5714285970
98609  17.610  10.534  -9.767 0.4285714328
98605  17.093  10.542  -8.984 0.5714285970
97603  16.858  9.486  -8.568 0.4285714328
99615  17.666  11.405  -9.331 0.5714285970
100606  18.632  12.328  -11.394 0.5714285970
99611  17.203  11.532  -8.333 0.4285714328
96603  16.462  8.496  -8.225 0.4285714328
100592  17.222  12.667  -8.126 0.4285714328
77455  26.907  -10.321  -11.203 0.2857142985
81145  22.597  -6.582  -11.189 0.5714285970
101542  17.392  13.505  -8.833 0.2857142985
99607  16.954  11.986  -7.263 0.2857142985
71521  24.807  -16.625  -10.087 0.5714285970
70645  24.084  -17.107  -9.789 0.5714285970
73219  26.342  -15.104  -12.287 0.2857142985
73220  26.033  -15.277  -11.519 0.4285714328
71522  24.343  -16.341  -9.488 0.5714285970
74048  26.719  -14.235  -11.969 0.2857142985
74015  22.783  -13.892  -8.129 0.4285714328
73986  24.380  -12.954  -9.165 0.4285714328
74814  24.304  -12.360  -9.337 0.5714285970
73990  21.774  -14.117  -7.860 0.2857142985
74842  22.270  -13.323  -7.869 0.2857142985
76559  24.194  -10.184  -8.860 0.5714285970
78417  27.491  -9.416  -10.993 0.2857142985
79272  20.632  -9.018  -9.780 0.2857142985
80198  21.132  -7.536  -9.855 0.7142857313
87103  21.956  -0.747  -11.874 0.8571428657
88112  20.558  -0.059  -12.761 0.7142857313
142379  22.415  4.680  -11.969 0.7142857313
92498  20.246  5.335  -12.320 0.7142857313
92499  18.866  5.043  -12.441 0.7142857313
97605  18.323  8.898  -10.556 0.7142857313
96606  17.615  8.976  -9.674 0.5714285970
98606  16.721  10.432  -8.061 0.2857142985
98618  20.135  9.942  -12.452 0.5714285970
98619  19.689  10.576  -12.271 0.5714285970
99623  19.194  11.642  -11.984 0.5714285970
100601  18.190  11.991  -9.846 0.5714285970
100595  18.184  12.712  -9.894 0.2857142985
75657  23.671  -11.911  -8.664 0.4285714328
72403  27.363  -16.164  -13.368 0.2857142985
80208  23.374  -7.234  -11.035 0.7142857313
78421  25.517  -9.235  -10.673 0.5714285970
84054  21.906  -3.671  -11.533 0.7142857313
83042  22.319  -4.641  -11.768 0.7142857313
142366  19.517  8.426  -11.780 0.8571428657
75701  25.815  -11.418  -11.158 0.5714285970
91441  21.909  3.533  -12.351 0.7142857313
72388  26.338  -16.227  -12.464 0.5714285970
72368  25.308  -15.707  -10.168 0.5714285970
71543  25.147  -16.344  -10.911 0.4285714328
72344  23.612  -15.517  -8.925 0.5714285970
72370  24.336  -15.324  -8.857 0.4285714328
71500  23.647  -16.453  -9.454 0.5714285970
72345  22.803  -15.534  -8.875 0.4285714328
73202  26.440  -14.545  -11.111 0.5714285970
73181  24.947  -14.240  -8.908 0.5714285970
74034  25.615  -14.117  -9.495 0.5714285970
69793  23.575  -17.874  -10.070 0.5714285970
74010  26.112  -13.063  -10.171 0.5714285970
74011  25.672  -13.262  -9.659 0.5714285970
74841  22.984  -12.899  -8.084 0.4285714328
76532  24.760  -11.106  -9.485 0.5714285970
76534  23.894  -10.968  -8.736 0.4285714328
76557  25.216  -11.003  -9.870 0.5714285970
76583  24.751  -9.949  -9.191 0.7142857313
78394  22.783  -8.585  -8.784 0.5714285970
78378  22.057  -8.814  -9.036 0.4285714328
77429  22.793  -9.097  -8.568 0.4285714328
76560  23.625  -10.158  -8.573 0.4285714328
78392  24.348  -8.555  -9.248 0.7142857313
79294  23.262  -8.105  -9.331 0.7142857313
79285  20.933  -8.465  -9.997 0.2857142985
80197  21.997  -7.422  -9.960 0.7142857313
79282  23.256  -7.775  -10.402 0.7142857313
83033  20.352  -5.361  -10.158 0.7142857313
80209  22.868  -7.169  -10.908 0.5714285970
84057  19.198  -3.418  -11.447 0.7142857313
84044  20.547  -2.997  -10.888 0.7142857313
85026  17.881  -2.552  -11.227 0.2857142985
88113  19.503  0.091  -12.552 0.5714285970
142350  18.774  7.358  -10.930 0.7142857313
142353  18.861  7.930  -11.119 0.7142857313
100600  18.353  12.517  -10.474 0.7142857313
100596  17.866  12.480  -9.093 0.5714285970
75659  22.261  -12.112  -7.756 0.1428571492
75658  23.164  -11.871  -8.078 0.4285714328
73201  28.691  -15.112  -12.973 0.1428571492
73200  28.894  -14.139  -11.614 0.1428571492
75680  27.659  -12.315  -11.608 0.1428571492
75698  27.083  -11.813  -11.261 0.1428571492
74031  28.508  -13.966  -12.900 0.1428571492
75654  28.859  -11.413  -11.329 0.1428571492
74858  28.086  -12.713  -12.112 0.1428571492
76577  27.480  -11.084  -11.176 0.1428571492
79311  27.479  -8.631  -11.304 0.2857142985
142392  23.250  4.490  -11.563 0.5714285970
142779  21.461  18.400  -16.823 0.1428571492
91443  19.909  3.507  -13.061 0.4285714328
142794  20.983  18.435  -16.188 0.1428571492
105504  21.089  16.492  -14.745 0.1428571492
92501  17.170  5.141  -11.234 0.4285714328
93582  17.852  5.745  -11.033 0.5714285970
93555  17.032  6.482  -10.577 0.4285714328
105483  17.806  16.365  -12.646 0.2857142985
102533  18.418  13.965  -11.560 0.2857142985
101557  18.815  13.187  -12.106 0.2857142985
102537  18.655  13.924  -12.422 0.2857142985
142312  15.890  5.838  -9.815 0.1428571492
142333  17.276  7.211  -10.146 0.5714285970
96610  18.343  8.301  -10.593 0.5714285970
103496  17.869  14.977  -10.910 0.2857142985
100605  19.094  12.497  -12.130 0.4285714328
142322  16.662  7.173  -9.984 0.4285714328
96612  17.284  7.762  -9.838 0.5714285970
102529  18.245  14.186  -10.859 0.2857142985
142302  16.634  6.858  -8.913 0.4285714328
142301  16.587  7.381  -8.703 0.2857142985
102526  17.491  14.388  -9.400 0.1428571492
101547  17.993  13.472  -9.883 0.1428571492
102530  17.935  14.363  -10.230 0.1428571492
95614  16.371  7.059  -8.356 0.1428571492
103493  17.562  15.199  -9.878 0.1428571492
101539  16.935  13.600  -7.866 0.2857142985
101536  16.775  13.604  -6.865 0.1428571492
102521  17.033  14.463  -8.433 0.1428571492
103490  17.225  15.328  -8.917 0.1428571492
102516  16.764  14.523  -7.398 0.1428571492
103482  16.800  15.474  -6.882 0.1428571492
67862  23.443  -20.180  -7.227 0.4285714328
140930  21.685  -18.978  -8.035 0.2857142985
140983  28.568  -15.944  -11.969 0.1428571492
75679  28.261  -12.338  -11.615 0.1428571492
77454  27.704  -10.080  -10.884 0.1428571492
92500  17.923  4.975  -11.647 0.2857142985
98626  20.489  10.405  -13.046 0.4285714328
101561  19.563  13.199  -13.001 0.2857142985
104467  17.598  15.822  -11.356 0.2857142985
103499  18.102  14.698  -11.922 0.2857142985
104460  17.400  16.143  -9.367 0.2857142985
140965  27.043  -18.408  -8.669 0.1428571492
140989  29.216  -16.557  -9.623 0.1428571492
140987  29.652  -16.051  -10.589 0.1428571492
79312  26.603  -8.622  -11.500 0.1428571492
142288  16.445  6.734  -8.467 0.1428571492
91424  18.702  4.171  -12.586 0.4285714328
142323  16.516  5.756  -9.562 0.2857142985
100610  19.565  12.323  -12.612 0.4285714328
104470  18.087  15.515  -12.638 0.2857142985
103503  19.294  14.240  -13.389 0.2857142985
103504  18.696  14.604  -13.155 0.2857142985
105482  18.292  16.219  -13.243 0.2857142985
106551  18.374  16.918  -13.677 0.1428571492
107550  18.219  17.928  -13.502 0.1428571492
107576  20.552  17.297  -14.915 0.1428571492
104463  17.498  15.970  -10.383 0.2857142985
107562  19.490  17.262  -14.581 0.1428571492
109488  19.775  17.819  -15.077 0.1428571492
104482  19.864  15.608  -14.426 0.1428571492
106578  19.878  16.815  -14.523 0.1428571492
80221  27.516  -7.391  -11.611 0.2857142985
101566  19.860  13.583  -13.505 0.4285714328
105478  17.583  16.605  -11.909 0.2857142985
103508  19.582  14.741  -13.962 0.2857142985
104475  19.309  15.519  -13.984 0.1428571492
140960  23.985  -19.411  -8.652 0.4285714328
99629  19.688  11.504  -12.558 0.4285714328
102540  19.969  14.028  -13.831 0.2857142985
93583  17.320  5.777  -10.982 0.4285714328
93553  17.941  6.714  -10.371 0.5714285970
95623  17.263  7.762  -10.378 0.5714285970
96611  17.691  8.347  -10.142 0.5714285970
101556  19.282  12.834  -12.467 0.2857142985
100588  16.905  12.897  -7.335 0.2857142985
92515  20.529  4.360  -12.533 0.5714285970
96607  17.116  8.365  -9.113 0.5714285970
101551  18.395  13.338  -10.868 0.2857142985
140998  29.219  -10.248  -11.207 0.1428571492
93566  16.656  5.723  -10.698 0.2857142985
103500  17.826  15.208  -11.491 0.2857142985
101562  19.068  13.529  -12.631 0.2857142985
142315  16.036  5.889  -9.909 0.2857142985
142328  16.133  7.134  -10.644 0.4285714328
96608  17.046  7.324  -9.263 0.4285714328
142311  16.690  6.794  -9.355 0.2857142985
97607  16.810  8.040  -10.361 0.5714285970
95617  16.513  7.915  -8.549 0.4285714328
69734  22.784  -19.600  -7.000 0.2857142985
140996  29.075  -10.002  -11.246 0.1428571492
91426  17.087  3.808  -11.424 0.2857142985
104476  18.716  15.524  -13.445 0.2857142985
105488  19.006  16.207  -13.921 0.2857142985
108520  19.062  17.617  -14.496 0.1428571492
84058  18.351  -3.346  -11.077 0.4285714328
87106  18.822  -0.674  -11.975 0.2857142985
106533  17.407  17.880  -9.423 0.1428571492
105475  17.453  16.759  -10.952 0.1428571492
107533  17.385  18.627  -10.205 0.1428571492
104453  17.014  16.319  -7.384 0.1428571492
107529  17.447  18.836  -8.944 0.1428571492
106536  17.399  17.688  -10.586 0.1428571492
105469  17.392  17.077  -8.823 0.1428571492
105466  17.281  17.142  -7.777 0.1428571492
106530  17.462  18.021  -8.240 0.1428571492
108506  17.479  19.612  -9.725 0.1428571492
105472  17.422  16.934  -9.898 0.1428571492
107526  17.543  19.131  -7.610 0.1428571492
106527  17.587  17.995  -6.994 0.1428571492
108505  17.595  20.215  -8.991 0.1428571492
108509  17.639  19.245  -11.196 0.1428571492
106539  17.594  17.458  -11.703 0.1428571492
107537  17.609  18.331  -11.468 0.1428571492
107521  17.710  18.786  -6.841 0.1428571492
74878  27.050  -13.251  -11.815 0.4285714328
140956  24.444  -19.032  -10.583 0.4285714328
140969  24.681  -18.866  -11.072 0.2857142985
140973  25.970  -19.642  -10.967 0.1428571492
70669  25.511  -17.816  -11.660 0.2857142985
140972  25.279  -18.689  -11.381 0.1428571492
70670  24.961  -17.082  -11.112 0.2857142985
70668  26.038  -18.474  -11.949 0.1428571492
71542  25.596  -16.823  -11.838 0.2857142985
70644  24.421  -18.027  -10.648 0.2857142985
142314  16.217  6.828  -10.541 0.2857142985
69751  23.126  -18.972  -9.532 0.2857142985
140964  23.004  -18.043  -10.060 0.2857142985
75656  24.104  -11.662  -9.081 0.2857142985
76535  23.313  -10.717  -8.275 0.2857142985
77408  22.399  -9.642  -8.326 0.2857142985
81137  19.693  -6.888  -9.586 0.1428571492
81115  19.030  -6.117  -8.576 0.1428571492
83026  19.364  -5.185  -8.899 0.2857142985
84045  17.862  -3.556  -10.508 0.1428571492
87107  17.720  -0.483  -11.457 0.1428571492
89183  18.998  1.712  -12.742 0.1428571492
89166  17.848  1.109  -11.884 0.1428571492
90275  18.551  2.381  -12.686 0.1428571492
90258  16.399  2.288  -11.405 0.1428571492
91406  15.154  4.375  -10.593 0.1428571492
94630  16.032  6.094  -10.470 0.1428571492
142306  14.851  5.604  -10.141 0.1428571492
142293  15.246  5.494  -10.229 0.1428571492
97599  16.438  9.408  -7.668 0.1428571492
99612  16.748  11.117  -7.516 0.1428571492
140953  23.301  -20.288  -6.905 0.2857142985
90273  20.340  2.566  -13.114 0.2857142985
91428  15.004  3.025  -11.289 0.1428571492
142307  16.119  5.711  -10.249 0.1428571492
140952  22.962  -20.297  -6.568 0.2857142985
74840  23.430  -12.629  -8.511 0.2857142985
76536  22.614  -10.858  -7.815 0.2857142985
77396  21.914  -10.118  -7.984 0.2857142985
83028  17.853  -4.895  -9.845 0.1428571492
84059  17.677  -3.091  -10.841 0.1428571492
86034  17.416  -2.010  -11.110 0.1428571492
86052  18.158  -1.612  -11.483 0.1428571492
88096  16.024  -0.438  -11.351 0.1428571492
88116  16.403  0.233  -11.591 0.1428571492
88117  15.398  0.578  -11.566 0.1428571492
89168  16.074  1.254  -11.567 0.1428571492
91425  18.120  3.874  -12.199 0.1428571492
142281  14.731  5.029  -10.156 0.1428571492
83027  18.760  -5.019  -9.348 0.1428571492
88137  18.763  1.196  -12.400 0.1428571492
96601  16.167  8.314  -7.295 0.1428571492
91445  18.092  2.918  -12.486 0.1428571492
142280  16.373  4.502  -11.073 0.1428571492
140944  21.025  -18.567  -8.895 0.2857142985
77409  21.499  -9.519  -8.479 0.1428571492
90276  17.846  2.068  -12.253 0.1428571492
140955  22.634  -20.295  -6.357 0.1428571492
69735  21.203  -19.287  -6.016 0.1428571492
140937  21.463  -18.719  -6.862 0.1428571492
140957  22.227  -17.997  -9.574 0.1428571492
81155  26.173  -6.246  -11.634 0.1428571492
81154  26.992  -6.601  -11.624 0.1428571492
65058  22.368  -22.717  -6.010 0.1428571492
140938  20.965  -18.872  -8.151 0.1428571492
69781  22.818  -17.534  -9.918 0.1428571492
71491  21.410  -16.101  -9.081 0.1428571492
94668  22.666  6.556  -14.310 0.1428571492
72325  21.399  -15.613  -8.448 0.1428571492
81179  26.982  -5.729  -11.521 0.1428571492
70620  22.007  -17.030  -9.533 0.1428571492
74016  22.327  -13.913  -7.923 0.1428571492
69769  21.432  -17.373  -9.410 0.1428571492
65050  23.248  -23.155  -5.518 0.2857142985
65057  22.982  -22.885  -5.916 0.1428571492
66963  23.464  -20.552  -6.872 0.2857142985
69768  21.697  -17.664  -9.461 0.1428571492
69770  21.032  -17.233  -9.324 0.1428571492
70619  22.169  -17.461  -9.602 0.1428571492
70621  21.466  -16.821  -9.368 0.1428571492
70629  22.719  -16.999  -9.733 0.4285714328
70630  22.424  -16.444  -9.541 0.2857142985
71490  22.005  -16.307  -9.336 0.1428571492
71502  22.442  -15.993  -9.231 0.2857142985
72326  20.956  -15.596  -8.203 0.1428571492
72343  24.159  -15.847  -9.173 0.5714285970
72386  27.900  -16.388  -13.531 0.2857142985
72402  27.708  -15.986  -13.570 0.2857142985
72404  26.914  -16.278  -13.109 0.5714285970
73158  22.546  -15.117  -8.468 0.4285714328
73218  28.461  -15.639  -13.629 0.2857142985
73235  27.419  -15.557  -13.434 0.2857142985
73236  26.805  -15.728  -13.076 0.2857142985
73988  23.604  -12.961  -8.737 0.4285714328
73989  22.328  -14.310  -8.006 0.2857142985
74059  28.201  -14.962  -13.795 0.2857142985
74060  27.633  -14.853  -13.592 0.2857142985
74061  26.844  -14.775  -13.069 0.2857142985
74815  23.908  -12.633  -9.089 0.4285714328
74816  23.645  -12.624  -8.821 0.4285714328
74838  25.675  -12.658  -9.946 0.5714285970
74859  28.018  -13.029  -12.631 0.2857142985
74862  25.742  -12.252  -10.290 0.7142857313
74885  27.927  -14.092  -13.902 0.2857142985
74887  26.824  -14.028  -12.639 0.2857142985
75630  24.213  -11.979  -9.302 0.4285714328
75631  23.938  -12.184  -9.080 0.5714285970
75632  23.736  -12.374  -8.922 0.4285714328
75681  27.551  -12.803  -12.018 0.2857142985
75682  26.042  -11.816  -10.949 0.5714285970
75683  25.825  -11.786  -10.664 0.7142857313
75684  25.369  -11.699  -10.295 0.4285714328
75699  27.047  -12.422  -11.612 0.1428571492
75710  25.341  -11.125  -14.583 0.8571428657
75711  25.175  -11.179  -14.422 0.8571428657
75717  25.255  -11.283  -15.052 0.8571428657
75718  25.093  -11.448  -14.818 0.8571428657
75719  25.206  -11.375  -15.280 0.8571428657
75720  25.077  -11.517  -15.113 0.8571428657
76531  28.816  -10.607  -11.467 0.1428571492
76533  24.390  -11.060  -9.165 0.4285714328
76554  28.833  -10.230  -11.362 0.1428571492
76555  28.333  -10.788  -11.384 0.1428571492
76556  27.904  -11.618  -11.430 0.1428571492
76558  24.807  -10.596  -9.357 0.5714285970
76576  27.971  -10.466  -11.030 0.1428571492
76593  25.366  -10.917  -14.111 0.8571428657
76594  25.403  -11.018  -13.549 0.7142857313
76595  25.384  -11.134  -12.566 0.5714285970
76601  26.206  -11.072  -15.110 0.8571428657
76602  24.857  -11.138  -14.624 0.8571428657
76603  25.363  -11.123  -15.210 0.8571428657
76604  25.062  -11.245  -15.125 0.8571428657
77407  23.171  -9.719  -8.410 0.4285714328
77426  28.729  -9.959  -11.197 0.1428571492
77427  24.274  -9.272  -8.844 0.7142857313
77453  28.399  -9.938  -10.974 0.1428571492
77456  26.164  -10.373  -11.969 0.2857142985
77458  25.628  -9.993  -11.346 0.7142857313
77477  25.429  -10.947  -13.525 0.8571428657
77478  25.557  -10.679  -12.977 0.8571428657
77487  25.516  -10.772  -14.574 0.8571428657
77489  25.517  -10.858  -15.093 0.8571428657
77490  25.223  -10.886  -14.950 0.8571428657
78393  23.534  -8.548  -8.805 0.7142857313
78418  26.645  -9.581  -11.324 0.2857142985
78422  25.200  -9.080  -9.814 0.7142857313
78445  25.809  -9.928  -12.455 0.7142857313
79281  23.416  -7.630  -10.698 0.5714285970
79286  20.014  -8.016  -10.461 0.2857142985
79293  23.737  -8.100  -9.890 0.7142857313
80195  23.057  -7.473  -10.755 0.5714285970
80196  22.581  -7.268  -10.530 0.5714285970
81114  19.296  -6.228  -8.681 0.1428571492
81123  19.598  -6.357  -8.986 0.4285714328
81133  22.193  -6.775  -10.800 0.5714285970
82034  19.559  -6.105  -8.558 0.4285714328
82035  19.335  -5.923  -8.392 0.1428571492
82042  19.819  -5.772  -8.788 0.2857142985
82043  18.946  -5.647  -8.676 0.1428571492
82051  20.843  -5.763  -10.374 0.7142857313
83046  18.872  -3.803  -10.994 0.5714285970
84055  21.050  -3.615  -11.006 0.8571428657
85008  20.985  -2.917  -10.743 0.8571428657
85009  20.738  -2.881  -10.793 0.8571428657
86045  24.159  -2.325  -12.613 0.4285714328
87108  17.041  -0.155  -11.482 0.1428571492
88097  15.555  -0.134  -11.225 0.1428571492
88115  17.455  0.461  -11.603 0.1428571492
88134  20.855  0.854  -12.520 0.5714285970
88136  19.293  1.004  -12.623 0.1428571492
89124  27.621  1.647  -8.356 0.8571428657
89125  26.715  1.190  -8.261 0.8571428657
89133  25.363  1.786  -9.634 0.8571428657
89134  25.006  2.091  -9.924 0.8571428657
89165  21.574  1.534  -12.400 0.8571428657
89167  17.178  1.449  -11.700 0.1428571492
89169  15.204  1.457  -11.648 0.1428571492
89182  19.774  1.650  -13.209 0.7142857313
89184  18.320  1.512  -12.270 0.1428571492
89185  17.777  1.531  -12.044 0.1428571492
90212  27.043  3.192  -7.379 0.8571428657
90213  26.460  3.114  -7.474 0.8571428657
90214  26.168  3.314  -7.573 0.8571428657
90222  26.635  2.195  -7.690 0.8571428657
90227  28.453  2.813  -8.696 0.8571428657
90228  26.161  1.393  -8.266 0.8571428657
90230  25.075  2.582  -9.381 0.8571428657
90235  28.625  3.274  -9.741 0.8571428657
90238  24.062  2.493  -10.718 0.8571428657
90240  15.883  2.032  -11.398 0.1428571492
90254  23.798  1.967  -11.044 0.8571428657
90256  22.365  2.506  -12.239 0.7142857313
90257  17.429  2.721  -11.930 0.1428571492
90259  15.542  2.224  -11.443 0.1428571492
90274  19.347  2.552  -13.213 0.1428571492
91366  27.008  3.747  -7.391 0.8571428657
91367  26.644  3.570  -7.444 0.8571428657
91368  26.370  3.419  -7.511 0.8571428657
91375  27.391  3.906  -7.610 0.8571428657
91376  26.686  4.221  -7.528 0.8571428657
91377  26.216  3.749  -7.615 0.8571428657
91387  28.069  4.029  -8.356 0.8571428657
91390  24.973  3.598  -8.810 0.8571428657
91403  24.726  3.329  -9.558 0.8571428657
91404  24.299  3.670  -10.364 0.7142857313
91405  23.971  3.142  -10.766 0.8571428657
91421  24.087  3.911  -10.855 0.7142857313
91422  23.743  3.579  -11.097 0.7142857313
91442  20.877  3.464  -12.654 0.4285714328
91444  18.796  3.556  -12.972 0.4285714328
91450  24.014  3.735  -13.460 0.1428571492
92481  24.751  4.182  -9.350 0.8571428657
92496  25.934  5.626  -11.175 0.8571428657
92497  21.377  5.192  -12.262 0.7142857313
92514  21.412  4.269  -12.334 0.5714285970
92516  19.529  4.387  -12.800 0.5714285970
92517  18.917  4.323  -12.829 0.4285714328
93554  17.361  6.501  -10.502 0.4285714328
93565  17.671  5.941  -10.781 0.7142857313
93581  18.610  6.080  -11.435 0.7142857313
94617  16.448  6.464  -8.562 0.1428571492
94643  19.219  7.044  -11.327 0.7142857313
95632  16.449  7.712  -11.051 0.4285714328
95646  20.899  8.170  -12.570 0.8571428657
96616  17.303  7.622  -10.031 0.5714285970
96617  16.978  7.943  -10.488 0.5714285970
96623  16.543  8.004  -11.205 0.4285714328
96624  16.169  7.762  -11.142 0.4285714328
96634  21.601  8.102  -13.687 0.5714285970
97608  16.023  7.613  -10.843 0.4285714328
97613  16.366  7.776  -11.072 0.4285714328
97614  15.903  7.838  -11.027 0.4285714328
97620  19.793  9.477  -12.085 0.5714285970
97622  16.228  7.970  -11.263 0.4285714328
97623  15.987  7.910  -11.268 0.4285714328
97638  17.610  9.938  -14.794 0.1428571492
97639  17.634  10.076  -14.984 0.1428571492
97651  19.881  9.280  -14.721 0.1428571492
98630  20.867  9.768  -13.846 0.4285714328
98632  17.392  10.295  -14.815 0.1428571492
98633  17.482  10.509  -15.170 0.1428571492
98640  20.464  9.879  -14.425 0.2857142985
98642  18.536  10.398  -14.223 0.1428571492
98643  17.831  10.506  -14.513 0.1428571492
98644  17.584  10.780  -15.475 0.1428571492
99634  17.382  11.041  -14.864 0.1428571492
99635  17.851  11.156  -14.912 0.1428571492
99641  17.133  11.095  -15.057 0.1428571492
99649  17.461  11.247  -15.471 0.1428571492
99682  19.505  12.396  -17.803 0.1428571492
100609  19.874  12.552  -13.113 0.5714285970
100613  20.174  12.437  -13.517 0.5714285970
100628  19.505  12.546  -15.634 0.1428571492
100636  20.354  14.106  -16.583 0.1428571492
100637  20.161  13.670  -16.592 0.1428571492
100647  20.420  14.247  -16.757 0.1428571492
100652  20.836  14.966  -17.929 0.1428571492
100659  21.170  16.606  -17.065 0.1428571492
101546  18.284  13.031  -10.264 0.2857142985
101552  18.198  13.863  -10.453 0.2857142985
101565  20.189  13.311  -13.744 0.4285714328
101574  20.396  13.788  -15.271 0.1428571492
101579  20.446  14.492  -15.860 0.1428571492
101580  20.309  13.989  -15.855 0.1428571492
101584  20.443  14.452  -16.315 0.1428571492
102536  19.146  13.852  -13.024 0.2857142985
102541  19.607  13.905  -13.449 0.2857142985
102545  20.422  14.786  -14.751 0.1428571492
102550  20.579  14.898  -14.912 0.1428571492
102556  20.520  14.528  -15.413 0.1428571492
102560  20.606  14.982  -15.729 0.1428571492
103495  18.183  14.452  -11.283 0.2857142985
103507  19.974  14.463  -14.206 0.2857142985
103509  19.069  15.084  -13.648 0.2857142985
103512  20.636  15.169  -14.870 0.1428571492
103514  19.996  15.287  -14.501 0.1428571492
103518  20.637  14.798  -15.085 0.1428571492
103521  20.657  15.025  -15.402 0.1428571492
103522  20.601  14.794  -15.329 0.1428571492
104466  17.768  15.397  -11.892 0.2857142985
104471  17.633  15.923  -12.099 0.2857142985
104480  20.767  15.600  -14.828 0.1428571492
104481  20.409  15.702  -14.644 0.1428571492
104486  20.906  15.467  -15.121 0.1428571492
104491  20.758  15.242  -15.356 0.1428571492
105487  19.663  15.946  -14.316 0.1428571492
105495  20.965  16.058  -14.734 0.1428571492
105496  20.336  16.300  -14.578 0.1428571492
105497  19.618  16.432  -14.378 0.1428571492
105502  21.052  15.725  -15.382 0.1428571492
105503  21.279  16.149  -15.087 0.1428571492
106552  17.981  16.692  -13.115 0.2857142985
106565  19.167  16.792  -14.282 0.2857142985
106577  20.670  16.905  -14.634 0.1428571492
106590  20.700  15.261  -16.003 0.1428571492
106592  21.341  16.664  -15.253 0.1428571492
106605  21.325  16.592  -15.899 0.1428571492
107541  18.066  17.649  -13.213 0.1428571492
107549  18.415  17.547  -13.870 0.1428571492
107563  19.012  17.241  -14.363 0.1428571492
107568  19.958  17.162  -14.650 0.1428571492
107569  19.391  17.073  -14.473 0.1428571492
108499  17.486  19.651  -8.611 0.1428571492
108521  18.640  17.935  -14.262 0.1428571492
108531  19.645  17.431  -14.708 0.1428571492
140939  20.321  -26.501  -4.136 0.1428571492
140945  21.447  -18.079  -9.345 0.1428571492
140947  20.819  -26.421  -3.898 0.1428571492
140950  21.198  -26.009  -4.192 0.1428571492
140954  23.193  -20.045  -6.878 0.2857142985
140968  25.363  -19.660  -11.052 0.2857142985
140971  25.030  -19.362  -11.134 0.2857142985
140974  25.959  -19.215  -11.418 0.2857142985
141070  24.141  -22.713  -4.793 0.1428571492
141074  23.678  -22.803  -5.355 0.1428571492
142282  15.745  5.424  -10.446 0.1428571492
142292  14.530  5.448  -10.082 0.1428571492
142294  14.790  5.367  -10.138 0.1428571492
142304  15.075  5.972  -10.126 0.1428571492
142316  16.622  6.170  -9.956 0.2857142985
142317  16.270  6.556  -10.447 0.2857142985
142325  16.760  6.737  -10.571 0.4285714328
142326  17.088  7.489  -10.496 0.5714285970
142327  16.191  7.365  -10.784 0.4285714328
142332  17.151  6.894  -10.370 0.4285714328
142334  17.693  7.398  -10.212 0.5714285970
142335  17.610  6.949  -10.283 0.5714285970
142337  18.151  7.763  -10.447 0.5714285970
142338  16.630  6.685  -9.089 0.2857142985
142346  18.441  7.218  -10.608 0.7142857313
142347  18.671  7.848  -10.871 0.7142857313
142348  18.634  7.494  -10.774 0.7142857313
142351  18.967  7.722  -11.205 0.7142857313
142352  18.988  8.155  -11.303 0.7142857313
142361  19.148  8.251  -11.455 0.8571428657
142362  19.319  8.255  -11.534 0.8571428657
142363  20.359  7.886  -12.257 0.8571428657
142364  19.950  8.547  -12.114 0.7142857313
142365  20.176  8.274  -12.253 0.8571428657
142369  20.508  8.608  -12.421 0.7142857313
142370  20.485  9.252  -12.484 0.7142857313
142374  21.421  7.221  -12.398 0.8571428657
142375  21.585  7.354  -12.518 0.8571428657
142376  21.064  8.854  -12.810 0.7142857313
142378  21.107  9.149  -12.979 0.7142857313
142383  22.231  6.476  -12.366 0.8571428657
142386  21.882  6.493  -12.302 0.8571428657
142387  21.374  8.525  -13.391 0.7142857313
142390  21.234  8.880  -13.094 0.7142857313
142391  21.162  9.048  -12.973 0.7142857313
142395  24.987  4.655  -9.017 0.8571428657
142397  21.222  8.760  -13.932 0.5714285970
142405  20.636  8.538  -14.851 0.1428571492
142406  24.791  6.035  -10.004 0.8571428657
142407  25.896  6.795  -9.712 0.8571428657
142408  25.244  6.296  -9.365 0.7142857313
142409  23.011  4.940  -11.746 0.7142857313
142776  20.652  14.844  -17.036 0.1428571492
142799  20.710  15.190  -16.606 0.1428571492
