#!ascii label  , from subject 3959 vox2ras=TkReg
1215
45882  -11.805  -32.751  71.513 0.0000000000
54836  -37.077  -25.800  63.843 0.0000000000
60498  -33.032  -19.043  59.470 0.0000000000
53552  -31.205  -25.532  67.231 0.0000000000
71722  -41.348  -11.393  47.055 0.0000000000
70472  -35.499  -12.394  50.498 0.0000000000
55893  -36.428  -24.002  69.701 0.0000000000
51318  -34.288  -26.833  65.139 0.0000000000
75025  -47.325  -9.180  49.589 0.0000000000
79735  -48.484  -4.247  46.005 0.0000000000
84070  -50.503  -0.949  43.270 0.0000000000
68015  -34.947  -14.304  60.157 0.0000000000
65592  -33.664  -16.072  55.101 0.0000000000
72753  -36.959  -9.121  56.325 0.0000000000
76106  -41.193  -7.733  52.689 0.0000000000
54793  -23.846  -25.311  65.406 0.0000000000
45839  -8.335  -33.149  72.794 0.0000000000
58255  -33.620  -23.020  62.841 0.0000000000
62931  -34.781  -16.849  64.530 0.0000000000
53637  -26.739  -26.879  62.007 0.0000000000
51389  -31.968  -28.616  61.487 0.0000000000
83072  -48.485  -1.627  37.529 0.0000000000
86178  -52.142  2.200  40.688 0.0000000000
70504  -39.860  -12.826  48.627 0.0000000000
75013  -44.549  -9.863  51.666 0.0000000000
45926  -15.002  -33.058  69.165 0.0000000000
38702  -8.611  -40.404  71.423 0.0000000000
77350  -47.447  -6.424  47.932 0.0000000000
71587  -35.461  -11.016  57.480 0.0000000000
51334  -22.251  -28.223  63.963 0.0000000000
44843  -10.213  -33.076  72.679 0.0000000000
54859  -34.731  -25.595  61.329 0.0000000000
57119  -35.219  -25.014  64.254 0.0000000000
54834  -28.958  -25.597  64.092 0.0000000000
52499  -29.760  -27.526  61.667 0.0000000000
53588  -31.319  -26.606  64.267 0.0000000000
52441  -36.652  -27.782  65.770 0.0000000000
51351  -34.762  -28.214  63.315 0.0000000000
51372  -37.088  -28.703  62.452 0.0000000000
54758  -29.198  -24.819  68.537 0.0000000000
55951  -27.569  -24.618  65.508 0.0000000000
78633  -44.714  -5.638  43.059 0.0000000000
81963  -47.091  -2.538  39.315 0.0000000000
85126  -50.690  0.813  41.510 0.0000000000
69247  -34.291  -13.644  53.079 0.0000000000
71687  -37.515  -11.719  49.663 0.0000000000
74988  -42.583  -8.619  51.960 0.0000000000
50237  -18.541  -28.991  67.467 0.0000000000
50227  -17.398  -28.923  68.314 0.0000000000
49162  -16.051  -29.301  69.598 0.0000000000
46972  -16.284  -32.245  68.426 0.0000000000
38709  -9.419  -40.036  71.422 0.0000000000
54774  -37.371  -25.408  67.126 0.0000000000
58214  -35.391  -23.234  66.887 0.0000000000
59315  -35.975  -21.861  69.926 0.0000000000
52350  -32.747  -25.518  69.602 0.0000000000
52423  -32.551  -26.119  66.232 0.0000000000
51261  -33.817  -25.773  68.540 0.0000000000
52391  -35.659  -26.813  68.509 0.0000000000
73906  -44.053  -9.981  48.286 0.0000000000
77347  -44.274  -6.983  47.126 0.0000000000
78613  -45.314  -5.036  45.867 0.0000000000
81910  -46.751  -2.858  44.012 0.0000000000
83026  -47.492  -1.578  42.652 0.0000000000
81913  -49.760  -2.488  44.397 0.0000000000
62986  -34.520  -16.932  59.058 0.0000000000
61669  -34.040  -18.408  57.463 0.0000000000
66838  -34.430  -15.013  57.847 0.0000000000
69224  -34.416  -12.452  55.769 0.0000000000
71625  -35.023  -10.371  53.863 0.0000000000
73857  -37.829  -8.840  52.409 0.0000000000
76090  -38.752  -7.621  54.763 0.0000000000
54778  -21.844  -25.416  66.953 0.0000000000
51314  -20.651  -28.260  65.790 0.0000000000
87238  -51.983  2.912  37.043 0.0000000000
46914  -6.942  -32.969  72.426 0.0000000000
57152  -33.176  -24.027  60.616 0.0000000000
59396  -31.664  -21.077  61.804 0.0000000000
59353  -33.767  -21.553  66.249 0.0000000000
61557  -32.192  -19.702  65.050 0.0000000000
61589  -33.370  -18.033  62.073 0.0000000000
65531  -35.818  -15.637  61.566 0.0000000000
52466  -33.427  -27.584  63.613 0.0000000000
55920  -25.611  -24.365  67.554 0.0000000000
54830  -24.930  -25.790  63.406 0.0000000000
84091  -48.449  -0.031  40.556 0.0000000000
85135  -49.379  1.023  39.503 0.0000000000
87236  -50.947  2.207  38.304 0.0000000000
87228  -53.228  3.444  39.540 0.0000000000
43884  -12.478  -35.340  70.009 0.0000000000
42746  -10.859  -36.406  70.856 0.0000000000
70506  -41.474  -12.255  48.633 0.0000000000
73889  -40.120  -9.709  50.947 0.0000000000
72792  -42.137  -10.783  50.769 0.0000000000
71693  -43.448  -11.523  49.982 0.0000000000
72797  -46.750  -10.421  50.878 0.0000000000
45895  -13.328  -32.721  70.168 0.0000000000
41662  -9.519  -37.272  71.428 0.0000000000
41643  -8.025  -36.561  72.004 0.0000000000
42721  -6.486  -36.482  72.063 0.0000000000
44863  -11.425  -33.256  71.800 0.0000000000
53629  -37.077  -26.548  62.590 0.0000000000
55987  -35.666  -25.549  63.227 0.0000000000
55966  -35.870  -25.060  64.532 0.0000000000
54797  -29.854  -25.441  65.475 0.0000000000
53587  -30.700  -26.139  64.590 0.0000000000
53574  -30.992  -25.827  65.464 0.0000000000
52442  -37.153  -27.369  65.040 0.0000000000
51321  -36.873  -27.984  64.483 0.0000000000
52467  -37.235  -27.384  63.238 0.0000000000
52486  -37.296  -27.482  62.419 0.0000000000
53524  -31.460  -25.508  69.101 0.0000000000
54724  -30.667  -25.273  69.789 0.0000000000
54773  -29.913  -25.259  67.131 0.0000000000
54781  -29.224  -24.832  66.541 0.0000000000
81954  -46.313  -2.902  40.824 0.0000000000
60508  -32.142  -20.849  58.466 0.0000000000
60524  -33.297  -19.800  57.901 0.0000000000
69256  -34.604  -12.872  52.434 0.0000000000
69286  -34.907  -14.296  50.754 0.0000000000
70473  -36.186  -11.935  50.141 0.0000000000
49199  -18.075  -30.640  66.791 0.0000000000
50236  -17.742  -29.264  67.813 0.0000000000
48038  -17.978  -30.975  68.095 0.0000000000
48037  -16.948  -31.135  68.284 0.0000000000
46985  -17.191  -32.155  67.189 0.0000000000
55910  -37.085  -24.359  68.372 0.0000000000
57073  -36.403  -23.871  68.466 0.0000000000
57066  -36.281  -23.301  69.798 0.0000000000
52340  -33.170  -25.465  70.861 0.0000000000
51260  -33.354  -25.731  68.431 0.0000000000
52353  -34.476  -25.698  70.597 0.0000000000
54725  -36.329  -25.066  70.394 0.0000000000
53526  -36.377  -25.997  69.456 0.0000000000
54745  -36.603  -25.285  69.646 0.0000000000
53539  -37.241  -26.292  67.816 0.0000000000
73908  -45.577  -9.700  49.136 0.0000000000
75047  -44.363  -8.851  48.090 0.0000000000
76147  -45.970  -8.335  48.583 0.0000000000
78602  -47.924  -5.256  47.059 0.0000000000
78583  -46.598  -5.701  47.095 0.0000000000
79717  -46.774  -4.715  46.231 0.0000000000
80786  -45.907  -3.793  44.649 0.0000000000
80788  -47.311  -3.644  45.210 0.0000000000
80808  -47.961  -3.074  44.838 0.0000000000
80790  -49.254  -3.785  45.573 0.0000000000
65559  -34.754  -15.856  59.322 0.0000000000
65567  -34.828  -16.082  58.352 0.0000000000
68023  -34.660  -14.108  59.090 0.0000000000
72745  -36.274  -9.775  56.562 0.0000000000
70404  -34.896  -11.646  57.128 0.0000000000
71607  -35.507  -10.176  55.751 0.0000000000
71615  -34.982  -11.022  54.539 0.0000000000
72756  -35.894  -9.508  55.362 0.0000000000
74976  -36.898  -8.590  54.031 0.0000000000
74966  -38.001  -8.307  55.619 0.0000000000
55933  -23.750  -24.744  67.008 0.0000000000
55917  -22.697  -24.645  68.133 0.0000000000
54792  -22.696  -25.640  65.798 0.0000000000
51315  -21.284  -28.077  65.178 0.0000000000
88253  -53.204  3.758  37.590 0.0000000000
89324  -54.093  4.193  36.848 0.0000000000
46915  -7.722  -32.685  72.635 0.0000000000
57142  -33.703  -24.525  62.191 0.0000000000
56008  -34.124  -25.166  60.882 0.0000000000
58266  -33.068  -23.512  62.037 0.0000000000
58278  -32.215  -22.756  60.664 0.0000000000
58253  -32.291  -21.759  62.670 0.0000000000
59332  -34.748  -22.352  68.538 0.0000000000
58213  -34.639  -22.710  66.960 0.0000000000
60426  -33.842  -21.246  67.763 0.0000000000
62893  -34.360  -17.537  66.099 0.0000000000
62891  -33.004  -18.694  66.168 0.0000000000
62913  -33.324  -18.420  64.463 0.0000000000
62928  -32.985  -18.658  63.768 0.0000000000
62930  -34.188  -17.388  63.957 0.0000000000
62950  -34.437  -16.954  62.430 0.0000000000
64248  -35.070  -16.448  63.179 0.0000000000
52500  -30.833  -27.833  61.732 0.0000000000
51317  -33.535  -26.495  65.381 0.0000000000
52451  -32.771  -26.958  64.330 0.0000000000
51335  -33.810  -27.088  64.418 0.0000000000
50296  -34.445  -29.133  62.129 0.0000000000
55907  -26.506  -24.338  68.319 0.0000000000
54832  -27.206  -25.336  63.512 0.0000000000
54812  -25.718  -25.036  64.458 0.0000000000
54846  -25.649  -26.022  62.834 0.0000000000
52480  -25.599  -27.536  62.165 0.0000000000
83028  -48.906  -0.888  42.850 0.0000000000
84084  -47.908  -0.992  41.978 0.0000000000
84079  -49.529  -0.497  42.559 0.0000000000
86170  -51.592  1.479  41.211 0.0000000000
86175  -50.214  1.145  40.525 0.0000000000
86181  -50.775  1.873  39.670 0.0000000000
86189  -49.999  1.232  38.230 0.0000000000
87232  -51.057  2.288  39.107 0.0000000000
87233  -51.568  2.662  38.691 0.0000000000
87221  -52.607  2.502  40.526 0.0000000000
64330  -34.404  -16.801  56.199 0.0000000000
63023  -34.210  -18.891  56.033 0.0000000000
69328  -40.600  -13.211  47.532 0.0000000000
70505  -40.685  -12.563  48.698 0.0000000000
75007  -39.179  -8.465  52.165 0.0000000000
73874  -39.135  -9.044  51.541 0.0000000000
75008  -40.041  -8.635  51.827 0.0000000000
74989  -43.609  -8.801  51.927 0.0000000000
73877  -42.352  -10.038  51.340 0.0000000000
73878  -43.157  -10.279  51.376 0.0000000000
71676  -43.182  -11.292  50.679 0.0000000000
72781  -44.266  -10.908  51.150 0.0000000000
71678  -44.925  -11.219  50.491 0.0000000000
73881  -45.811  -10.149  51.624 0.0000000000
48018  -15.483  -30.824  69.702 0.0000000000
48017  -14.852  -31.054  70.061 0.0000000000
46940  -13.548  -31.843  70.638 0.0000000000
45910  -14.040  -32.786  69.750 0.0000000000
44920  -13.282  -34.132  69.575 0.0000000000
44938  -14.288  -34.125  69.037 0.0000000000
40692  -10.804  -38.260  70.762 0.0000000000
41663  -9.957  -37.269  71.202 0.0000000000
40691  -10.171  -38.237  71.062 0.0000000000
38703  -9.095  -40.005  71.589 0.0000000000
39676  -8.942  -39.115  71.566 0.0000000000
40674  -8.020  -38.079  71.714 0.0000000000
41641  -7.229  -36.231  71.623 0.0000000000
40673  -7.888  -37.765  71.454 0.0000000000
53500  -35.343  -25.762  72.028 0.0000000000
76138  -48.641  -8.206  49.668 0.0000000000
76148  -46.926  -7.924  48.685 0.0000000000
76150  -48.942  -7.481  49.249 0.0000000000
70385  -35.190  -12.293  58.671 0.0000000000
53602  -23.330  -26.836  63.539 0.0000000000
53584  -22.477  -26.660  64.592 0.0000000000
46906  -10.113  -31.471  73.462 0.0000000000
44820  -9.281  -33.043  72.891 0.0000000000
54870  -36.074  -26.133  61.176 0.0000000000
55986  -34.971  -25.354  62.981 0.0000000000
57117  -34.044  -23.816  63.715 0.0000000000
65483  -35.979  -16.135  64.449 0.0000000000
54833  -28.208  -25.543  63.674 0.0000000000
53639  -28.466  -26.973  61.935 0.0000000000
53625  -29.553  -26.738  62.576 0.0000000000
52482  -30.102  -27.114  62.341 0.0000000000
52484  -31.626  -27.611  62.761 0.0000000000
51319  -35.037  -27.284  65.063 0.0000000000
51336  -34.471  -27.440  64.195 0.0000000000
51337  -35.282  -27.640  64.030 0.0000000000
51352  -35.653  -28.136  63.160 0.0000000000
51393  -37.206  -28.582  61.463 0.0000000000
55892  -28.320  -24.609  68.842 0.0000000000
55908  -27.463  -24.511  68.107 0.0000000000
55923  -28.404  -24.670  66.911 0.0000000000
55965  -28.332  -24.865  64.857 0.0000000000
77396  -44.081  -6.406  43.919 0.0000000000
83062  -47.417  -1.859  38.837 0.0000000000
83019  -51.861  -1.171  43.914 0.0000000000
84080  -50.563  -0.355  42.756 0.0000000000
68083  -33.628  -15.021  54.299 0.0000000000
69315  -37.555  -13.682  48.639 0.0000000000
71688  -38.684  -11.671  49.496 0.0000000000
77293  -42.419  -6.341  53.906 0.0000000000
76107  -42.160  -7.809  52.521 0.0000000000
77294  -43.779  -6.710  53.091 0.0000000000
51285  -19.443  -27.612  67.733 0.0000000000
51273  -18.396  -27.546  68.541 0.0000000000
51256  -17.416  -27.580  69.529 0.0000000000
49169  -16.439  -29.868  69.066 0.0000000000
48026  -16.653  -30.873  68.939 0.0000000000
46971  -15.643  -32.514  68.955 0.0000000000
44957  -15.197  -34.018  68.373 0.0000000000
45961  -15.798  -33.727  67.972 0.0000000000
54798  -37.219  -25.474  65.356 0.0000000000
55953  -35.972  -24.769  65.152 0.0000000000
57090  -36.535  -24.061  66.636 0.0000000000
58196  -35.235  -22.961  68.668 0.0000000000
52402  -31.683  -25.793  67.711 0.0000000000
52422  -31.974  -25.987  66.537 0.0000000000
52389  -32.447  -25.955  67.738 0.0000000000
51287  -33.178  -25.954  67.255 0.0000000000
51288  -33.796  -26.108  67.137 0.0000000000
52354  -35.106  -26.009  70.557 0.0000000000
52390  -34.753  -26.357  68.345 0.0000000000
51290  -35.072  -27.040  66.837 0.0000000000
52424  -36.571  -27.578  66.576 0.0000000000
52425  -37.284  -27.036  66.110 0.0000000000
53508  -31.920  -25.442  69.692 0.0000000000
72828  -42.900  -10.367  47.971 0.0000000000
72838  -41.929  -10.477  46.425 0.0000000000
73915  -42.608  -9.536  47.330 0.0000000000
76169  -42.939  -7.837  46.578 0.0000000000
77371  -43.188  -7.066  45.790 0.0000000000
77348  -45.286  -6.809  47.408 0.0000000000
77363  -44.906  -6.234  46.817 0.0000000000
78611  -43.912  -5.781  44.981 0.0000000000
79731  -44.778  -4.693  44.754 0.0000000000
80804  -44.957  -3.961  43.780 0.0000000000
81935  -45.666  -3.117  42.902 0.0000000000
81946  -46.220  -2.576  41.657 0.0000000000
81925  -47.151  -2.308  43.352 0.0000000000
81927  -48.932  -2.003  43.833 0.0000000000
81928  -49.571  -1.879  43.855 0.0000000000
80811  -50.642  -3.453  45.345 0.0000000000
83006  -51.201  -2.163  44.348 0.0000000000
61623  -33.459  -18.407  59.739 0.0000000000
61649  -33.589  -19.007  57.811 0.0000000000
63006  -34.497  -17.558  57.926 0.0000000000
65579  -34.689  -16.271  57.529 0.0000000000
66872  -33.760  -15.592  56.310 0.0000000000
69206  -34.577  -12.684  57.783 0.0000000000
69216  -34.132  -13.397  56.460 0.0000000000
68063  -33.777  -14.519  56.139 0.0000000000
69234  -34.187  -13.445  54.184 0.0000000000
69248  -34.493  -12.643  53.565 0.0000000000
71651  -35.068  -11.335  52.113 0.0000000000
72775  -36.204  -10.295  51.535 0.0000000000
72767  -35.568  -9.830  52.903 0.0000000000
74983  -37.777  -8.489  53.019 0.0000000000
76092  -40.008  -7.194  53.620 0.0000000000
77282  -40.424  -6.616  54.843 0.0000000000
77292  -41.168  -6.664  54.035 0.0000000000
53549  -20.823  -26.077  67.578 0.0000000000
53583  -21.944  -26.840  65.225 0.0000000000
52420  -21.246  -26.875  66.246 0.0000000000
52401  -20.137  -26.939  67.642 0.0000000000
50243  -19.373  -29.161  66.869 0.0000000000
58286  -31.893  -22.078  60.055 0.0000000000
60484  -31.862  -20.294  60.197 0.0000000000
57098  -34.931  -23.737  65.534 0.0000000000
58235  -34.563  -23.397  64.996 0.0000000000
58233  -33.684  -22.061  64.420 0.0000000000
60440  -32.844  -20.988  65.609 0.0000000000
59370  -32.434  -21.248  64.448 0.0000000000
60454  -31.834  -20.476  63.292 0.0000000000
61599  -32.586  -19.064  61.566 0.0000000000
61612  -33.151  -18.688  60.626 0.0000000000
62957  -33.790  -17.339  60.549 0.0000000000
62968  -34.269  -16.663  60.306 0.0000000000
66823  -35.824  -15.177  60.843 0.0000000000
66783  -36.307  -15.409  62.935 0.0000000000
66812  -36.146  -14.681  61.246 0.0000000000
52450  -32.082  -26.614  64.777 0.0000000000
52464  -31.970  -27.102  63.889 0.0000000000
51368  -32.249  -28.233  62.288 0.0000000000
51350  -33.858  -27.722  63.512 0.0000000000
51391  -33.587  -29.002  62.107 0.0000000000
55919  -24.635  -24.442  67.743 0.0000000000
55947  -24.139  -24.956  66.321 0.0000000000
55936  -26.668  -24.479  66.464 0.0000000000
54794  -25.033  -24.975  65.174 0.0000000000
54811  -24.423  -25.414  64.379 0.0000000000
53620  -24.401  -27.019  62.786 0.0000000000
83044  -47.120  -1.574  40.595 0.0000000000
84096  -47.591  -0.980  39.831 0.0000000000
84103  -47.804  -0.889  38.870 0.0000000000
85125  -49.941  0.299  41.848 0.0000000000
85134  -48.805  0.569  39.911 0.0000000000
84104  -48.259  -0.414  38.229 0.0000000000
85143  -49.620  0.522  37.424 0.0000000000
85144  -50.208  0.727  36.741 0.0000000000
86197  -50.754  1.163  36.448 0.0000000000
87237  -51.350  2.415  37.590 0.0000000000
87234  -52.034  3.129  38.060 0.0000000000
43872  -11.981  -34.726  70.322 0.0000000000
43861  -11.492  -34.630  70.900 0.0000000000
41671  -11.630  -36.709  70.411 0.0000000000
61668  -33.953  -19.230  56.618 0.0000000000
70515  -41.132  -12.341  47.465 0.0000000000
72788  -37.664  -10.363  50.589 0.0000000000
72789  -38.684  -10.394  50.426 0.0000000000
71689  -39.857  -11.626  49.604 0.0000000000
75010  -41.991  -9.292  51.655 0.0000000000
72791  -41.137  -10.386  50.869 0.0000000000
71690  -40.908  -11.673  49.831 0.0000000000
71691  -41.801  -11.750  50.028 0.0000000000
70507  -42.109  -12.092  49.249 0.0000000000
71713  -42.470  -11.065  48.286 0.0000000000
71704  -43.741  -11.226  49.296 0.0000000000
72806  -45.146  -10.818  49.640 0.0000000000
73898  -46.662  -9.791  49.623 0.0000000000
46925  -12.396  -31.187  71.741 0.0000000000
46932  -13.247  -31.431  71.099 0.0000000000
44883  -12.241  -33.344  70.811 0.0000000000
43873  -12.625  -34.585  69.923 0.0000000000
42771  -13.334  -35.979  69.384 0.0000000000
43859  -10.678  -34.912  71.724 0.0000000000
42701  -9.690  -35.297  72.011 0.0000000000
43831  -8.586  -34.763  72.452 0.0000000000
39685  -9.506  -38.717  71.428 0.0000000000
41645  -8.762  -36.520  71.864 0.0000000000
44840  -7.753  -34.522  72.420 0.0000000000
44838  -6.695  -34.660  72.597 0.0000000000
44860  -6.261  -34.734  73.122 0.0000000000
39682  -8.013  -39.688  71.125 0.0000000000
40681  -7.121  -37.641  71.008 0.0000000000
54835  -36.353  -25.669  63.520 0.0000000000
55976  -36.475  -25.355  64.167 0.0000000000
53573  -30.516  -25.545  65.867 0.0000000000
53564  -31.267  -25.654  66.364 0.0000000000
53589  -37.226  -26.522  64.394 0.0000000000
52453  -37.184  -27.350  64.099 0.0000000000
53609  -37.187  -26.577  63.554 0.0000000000
53537  -31.080  -25.483  68.117 0.0000000000
53536  -30.555  -25.457  68.018 0.0000000000
53563  -30.591  -25.418  66.714 0.0000000000
54782  -29.889  -25.273  66.204 0.0000000000
60497  -32.250  -19.917  59.328 0.0000000000
60509  -32.777  -19.862  58.491 0.0000000000
69269  -34.791  -13.160  51.316 0.0000000000
69268  -34.689  -14.070  51.137 0.0000000000
69287  -35.124  -13.765  50.353 0.0000000000
70487  -35.753  -13.175  49.680 0.0000000000
49191  -17.837  -30.029  67.243 0.0000000000
48048  -17.998  -31.095  67.298 0.0000000000
48047  -17.429  -31.435  67.571 0.0000000000
55894  -36.633  -24.379  69.179 0.0000000000
57067  -36.355  -23.790  69.191 0.0000000000
52341  -33.605  -25.387  71.071 0.0000000000
52352  -33.758  -25.601  70.180 0.0000000000
52342  -33.955  -25.374  71.435 0.0000000000
55872  -36.376  -23.938  70.483 0.0000000000
54726  -36.624  -24.878  69.628 0.0000000000
54746  -37.087  -25.207  69.143 0.0000000000
52328  -33.285  -25.385  71.710 0.0000000000
75037  -46.475  -9.057  49.133 0.0000000000
75036  -45.271  -8.981  48.658 0.0000000000
79719  -48.662  -4.794  46.631 0.0000000000
79718  -47.728  -4.710  46.446 0.0000000000
79734  -47.531  -4.192  45.806 0.0000000000
80789  -48.266  -3.666  45.405 0.0000000000
66830  -34.764  -15.070  59.550 0.0000000000
71597  -35.792  -10.239  56.687 0.0000000000
72752  -36.262  -9.639  56.196 0.0000000000
73837  -36.673  -9.052  55.737 0.0000000000
73843  -37.026  -8.646  55.421 0.0000000000
73838  -37.585  -8.666  55.943 0.0000000000
54780  -23.415  -25.128  66.232 0.0000000000
54779  -22.704  -25.147  66.703 0.0000000000
89310  -53.943  4.514  38.437 0.0000000000
89323  -53.558  3.970  37.159 0.0000000000
89317  -53.688  4.250  37.651 0.0000000000
46893  -8.889  -32.084  73.566 0.0000000000
46903  -8.673  -32.371  73.184 0.0000000000
47976  -8.108  -32.017  72.995 0.0000000000
46902  -8.047  -32.928  72.753 0.0000000000
57128  -33.540  -23.858  62.406 0.0000000000
58265  -32.477  -22.742  61.896 0.0000000000
58254  -32.685  -22.050  62.965 0.0000000000
59331  -34.362  -21.722  68.140 0.0000000000
60416  -34.036  -21.111  68.527 0.0000000000
62915  -34.510  -17.257  64.950 0.0000000000
62902  -34.236  -17.712  65.514 0.0000000000
62914  -34.006  -17.888  64.592 0.0000000000
62941  -34.508  -16.937  63.526 0.0000000000
52496  -26.773  -27.542  61.698 0.0000000000
51300  -34.049  -26.438  66.189 0.0000000000
53623  -27.129  -26.321  62.433 0.0000000000
54847  -26.613  -25.841  62.849 0.0000000000
53622  -26.130  -26.596  62.298 0.0000000000
52481  -26.258  -27.253  61.964 0.0000000000
84069  -49.905  -1.135  43.244 0.0000000000
86176  -50.798  1.375  40.669 0.0000000000
86177  -51.567  2.016  40.454 0.0000000000
86182  -51.283  2.190  39.861 0.0000000000
87226  -51.692  2.477  39.740 0.0000000000
87220  -51.974  2.349  40.354 0.0000000000
65593  -33.944  -16.410  55.640 0.0000000000
64340  -34.276  -17.409  55.679 0.0000000000
65607  -33.974  -16.956  54.999 0.0000000000
70503  -38.914  -13.025  48.565 0.0000000000
69317  -39.456  -13.628  48.126 0.0000000000
69318  -40.271  -13.188  48.184 0.0000000000
70491  -40.343  -12.227  49.209 0.0000000000
76105  -40.279  -7.595  52.874 0.0000000000
74986  -40.645  -8.264  52.266 0.0000000000
74990  -44.735  -9.026  52.031 0.0000000000
75012  -43.817  -9.702  51.642 0.0000000000
73879  -43.977  -10.392  51.403 0.0000000000
73880  -44.863  -10.310  51.489 0.0000000000
73859  -45.371  -9.674  51.852 0.0000000000
46959  -15.361  -32.163  69.444 0.0000000000
48024  -15.308  -31.500  69.732 0.0000000000
46950  -14.717  -32.071  69.930 0.0000000000
45911  -14.727  -32.647  69.567 0.0000000000
45925  -14.339  -33.170  69.373 0.0000000000
39694  -10.424  -38.967  70.971 0.0000000000
38694  -8.965  -39.772  71.382 0.0000000000
39675  -8.749  -38.950  71.413 0.0000000000
39683  -8.550  -39.585  71.275 0.0000000000
39674  -8.247  -38.785  71.330 0.0000000000
71580  -36.259  -10.801  58.901 0.0000000000
52462  -22.745  -27.659  63.730 0.0000000000
45857  -10.627  -32.234  72.926 0.0000000000
45843  -10.227  -32.106  73.156 0.0000000000
45856  -10.140  -32.643  72.920 0.0000000000
45842  -9.905  -32.451  73.105 0.0000000000
44842  -9.626  -33.354  72.711 0.0000000000
53641  -36.664  -26.547  61.679 0.0000000000
55974  -35.051  -25.166  63.691 0.0000000000
54849  -35.547  -25.778  62.484 0.0000000000
57130  -34.468  -24.846  63.380 0.0000000000
57118  -34.454  -24.393  64.126 0.0000000000
53605  -28.787  -25.824  63.627 0.0000000000
53624  -28.347  -26.211  62.845 0.0000000000
53607  -30.483  -26.538  63.610 0.0000000000
53626  -30.505  -26.914  62.828 0.0000000000
52483  -30.648  -27.309  62.319 0.0000000000
53608  -31.178  -26.941  63.370 0.0000000000
51302  -35.592  -27.501  66.071 0.0000000000
51320  -36.059  -27.418  64.839 0.0000000000
51353  -36.585  -28.406  63.147 0.0000000000
51338  -36.212  -27.580  63.716 0.0000000000
50281  -36.125  -28.650  62.665 0.0000000000
50299  -36.622  -29.009  62.289 0.0000000000
52502  -37.339  -27.682  61.631 0.0000000000
54743  -29.905  -25.117  69.199 0.0000000000
54723  -29.892  -24.941  70.297 0.0000000000
54742  -29.127  -24.674  69.570 0.0000000000
55909  -28.367  -24.690  67.863 0.0000000000
54772  -29.235  -24.860  67.541 0.0000000000
54796  -29.080  -24.950  65.436 0.0000000000
54815  -28.673  -25.220  64.505 0.0000000000
78632  -44.351  -5.621  43.592 0.0000000000
68084  -33.962  -14.372  53.734 0.0000000000
68095  -33.673  -15.114  53.465 0.0000000000
68096  -34.044  -14.742  52.662 0.0000000000
69305  -37.127  -13.072  48.994 0.0000000000
70489  -37.996  -12.633  49.035 0.0000000000
78529  -43.621  -5.883  54.140 0.0000000000
76095  -42.657  -7.134  52.991 0.0000000000
77305  -45.295  -7.205  52.861 0.0000000000
51296  -19.254  -28.393  67.395 0.0000000000
51274  -18.998  -27.392  68.239 0.0000000000
51284  -18.726  -28.037  67.851 0.0000000000
50228  -18.063  -28.463  68.062 0.0000000000
50215  -17.695  -28.082  68.569 0.0000000000
50214  -17.100  -28.417  69.167 0.0000000000
49170  -17.016  -29.322  68.578 0.0000000000
48036  -16.442  -31.509  68.872 0.0000000000
46960  -16.061  -31.990  69.123 0.0000000000
45941  -15.536  -33.155  68.515 0.0000000000
45942  -16.144  -33.100  68.022 0.0000000000
54783  -37.320  -25.395  66.187 0.0000000000
55939  -37.128  -24.601  66.459 0.0000000000
58188  -36.083  -22.546  69.396 0.0000000000
57080  -35.756  -23.497  67.835 0.0000000000
59323  -35.444  -22.250  69.323 0.0000000000
52388  -32.094  -25.942  68.107 0.0000000000
52370  -32.576  -25.739  68.522 0.0000000000
51276  -33.032  -25.933  67.863 0.0000000000
51277  -33.534  -25.913  67.861 0.0000000000
51278  -34.125  -26.039  68.029 0.0000000000
53509  -35.088  -25.971  71.130 0.0000000000
52374  -35.152  -26.182  69.638 0.0000000000
52405  -35.069  -26.824  67.625 0.0000000000
52406  -35.842  -27.359  67.350 0.0000000000
54761  -37.269  -25.333  68.101 0.0000000000
52407  -37.073  -27.116  67.204 0.0000000000
53553  -37.372  -26.272  66.748 0.0000000000
53566  -37.378  -26.126  65.923 0.0000000000
52339  -32.657  -25.463  70.670 0.0000000000
52338  -32.347  -25.429  70.071 0.0000000000
52369  -31.990  -25.643  68.880 0.0000000000
73916  -43.590  -9.668  47.893 0.0000000000
76158  -43.662  -7.920  47.337 0.0000000000
76157  -42.978  -8.390  47.145 0.0000000000
76170  -43.468  -7.158  46.763 0.0000000000
77337  -47.711  -7.105  48.528 0.0000000000
76161  -46.882  -7.068  48.148 0.0000000000
78600  -45.880  -5.488  46.657 0.0000000000
77364  -45.586  -6.201  47.110 0.0000000000
78599  -44.710  -5.664  46.140 0.0000000000
78598  -44.001  -5.878  45.680 0.0000000000
78612  -44.611  -5.195  45.320 0.0000000000
78626  -44.345  -5.157  44.647 0.0000000000
80806  -46.251  -3.351  44.226 0.0000000000
80805  -45.402  -3.863  44.239 0.0000000000
80820  -45.797  -3.400  43.872 0.0000000000
81923  -45.721  -3.172  43.287 0.0000000000
81924  -46.145  -2.972  43.529 0.0000000000
81936  -46.384  -2.454  42.591 0.0000000000
81912  -48.557  -2.542  44.356 0.0000000000
62967  -33.955  -17.409  59.613 0.0000000000
61633  -33.838  -18.046  59.233 0.0000000000
62985  -34.231  -17.661  58.850 0.0000000000
66854  -34.690  -15.737  57.903 0.0000000000
64319  -34.911  -16.817  57.888 0.0000000000
65578  -34.224  -16.299  56.732 0.0000000000
66853  -34.178  -15.305  57.403 0.0000000000
70395  -35.132  -11.952  58.172 0.0000000000
69190  -34.890  -12.860  58.741 0.0000000000
70415  -34.744  -11.621  56.196 0.0000000000
69217  -34.409  -12.495  56.814 0.0000000000
69223  -34.100  -13.388  55.340 0.0000000000
69235  -34.414  -12.492  54.680 0.0000000000
70436  -34.704  -11.769  54.111 0.0000000000
71624  -34.780  -11.160  53.729 0.0000000000
70443  -34.673  -11.793  52.954 0.0000000000
71635  -34.757  -10.795  52.985 0.0000000000
72766  -35.059  -10.352  52.833 0.0000000000
74978  -38.161  -7.934  54.231 0.0000000000
74977  -37.479  -8.400  53.724 0.0000000000
76103  -38.786  -7.630  53.853 0.0000000000
76104  -39.401  -7.553  53.267 0.0000000000
76091  -39.370  -7.246  54.212 0.0000000000
77278  -40.396  -6.626  55.811 0.0000000000
77283  -41.437  -6.130  55.061 0.0000000000
77284  -42.313  -5.965  54.711 0.0000000000
54771  -22.309  -24.930  67.351 0.0000000000
54770  -21.528  -25.087  67.769 0.0000000000
53550  -21.332  -25.806  67.190 0.0000000000
52449  -22.241  -27.589  64.258 0.0000000000
52448  -21.816  -27.510  64.891 0.0000000000
52437  -21.352  -27.353  65.615 0.0000000000
52436  -20.803  -27.475  66.265 0.0000000000
52419  -20.761  -26.828  66.874 0.0000000000
51297  -20.076  -27.985  66.871 0.0000000000
50244  -20.087  -28.929  66.269 0.0000000000
46923  -6.256  -32.603  73.028 0.0000000000
54867  -34.024  -25.426  60.200 0.0000000000
57159  -32.902  -24.193  59.637 0.0000000000
58277  -31.796  -21.858  61.103 0.0000000000
59417  -31.732  -21.256  60.168 0.0000000000
59406  -31.691  -20.897  60.893 0.0000000000
57099  -35.788  -23.994  65.732 0.0000000000
58225  -35.549  -23.494  66.321 0.0000000000
59354  -34.322  -22.010  66.644 0.0000000000
58223  -34.420  -22.460  66.133 0.0000000000
58234  -34.128  -22.399  64.945 0.0000000000
59364  -34.041  -21.892  65.764 0.0000000000
61549  -32.639  -19.518  66.027 0.0000000000
60432  -32.630  -20.363  65.837 0.0000000000
59362  -32.828  -21.276  65.076 0.0000000000
60448  -32.068  -20.780  64.542 0.0000000000
59378  -32.084  -21.120  63.793 0.0000000000
61564  -31.965  -19.908  64.427 0.0000000000
61576  -33.408  -18.147  62.635 0.0000000000
61587  -32.497  -18.994  62.486 0.0000000000
61588  -33.056  -18.464  62.155 0.0000000000
61611  -32.915  -19.013  60.961 0.0000000000
61601  -33.219  -18.176  61.216 0.0000000000
61613  -33.286  -18.316  60.519 0.0000000000
61590  -33.444  -17.823  61.742 0.0000000000
64259  -35.137  -16.335  62.196 0.0000000000
62958  -34.450  -16.811  61.363 0.0000000000
64270  -35.385  -16.191  61.129 0.0000000000
64271  -35.393  -15.809  60.642 0.0000000000
65532  -35.906  -15.398  61.222 0.0000000000
66757  -36.430  -15.375  64.038 0.0000000000
66769  -36.201  -15.613  63.550 0.0000000000
66784  -36.708  -14.792  62.981 0.0000000000
68007  -36.226  -14.135  61.589 0.0000000000
52498  -28.635  -27.702  61.429 0.0000000000
51386  -29.023  -28.656  60.919 0.0000000000
52438  -32.073  -26.255  65.647 0.0000000000
52465  -32.794  -27.619  63.514 0.0000000000
52485  -32.443  -27.993  62.905 0.0000000000
55934  -24.767  -24.578  66.857 0.0000000000
55922  -27.525  -24.542  67.163 0.0000000000
55950  -26.758  -24.598  65.680 0.0000000000
54795  -25.653  -24.837  65.131 0.0000000000
54829  -23.895  -26.070  63.746 0.0000000000
53604  -24.724  -26.429  62.923 0.0000000000
83036  -46.754  -1.967  42.003 0.0000000000
83043  -46.629  -2.059  41.145 0.0000000000
83037  -47.259  -1.482  41.553 0.0000000000
84085  -48.560  -0.492  41.648 0.0000000000
84090  -47.759  -0.858  41.025 0.0000000000
85119  -50.634  0.199  42.353 0.0000000000
85118  -50.169  -0.084  42.377 0.0000000000
86180  -50.094  1.331  40.019 0.0000000000
85131  -49.660  0.746  40.662 0.0000000000
85139  -48.721  0.503  38.880 0.0000000000
85142  -48.882  0.309  37.995 0.0000000000
85140  -49.409  0.871  38.498 0.0000000000
86187  -50.489  1.816  38.643 0.0000000000
86190  -50.540  1.506  37.533 0.0000000000
86191  -51.091  1.836  36.864 0.0000000000
87227  -52.548  3.072  39.293 0.0000000000
88242  -53.106  3.576  39.027 0.0000000000
42725  -11.467  -35.359  70.593 0.0000000000
42748  -11.886  -35.960  70.205 0.0000000000
73872  -36.916  -9.809  51.435 0.0000000000
72787  -36.783  -10.588  50.752 0.0000000000
72776  -37.019  -10.059  51.025 0.0000000000
73888  -38.979  -9.781  50.828 0.0000000000
72790  -39.808  -10.361  50.538 0.0000000000
71672  -39.281  -10.992  50.026 0.0000000000
74987  -41.601  -8.487  52.127 0.0000000000
72779  -42.639  -10.615  51.083 0.0000000000
72778  -41.928  -10.329  51.056 0.0000000000
71674  -41.521  -11.177  50.433 0.0000000000
70492  -41.236  -12.138  49.357 0.0000000000
71692  -42.545  -11.700  49.964 0.0000000000
71703  -42.520  -11.698  49.076 0.0000000000
72817  -43.248  -10.940  48.587 0.0000000000
72796  -45.796  -10.851  50.664 0.0000000000
71695  -45.319  -11.102  50.113 0.0000000000
72807  -45.948  -10.574  49.856 0.0000000000
72808  -46.695  -10.349  50.294 0.0000000000
48011  -13.638  -31.038  70.945 0.0000000000
46939  -12.937  -32.037  71.029 0.0000000000
45894  -12.768  -32.681  70.645 0.0000000000
44901  -12.612  -33.656  70.235 0.0000000000
44937  -13.657  -34.738  69.389 0.0000000000
43885  -13.156  -35.211  69.664 0.0000000000
43895  -13.834  -35.392  69.047 0.0000000000
42724  -11.089  -35.518  71.022 0.0000000000
43860  -11.085  -34.733  71.471 0.0000000000
42722  -9.810  -36.692  71.398 0.0000000000
42700  -9.544  -36.284  71.655 0.0000000000
42679  -9.346  -34.909  72.307 0.0000000000
42678  -9.057  -35.595  72.121 0.0000000000
38710  -9.818  -39.999  71.296 0.0000000000
39693  -10.119  -39.100  71.255 0.0000000000
39692  -9.869  -39.597  71.444 0.0000000000
40666  -8.482  -37.206  71.832 0.0000000000
40676  -8.925  -37.750  71.666 0.0000000000
41644  -8.405  -36.424  71.942 0.0000000000
42677  -8.471  -35.635  72.153 0.0000000000
43829  -7.628  -35.000  72.290 0.0000000000
44839  -7.400  -34.244  72.388 0.0000000000
43828  -7.053  -35.007  72.124 0.0000000000
42699  -6.629  -35.911  71.904 0.0000000000
43845  -6.522  -35.200  72.347 0.0000000000
43858  -6.415  -35.399  72.300 0.0000000000
44880  -5.876  -34.523  72.660 0.0000000000
39691  -7.830  -39.989  70.905 0.0000000000
39681  -7.868  -38.942  70.882 0.0000000000
44862  -10.836  -33.380  72.326 0.0000000000
53628  -36.543  -26.260  62.251 0.0000000000
54850  -36.336  -25.928  62.743 0.0000000000
55975  -35.762  -25.325  63.904 0.0000000000
54816  -29.428  -25.489  64.751 0.0000000000
53606  -29.599  -25.972  63.878 0.0000000000
53586  -30.224  -25.724  65.019 0.0000000000
51339  -37.129  -28.078  63.753 0.0000000000
51354  -37.269  -28.111  62.920 0.0000000000
51373  -37.345  -28.153  62.203 0.0000000000
53507  -31.356  -25.384  70.275 0.0000000000
54744  -30.613  -25.398  68.776 0.0000000000
54759  -30.006  -25.406  68.149 0.0000000000
79768  -44.922  -4.883  42.725 0.0000000000
81962  -46.704  -2.872  39.916 0.0000000000
59427  -31.977  -21.701  58.793 0.0000000000
69255  -34.475  -13.874  52.019 0.0000000000
68106  -34.519  -14.798  51.628 0.0000000000
70488  -36.589  -12.468  49.528 0.0000000000
71686  -36.674  -11.670  50.005 0.0000000000
49192  -18.659  -29.587  67.008 0.0000000000
49182  -17.600  -30.083  68.572 0.0000000000
46973  -16.889  -31.911  67.813 0.0000000000
46984  -16.618  -32.644  67.634 0.0000000000
47002  -16.922  -32.913  66.986 0.0000000000
55924  -37.174  -24.508  67.383 0.0000000000
57072  -36.162  -23.231  68.830 0.0000000000
52371  -33.109  -25.587  68.986 0.0000000000
52351  -33.219  -25.549  69.952 0.0000000000
52372  -33.635  -25.629  69.228 0.0000000000
52373  -34.264  -25.855  69.224 0.0000000000
53510  -35.800  -26.077  70.796 0.0000000000
53538  -36.616  -26.483  68.523 0.0000000000
52392  -36.501  -26.985  67.999 0.0000000000
53527  -37.110  -25.945  68.684 0.0000000000
73907  -44.652  -9.639  48.595 0.0000000000
73917  -44.167  -9.554  48.194 0.0000000000
75035  -44.743  -9.150  48.478 0.0000000000
75048  -45.231  -8.234  48.295 0.0000000000
76159  -44.772  -7.696  47.741 0.0000000000
78585  -48.118  -5.804  47.699 0.0000000000
78584  -47.230  -5.774  47.376 0.0000000000
78601  -47.025  -5.301  46.770 0.0000000000
79716  -45.986  -4.683  45.944 0.0000000000
79732  -45.546  -4.354  45.118 0.0000000000
79733  -46.598  -4.207  45.543 0.0000000000
80787  -46.436  -3.711  44.926 0.0000000000
80807  -47.066  -3.209  44.573 0.0000000000
81911  -47.577  -2.606  44.210 0.0000000000
80809  -48.991  -3.183  44.906 0.0000000000
64308  -34.659  -16.359  59.093 0.0000000000
64320  -34.819  -16.594  58.537 0.0000000000
65568  -34.786  -16.258  58.773 0.0000000000
65558  -34.723  -15.583  58.855 0.0000000000
66839  -34.575  -15.084  58.331 0.0000000000
71598  -36.387  -9.962  57.118 0.0000000000
71596  -35.272  -10.934  56.928 0.0000000000
70405  -35.138  -11.021  56.519 0.0000000000
70416  -35.145  -10.855  55.893 0.0000000000
70427  -34.779  -11.547  55.190 0.0000000000
70428  -35.137  -10.789  55.258 0.0000000000
71616  -35.286  -10.230  54.916 0.0000000000
72761  -35.675  -9.464  54.258 0.0000000000
73842  -36.581  -8.791  54.731 0.0000000000
74972  -37.467  -8.282  54.958 0.0000000000
74973  -38.285  -7.973  55.278 0.0000000000
55904  -23.644  -24.463  68.883 0.0000000000
55932  -23.023  -24.805  67.422 0.0000000000
54791  -22.069  -25.718  66.348 0.0000000000
51333  -21.583  -28.470  64.480 0.0000000000
50256  -20.299  -29.326  65.449 0.0000000000
88252  -52.632  3.358  37.352 0.0000000000
88256  -52.610  3.066  36.503 0.0000000000
88257  -53.418  3.592  36.584 0.0000000000
55998  -34.095  -25.189  61.775 0.0000000000
55997  -33.669  -24.589  61.192 0.0000000000
57140  -32.800  -23.423  61.147 0.0000000000
58264  -32.042  -21.873  62.242 0.0000000000
58205  -35.051  -23.213  67.660 0.0000000000
59344  -34.509  -22.278  67.699 0.0000000000
59343  -34.255  -21.822  67.395 0.0000000000
59342  -33.807  -21.397  66.939 0.0000000000
62885  -33.068  -18.692  67.052 0.0000000000
62892  -33.780  -18.052  66.364 0.0000000000
62901  -33.571  -18.264  65.380 0.0000000000
62900  -32.823  -18.828  65.268 0.0000000000
61565  -32.295  -19.425  64.170 0.0000000000
62929  -33.621  -18.063  63.446 0.0000000000
62939  -33.577  -17.922  62.678 0.0000000000
62940  -33.879  -17.602  62.674 0.0000000000
66785  -37.200  -14.151  62.956 0.0000000000
51387  -30.167  -28.380  61.035 0.0000000000
51316  -33.032  -26.199  66.007 0.0000000000
52439  -32.793  -26.454  65.265 0.0000000000
52440  -33.295  -26.829  64.628 0.0000000000
52452  -33.380  -27.281  63.980 0.0000000000
51371  -34.786  -28.814  62.662 0.0000000000
55964  -27.630  -24.720  64.833 0.0000000000
55963  -26.777  -24.694  64.953 0.0000000000
54813  -26.882  -24.909  64.193 0.0000000000
54831  -26.138  -25.374  63.461 0.0000000000
54845  -25.101  -26.218  62.903 0.0000000000
53621  -25.173  -26.761  62.594 0.0000000000
83027  -48.391  -1.154  42.902 0.0000000000
84078  -48.535  -0.795  42.430 0.0000000000
86169  -51.156  1.191  41.280 0.0000000000
86186  -49.994  1.398  39.084 0.0000000000
87222  -53.562  3.206  40.325 0.0000000000
42770  -12.816  -36.273  69.812 0.0000000000
41682  -12.054  -37.224  70.040 0.0000000000
64341  -34.547  -17.741  56.273 0.0000000000
63024  -34.370  -18.224  56.578 0.0000000000
63037  -34.469  -18.008  55.948 0.0000000000
63036  -34.218  -18.485  55.341 0.0000000000
69327  -39.857  -13.696  47.635 0.0000000000
69319  -40.772  -12.798  48.256 0.0000000000
73858  -38.640  -8.608  52.239 0.0000000000
73873  -37.799  -9.602  51.266 0.0000000000
73875  -40.480  -9.316  51.350 0.0000000000
75011  -42.911  -9.504  51.603 0.0000000000
71675  -42.380  -11.285  50.488 0.0000000000
72794  -43.105  -11.119  50.899 0.0000000000
71653  -43.353  -11.158  50.898 0.0000000000
71677  -44.103  -11.310  50.646 0.0000000000
71694  -44.498  -11.328  49.935 0.0000000000
72795  -44.879  -11.122  50.926 0.0000000000
72782  -45.306  -10.711  51.258 0.0000000000
72783  -46.253  -10.452  51.266 0.0000000000
49168  -15.833  -30.438  69.477 0.0000000000
49161  -15.378  -29.831  69.923 0.0000000000
49160  -14.748  -30.414  70.364 0.0000000000
46941  -14.273  -31.644  70.284 0.0000000000
46949  -13.977  -32.203  70.133 0.0000000000
44902  -13.366  -33.320  69.791 0.0000000000
44921  -13.876  -33.516  69.546 0.0000000000
43896  -14.315  -35.012  68.704 0.0000000000
41669  -10.522  -37.227  70.921 0.0000000000
40684  -9.848  -38.005  71.243 0.0000000000
39684  -9.372  -39.086  71.717 0.0000000000
40675  -8.573  -38.068  71.650 0.0000000000
41653  -7.972  -37.024  72.001 0.0000000000
41642  -7.614  -36.327  71.802 0.0000000000
41652  -7.627  -36.992  71.698 0.0000000000
41651  -7.098  -36.678  71.358 0.0000000000
53499  -34.662  -25.598  71.450 0.0000000000
55856  -36.272  -24.259  71.554 0.0000000000
76137  -47.931  -8.541  49.576 0.0000000000
75038  -47.345  -8.497  49.238 0.0000000000
76149  -48.008  -7.798  49.156 0.0000000000
77338  -48.591  -7.029  48.761 0.0000000000
78603  -48.806  -5.353  47.264 0.0000000000
79720  -49.567  -4.838  46.860 0.0000000000
79736  -49.386  -4.347  46.199 0.0000000000
69176  -35.446  -12.774  60.039 0.0000000000
69175  -34.925  -13.357  59.626 0.0000000000
70386  -35.572  -11.958  59.195 0.0000000000
70396  -35.713  -11.210  58.279 0.0000000000
71588  -36.301  -10.345  57.741 0.0000000000
71589  -36.663  -9.816  57.365 0.0000000000
73839  -38.098  -8.564  56.433 0.0000000000
54810  -23.387  -25.965  64.410 0.0000000000
54809  -22.890  -25.883  65.039 0.0000000000
53585  -23.034  -26.536  64.061 0.0000000000
53601  -22.706  -27.027  63.983 0.0000000000
45841  -9.157  -32.505  73.228 0.0000000000
44819  -8.910  -33.275  72.840 0.0000000000
54860  -35.433  -25.901  61.675 0.0000000000
54861  -36.112  -26.065  61.993 0.0000000000
55999  -34.790  -25.595  62.200 0.0000000000
55985  -34.245  -24.999  62.696 0.0000000000
57129  -34.080  -24.055  63.072 0.0000000000
58256  -33.978  -23.510  63.408 0.0000000000
64241  -35.262  -16.535  64.102 0.0000000000
53638  -27.510  -26.854  61.967 0.0000000000
53640  -29.096  -27.182  61.837 0.0000000000
52501  -31.572  -28.111  61.844 0.0000000000
51301  -34.747  -26.891  66.061 0.0000000000
50280  -35.392  -28.735  62.719 0.0000000000
55937  -27.563  -24.595  66.289 0.0000000000
55938  -28.372  -24.686  66.006 0.0000000000
54814  -27.857  -25.013  64.232 0.0000000000
54848  -27.498  -25.825  63.028 0.0000000000
77385  -43.750  -6.542  44.614 0.0000000000
83071  -47.912  -2.039  38.121 0.0000000000
84071  -51.402  -0.580  43.316 0.0000000000
84081  -51.041  -0.114  42.755 0.0000000000
87215  -53.017  2.237  41.211 0.0000000000
66886  -33.578  -15.677  54.747 0.0000000000
65606  -33.666  -16.497  54.460 0.0000000000
66896  -33.455  -15.751  53.856 0.0000000000
70490  -39.300  -12.330  49.069 0.0000000000
76094  -41.707  -7.082  53.182 0.0000000000
76108  -43.290  -7.775  52.406 0.0000000000
77303  -44.010  -7.417  52.541 0.0000000000
76109  -44.314  -8.039  52.318 0.0000000000
74991  -45.916  -8.925  52.258 0.0000000000
50213  -16.449  -28.894  69.556 0.0000000000
49181  -16.821  -30.468  68.609 0.0000000000
48025  -16.015  -31.178  69.347 0.0000000000
44939  -14.984  -33.570  68.786 0.0000000000
54817  -37.138  -25.667  64.586 0.0000000000
55967  -36.645  -24.978  64.806 0.0000000000
55954  -36.719  -24.654  65.604 0.0000000000
57100  -36.499  -24.308  66.096 0.0000000000
57089  -36.004  -23.604  66.796 0.0000000000
57081  -36.517  -23.895  67.567 0.0000000000
58195  -34.728  -22.876  68.510 0.0000000000
59305  -36.031  -21.775  70.778 0.0000000000
52421  -31.704  -25.773  67.051 0.0000000000
52403  -32.091  -25.969  67.391 0.0000000000
52404  -32.463  -25.962  67.062 0.0000000000
51275  -32.713  -25.924  67.943 0.0000000000
51286  -32.741  -25.928  67.453 0.0000000000
51298  -32.872  -26.005  66.768 0.0000000000
51299  -33.393  -26.151  66.443 0.0000000000
51289  -34.491  -26.526  67.164 0.0000000000
53576  -37.298  -26.379  65.225 0.0000000000
53497  -31.895  -25.412  70.896 0.0000000000
52387  -31.708  -25.705  68.426 0.0000000000
72827  -41.995  -10.559  47.531 0.0000000000
71730  -41.628  -11.497  46.107 0.0000000000
73925  -42.071  -10.009  46.590 0.0000000000
75046  -43.320  -8.863  47.485 0.0000000000
75056  -42.616  -8.755  46.794 0.0000000000
75064  -42.670  -8.576  45.948 0.0000000000
76160  -45.895  -7.447  48.125 0.0000000000
77349  -46.342  -6.352  47.496 0.0000000000
77362  -43.863  -6.405  46.375 0.0000000000
77372  -43.448  -6.677  45.524 0.0000000000
78625  -44.073  -5.564  44.199 0.0000000000
79750  -44.303  -5.151  43.743 0.0000000000
79752  -45.046  -4.341  44.560 0.0000000000
80818  -44.811  -4.185  43.345 0.0000000000
80827  -45.152  -3.924  42.594 0.0000000000
81945  -45.719  -3.124  42.098 0.0000000000
81953  -45.999  -3.249  41.455 0.0000000000
83025  -46.899  -2.011  42.487 0.0000000000
81937  -46.979  -2.079  42.762 0.0000000000
81926  -48.048  -2.122  43.760 0.0000000000
83015  -48.298  -1.630  43.334 0.0000000000
83016  -49.234  -1.347  43.317 0.0000000000
83017  -50.277  -1.724  43.823 0.0000000000
80791  -50.262  -3.942  45.839 0.0000000000
80810  -50.014  -3.351  45.101 0.0000000000
83005  -50.579  -2.332  44.363 0.0000000000
83018  -51.281  -1.437  43.839 0.0000000000
60499  -33.322  -18.725  59.158 0.0000000000
60510  -33.212  -19.096  58.577 0.0000000000
61632  -33.546  -18.545  58.831 0.0000000000
61650  -33.938  -18.172  58.363 0.0000000000
63007  -34.801  -16.990  58.323 0.0000000000
64331  -34.670  -17.174  56.846 0.0000000000
68036  -34.500  -13.819  58.204 0.0000000000
68035  -34.354  -14.525  57.755 0.0000000000
69205  -34.256  -13.506  57.419 0.0000000000
68051  -34.025  -14.234  57.129 0.0000000000
68071  -33.634  -15.040  55.243 0.0000000000
68072  -33.873  -14.280  54.815 0.0000000000
70453  -35.026  -12.209  51.765 0.0000000000
71668  -35.409  -11.639  51.274 0.0000000000
71652  -35.534  -10.995  51.513 0.0000000000
73856  -36.790  -9.473  52.096 0.0000000000
73848  -36.742  -8.964  53.382 0.0000000000
73849  -37.432  -8.660  53.101 0.0000000000
74984  -38.478  -8.104  52.965 0.0000000000
76093  -40.790  -7.193  53.391 0.0000000000
74967  -38.563  -8.185  56.169 0.0000000000
76087  -38.836  -7.785  55.691 0.0000000000
76088  -39.266  -7.351  55.250 0.0000000000
77277  -39.780  -7.027  55.575 0.0000000000
77281  -39.807  -6.941  54.691 0.0000000000
77291  -40.335  -6.865  54.078 0.0000000000
78528  -42.881  -5.831  54.612 0.0000000000
53572  -22.335  -26.264  65.272 0.0000000000
53571  -21.834  -26.395  65.843 0.0000000000
53562  -21.450  -26.192  66.638 0.0000000000
53561  -21.101  -26.250  67.074 0.0000000000
50255  -19.640  -29.612  66.082 0.0000000000
89318  -54.508  4.621  37.513 0.0000000000
58287  -32.171  -22.797  59.664 0.0000000000
58294  -31.987  -22.159  59.322 0.0000000000
59426  -31.837  -21.538  59.440 0.0000000000
60496  -31.813  -20.800  59.389 0.0000000000
57110  -35.259  -24.663  64.874 0.0000000000
57109  -34.746  -24.135  65.090 0.0000000000
58224  -35.020  -23.122  65.903 0.0000000000
58246  -34.353  -23.821  64.568 0.0000000000
58245  -34.208  -23.236  63.991 0.0000000000
58244  -33.425  -22.207  63.858 0.0000000000
60424  -32.947  -20.201  66.622 0.0000000000
60433  -33.226  -20.972  66.315 0.0000000000
59363  -33.395  -21.475  65.546 0.0000000000
59371  -33.304  -21.764  64.564 0.0000000000
59380  -33.173  -21.865  64.020 0.0000000000
59388  -32.537  -21.697  63.170 0.0000000000
59387  -32.112  -21.380  62.899 0.0000000000
60463  -31.715  -20.317  62.361 0.0000000000
61573  -31.938  -19.800  63.717 0.0000000000
61586  -31.913  -19.627  62.879 0.0000000000
60473  -31.975  -19.946  61.258 0.0000000000
60485  -32.599  -19.326  60.351 0.0000000000
60486  -33.141  -18.886  60.136 0.0000000000
61624  -33.647  -17.864  59.918 0.0000000000
62949  -33.781  -17.473  61.504 0.0000000000
64288  -34.678  -16.063  60.063 0.0000000000
65548  -35.038  -15.624  60.164 0.0000000000
66822  -35.426  -14.953  60.465 0.0000000000
65492  -35.723  -16.078  63.718 0.0000000000
65504  -35.697  -15.917  62.954 0.0000000000
65516  -35.833  -15.700  62.138 0.0000000000
66798  -36.355  -15.189  62.396 0.0000000000
65517  -36.134  -15.330  61.867 0.0000000000
66811  -35.905  -14.686  60.896 0.0000000000
69166  -35.263  -13.505  60.360 0.0000000000
53565  -31.574  -25.948  65.822 0.0000000000
53575  -31.460  -26.236  65.118 0.0000000000
51349  -33.376  -27.776  63.376 0.0000000000
51370  -34.109  -28.539  62.779 0.0000000000
51369  -33.151  -28.252  62.841 0.0000000000
51390  -32.751  -28.764  61.871 0.0000000000
55905  -24.566  -24.372  68.698 0.0000000000
55921  -26.590  -24.365  67.359 0.0000000000
55935  -25.706  -24.462  66.643 0.0000000000
55962  -26.128  -24.729  65.179 0.0000000000
55949  -25.815  -24.664  65.743 0.0000000000
55948  -24.874  -24.807  66.019 0.0000000000
53619  -23.797  -27.144  63.026 0.0000000000
52479  -24.748  -27.634  62.542 0.0000000000
83051  -46.702  -2.256  40.415 0.0000000000
83052  -47.028  -1.981  39.770 0.0000000000
83063  -47.955  -1.357  38.292 0.0000000000
84086  -49.180  0.109  41.353 0.0000000000
84092  -49.053  0.364  40.766 0.0000000000
85130  -48.968  0.474  40.478 0.0000000000
84097  -48.106  -0.054  39.354 0.0000000000
84106  -48.929  -0.490  37.312 0.0000000000
84107  -49.466  -0.324  36.810 0.0000000000
85150  -49.899  0.012  36.498 0.0000000000
87240  -51.612  2.278  36.630 0.0000000000
88248  -52.767  3.488  38.310 0.0000000000
88249  -53.338  3.965  38.434 0.0000000000
89305  -54.238  4.604  39.027 0.0000000000
44900  -11.964  -33.991  70.709 0.0000000000
44882  -11.676  -33.682  71.238 0.0000000000
42747  -11.307  -36.205  70.568 0.0000000000
41681  -11.634  -37.727  70.267 0.0000000000
41670  -11.302  -37.288  70.551 0.0000000000
60538  -33.569  -20.087  57.044 0.0000000000
64351  -33.977  -17.502  54.338 0.0000000000
71669  -36.116  -11.286  50.676 0.0000000000
71670  -37.120  -11.079  50.234 0.0000000000
73887  -38.267  -10.003  50.735 0.0000000000
71671  -38.135  -10.974  49.981 0.0000000000
75009  -41.054  -8.977  51.702 0.0000000000
73890  -40.835  -9.837  51.141 0.0000000000
73876  -41.445  -9.837  51.290 0.0000000000
71673  -40.443  -11.078  50.286 0.0000000000
70493  -41.949  -12.053  49.530 0.0000000000
71702  -41.963  -11.966  48.655 0.0000000000
71712  -41.760  -11.603  48.175 0.0000000000
72818  -44.129  -10.523  48.756 0.0000000000
71705  -44.496  -10.882  49.361 0.0000000000
72819  -44.920  -10.313  49.165 0.0000000000
72820  -45.532  -10.298  49.454 0.0000000000
73909  -46.183  -9.632  49.363 0.0000000000
75024  -46.836  -9.348  49.444 0.0000000000
73860  -46.355  -9.548  51.970 0.0000000000
45871  -12.136  -31.962  71.596 0.0000000000
46931  -12.756  -31.550  71.401 0.0000000000
45883  -12.329  -32.586  71.160 0.0000000000
44881  -11.210  -33.953  71.770 0.0000000000
43847  -10.863  -34.363  71.895 0.0000000000
43846  -10.322  -34.606  72.063 0.0000000000
42723  -10.328  -35.879  71.410 0.0000000000
43833  -9.664  -34.387  72.372 0.0000000000
43832  -9.089  -34.224  72.566 0.0000000000
44818  -8.468  -33.499  72.712 0.0000000000
40683  -9.296  -38.052  71.488 0.0000000000
41654  -9.138  -36.937  71.683 0.0000000000
43811  -8.287  -34.224  72.540 0.0000000000
44817  -7.987  -34.027  72.544 0.0000000000
45838  -7.858  -33.611  72.584 0.0000000000
45855  -7.491  -33.417  72.511 0.0000000000
45854  -6.750  -33.981  72.681 0.0000000000
42674  -7.068  -35.613  71.826 0.0000000000
45868  -6.113  -33.701  73.239 0.0000000000
37695  -8.388  -41.456  71.712 0.0000000000
38701  -8.059  -40.739  71.410 0.0000000000
39673  -7.938  -38.673  71.103 0.0000000000
40682  -7.557  -38.082  70.734 0.0000000000
41661  -6.963  -36.834  71.205 0.0000000000
37713  -10.127  -40.440  71.292 0.0000000000
38695  -8.988  -39.394  71.933 0.0000000000
40665  -8.202  -37.403  71.875 0.0000000000
40667  -8.775  -36.813  71.826 0.0000000000
40672  -7.168  -37.120  70.821 0.0000000000
42675  -7.578  -35.667  71.986 0.0000000000
42676  -8.024  -35.687  72.167 0.0000000000
43810  -8.080  -34.356  72.511 0.0000000000
43812  -8.651  -34.008  72.607 0.0000000000
43830  -8.081  -34.793  72.452 0.0000000000
44816  -7.741  -33.955  72.492 0.0000000000
44841  -9.163  -33.439  72.760 0.0000000000
44861  -10.101  -33.781  72.449 0.0000000000
45825  -9.002  -32.283  73.417 0.0000000000
45826  -9.057  -32.087  73.504 0.0000000000
45840  -8.796  -32.661  73.128 0.0000000000
46892  -8.866  -32.151  73.372 0.0000000000
46904  -8.881  -32.407  73.302 0.0000000000
50282  -36.613  -28.731  62.665 0.0000000000
51258  -32.697  -25.832  68.173 0.0000000000
51259  -32.914  -25.800  68.282 0.0000000000
52349  -32.347  -25.525  69.346 0.0000000000
52368  -31.752  -25.626  68.776 0.0000000000
53525  -31.822  -25.534  69.219 0.0000000000
53551  -30.569  -25.428  67.553 0.0000000000
53603  -24.138  -26.500  63.162 0.0000000000
53627  -31.019  -27.128  62.797 0.0000000000
54760  -30.569  -25.442  68.267 0.0000000000
54828  -23.392  -26.321  63.912 0.0000000000
54851  -37.005  -25.913  63.169 0.0000000000
55873  -36.494  -24.475  69.865 0.0000000000
55952  -28.227  -24.711  65.320 0.0000000000
57141  -33.355  -23.988  61.584 0.0000000000
58182  -36.161  -22.486  70.291 0.0000000000
58204  -34.680  -22.838  68.003 0.0000000000
58212  -34.385  -22.438  66.598 0.0000000000
58243  -32.970  -21.962  63.484 0.0000000000
59355  -34.397  -22.230  67.180 0.0000000000
59369  -32.039  -20.981  64.239 0.0000000000
59372  -33.760  -21.837  65.186 0.0000000000
59379  -32.734  -21.712  63.690 0.0000000000
60438  -31.983  -20.258  64.699 0.0000000000
60439  -32.307  -20.722  65.117 0.0000000000
60447  -31.908  -20.493  64.104 0.0000000000
60474  -32.541  -19.331  61.010 0.0000000000
60507  -31.839  -21.200  58.988 0.0000000000
61556  -31.984  -19.935  64.750 0.0000000000
61574  -32.460  -19.128  63.417 0.0000000000
61575  -33.051  -18.521  62.967 0.0000000000
61598  -31.969  -19.484  62.068 0.0000000000
61600  -33.089  -18.503  61.376 0.0000000000
61602  -33.348  -17.896  61.082 0.0000000000
61614  -33.474  -17.894  60.533 0.0000000000
61622  -33.271  -18.657  60.110 0.0000000000
62912  -32.686  -18.975  64.440 0.0000000000
62927  -32.640  -19.071  63.943 0.0000000000
64289  -35.154  -15.760  60.387 0.0000000000
65549  -35.484  -15.480  60.613 0.0000000000
66756  -36.167  -15.742  64.062 0.0000000000
66770  -36.627  -15.035  63.689 0.0000000000
66799  -36.487  -14.637  62.169 0.0000000000
66821  -34.976  -14.842  60.115 0.0000000000
66831  -34.865  -15.420  59.949 0.0000000000
66871  -33.663  -15.659  55.516 0.0000000000
68005  -35.469  -13.966  60.704 0.0000000000
68006  -35.901  -14.247  61.043 0.0000000000
68016  -35.466  -14.422  60.607 0.0000000000
68062  -33.630  -15.190  55.855 0.0000000000
68122  -34.835  -14.589  51.043 0.0000000000
69191  -35.185  -12.738  59.353 0.0000000000
69326  -39.605  -13.877  47.770 0.0000000000
70494  -42.304  -11.909  49.513 0.0000000000
71636  -34.981  -10.291  53.179 0.0000000000
71654  -43.616  -11.163  50.931 0.0000000000
72774  -35.291  -10.581  52.282 0.0000000000
72777  -41.558  -10.204  51.077 0.0000000000
72780  -43.326  -10.939  51.070 0.0000000000
72793  -42.814  -11.030  50.858 0.0000000000
72829  -43.599  -10.332  48.261 0.0000000000
73897  -45.985  -9.993  49.508 0.0000000000
73914  -42.026  -9.968  46.897 0.0000000000
74971  -37.072  -8.455  54.367 0.0000000000
74985  -39.654  -8.027  52.466 0.0000000000
75045  -42.826  -8.855  47.219 0.0000000000
77290  -39.878  -7.014  54.140 0.0000000000
77361  -43.180  -7.035  46.138 0.0000000000
79751  -44.526  -4.541  44.078 0.0000000000
79759  -44.402  -5.255  43.541 0.0000000000
79760  -44.549  -4.958  43.355 0.0000000000
80819  -45.400  -3.519  43.441 0.0000000000
80826  -44.799  -4.474  42.974 0.0000000000
81909  -46.384  -3.042  43.938 0.0000000000
83014  -47.734  -1.860  43.310 0.0000000000
84077  -48.060  -1.092  42.504 0.0000000000
85132  -50.341  1.035  40.825 0.0000000000
87225  -51.191  2.230  39.585 0.0000000000
