#!ascii label  , from subject 3951 vox2ras=TkReg
979
70527  -22.666  -16.054  -6.363 0.5555555820
70538  -23.213  -15.670  -7.039 0.6666666865
71596  -23.996  -14.834  -8.225 0.7777777910
71597  -24.716  -15.331  -8.564 0.7777777910
72726  -25.044  -13.136  -9.545 0.8888888955
73846  -27.284  -13.560  -10.303 0.8888888955
69524  -21.917  -15.893  -5.501 0.5555555820
70526  -22.226  -15.422  -6.080 0.5555555820
71585  -22.728  -14.502  -6.957 0.6666666865
72691  -22.906  -13.896  -7.399 0.8888888955
71608  -25.365  -15.119  -9.112 0.8888888955
72727  -25.728  -13.531  -9.704 0.8888888955
73853  -26.835  -12.372  -10.497 1.0000000000
73854  -27.622  -13.052  -10.634 0.8888888955
74923  -28.015  -12.512  -11.013 1.0000000000
72690  -22.115  -13.446  -6.926 0.7777777910
73836  -23.063  -12.584  -8.395 1.0000000000
74910  -23.288  -11.274  -8.949 1.0000000000
74911  -23.885  -11.684  -9.424 1.0000000000
75964  -24.829  -11.063  -10.294 1.0000000000
75973  -26.380  -10.883  -10.956 1.0000000000
75971  -24.678  -10.459  -10.310 1.0000000000
75972  -25.373  -10.752  -10.619 1.0000000000
75982  -26.910  -10.621  -11.242 1.0000000000
75984  -28.756  -11.374  -11.730 1.0000000000
77022  -26.413  -10.154  -11.243 1.0000000000
77029  -26.958  -9.936  -11.514 1.0000000000
77031  -28.787  -10.321  -11.952 1.0000000000
77994  -28.870  -9.296  -12.165 1.0000000000
77995  -29.506  -9.655  -12.371 0.7777777910
76998  -23.044  -9.990  -9.148 0.8888888955
75962  -23.475  -10.667  -9.314 1.0000000000
77021  -25.707  -9.845  -11.000 1.0000000000
77011  -24.262  -9.996  -10.136 1.0000000000
77983  -25.056  -9.022  -11.050 1.0000000000
77991  -26.469  -8.929  -11.605 1.0000000000
77993  -28.025  -9.172  -11.892 1.0000000000
78958  -28.836  -8.532  -12.248 1.0000000000
78014  -29.507  -8.442  -12.443 1.0000000000
78005  -30.787  -9.327  -13.000 0.8888888955
78967  -30.021  -7.961  -12.713 1.0000000000
78006  -31.433  -9.308  -13.660 0.7777777910
78015  -32.109  -9.253  -14.251 0.7777777910
77975  -23.019  -8.686  -9.640 0.5555555820
78953  -24.002  -6.868  -11.360 0.7777777910
78946  -24.719  -8.226  -11.196 0.8888888955
78955  -25.677  -8.038  -11.642 1.0000000000
77984  -25.716  -8.984  -11.358 1.0000000000
79943  -26.163  -7.421  -12.106 1.0000000000
78956  -27.076  -7.973  -11.930 1.0000000000
78966  -29.042  -7.868  -12.381 1.0000000000
79957  -29.537  -6.703  -12.565 1.0000000000
78968  -30.944  -7.993  -13.198 0.8888888955
79966  -32.945  -6.979  -14.291 0.7777777910
78984  -33.810  -8.675  -15.270 0.6666666865
78977  -33.641  -7.497  -15.296 0.6666666865
79927  -22.369  -6.352  -10.418 0.4444444478
79928  -23.024  -6.828  -10.653 0.7777777910
79940  -23.313  -6.338  -11.243 0.6666666865
79953  -25.439  -6.031  -12.492 0.7777777910
79942  -25.442  -6.994  -12.144 0.8888888955
79954  -26.535  -6.616  -12.441 0.8888888955
78965  -27.966  -7.349  -12.246 1.0000000000
79955  -27.607  -6.430  -12.451 1.0000000000
79956  -28.563  -6.552  -12.405 1.0000000000
80994  -30.981  -5.695  -12.892 0.8888888955
79965  -32.261  -6.869  -13.666 0.7777777910
78985  -34.113  -8.063  -15.707 0.5555555820
81009  -33.129  -6.358  -14.544 0.7777777910
79972  -33.811  -6.927  -15.706 0.6666666865
80986  -23.473  -4.842  -12.320 0.6666666865
80973  -22.878  -5.279  -11.606 0.6666666865
79952  -24.848  -5.695  -12.516 0.7777777910
80987  -24.311  -5.228  -12.613 0.7777777910
80989  -26.173  -5.394  -12.869 0.8888888955
80990  -27.182  -5.507  -12.732 0.8888888955
80991  -28.157  -5.510  -12.486 1.0000000000
80992  -29.128  -5.571  -12.390 1.0000000000
82017  -31.236  -4.716  -13.278 0.8888888955
81008  -32.688  -5.774  -14.147 0.8888888955
82018  -31.906  -4.746  -13.885 0.7777777910
82029  -32.439  -4.717  -14.630 0.7777777910
81019  -33.351  -5.876  -15.126 0.7777777910
81026  -34.134  -5.961  -16.611 0.6666666865
81986  -22.838  -4.357  -12.062 0.6666666865
81998  -23.937  -4.273  -12.833 0.7777777910
81999  -24.849  -4.356  -13.014 0.8888888955
82000  -25.817  -4.435  -13.195 0.8888888955
82001  -26.810  -4.501  -13.052 1.0000000000
82002  -27.762  -4.519  -12.635 1.0000000000
82004  -29.680  -4.567  -12.552 1.0000000000
83018  -31.837  -4.062  -14.363 0.7777777910
83045  -32.188  -3.982  -15.953 0.7777777910
82048  -33.601  -4.707  -17.336 0.6666666865
81035  -34.402  -5.442  -17.481 0.5555555820
81997  -23.334  -4.137  -12.487 0.7777777910
83000  -22.797  -3.218  -12.471 0.6666666865
83004  -26.386  -3.520  -13.080 1.0000000000
83005  -27.351  -3.535  -12.692 1.0000000000
83008  -30.244  -3.550  -12.731 0.8888888955
83979  -30.449  -2.502  -12.940 0.8888888955
83017  -31.249  -3.659  -13.773 0.8888888955
84001  -31.803  -3.568  -15.684 0.7777777910
84013  -31.805  -3.425  -16.268 0.7777777910
83057  -32.508  -3.928  -16.912 0.7777777910
83058  -32.962  -4.093  -17.612 0.5555555820
85080  -30.926  -1.908  -15.106 0.7777777910
84027  -31.829  -3.204  -17.175 0.5555555820
83063  -33.275  -4.067  -18.378 0.5555555820
84026  -31.478  -2.689  -17.030 0.6666666865
83960  -20.950  -2.065  -11.643 0.4444444478
83962  -22.397  -2.942  -12.366 0.5555555820
83972  -23.904  -2.511  -13.207 0.7777777910
83974  -25.952  -2.543  -13.024 1.0000000000
83002  -24.395  -3.452  -13.162 0.8888888955
83975  -26.925  -2.561  -12.661 1.0000000000
83976  -27.925  -2.555  -12.372 0.8888888955
85054  -28.522  -1.567  -12.247 0.8888888955
83978  -29.809  -2.527  -12.527 0.8888888955
83990  -30.993  -2.738  -14.461 0.8888888955
84012  -31.468  -2.738  -16.472 0.6666666865
84039  -32.032  -3.079  -18.165 0.5555555820
86102  -23.206  -0.304  -13.614 0.6666666865
85048  -22.554  -1.281  -13.350 0.6666666865
86089  -25.189  -0.576  -13.163 0.7777777910
85052  -26.533  -1.580  -12.739 0.8888888955
86090  -26.151  -0.610  -12.828 0.7777777910
86092  -28.115  -0.612  -12.264 0.7777777910
86093  -29.084  -0.598  -12.229 0.7777777910
85055  -29.453  -1.558  -12.354 0.8888888955
86094  -29.937  -0.613  -12.520 0.7777777910
86104  -30.549  -0.691  -13.025 0.7777777910
86105  -30.773  -0.826  -13.831 0.6666666865
87057  -30.287  0.282  -12.873 0.6666666865
87065  -31.037  -0.069  -14.382 0.6666666865
86125  -31.057  -1.048  -15.659 0.6666666865
85094  -31.257  -1.944  -16.043 0.5555555820
88055  -30.517  1.020  -15.487 0.6666666865
87075  -30.777  0.439  -15.639 0.5555555820
86153  -30.455  -1.146  -17.487 0.5555555820
84038  -31.420  -2.645  -17.594 0.4444444478
86138  -30.390  -0.495  -17.154 0.5555555820
89047  -21.431  2.749  -12.748 0.3333333433
88019  -21.930  1.693  -13.218 0.3333333433
88034  -23.515  0.766  -13.448 0.5555555820
87040  -24.116  0.263  -13.582 0.6666666865
88021  -24.116  1.171  -13.175 0.5555555820
87041  -24.807  0.327  -13.205 0.7777777910
87043  -26.693  0.307  -12.439 0.7777777910
88024  -27.203  1.202  -12.008 0.6666666865
87044  -27.675  0.303  -12.128 0.6666666865
87045  -28.656  0.339  -12.158 0.6666666865
88027  -29.956  1.293  -12.711 0.6666666865
89056  -30.181  2.109  -13.116 0.6666666865
88044  -30.641  1.279  -14.450 0.6666666865
87090  -30.635  0.134  -16.300 0.5555555820
87104  -29.920  0.383  -17.387 0.5555555820
88067  -30.166  1.123  -16.503 0.6666666865
89048  -22.553  2.683  -12.924 0.4444444478
90093  -20.858  3.851  -12.313 0.4444444478
89049  -23.659  2.472  -12.856 0.5555555820
88022  -25.199  1.222  -12.676 0.6666666865
88023  -26.221  1.223  -12.369 0.6666666865
88025  -28.209  1.233  -11.921 0.6666666865
88026  -29.142  1.314  -12.263 0.6666666865
90119  -29.955  2.781  -14.479 0.6666666865
89086  -29.796  1.855  -16.720 0.5555555820
88083  -29.823  1.307  -17.139 0.6666666865
90095  -23.177  3.744  -12.255 0.4444444478
89051  -25.728  2.156  -12.260 0.6666666865
89052  -26.745  2.115  -12.032 0.6666666865
90099  -27.277  2.952  -11.801 0.6666666865
89053  -27.735  2.105  -11.850 0.6666666865
90110  -29.966  2.785  -13.563 0.6666666865
72716  -24.558  -13.781  -9.198 0.8888888955
72703  -22.666  -13.335  -7.630 1.0000000000
73837  -23.833  -12.643  -9.059 1.0000000000
74912  -24.801  -11.766  -9.944 1.0000000000
74922  -27.121  -11.915  -10.817 1.0000000000
79939  -22.637  -5.866  -11.102 0.5555555820
82991  -22.326  -3.567  -12.051 0.5555555820
85040  -21.059  -1.519  -11.973 0.5555555820
85039  -20.493  -1.611  -11.390 0.2222222239
85106  -31.219  -2.172  -16.927 0.6666666865
86091  -27.134  -0.617  -12.508 0.7777777910
85118  -30.723  -1.963  -17.808 0.4444444478
89050  -24.681  2.232  -12.506 0.6666666865
90098  -26.270  3.005  -11.881 0.6666666865
80972  -22.162  -5.404  -11.025 0.4444444478
81985  -22.097  -4.496  -11.477 0.4444444478
88082  -29.345  1.226  -17.634 0.5555555820
87120  -29.473  -0.144  -18.246 0.5555555820
91136  -20.334  4.799  -11.737 0.2222222239
90094  -22.002  3.784  -12.365 0.3333333433
89100  -29.514  1.789  -17.278 0.5555555820
68486  -22.778  -17.346  -5.733 0.5555555820
68487  -23.903  -17.682  -6.468 0.5555555820
70548  -24.246  -15.922  -8.040 0.5555555820
69550  -25.046  -16.400  -8.012 0.5555555820
72718  -26.697  -14.945  -9.822 0.7777777910
72728  -26.941  -14.279  -10.069 0.8888888955
69511  -22.153  -16.897  -5.397 0.5555555820
72717  -25.977  -14.522  -9.566 0.8888888955
72729  -28.074  -14.033  -10.380 0.7777777910
72737  -28.320  -13.608  -10.713 0.7777777910
74932  -28.619  -12.377  -11.457 0.8888888955
69510  -21.630  -16.403  -4.955 0.4444444478
71569  -21.748  -14.487  -5.609 0.5555555820
72689  -21.566  -13.125  -6.201 0.2222222239
73824  -22.211  -12.505  -7.557 0.6666666865
75994  -30.083  -11.761  -12.623 0.8888888955
77042  -30.752  -10.882  -13.070 0.6666666865
77054  -32.049  -10.572  -14.056 0.6666666865
75941  -21.791  -10.991  -7.638 0.5555555820
78016  -32.906  -9.199  -14.628 0.6666666865
76996  -21.778  -9.612  -8.022 0.4444444478
78025  -33.660  -9.257  -14.957 0.5555555820
78993  -35.126  -7.949  -16.349 0.5555555820
78932  -21.827  -7.085  -9.150 0.2222222239
79980  -34.487  -7.163  -16.514 0.5555555820
81036  -35.174  -6.044  -17.874 0.5555555820
81974  -21.242  -4.514  -10.388 0.3333333433
82049  -34.617  -5.110  -18.153 0.5555555820
83961  -21.650  -2.534  -12.074 0.4444444478
82064  -34.882  -4.157  -19.368 0.4444444478
83948  -20.594  -2.622  -11.122 0.3333333433
83070  -32.731  -3.523  -18.816 0.5555555820
84046  -31.384  -2.688  -18.533 0.4444444478
89046  -20.323  2.706  -12.282 0.3333333433
88018  -20.890  1.647  -12.686 0.3333333433
87038  -21.507  0.565  -12.980 0.4444444478
85124  -30.248  -1.548  -18.576 0.4444444478
87119  -29.152  0.267  -19.071 0.2222222239
90096  -24.261  3.371  -12.358 0.6666666865
89035  -28.219  2.949  -11.866 0.6666666865
90082  -29.211  3.680  -12.375 0.6666666865
90109  -29.728  3.570  -14.019 0.6666666865
90127  -29.838  2.716  -15.464 0.6666666865
89085  -29.440  2.321  -17.075 0.4444444478
88095  -28.865  1.260  -18.434 0.3333333433
90097  -25.230  3.118  -12.038 0.5555555820
69526  -23.119  -16.661  -6.401 0.6666666865
70539  -23.870  -16.404  -7.574 0.6666666865
71595  -23.363  -14.627  -7.546 0.6666666865
70547  -23.674  -15.270  -7.732 0.7777777910
72705  -24.118  -14.260  -8.624 0.8888888955
71607  -24.522  -14.679  -8.785 0.8888888955
73844  -25.376  -12.643  -9.783 1.0000000000
73843  -24.567  -12.607  -9.502 1.0000000000
72715  -23.712  -13.189  -8.741 1.0000000000
73845  -26.470  -12.871  -10.117 1.0000000000
69525  -22.332  -16.382  -5.773 0.5555555820
70525  -21.663  -15.361  -5.195 0.5555555820
71584  -22.181  -14.435  -6.365 0.6666666865
70537  -22.550  -15.013  -6.621 0.6666666865
72704  -23.462  -13.726  -8.194 0.8888888955
74913  -25.607  -12.090  -10.146 1.0000000000
74921  -26.123  -11.770  -10.549 1.0000000000
74931  -27.746  -11.779  -11.106 1.0000000000
72676  -21.775  -13.788  -6.077 0.5555555820
73835  -22.528  -12.044  -8.104 0.8888888955
74903  -22.750  -11.522  -8.478 0.8888888955
73825  -22.806  -13.056  -7.982 1.0000000000
74904  -23.380  -11.934  -8.847 1.0000000000
75955  -22.840  -10.622  -8.807 1.0000000000
74920  -25.319  -11.488  -10.344 1.0000000000
75974  -27.159  -11.223  -11.104 1.0000000000
77020  -24.787  -9.727  -10.546 1.0000000000
75983  -27.737  -11.025  -11.350 1.0000000000
75985  -29.524  -11.615  -12.262 0.8888888955
77030  -27.915  -10.138  -11.676 1.0000000000
77992  -27.269  -9.204  -11.725 1.0000000000
77028  -26.232  -9.555  -11.366 1.0000000000
77041  -30.088  -10.713  -12.621 0.8888888955
77010  -23.572  -9.684  -9.716 1.0000000000
76997  -22.427  -9.658  -8.722 0.5555555820
75954  -22.151  -10.621  -8.203 0.6666666865
77019  -24.065  -9.387  -10.286 1.0000000000
78957  -28.290  -8.326  -12.107 1.0000000000
78969  -31.719  -7.998  -13.716 0.7777777910
77958  -22.459  -8.696  -9.115 0.5555555820
78933  -22.434  -7.620  -9.657 0.6666666865
78934  -23.126  -8.153  -10.054 0.6666666865
77009  -22.892  -9.341  -9.264 0.7777777910
77976  -23.575  -8.719  -10.202 0.7777777910
78945  -23.592  -7.581  -10.676 0.7777777910
79941  -24.404  -6.318  -12.100 0.8888888955
78954  -24.623  -7.341  -11.544 0.8888888955
77982  -24.298  -8.765  -10.648 0.8888888955
78964  -27.286  -7.090  -12.310 1.0000000000
79959  -31.402  -6.817  -13.182 0.8888888955
78975  -32.449  -8.016  -14.297 0.7777777910
79967  -33.452  -6.923  -14.882 0.6666666865
78034  -34.912  -8.686  -15.787 0.5555555820
79909  -21.943  -6.667  -9.547 0.3333333433
78944  -22.826  -7.096  -10.353 0.4444444478
80974  -23.644  -5.636  -12.042 0.6666666865
81007  -31.797  -5.736  -13.407 0.7777777910
81018  -32.859  -5.329  -14.704 0.7777777910
81027  -34.722  -6.651  -17.148 0.5555555820
80988  -25.246  -5.187  -12.792 0.8888888955
82003  -28.733  -4.533  -12.394 1.0000000000
82038  -32.598  -4.500  -15.482 0.7777777910
82039  -33.268  -5.058  -15.945 0.7777777910
81975  -21.658  -4.849  -10.912 0.4444444478
83007  -29.317  -3.533  -12.409 0.8888888955
83030  -31.504  -3.440  -14.605 0.7777777910
82047  -32.816  -4.429  -16.304 0.6666666865
82056  -34.289  -4.417  -18.829 0.5555555820
83971  -22.777  -2.454  -12.882 0.6666666865
83003  -25.394  -3.483  -13.216 0.8888888955
83006  -28.339  -3.534  -12.415 1.0000000000
83016  -30.693  -3.240  -13.217 0.8888888955
84000  -31.410  -2.961  -15.461 0.8888888955
85066  -30.618  -1.642  -13.300 0.8888888955
83970  -22.177  -1.914  -12.768 0.5555555820
83973  -24.945  -2.517  -13.271 1.0000000000
85050  -24.476  -1.482  -13.393 0.7777777910
85049  -23.462  -1.644  -13.488 0.7777777910
85053  -27.530  -1.577  -12.452 0.8888888955
85051  -25.544  -1.554  -13.091 0.7777777910
84047  -32.153  -3.064  -19.147 0.5555555820
87054  -22.274  0.186  -13.316 0.5555555820
86087  -21.905  -0.485  -13.088 0.5555555820
87039  -22.336  0.862  -13.367 0.4444444478
85064  -23.298  -0.906  -13.650 0.6666666865
86088  -24.387  -0.474  -13.525 0.6666666865
85047  -21.701  -1.380  -12.641 0.6666666865
87046  -29.570  0.354  -12.398 0.6666666865
87058  -30.732  0.099  -13.567 0.6666666865
88036  -30.520  1.140  -13.480 0.6666666865
88037  -30.901  0.651  -14.107 0.6666666865
87091  -30.934  -0.498  -16.009 0.5555555820
86139  -30.881  -1.115  -16.675 0.5555555820
86152  -29.981  -0.785  -17.934 0.4444444478
85125  -30.799  -2.299  -19.065 0.4444444478
88020  -23.026  1.467  -13.366 0.5555555820
87042  -25.721  0.321  -12.802 0.7777777910
89063  -30.367  2.059  -13.963 0.6666666865
89077  -29.989  1.873  -15.896 0.6666666865
89054  -28.675  2.178  -12.067 0.6666666865
90101  -29.906  2.709  -12.997 0.6666666865
90100  -29.684  3.445  -12.949 0.6666666865
82990  -21.563  -3.628  -11.524 0.4444444478
86078  -20.574  -1.078  -11.762 0.3333333433
80961  -21.696  -5.369  -10.385 0.4444444478
81984  -21.415  -4.276  -11.096 0.4444444478
89099  -28.971  2.128  -17.762 0.3333333433
71617  -27.249  -15.306  -9.899 0.6666666865
68473  -22.031  -17.433  -5.087 0.5555555820
74942  -30.118  -12.396  -12.482 0.7777777910
77043  -31.397  -10.786  -13.584 0.6666666865
74902  -22.190  -11.546  -7.895 0.7777777910
78911  -22.104  -8.162  -8.938 0.3333333433
78910  -21.695  -7.614  -8.489 0.1111111119
80960  -21.370  -5.106  -9.782 0.4444444478
82979  -20.921  -3.672  -10.931 0.3333333433
83949  -21.141  -3.131  -11.435 0.3333333433
87037  -20.439  0.608  -12.330 0.3333333433
90118  -29.652  3.555  -15.041 0.6666666865
90126  -29.462  3.463  -16.094 0.4444444478
68503  -26.442  -17.670  -6.393 0.4444444478
68476  -27.427  -17.397  -4.841 0.2222222239
67396  -23.401  -18.236  -5.629 0.4444444478
67397  -24.437  -18.449  -5.682 0.4444444478
68500  -24.265  -17.317  -7.112 0.4444444478
68501  -24.879  -17.593  -6.983 0.4444444478
69540  -26.508  -17.443  -7.129 0.4444444478
69553  -26.890  -17.166  -7.581 0.4444444478
70540  -27.791  -16.469  -6.981 0.2222222239
69551  -25.632  -16.861  -8.067 0.4444444478
69552  -26.442  -17.172  -7.870 0.4444444478
71587  -28.319  -15.141  -6.913 0.1111111119
72677  -28.647  -14.589  -6.197 0.1111111119
70560  -27.109  -16.650  -8.880 0.4444444478
71598  -28.154  -16.073  -7.768 0.3333333433
70549  -25.514  -16.064  -8.570 0.4444444478
70550  -26.458  -16.774  -8.528 0.4444444478
70551  -27.305  -16.809  -8.084 0.3333333433
71599  -28.394  -15.150  -8.192 0.3333333433
72692  -28.580  -14.200  -7.032 0.2222222239
71610  -27.797  -16.145  -9.338 0.3333333433
70559  -26.604  -16.250  -9.084 0.4444444478
72719  -28.827  -14.160  -9.644 0.2222222239
72720  -29.281  -13.402  -9.156 0.1111111119
74905  -29.828  -12.078  -8.877 0.1111111119
71611  -28.438  -14.960  -9.405 0.3333333433
72731  -29.207  -13.871  -9.976 0.3333333433
72738  -28.593  -13.833  -10.705 0.4444444478
73847  -29.360  -13.962  -10.999 0.5555555820
73856  -29.611  -13.645  -11.352 0.6666666865
74925  -30.509  -12.706  -11.599 0.4444444478
74933  -29.728  -12.985  -12.045 0.6666666865
75987  -31.844  -12.255  -12.231 0.3333333433
75995  -30.827  -12.285  -12.835 0.5555555820
75996  -31.713  -12.167  -13.278 0.5555555820
75997  -32.794  -12.089  -13.478 0.3333333433
77056  -33.915  -11.015  -14.172 0.4444444478
77067  -34.347  -10.163  -14.812 0.5555555820
76006  -33.235  -11.354  -14.138 0.4444444478
78027  -35.154  -9.372  -15.708 0.4444444478
90080  -27.832  3.742  -11.678 0.5555555820
91127  -28.887  4.127  -12.272 0.5555555820
91140  -29.222  4.547  -12.645 0.5555555820
91148  -29.553  4.426  -13.606 0.5555555820
92232  -29.351  5.146  -14.247 0.5555555820
68489  -26.000  -18.109  -5.812 0.4444444478
68491  -27.485  -17.111  -5.427 0.2222222239
69537  -23.760  -16.842  -7.124 0.4444444478
72706  -28.682  -13.913  -8.337 0.2222222239
72707  -29.311  -13.034  -7.992 0.1111111119
73848  -29.569  -13.555  -10.376 0.4444444478
74914  -29.912  -12.568  -9.935 0.3333333433
72730  -28.955  -14.081  -10.509 0.4444444478
77068  -35.232  -10.142  -15.379 0.4444444478
78994  -35.925  -7.957  -17.131 0.4444444478
92212  -27.818  5.050  -11.848 0.5555555820
92221  -28.146  5.488  -12.283 0.5555555820
69538  -24.647  -16.893  -7.607 0.4444444478
75975  -30.804  -11.682  -10.953 0.2222222239
91156  -29.444  4.366  -14.601 0.5555555820
66352  -24.804  -19.536  -4.466 0.4444444478
67384  -25.127  -18.946  -4.744 0.4444444478
67385  -25.881  -18.570  -4.603 0.4444444478
68475  -26.522  -18.091  -4.712 0.2222222239
68461  -27.467  -17.884  -3.932 0.2222222239
69501  -28.190  -17.133  -4.205 0.1111111119
67382  -22.920  -18.723  -5.150 0.4444444478
67383  -23.892  -18.926  -5.194 0.4444444478
70513  -28.074  -16.217  -5.609 0.1111111119
71571  -28.427  -15.380  -5.851 0.1111111119
72678  -29.222  -13.918  -5.992 0.1111111119
72693  -29.340  -13.237  -6.925 0.1111111119
73805  -29.840  -12.506  -7.355 0.1111111119
74894  -30.318  -11.629  -8.062 0.1111111119
74906  -30.211  -11.677  -9.297 0.1111111119
75966  -31.248  -10.671  -10.213 0.2222222239
77034  -32.719  -11.355  -11.993 0.1111111119
75976  -31.392  -11.341  -11.340 0.2222222239
77045  -33.639  -11.324  -13.347 0.2222222239
77046  -34.822  -10.622  -13.560 0.2222222239
77057  -35.094  -10.570  -14.483 0.3333333433
78035  -35.642  -8.804  -16.127 0.4444444478
79990  -36.750  -7.039  -17.466 0.3333333433
79981  -35.291  -7.186  -17.267 0.4444444478
79989  -36.226  -6.916  -17.989 0.3333333433
86086  -20.866  -0.518  -12.330 0.4444444478
83071  -33.710  -3.732  -19.661 0.4444444478
85130  -30.425  -1.682  -19.693 0.3333333433
91165  -29.249  4.306  -15.636 0.5555555820
90079  -26.836  3.790  -11.505 0.5555555820
91125  -27.443  4.574  -11.566 0.5555555820
91139  -28.700  5.021  -12.421 0.5555555820
93256  -28.900  5.957  -13.389 0.5555555820
93260  -29.124  5.824  -14.154 0.5555555820
92211  -27.182  5.539  -11.693 0.5555555820
71609  -26.531  -15.485  -9.487 0.5555555820
71618  -27.948  -15.079  -10.112 0.6666666865
73863  -29.428  -13.429  -11.624 0.6666666865
76004  -32.115  -11.636  -13.791 0.5555555820
77055  -32.910  -10.494  -14.307 0.4444444478
81044  -36.165  -5.985  -18.709 0.4444444478
68502  -25.776  -17.813  -6.728 0.4444444478
68490  -26.928  -17.525  -5.692 0.4444444478
69527  -26.948  -17.335  -6.494 0.4444444478
69512  -27.947  -16.648  -5.069 0.1111111119
68488  -25.049  -18.119  -6.266 0.4444444478
69539  -25.657  -17.388  -7.461 0.4444444478
69528  -27.554  -16.799  -6.066 0.2222222239
71570  -28.240  -15.719  -6.192 0.1111111119
71586  -28.198  -15.805  -6.636 0.2222222239
71572  -29.129  -14.708  -5.513 0.1111111119
73838  -29.621  -12.783  -9.339 0.1111111119
73826  -29.693  -12.377  -8.313 0.1111111119
71619  -28.506  -14.552  -10.087 0.3333333433
74924  -30.132  -13.204  -11.067 0.4444444478
75986  -31.041  -12.374  -11.988 0.3333333433
74915  -30.380  -12.193  -10.477 0.3333333433
77033  -32.015  -10.998  -11.487 0.1111111119
74934  -30.491  -12.674  -12.372 0.5555555820
75988  -32.511  -12.275  -12.751 0.3333333433
77075  -35.620  -9.572  -15.754 0.4444444478
91126  -28.346  4.534  -12.099 0.5555555820
92227  -29.307  5.281  -13.426 0.5555555820
67398  -25.269  -18.421  -5.527 0.4444444478
68474  -25.738  -18.388  -5.061 0.4444444478
92220  -27.662  5.948  -12.144 0.5555555820
75965  -30.693  -11.141  -9.762 0.2222222239
68460  -26.787  -18.318  -3.992 0.2222222239
70514  -28.477  -15.805  -5.166 0.1111111119
60188  -26.516  -25.396  -0.618 0.1111111119
62306  -23.095  -23.610  -3.361 0.3333333433
61269  -25.368  -24.286  -1.809 0.2222222239
61253  -25.965  -24.809  -1.163 0.2222222239
61270  -26.369  -24.275  -1.737 0.1111111119
64265  -21.394  -21.649  -3.121 0.3333333433
63252  -21.402  -22.697  -2.997 0.3333333433
62305  -22.081  -23.566  -3.169 0.3333333433
62307  -24.160  -23.563  -3.402 0.3333333433
62308  -25.123  -23.317  -3.049 0.3333333433
62291  -25.750  -23.778  -2.393 0.2222222239
63256  -25.495  -22.712  -3.261 0.2222222239
62292  -26.732  -23.779  -2.315 0.1111111119
62309  -26.110  -23.255  -2.850 0.2222222239
66318  -20.996  -19.634  -3.009 0.2222222239
65316  -21.742  -20.666  -3.562 0.2222222239
65315  -20.873  -20.563  -2.755 0.2222222239
64266  -22.300  -21.636  -3.531 0.3333333433
63253  -22.357  -22.617  -3.411 0.3333333433
63254  -23.450  -22.814  -3.564 0.3333333433
67365  -21.570  -18.928  -4.100 0.2222222239
65336  -22.080  -20.173  -4.023 0.3333333433
66333  -22.398  -19.555  -4.404 0.3333333433
65337  -22.848  -20.713  -4.072 0.3333333433
65317  -22.459  -21.145  -3.719 0.3333333433
64289  -24.657  -21.576  -3.539 0.3333333433
65338  -24.071  -20.809  -4.177 0.3333333433
64290  -25.373  -21.072  -3.286 0.3333333433
64269  -26.726  -21.793  -2.861 0.1111111119
65318  -26.098  -21.010  -2.971 0.2222222239
67380  -21.285  -18.194  -3.950 0.2222222239
67381  -22.044  -18.424  -4.661 0.3333333433
66349  -22.637  -19.017  -4.772 0.3333333433
66350  -23.258  -19.311  -4.816 0.3333333433
66334  -23.543  -20.021  -4.493 0.3333333433
66335  -24.504  -20.035  -4.320 0.3333333433
65339  -24.936  -20.583  -3.779 0.3333333433
65340  -25.677  -20.376  -3.414 0.3333333433
65341  -26.309  -20.273  -3.074 0.1111111119
68472  -21.377  -17.387  -4.300 0.3333333433
67395  -22.592  -18.060  -5.297 0.3333333433
66351  -24.204  -19.497  -4.724 0.3333333433
66336  -25.350  -19.650  -4.039 0.3333333433
67366  -25.554  -19.163  -4.242 0.3333333433
67367  -26.163  -18.911  -3.928 0.3333333433
77058  -36.062  -10.337  -14.897 0.2222222239
78036  -36.347  -8.548  -16.316 0.2222222239
77070  -36.324  -9.300  -15.786 0.2222222239
82057  -35.508  -4.908  -19.084 0.3333333433
62289  -23.779  -24.224  -2.876 0.3333333433
62290  -24.773  -23.967  -2.638 0.3333333433
66332  -21.550  -19.635  -3.807 0.3333333433
63275  -24.121  -21.942  -3.601 0.3333333433
64267  -25.050  -22.226  -3.316 0.3333333433
64268  -25.664  -21.879  -3.119 0.3333333433
66337  -26.040  -19.738  -3.481 0.3333333433
60187  -25.559  -25.298  -0.561 0.1111111119
62304  -21.326  -23.449  -2.783 0.3333333433
62288  -22.751  -24.332  -2.917 0.3333333433
61267  -23.377  -24.629  -2.146 0.3333333433
61268  -24.366  -24.409  -1.962 0.3333333433
61252  -24.964  -24.717  -1.136 0.3333333433
60177  -26.906  -25.916  -0.192 0.1111111119
61254  -26.957  -24.886  -1.178 0.1111111119
61271  -27.382  -24.334  -1.769 0.1111111119
62293  -27.608  -23.868  -2.341 0.1111111119
63258  -27.441  -22.635  -2.922 0.1111111119
65319  -27.038  -20.719  -2.656 0.1111111119
67353  -26.845  -18.996  -3.339 0.1111111119
69500  -21.184  -16.382  -3.812 0.1111111119
79991  -36.898  -7.402  -16.924 0.2222222239
83064  -35.443  -3.775  -19.568 0.2222222239
83065  -36.201  -4.088  -19.198 0.2222222239
70512  -21.451  -15.455  -4.317 0.2222222239
73823  -21.735  -12.084  -7.188 0.5555555820
79998  -36.604  -6.526  -18.085 0.2222222239
63274  -23.622  -22.088  -3.586 0.3333333433
63255  -24.481  -22.593  -3.527 0.3333333433
63273  -22.947  -22.144  -3.538 0.3333333433
62310  -27.093  -23.293  -2.756 0.1111111119
63257  -26.428  -22.646  -3.032 0.1111111119
67364  -21.133  -18.731  -3.370 0.2222222239
64288  -23.721  -21.485  -3.859 0.3333333433
64287  -22.982  -21.541  -3.719 0.3333333433
68459  -20.954  -17.525  -3.208 0.2222222239
66319  -26.744  -19.596  -3.050 0.1111111119
60175  -25.147  -25.812  0.011 0.1111111119
62287  -21.771  -24.258  -2.741 0.3333333433
61266  -22.420  -24.858  -2.310 0.3333333433
61251  -23.965  -24.879  -1.305 0.3333333433
64264  -20.674  -21.271  -2.503 0.2222222239
64257  -20.826  -22.004  -2.625 0.2222222239
78996  -36.690  -8.257  -15.910 0.1111111119
78987  -36.657  -8.361  -15.209 0.1111111119
81020  -36.389  -6.190  -15.260 0.1111111119
79974  -36.674  -7.877  -15.604 0.1111111119
81028  -36.737  -6.393  -16.437 0.1111111119
82031  -36.293  -5.234  -15.620 0.1111111119
81045  -36.558  -5.945  -18.399 0.1111111119
82040  -36.610  -5.212  -16.865 0.1111111119
82050  -36.647  -5.160  -18.016 0.1111111119
83046  -36.357  -4.184  -17.300 0.1111111119
83078  -33.218  -3.274  -20.149 0.2222222239
82058  -36.401  -5.098  -18.839 0.1111111119
83059  -36.526  -4.208  -18.476 0.1111111119
85132  -32.339  -2.242  -20.951 0.1111111119
85131  -31.440  -2.202  -20.238 0.2222222239
84060  -33.021  -2.407  -20.977 0.1111111119
85139  -31.827  -1.636  -21.268 0.1111111119
86167  -29.678  -0.869  -19.105 0.1111111119
91123  -25.239  4.824  -11.564 0.4444444478
91124  -26.397  4.712  -11.466 0.4444444478
86166  -29.484  -0.420  -19.998 0.1111111119
93248  -28.472  5.948  -12.839 0.4444444478
90134  -29.037  3.110  -17.148 0.3333333433
89112  -28.287  2.183  -18.818 0.1111111119
87131  -29.207  0.331  -20.374 0.1111111119
88121  -28.743  1.054  -20.863 0.1111111119
93247  -27.886  6.306  -12.642 0.4444444478
93246  -27.284  6.391  -12.103 0.4444444478
94166  -27.319  7.230  -12.780 0.4444444478
93255  -28.337  6.411  -13.276 0.4444444478
94176  -28.035  6.924  -13.712 0.4444444478
93259  -28.669  6.465  -14.090 0.4444444478
93263  -28.578  6.045  -15.201 0.4444444478
92238  -28.615  5.507  -16.048 0.4444444478
92247  -28.828  4.912  -16.135 0.2222222239
91174  -28.117  4.614  -17.606 0.2222222239
91184  -28.296  3.857  -17.755 0.2222222239
90143  -27.791  3.614  -18.586 0.2222222239
90159  -27.870  2.916  -18.764 0.2222222239
95120  -26.009  7.878  -18.709 0.1111111119
93282  -27.197  5.796  -18.567 0.1111111119
90171  -27.411  2.922  -20.306 0.1111111119
92210  -25.861  5.564  -11.576 0.4444444478
93240  -25.243  6.341  -11.612 0.4444444478
93241  -26.468  6.342  -11.731 0.4444444478
94161  -26.862  6.834  -12.044 0.3333333433
95081  -26.926  7.966  -13.753 0.4444444478
95091  -26.971  8.032  -15.123 0.4444444478
94185  -28.156  6.960  -14.865 0.4444444478
94190  -27.891  6.757  -16.147 0.4444444478
95102  -25.912  8.111  -15.992 0.3333333433
94197  -27.171  6.363  -17.339 0.1111111119
92246  -28.208  5.189  -17.007 0.1111111119
92256  -27.487  5.140  -18.052 0.1111111119
91183  -27.669  4.457  -18.371 0.1111111119
94165  -26.626  7.640  -12.415 0.3333333433
95080  -26.355  8.468  -13.201 0.3333333433
94184  -27.516  7.433  -15.649 0.4444444478
95103  -26.660  7.450  -16.321 0.2222222239
94189  -26.938  6.806  -16.708 0.2222222239
95101  -25.169  8.292  -16.465 0.1111111119
95110  -24.970  7.602  -17.484 0.1111111119
93274  -27.328  5.707  -17.720 0.1111111119
94195  -25.507  6.829  -18.120 0.1111111119
94196  -26.258  6.465  -17.717 0.1111111119
94160  -26.160  7.267  -11.853 0.3333333433
95076  -26.130  8.115  -12.335 0.3333333433
96023  -24.780  8.589  -12.106 0.3333333433
96035  -25.615  8.720  -12.649 0.3333333433
96038  -25.719  9.005  -13.638 0.3333333433
95090  -26.344  8.508  -14.427 0.3333333433
96064  -25.287  8.725  -15.816 0.2222222239
96063  -24.492  8.881  -16.509 0.1111111119
96083  -23.779  8.207  -18.048 0.1111111119
94201  -25.090  7.433  -18.653 0.1111111119
97054  -23.739  10.071  -18.815 0.1111111119
96011  -21.948  9.252  -10.161 0.1111111119
96022  -23.524  9.246  -11.515 0.1111111119
96034  -24.736  9.464  -12.794 0.2222222239
96979  -24.038  10.108  -12.879 0.2222222239
96037  -25.141  9.578  -14.134 0.3333333433
96988  -24.355  10.093  -13.759 0.2222222239
96045  -25.698  8.997  -14.893 0.3333333433
97000  -24.608  9.925  -14.665 0.3333333433
97013  -23.644  9.949  -16.074 0.1111111119
97889  -23.129  11.066  -15.712 0.1111111119
97012  -22.463  10.212  -16.797 0.1111111119
96082  -22.825  8.647  -18.087 0.1111111119
96081  -22.193  8.930  -18.374 0.1111111119
96110  -21.330  9.865  -19.528 0.1111111119
95118  -24.662  7.667  -18.516 0.1111111119
95121  -26.893  7.776  -18.328 0.1111111119
96968  -22.700  10.493  -10.800 0.1111111119
96978  -23.435  10.445  -12.153 0.1111111119
97833  -22.725  11.388  -11.537 0.1111111119
97843  -23.260  11.438  -12.576 0.1111111119
97857  -23.416  11.622  -13.304 0.1111111119
96999  -23.888  10.802  -14.849 0.2222222239
96986  -23.484  11.505  -13.680 0.1111111119
97875  -23.372  11.311  -15.207 0.1111111119
97874  -22.909  11.977  -15.106 0.1111111119
97888  -22.023  11.922  -16.232 0.1111111119
97031  -20.908  10.881  -18.331 0.1111111119
97828  -22.386  11.996  -10.106 0.1111111119
97824  -22.110  12.363  -8.447 0.1111111119
97832  -22.715  12.161  -12.139 0.1111111119
98658  -22.147  12.956  -11.683 0.1111111119
97842  -23.165  12.240  -13.045 0.1111111119
98662  -22.496  12.944  -12.838 0.1111111119
98675  -22.930  12.970  -13.743 0.1111111119
98653  -22.289  13.556  -9.292 0.1111111119
99479  -21.917  14.292  -10.146 0.1111111119
79973  -36.474  -7.305  -15.039 0.1111111119
81029  -36.894  -7.075  -16.785 0.1111111119
84040  -35.840  -2.873  -19.083 0.1111111119
84041  -36.392  -3.558  -18.818 0.1111111119
84049  -34.991  -2.919  -20.182 0.1111111119
85138  -30.907  -1.536  -20.674 0.1111111119
91175  -28.772  4.234  -16.766 0.3333333433
90144  -28.367  2.980  -18.117 0.2222222239
89120  -28.293  1.957  -19.427 0.1111111119
94167  -27.901  6.713  -13.096 0.4444444478
92275  -28.057  4.885  -20.052 0.1111111119
94203  -26.086  6.884  -18.615 0.1111111119
96987  -23.749  10.928  -13.388 0.2222222239
97827  -22.363  12.273  -11.188 0.1111111119
98693  -22.475  13.265  -15.015 0.1111111119
99488  -21.828  13.853  -11.122 0.1111111119
82006  -36.108  -5.070  -13.636 0.1111111119
81010  -36.188  -6.179  -14.202 0.1111111119
83072  -34.655  -3.719  -19.819 0.2222222239
84054  -32.511  -2.867  -20.245 0.2222222239
86176  -30.103  -1.058  -20.387 0.1111111119
90077  -24.756  4.097  -11.872 0.4444444478
94175  -27.557  7.498  -14.293 0.4444444478
95077  -26.763  7.944  -12.826 0.4444444478
96961  -21.864  10.767  -9.236 0.1111111119
78018  -36.464  -9.652  -14.939 0.1111111119
78028  -36.622  -9.065  -14.821 0.1111111119
79968  -36.239  -7.209  -13.766 0.1111111119
80995  -36.373  -6.037  -13.050 0.1111111119
83019  -36.074  -4.184  -14.534 0.1111111119
83032  -36.158  -4.164  -15.972 0.1111111119
84015  -35.857  -3.185  -16.439 0.1111111119
84029  -36.182  -3.174  -17.871 0.1111111119
85127  -34.866  -1.822  -19.441 0.1111111119
85134  -34.777  -2.249  -20.216 0.1111111119
86186  -33.793  -1.186  -20.724 0.1111111119
86184  -32.303  -0.884  -21.743 0.1111111119
90078  -25.770  3.902  -11.591 0.4444444478
86183  -31.010  -0.716  -21.458 0.1111111119
88132  -28.335  1.731  -21.159 0.1111111119
87138  -29.724  0.398  -21.718 0.1111111119
90181  -27.442  3.080  -21.318 0.1111111119
91204  -27.476  3.879  -20.487 0.1111111119
94159  -24.596  7.143  -11.518 0.2222222239
95072  -25.235  7.918  -11.894 0.2222222239
95070  -22.378  8.000  -10.784 0.1111111119
94209  -28.436  7.123  -18.619 0.1111111119
94205  -28.108  7.474  -18.266 0.1111111119
95061  -21.304  7.876  -9.584 0.1111111119
96958  -21.509  11.085  -7.405 0.1111111119
96099  -25.786  9.167  -18.188 0.1111111119
97817  -22.797  12.661  -7.026 0.1111111119
98706  -22.009  13.341  -16.144 0.1111111119
98735  -19.903  13.861  -19.028 0.1111111119
97938  -22.298  11.998  -19.409 0.1111111119
97924  -23.496  11.676  -18.623 0.1111111119
98646  -22.678  13.586  -8.103 0.1111111119
99496  -21.897  13.748  -12.376 0.1111111119
99507  -22.501  14.037  -14.046 0.1111111119
100328  -21.832  14.738  -10.400 0.1111111119
84048  -34.345  -3.370  -20.218 0.1111111119
88107  -28.626  1.339  -19.585 0.1111111119
92239  -28.924  5.090  -15.167 0.4444444478
81038  -36.943  -6.894  -17.120 0.1111111119
81037  -36.842  -6.208  -17.605 0.1111111119
84055  -33.848  -2.779  -20.665 0.1111111119
85140  -32.884  -1.766  -21.406 0.1111111119
85141  -33.647  -1.785  -21.080 0.1111111119
86175  -29.875  -0.388  -21.006 0.1111111119
88106  -28.318  1.895  -19.720 0.1111111119
93267  -28.008  5.963  -16.607 0.2222222239
90158  -27.493  3.204  -19.413 0.2222222239
89119  -27.911  2.356  -19.699 0.1111111119
94204  -27.067  6.595  -18.435 0.1111111119
95119  -25.162  7.895  -18.854 0.1111111119
92266  -27.562  5.303  -19.055 0.1111111119
94208  -27.564  6.307  -18.611 0.1111111119
92267  -28.148  5.956  -19.216 0.1111111119
91194  -27.492  4.233  -19.312 0.2222222239
95111  -25.894  7.072  -17.162 0.2222222239
96024  -25.488  8.340  -12.233 0.3333333433
95071  -23.977  8.018  -11.400 0.1111111119
96044  -24.997  9.340  -15.237 0.2222222239
96062  -23.295  9.125  -17.249 0.1111111119
96061  -22.387  9.070  -17.655 0.1111111119
96097  -22.883  8.991  -18.994 0.1111111119
96098  -24.364  8.718  -18.639 0.1111111119
97065  -22.990  9.913  -19.351 0.1111111119
97939  -23.056  10.778  -19.292 0.1111111119
96033  -23.911  9.774  -12.355 0.1111111119
97014  -24.400  9.798  -15.456 0.2222222239
97053  -21.057  9.873  -18.862 0.1111111119
97063  -21.562  10.724  -19.685 0.1111111119
97052  -20.919  10.652  -19.283 0.1111111119
97856  -23.182  12.149  -13.969 0.1111111119
97902  -21.400  11.209  -17.247 0.1111111119
98705  -21.543  12.881  -16.505 0.1111111119
97922  -20.397  11.970  -18.873 0.1111111119
98652  -22.097  13.181  -10.515 0.1111111119
78986  -36.470  -8.328  -14.378 0.1111111119
82019  -36.135  -5.345  -14.625 0.1111111119
84056  -34.563  -2.448  -20.478 0.1111111119
100338  -21.746  15.146  -10.898 0.1111111119
85133  -34.372  -1.792  -20.430 0.1111111119
86185  -33.198  -0.887  -21.352 0.1111111119
89130  -27.786  2.304  -20.771 0.1111111119
92284  -28.055  4.811  -21.272 0.1111111119
92276  -28.430  5.833  -19.725 0.1111111119
94151  -21.591  7.255  -10.444 0.1111111119
93291  -28.705  6.543  -19.267 0.1111111119
98718  -21.104  13.572  -17.227 0.1111111119
97937  -20.791  12.325  -19.592 0.1111111119
100361  -21.662  15.399  -14.695 0.1111111119
60203  -22.220  -25.320  -1.814 0.2222222239
75940  -21.403  -10.812  -6.981 0.2222222239
74892  -21.778  -11.610  -7.374 0.3333333433
75953  -21.659  -10.341  -7.632 0.3333333433
90076  -23.932  4.282  -11.954 0.2222222239
92209  -24.578  5.540  -11.458 0.1111111119
86085  -20.160  -0.040  -11.934 0.1111111119
87036  -19.708  0.493  -11.463 0.1111111119
90092  -19.775  3.767  -11.798 0.1111111119
92218  -19.949  5.463  -11.028 0.1111111119
91121  -23.271  5.048  -11.556 0.1111111119
91122  -24.135  4.942  -11.379 0.1111111119
92208  -23.400  5.399  -10.906 0.1111111119
93239  -23.837  6.197  -11.225 0.1111111119
91137  -21.455  4.958  -11.704 0.1111111119
71568  -21.513  -14.512  -4.705 0.2222222239
73787  -21.393  -12.384  -5.799 0.2222222239
73803  -21.609  -12.482  -6.810 0.3333333433
79926  -21.634  -5.896  -9.691 0.2222222239
91138  -22.471  4.644  -11.788 0.1111111119
79908  -21.597  -6.416  -8.877 0.1111111119
74872  -21.375  -11.585  -6.362 0.2222222239
91120  -22.309  5.762  -11.398 0.1111111119
92205  -20.380  6.175  -10.569 0.1111111119
92182  -21.883  6.437  -11.081 0.1111111119
91096  -22.830  6.033  -11.116 0.1111111119
91097  -23.584  5.105  -10.742 0.1111111119
92206  -21.321  6.153  -11.135 0.1111111119
60202  -21.722  -25.564  -1.649 0.1111111119
61250  -22.988  -25.067  -1.508 0.1111111119
60185  -23.545  -25.342  -0.671 0.1111111119
61248  -20.348  -25.140  -1.832 0.1111111119
61264  -20.621  -24.586  -2.236 0.1111111119
62286  -20.769  -23.894  -2.433 0.1111111119
63244  -20.677  -22.767  -2.459 0.1111111119
71556  -21.511  -14.730  -4.020 0.1111111119
76977  -21.402  -9.644  -7.230 0.1111111119
82978  -20.552  -3.258  -10.344 0.2222222239
83931  -20.217  -2.591  -9.966 0.2222222239
77935  -21.538  -8.642  -7.687 0.1111111119
77957  -21.989  -8.720  -8.473 0.1111111119
60182  -20.192  -25.869  -1.087 0.1111111119
60184  -22.460  -25.596  -0.986 0.1111111119
61247  -19.588  -24.825  -0.942 0.1111111119
62285  -20.128  -24.120  -2.044 0.1111111119
63243  -19.864  -22.931  -1.755 0.1111111119
64256  -20.189  -21.636  -1.917 0.1111111119
72667  -21.469  -13.719  -4.135 0.1111111119
76954  -21.251  -9.801  -6.294 0.1111111119
82960  -20.574  -3.430  -9.486 0.2222222239
85028  -20.019  -1.701  -10.478 0.2222222239
86077  -19.937  -0.672  -11.235 0.1111111119
60186  -24.562  -25.257  -0.553 0.1111111119
60183  -21.297  -26.005  -1.101 0.1111111119
72675  -21.465  -13.460  -5.295 0.1111111119
82961  -20.813  -3.870  -10.122 0.2222222239
66317  -20.566  -19.668  -2.164 0.1111111119
67352  -20.743  -18.598  -2.232 0.1111111119
61265  -21.362  -25.037  -2.295 0.1111111119
61249  -21.175  -25.543  -1.821 0.1111111119
71544  -21.741  -14.560  -3.602 0.1111111119
70505  -21.444  -15.447  -3.561 0.1111111119
86066  -19.456  -0.862  -9.761 0.1111111119
88017  -19.834  1.553  -11.954 0.1111111119
81957  -21.017  -4.403  -9.438 0.1111111119
89034  -19.398  2.563  -11.204 0.1111111119
69541  -27.198  -17.057  -7.088 0.4444444478
70528  -28.101  -16.033  -6.135 0.1111111119
70529  -28.284  -15.843  -5.671 0.1111111119
70558  -26.011  -15.746  -9.082 0.5555555820
71557  -28.614  -15.486  -5.388 0.1111111119
73804  -21.922  -12.819  -7.118 0.6666666865
73855  -28.830  -13.504  -11.174 0.6666666865
73862  -29.234  -13.187  -11.641 0.6666666865
74891  -21.524  -11.722  -6.962 0.2222222239
74893  -29.900  -11.976  -8.377 0.1111111119
74943  -30.422  -12.394  -12.619 0.5555555820
75963  -24.204  -10.761  -9.886 1.0000000000
75998  -33.275  -11.642  -13.887 0.3333333433
76005  -32.742  -11.510  -14.052 0.4444444478
77032  -29.495  -10.544  -12.307 1.0000000000
77059  -36.308  -9.725  -15.332 0.2222222239
77066  -33.540  -10.072  -14.563 0.5555555820
77069  -35.980  -9.888  -15.601 0.4444444478
77076  -36.073  -9.291  -16.011 0.4444444478
77077  -36.372  -8.990  -16.093 0.2222222239
78003  -29.217  -8.779  -12.347 1.0000000000
78004  -29.902  -9.119  -12.481 1.0000000000
78013  -29.265  -8.432  -12.387 1.0000000000
78026  -34.434  -9.246  -15.384 0.4444444478
78029  -36.595  -9.061  -15.468 0.2222222239
78037  -36.547  -8.556  -16.164 0.2222222239
78042  -36.641  -8.276  -16.474 0.2222222239
78043  -36.629  -8.089  -16.581 0.2222222239
78947  -25.267  -8.567  -11.349 1.0000000000
78973  -29.325  -8.190  -12.422 1.0000000000
78974  -29.562  -8.197  -12.507 1.0000000000
78976  -33.298  -8.069  -14.939 0.7777777910
78995  -36.603  -8.072  -16.593 0.3333333433
79002  -36.540  -7.358  -17.319 0.3333333433
79003  -36.727  -7.775  -16.890 0.2222222239
79004  -36.737  -7.940  -16.530 0.1111111119
79958  -30.493  -6.773  -12.829 0.8888888955
79982  -36.625  -6.816  -15.727 0.1111111119
79983  -36.944  -7.291  -15.953 0.1111111119
79997  -36.409  -6.369  -18.394 0.3333333433
80993  -30.061  -5.640  -12.663 0.8888888955
82005  -30.529  -4.665  -12.832 0.8888888955
82030  -32.923  -5.063  -15.124 0.7777777910
82063  -34.375  -4.068  -19.480 0.4444444478
82992  -22.944  -3.750  -12.383 0.7777777910
83001  -23.462  -3.396  -12.750 0.7777777910
83009  -30.812  -3.946  -13.132 0.8888888955
83031  -31.972  -3.872  -15.132 0.7777777910
83062  -32.551  -3.636  -17.831 0.6666666865
83077  -32.844  -3.345  -19.642 0.2222222239
83977  -28.924  -2.543  -12.245 0.8888888955
83989  -30.755  -2.587  -13.614 0.8888888955
84053  -31.602  -2.685  -19.457 0.4444444478
84061  -33.378  -2.187  -21.090 0.1111111119
85056  -30.209  -1.570  -12.719 0.8888888955
85063  -22.917  -0.737  -13.584 0.5555555820
85065  -23.891  -0.999  -13.711 0.6666666865
85067  -30.726  -1.773  -14.175 0.8888888955
85117  -30.342  -1.364  -17.942 0.4444444478
86101  -22.635  -0.382  -13.456 0.5555555820
86103  -23.763  -0.368  -13.723 0.6666666865
86112  -30.866  -0.948  -14.751 0.6666666865
86182  -30.351  -0.195  -21.649 0.1111111119
87055  -22.950  0.402  -13.509 0.4444444478
87056  -23.582  0.224  -13.616 0.6666666865
87076  -30.979  -0.078  -15.373 0.6666666865
87103  -29.201  0.540  -18.060 0.5555555820
88035  -23.843  0.599  -13.487 0.6666666865
88045  -30.928  0.604  -14.859 0.6666666865
88056  -30.840  0.538  -15.349 0.5555555820
88120  -28.294  1.792  -20.275 0.1111111119
89036  -29.011  3.020  -12.164 0.6666666865
89037  -29.405  3.154  -12.482 0.6666666865
89055  -29.551  2.420  -12.559 0.6666666865
89070  -30.130  1.933  -14.923 0.6666666865
89111  -27.815  2.654  -19.131 0.2222222239
90081  -28.595  3.678  -12.086 0.5555555820
90135  -29.629  2.579  -16.399 0.4444444478
92217  -19.524  5.168  -10.626 0.1111111119
92219  -20.688  5.623  -11.328 0.1111111119
92222  -28.893  5.426  -12.766 0.5555555820
93264  -28.994  5.537  -14.654 0.5555555820
93283  -27.885  6.143  -18.872 0.1111111119
94194  -25.083  7.228  -18.385 0.1111111119
94202  -25.442  7.251  -18.667 0.1111111119
95112  -26.374  6.814  -16.991 0.2222222239
96095  -21.142  9.777  -19.260 0.1111111119
96096  -21.581  9.238  -19.067 0.1111111119
96111  -22.015  9.661  -19.598 0.1111111119
96112  -22.564  9.678  -19.414 0.1111111119
96998  -23.480  11.466  -14.168 0.1111111119
97032  -21.612  9.729  -18.023 0.1111111119
97064  -22.432  10.392  -19.627 0.1111111119
97887  -21.269  12.425  -16.873 0.1111111119
97900  -20.091  12.939  -18.610 0.1111111119
97901  -20.568  12.361  -17.766 0.1111111119
97921  -20.078  12.905  -19.231 0.1111111119
97923  -22.842  12.354  -18.757 0.1111111119
97936  -20.142  13.270  -19.502 0.1111111119
98717  -20.338  13.514  -18.115 0.1111111119
98751  -20.622  13.794  -19.552 0.1111111119
99478  -21.867  14.502  -10.356 0.1111111119
99487  -21.774  14.535  -10.684 0.1111111119
99538  -20.460  14.331  -18.144 0.1111111119
99539  -21.291  14.410  -18.035 0.1111111119
99547  -20.723  14.719  -18.990 0.1111111119
