#!ascii label  , from subject 3951 vox2ras=TkReg
932
61269  -25.368  -24.286  -1.809 0.4285714328
62309  -26.110  -23.255  -2.850 0.2857142985
62310  -27.093  -23.293  -2.756 0.4285714328
63258  -27.441  -22.635  -2.922 0.4285714328
64269  -26.726  -21.793  -2.861 0.2857142985
64270  -27.766  -21.754  -2.711 0.4285714328
65341  -26.309  -20.273  -3.074 0.4285714328
66319  -26.744  -19.596  -3.050 0.4285714328
67353  -26.845  -18.996  -3.339 0.4285714328
68461  -27.467  -17.884  -3.932 0.4285714328
68490  -26.928  -17.525  -5.692 0.5714285970
68475  -26.522  -18.091  -4.712 0.5714285970
69501  -28.190  -17.133  -4.205 0.2857142985
68491  -27.485  -17.111  -5.427 0.7142857313
69512  -27.947  -16.648  -5.069 0.7142857313
71571  -28.427  -15.380  -5.851 0.7142857313
71572  -29.129  -14.708  -5.513 0.4285714328
70513  -28.074  -16.217  -5.609 0.7142857313
70514  -28.477  -15.805  -5.166 0.5714285970
72678  -29.222  -13.918  -5.992 0.5714285970
71587  -28.319  -15.141  -6.913 0.5714285970
72692  -28.580  -14.200  -7.032 0.5714285970
72693  -29.340  -13.237  -6.925 0.5714285970
72694  -30.251  -12.711  -6.606 0.4285714328
73826  -29.693  -12.377  -8.313 0.5714285970
75942  -30.853  -11.122  -8.043 0.5714285970
72720  -29.281  -13.402  -9.156 0.7142857313
74894  -30.318  -11.629  -8.062 0.7142857313
75956  -30.738  -11.012  -8.649 0.7142857313
75957  -31.490  -10.414  -8.921 0.5714285970
72707  -29.311  -13.034  -7.992 0.5714285970
71611  -28.438  -14.960  -9.405 0.5714285970
74914  -29.912  -12.568  -9.935 0.8571428657
76999  -32.082  -10.108  -8.970 0.5714285970
73848  -29.569  -13.555  -10.376 0.5714285970
77024  -32.497  -10.049  -10.989 0.7142857313
77013  -32.532  -9.707  -9.825 0.5714285970
75965  -30.693  -11.141  -9.762 0.7142857313
75966  -31.248  -10.671  -10.213 0.7142857313
77025  -33.142  -9.871  -11.448 0.5714285970
77985  -33.783  -9.135  -11.149 0.5714285970
75975  -30.804  -11.682  -10.953 0.5714285970
75976  -31.392  -11.341  -11.340 0.7142857313
77997  -34.243  -9.525  -11.983 0.7142857313
77996  -33.619  -9.720  -11.733 0.7142857313
77034  -32.719  -11.355  -11.993 0.7142857313
77036  -34.220  -10.435  -12.818 0.7142857313
78008  -35.718  -9.446  -13.142 0.7142857313
78007  -34.886  -9.798  -12.685 0.5714285970
77044  -33.137  -11.825  -12.753 0.7142857313
75986  -31.041  -12.374  -11.988 0.5714285970
78017  -36.353  -9.542  -14.186 0.5714285970
78986  -36.470  -8.328  -14.378 0.5714285970
77045  -33.639  -11.324  -13.347 0.8571428657
75988  -32.511  -12.275  -12.751 0.8571428657
78028  -36.622  -9.065  -14.821 0.7142857313
78018  -36.464  -9.652  -14.939 0.7142857313
77046  -34.822  -10.622  -13.560 0.8571428657
77047  -35.748  -10.370  -14.037 0.7142857313
79991  -36.898  -7.402  -16.924 0.8571428657
79974  -36.674  -7.877  -15.604 0.5714285970
77070  -36.324  -9.300  -15.786 0.8571428657
77075  -35.620  -9.572  -15.754 0.8571428657
77057  -35.094  -10.570  -14.483 0.8571428657
77058  -36.062  -10.337  -14.897 0.8571428657
79989  -36.226  -6.916  -17.989 0.8571428657
81045  -36.558  -5.945  -18.399 0.8571428657
82057  -35.508  -4.908  -19.084 0.8571428657
78036  -36.347  -8.548  -16.316 0.8571428657
81044  -36.165  -5.985  -18.709 0.8571428657
81035  -34.402  -5.442  -17.481 1.0000000000
82049  -34.617  -5.110  -18.153 1.0000000000
78994  -35.925  -7.957  -17.131 0.8571428657
81036  -35.174  -6.044  -17.874 1.0000000000
83063  -33.275  -4.067  -18.378 1.0000000000
84026  -31.478  -2.689  -17.030 0.7142857313
82056  -34.289  -4.417  -18.829 1.0000000000
83058  -32.962  -4.093  -17.612 1.0000000000
83070  -32.731  -3.523  -18.816 1.0000000000
87104  -29.920  0.383  -17.387 1.0000000000
87090  -30.635  0.134  -16.300 0.8571428657
89086  -29.796  1.855  -16.720 0.8571428657
88083  -29.823  1.307  -17.139 1.0000000000
92247  -28.828  4.912  -16.135 0.8571428657
91165  -29.249  4.306  -15.636 0.8571428657
90126  -29.462  3.463  -16.094 1.0000000000
94190  -27.891  6.757  -16.147 0.8571428657
93267  -28.008  5.963  -16.607 0.8571428657
94189  -26.938  6.806  -16.708 0.7142857313
94185  -28.156  6.960  -14.865 0.5714285970
95102  -25.912  8.111  -15.992 0.7142857313
95110  -24.970  7.602  -17.484 0.5714285970
96045  -25.698  8.997  -14.893 0.5714285970
95091  -26.971  8.032  -15.123 0.5714285970
96037  -25.141  9.578  -14.134 0.4285714328
97013  -23.644  9.949  -16.074 0.4285714328
96987  -23.749  10.928  -13.388 0.2857142985
97843  -23.260  11.438  -12.576 0.2857142985
97833  -22.725  11.388  -11.537 0.2857142985
63257  -26.428  -22.646  -3.032 0.2857142985
77012  -31.928  -10.097  -9.562 0.5714285970
79973  -36.474  -7.305  -15.039 0.5714285970
78996  -36.690  -8.257  -15.910 0.8571428657
81038  -36.943  -6.894  -17.120 0.8571428657
79998  -36.604  -6.526  -18.085 0.8571428657
84038  -31.420  -2.645  -17.594 0.8571428657
98653  -22.289  13.556  -9.292 0.1428571492
63256  -25.495  -22.712  -3.261 0.2857142985
64290  -25.373  -21.072  -3.286 0.2857142985
65318  -26.098  -21.010  -2.971 0.2857142985
65319  -27.038  -20.719  -2.656 0.4285714328
67354  -27.388  -19.003  -2.908 0.4285714328
66337  -26.040  -19.738  -3.481 0.2857142985
68460  -26.787  -18.318  -3.992 0.4285714328
67369  -27.918  -18.363  -3.083 0.4285714328
67385  -25.881  -18.570  -4.603 0.5714285970
68476  -27.427  -17.397  -4.841 0.5714285970
69527  -26.948  -17.335  -6.494 0.2857142985
69528  -27.554  -16.799  -6.066 0.7142857313
71570  -28.240  -15.719  -6.192 0.7142857313
72677  -28.647  -14.589  -6.197 0.4285714328
71599  -28.394  -15.150  -8.192 0.5714285970
73806  -30.706  -12.076  -7.069 0.4285714328
72706  -28.682  -13.913  -8.337 0.7142857313
73805  -29.840  -12.506  -7.355 0.7142857313
73827  -30.106  -12.099  -7.645 0.5714285970
74873  -30.889  -11.621  -7.429 0.4285714328
74906  -30.211  -11.677  -9.297 0.7142857313
72731  -29.207  -13.871  -9.976 0.5714285970
77986  -34.625  -8.685  -11.050 0.5714285970
74924  -30.132  -13.204  -11.067 0.5714285970
77014  -33.409  -9.135  -10.160 0.5714285970
77033  -32.015  -10.998  -11.487 0.7142857313
81029  -36.894  -7.075  -16.785 0.5714285970
78035  -35.642  -8.804  -16.127 1.0000000000
82064  -34.882  -4.157  -19.368 1.0000000000
81026  -34.134  -5.961  -16.611 1.0000000000
84027  -31.829  -3.204  -17.175 0.8571428657
86139  -30.881  -1.115  -16.675 0.7142857313
85118  -30.723  -1.963  -17.808 1.0000000000
85125  -30.799  -2.299  -19.065 1.0000000000
86138  -30.390  -0.495  -17.154 0.7142857313
85124  -30.248  -1.548  -18.576 1.0000000000
87091  -30.934  -0.498  -16.009 0.7142857313
89085  -29.440  2.321  -17.075 1.0000000000
89100  -29.514  1.789  -17.278 1.0000000000
94184  -27.516  7.433  -15.649 0.7142857313
97014  -24.400  9.798  -15.456 0.7142857313
95101  -25.169  8.292  -16.465 0.7142857313
96038  -25.719  9.005  -13.638 0.4285714328
96999  -23.888  10.802  -14.849 0.4285714328
96063  -24.492  8.881  -16.509 0.4285714328
97889  -23.129  11.066  -15.712 0.4285714328
97875  -23.372  11.311  -15.207 0.4285714328
71598  -28.154  -16.073  -7.768 0.4285714328
97000  -24.608  9.925  -14.665 0.4285714328
96044  -24.997  9.340  -15.237 0.7142857313
97857  -23.416  11.622  -13.304 0.2857142985
62291  -25.750  -23.778  -2.393 0.4285714328
62292  -26.732  -23.779  -2.315 0.4285714328
62308  -25.123  -23.317  -3.049 0.2857142985
64268  -25.664  -21.879  -3.119 0.2857142985
67368  -27.099  -18.569  -3.525 0.4285714328
67367  -26.163  -18.911  -3.928 0.4285714328
70540  -27.791  -16.469  -6.981 0.5714285970
71586  -28.198  -15.805  -6.636 0.5714285970
74905  -29.828  -12.078  -8.877 0.7142857313
75943  -31.372  -10.875  -8.082 0.5714285970
72719  -28.827  -14.160  -9.644 0.7142857313
73838  -29.621  -12.783  -9.339 0.7142857313
74915  -30.380  -12.193  -10.477 0.5714285970
77035  -33.481  -10.593  -12.343 0.7142857313
74925  -30.509  -12.706  -11.599 0.7142857313
75987  -31.844  -12.255  -12.231 0.8571428657
78987  -36.657  -8.361  -15.209 0.8571428657
79990  -36.750  -7.039  -17.466 0.8571428657
77068  -35.232  -10.142  -15.379 0.8571428657
79981  -35.291  -7.186  -17.267 1.0000000000
85106  -31.219  -2.172  -16.927 0.8571428657
92238  -28.615  5.507  -16.048 0.8571428657
95103  -26.660  7.450  -16.321 0.7142857313
96064  -25.287  8.725  -15.816 0.5714285970
95090  -26.344  8.508  -14.427 0.5714285970
96988  -24.355  10.093  -13.759 0.2857142985
97827  -22.363  12.273  -11.188 0.2857142985
65340  -25.677  -20.376  -3.414 0.2857142985
86153  -30.455  -1.146  -17.487 1.0000000000
98694  -22.475  13.891  -16.189 0.2857142985
100362  -21.960  14.357  -15.319 0.1428571492
97888  -22.023  11.922  -16.232 0.2857142985
98718  -21.104  13.572  -17.227 0.2857142985
98693  -22.475  13.265  -15.015 0.1428571492
97856  -23.182  12.149  -13.969 0.1428571492
97874  -22.909  11.977  -15.106 0.2857142985
98675  -22.930  12.970  -13.743 0.1428571492
97937  -20.791  12.325  -19.592 0.2857142985
98705  -21.543  12.881  -16.505 0.2857142985
95121  -26.893  7.776  -18.328 0.2857142985
96098  -24.364  8.718  -18.639 0.2857142985
100361  -21.662  15.399  -14.695 0.1428571492
97012  -22.463  10.212  -16.797 0.2857142985
94195  -25.507  6.829  -18.120 0.2857142985
97052  -20.919  10.652  -19.283 0.2857142985
97902  -21.400  11.209  -17.247 0.2857142985
92266  -27.562  5.303  -19.055 0.1428571492
94201  -25.090  7.433  -18.653 0.2857142985
96097  -22.883  8.991  -18.994 0.2857142985
99507  -22.501  14.037  -14.046 0.1428571492
96081  -22.193  8.930  -18.374 0.2857142985
97031  -20.908  10.881  -18.331 0.2857142985
92295  -27.449  5.287  -22.575 0.1428571492
92275  -28.057  4.885  -20.052 0.1428571492
94204  -27.067  6.595  -18.435 0.4285714328
89119  -27.911  2.356  -19.699 0.2857142985
92256  -27.487  5.140  -18.052 0.4285714328
94196  -26.258  6.465  -17.717 0.2857142985
96062  -23.295  9.125  -17.249 0.2857142985
88132  -28.335  1.731  -21.159 0.1428571492
91194  -27.492  4.233  -19.312 0.2857142985
94197  -27.171  6.363  -17.339 0.4285714328
91174  -28.117  4.614  -17.606 0.5714285970
87138  -29.724  0.398  -21.718 0.1428571492
92246  -28.208  5.189  -17.007 0.7142857313
95111  -25.894  7.072  -17.162 0.4285714328
90159  -27.870  2.916  -18.764 0.4285714328
87139  -30.797  0.106  -22.198 0.2857142985
86175  -29.875  -0.388  -21.006 0.7142857313
88082  -29.345  1.226  -17.634 0.8571428657
88107  -28.626  1.339  -19.585 0.8571428657
90144  -28.367  2.980  -18.117 0.5714285970
87141  -32.515  -0.278  -21.604 0.2857142985
87140  -31.770  0.175  -22.032 0.2857142985
89112  -28.287  2.183  -18.818 0.7142857313
92232  -29.351  5.146  -14.247 0.5714285970
90134  -29.037  3.110  -17.148 0.8571428657
86177  -33.393  -0.502  -20.278 0.1428571492
86176  -30.103  -1.058  -20.387 0.7142857313
81008  -32.688  -5.774  -14.147 0.5714285970
82048  -33.601  -4.707  -17.336 0.8571428657
82047  -32.816  -4.429  -16.304 0.8571428657
82038  -32.598  -4.500  -15.482 0.4285714328
83057  -32.508  -3.928  -16.912 0.5714285970
86152  -29.981  -0.785  -17.934 0.8571428657
84054  -32.511  -2.867  -20.245 0.8571428657
87120  -29.473  -0.144  -18.246 0.8571428657
85126  -34.383  -1.301  -19.706 0.2857142985
85138  -30.907  -1.536  -20.674 0.8571428657
86167  -29.678  -0.869  -19.105 0.8571428657
89099  -28.971  2.128  -17.762 0.8571428657
86170  -34.696  -1.071  -18.337 0.4285714328
85140  -32.884  -1.766  -21.406 0.7142857313
79965  -32.261  -6.869  -13.666 0.2857142985
81019  -33.351  -5.876  -15.126 0.5714285970
81018  -32.859  -5.329  -14.704 0.5714285970
84047  -32.153  -3.064  -19.147 0.8571428657
84046  -31.384  -2.688  -18.533 0.8571428657
85131  -31.440  -2.202  -20.238 0.8571428657
85130  -30.425  -1.682  -19.693 0.8571428657
85134  -34.777  -2.249  -20.216 0.4285714328
84055  -33.848  -2.779  -20.665 0.8571428657
85132  -32.339  -2.242  -20.951 0.8571428657
85119  -35.154  -1.763  -18.195 0.4285714328
75995  -30.827  -12.285  -12.835 0.7142857313
77042  -30.752  -10.882  -13.070 0.4285714328
75996  -31.713  -12.167  -13.278 0.7142857313
77055  -32.910  -10.494  -14.307 0.8571428657
78015  -32.109  -9.253  -14.251 0.5714285970
78969  -31.719  -7.998  -13.716 0.5714285970
78968  -30.944  -7.993  -13.198 0.4285714328
78025  -33.660  -9.257  -14.957 0.8571428657
78975  -32.449  -8.016  -14.297 0.5714285970
79966  -32.945  -6.979  -14.291 0.5714285970
78993  -35.126  -7.949  -16.349 0.8571428657
79980  -34.487  -7.163  -16.514 0.7142857313
79967  -33.452  -6.923  -14.882 0.5714285970
82058  -36.401  -5.098  -18.839 0.7142857313
83065  -36.201  -4.088  -19.198 0.7142857313
83072  -34.655  -3.719  -19.819 0.7142857313
84048  -34.345  -3.370  -20.218 0.8571428657
84015  -35.857  -3.185  -16.439 0.2857142985
84029  -36.182  -3.174  -17.871 0.4285714328
84040  -35.840  -2.873  -19.083 0.5714285970
74942  -30.118  -12.396  -12.482 0.4285714328
75994  -30.083  -11.761  -12.623 0.4285714328
77056  -33.915  -11.015  -14.172 0.7142857313
76006  -33.235  -11.354  -14.138 0.7142857313
78034  -34.912  -8.686  -15.787 0.8571428657
81037  -36.842  -6.208  -17.605 0.7142857313
83046  -36.357  -4.184  -17.300 0.2857142985
82050  -36.647  -5.160  -18.016 0.5714285970
73856  -29.611  -13.645  -11.352 0.4285714328
73863  -29.428  -13.429  -11.624 0.5714285970
74934  -30.491  -12.674  -12.372 0.5714285970
75997  -32.794  -12.089  -13.478 0.7142857313
81020  -36.389  -6.190  -15.260 0.4285714328
82031  -36.293  -5.234  -15.620 0.4285714328
83032  -36.158  -4.164  -15.972 0.4285714328
82040  -36.610  -5.212  -16.865 0.4285714328
77001  -33.374  -9.639  -8.764 0.4285714328
77977  -34.162  -8.757  -10.414 0.4285714328
79960  -36.490  -7.108  -12.681 0.4285714328
80995  -36.373  -6.037  -13.050 0.4285714328
79968  -36.239  -7.209  -13.766 0.4285714328
68462  -28.521  -17.688  -3.399 0.1428571492
77998  -35.369  -8.762  -11.914 0.4285714328
78970  -36.187  -8.119  -12.396 0.4285714328
69513  -28.723  -16.351  -4.380 0.1428571492
70515  -29.252  -15.677  -4.594 0.1428571492
72679  -30.348  -13.377  -5.838 0.2857142985
76983  -33.799  -10.071  -8.101 0.2857142985
77003  -35.440  -8.811  -8.678 0.2857142985
77002  -34.597  -9.049  -9.030 0.2857142985
74896  -31.898  -11.208  -7.567 0.4285714328
77979  -35.922  -8.051  -9.759 0.2857142985
77015  -34.246  -8.782  -9.848 0.2857142985
77987  -35.606  -8.233  -10.757 0.4285714328
69502  -29.129  -16.983  -3.699 0.1428571492
71559  -29.700  -15.055  -4.897 0.2857142985
71573  -30.010  -14.289  -5.265 0.2857142985
73789  -32.212  -12.823  -6.121 0.2857142985
74876  -33.290  -11.607  -7.063 0.2857142985
73807  -31.791  -12.192  -6.694 0.2857142985
74898  -33.586  -10.998  -7.461 0.2857142985
69514  -29.680  -16.271  -3.963 0.1428571492
71575  -32.138  -14.186  -5.105 0.2857142985
70516  -30.214  -15.619  -4.311 0.2857142985
72680  -31.607  -13.431  -5.631 0.2857142985
71574  -31.085  -14.162  -5.169 0.2857142985
67355  -28.293  -19.071  -2.556 0.1428571492
66320  -27.692  -19.821  -2.509 0.2857142985
67370  -28.929  -18.380  -2.720 0.1428571492
61270  -26.369  -24.275  -1.737 0.2857142985
61253  -25.965  -24.809  -1.163 0.2857142985
65320  -28.193  -20.828  -2.439 0.2857142985
61271  -27.382  -24.334  -1.769 0.1428571492
61252  -24.964  -24.717  -1.136 0.2857142985
60187  -25.559  -25.298  -0.561 0.1428571492
71561  -31.672  -14.838  -4.548 0.2857142985
72681  -32.665  -13.534  -5.591 0.2857142985
73808  -32.786  -12.255  -6.619 0.2857142985
76984  -34.398  -9.750  -8.125 0.2857142985
77000  -32.516  -9.884  -8.984 0.4285714328
77978  -34.945  -8.571  -9.983 0.2857142985
78948  -36.387  -7.664  -10.481 0.2857142985
77043  -31.397  -10.786  -13.584 0.7142857313
78959  -36.360  -7.764  -11.377 0.4285714328
78977  -33.641  -7.497  -15.296 0.5714285970
78978  -36.262  -8.315  -13.399 0.4285714328
81028  -36.737  -6.393  -16.437 0.4285714328
90127  -29.838  2.716  -15.464 0.7142857313
84049  -34.991  -2.919  -20.182 0.7142857313
93263  -28.578  6.045  -15.201 0.5714285970
91175  -28.772  4.234  -16.766 0.7142857313
84028  -35.547  -2.344  -17.802 0.2857142985
87119  -29.152  0.267  -19.071 0.8571428657
86183  -31.010  -0.716  -21.458 0.5714285970
96082  -22.825  8.647  -18.087 0.2857142985
90158  -27.493  3.204  -19.413 0.4285714328
99506  -21.822  14.623  -12.964 0.1428571492
93282  -27.197  5.796  -18.567 0.2857142985
97063  -21.562  10.724  -19.685 0.2857142985
63259  -28.427  -22.629  -2.919 0.1428571492
66321  -28.710  -19.961  -2.329 0.1428571492
68463  -29.566  -17.664  -2.992 0.1428571492
69503  -30.126  -16.973  -3.400 0.1428571492
69515  -30.679  -16.261  -3.631 0.1428571492
74877  -34.371  -11.283  -7.053 0.2857142985
73788  -31.152  -12.709  -6.246 0.2857142985
75946  -34.240  -10.492  -7.617 0.2857142985
74874  -31.470  -11.668  -7.208 0.2857142985
74875  -32.349  -11.682  -7.099 0.2857142985
75985  -29.524  -11.615  -12.262 0.2857142985
78960  -36.821  -7.214  -10.829 0.2857142985
76004  -32.115  -11.636  -13.791 0.7142857313
78967  -30.021  -7.961  -12.713 0.4285714328
78006  -31.433  -9.308  -13.660 0.5714285970
81007  -31.797  -5.736  -13.407 0.2857142985
79944  -36.542  -7.249  -11.944 0.2857142985
78016  -32.906  -9.199  -14.628 0.7142857313
80996  -36.547  -6.198  -12.354 0.1428571492
82006  -36.108  -5.070  -13.636 0.4285714328
81010  -36.188  -6.179  -14.202 0.4285714328
83019  -36.074  -4.184  -14.534 0.1428571492
83059  -36.526  -4.208  -18.476 0.5714285970
84014  -35.560  -2.278  -16.805 0.2857142985
85127  -34.866  -1.822  -19.441 0.5714285970
85141  -33.647  -1.785  -21.080 0.7142857313
86169  -34.104  -0.701  -18.893 0.2857142985
87122  -33.463  -0.000  -18.793 0.1428571492
96986  -23.484  11.505  -13.680 0.2857142985
86185  -33.198  -0.887  -21.352 0.4285714328
87133  -32.724  0.103  -20.735 0.1428571492
88121  -28.743  1.054  -20.863 0.5714285970
87132  -32.287  0.326  -21.434 0.1428571492
88133  -29.074  1.380  -21.968 0.1428571492
89120  -28.293  1.957  -19.427 0.5714285970
87143  -30.376  0.722  -22.578 0.1428571492
89130  -27.786  2.304  -20.771 0.1428571492
93274  -27.328  5.707  -17.720 0.2857142985
90171  -27.411  2.922  -20.306 0.2857142985
90181  -27.442  3.080  -21.318 0.1428571492
91218  -27.494  4.059  -21.902 0.1428571492
92284  -28.055  4.811  -21.272 0.1428571492
94209  -28.436  7.123  -18.619 0.2857142985
93291  -28.705  6.543  -19.267 0.1428571492
92276  -28.430  5.833  -19.725 0.1428571492
62312  -29.017  -23.364  -2.863 0.1428571492
67371  -30.124  -18.711  -2.556 0.1428571492
75947  -34.832  -10.010  -7.672 0.2857142985
85096  -35.449  -2.167  -15.627 0.2857142985
92296  -28.282  5.699  -21.711 0.1428571492
94205  -28.108  7.474  -18.266 0.2857142985
62293  -27.608  -23.868  -2.341 0.1428571492
62311  -28.152  -23.457  -2.696 0.1428571492
71558  -28.907  -15.305  -5.190 0.2857142985
75944  -32.205  -10.691  -8.079 0.4285714328
78027  -35.154  -9.372  -15.708 0.7142857313
83064  -35.443  -3.775  -19.568 0.7142857313
81027  -34.722  -6.651  -17.148 0.8571428657
83071  -33.710  -3.732  -19.661 0.8571428657
84039  -32.032  -3.079  -18.165 0.8571428657
92239  -28.924  5.090  -15.167 0.5714285970
79972  -33.811  -6.927  -15.706 0.5714285970
88095  -28.865  1.260  -18.434 0.8571428657
96061  -22.387  9.070  -17.655 0.2857142985
77067  -34.347  -10.163  -14.812 0.8571428657
98706  -22.009  13.341  -16.144 0.2857142985
99524  -22.167  13.923  -15.656 0.1428571492
98735  -19.903  13.861  -19.028 0.2857142985
97922  -20.397  11.970  -18.873 0.2857142985
95120  -26.009  7.878  -18.709 0.2857142985
97065  -22.990  9.913  -19.351 0.2857142985
95118  -24.662  7.667  -18.516 0.2857142985
94203  -26.086  6.884  -18.615 0.2857142985
97053  -21.057  9.873  -18.862 0.2857142985
96110  -21.330  9.865  -19.528 0.2857142985
92267  -28.148  5.956  -19.216 0.1428571492
96083  -23.779  8.207  -18.048 0.2857142985
91204  -27.476  3.879  -20.487 0.1428571492
92285  -28.578  5.685  -20.725 0.1428571492
94208  -27.564  6.307  -18.611 0.1428571492
91183  -27.669  4.457  -18.371 0.4285714328
89145  -28.025  2.274  -21.934 0.1428571492
90143  -27.791  3.614  -18.586 0.4285714328
91184  -28.296  3.857  -17.755 0.7142857313
87131  -29.207  0.331  -20.374 0.4285714328
88106  -28.318  1.895  -19.720 0.5714285970
86166  -29.484  -0.420  -19.998 0.7142857313
86184  -32.303  -0.884  -21.743 0.5714285970
86186  -33.793  -1.186  -20.724 0.4285714328
81009  -33.129  -6.358  -14.544 0.5714285970
82039  -33.268  -5.058  -15.945 0.5714285970
83045  -32.188  -3.982  -15.953 0.4285714328
82029  -32.439  -4.717  -14.630 0.4285714328
83078  -33.218  -3.274  -20.149 0.8571428657
84060  -33.021  -2.407  -20.977 0.8571428657
85133  -34.372  -1.792  -20.430 0.4285714328
85139  -31.827  -1.636  -21.268 0.8571428657
84056  -34.563  -2.448  -20.478 0.7142857313
77054  -32.049  -10.572  -14.056 0.7142857313
78984  -33.810  -8.675  -15.270 0.7142857313
78985  -34.113  -8.063  -15.707 0.8571428657
84041  -36.392  -3.558  -18.818 0.5714285970
74933  -29.728  -12.985  -12.045 0.5714285970
84002  -35.865  -3.049  -15.118 0.2857142985
75945  -33.177  -10.419  -8.057 0.2857142985
77963  -35.417  -8.570  -9.215 0.2857142985
75959  -32.891  -10.057  -8.568 0.2857142985
74897  -32.772  -11.111  -7.537 0.2857142985
71560  -30.656  -14.880  -4.655 0.2857142985
61254  -26.957  -24.886  -1.178 0.1428571492
60188  -26.516  -25.396  -0.618 0.1428571492
61255  -27.935  -24.911  -1.219 0.1428571492
82019  -36.135  -5.345  -14.625 0.2857142985
99496  -21.897  13.748  -12.376 0.1428571492
98662  -22.496  12.944  -12.838 0.1428571492
90109  -29.728  3.570  -14.019 0.5714285970
89063  -30.367  2.059  -13.963 0.4285714328
90110  -29.966  2.785  -13.563 0.4285714328
90119  -29.955  2.781  -14.479 0.5714285970
88044  -30.641  1.279  -14.450 0.4285714328
90118  -29.652  3.555  -15.041 0.4285714328
86125  -31.057  -1.048  -15.659 0.4285714328
87075  -30.777  0.439  -15.639 0.4285714328
88037  -30.901  0.651  -14.107 0.4285714328
88055  -30.517  1.020  -15.487 0.5714285970
88067  -30.166  1.123  -16.503 0.5714285970
89077  -29.989  1.873  -15.896 0.5714285970
84013  -31.805  -3.425  -16.268 0.5714285970
77945  -36.569  -8.569  -7.990 0.1428571492
77964  -36.154  -8.277  -8.719 0.1428571492
78921  -36.529  -7.702  -9.380 0.1428571492
68489  -26.000  -18.109  -5.812 0.2857142985
76987  -37.463  -8.734  -7.469 0.1428571492
77947  -37.957  -8.269  -7.575 0.1428571492
77965  -37.042  -8.010  -8.340 0.1428571492
78904  -38.421  -7.476  -7.560 0.1428571492
68474  -25.738  -18.388  -5.061 0.2857142985
75926  -35.134  -10.492  -7.256 0.1428571492
76964  -35.844  -10.015  -7.194 0.1428571492
76965  -36.575  -9.782  -7.169 0.1428571492
76967  -38.749  -9.512  -6.764 0.1428571492
76986  -36.850  -8.976  -7.483 0.1428571492
77896  -39.335  -8.434  -4.944 0.1428571492
77929  -39.007  -8.533  -6.678 0.1428571492
78859  -39.287  -7.985  -5.371 0.1428571492
67384  -25.127  -18.946  -4.744 0.2857142985
72682  -33.663  -13.662  -5.607 0.1428571492
73791  -34.218  -12.971  -6.120 0.1428571492
73809  -33.793  -12.216  -6.582 0.1428571492
73790  -33.228  -12.900  -6.091 0.1428571492
74879  -36.583  -11.509  -6.787 0.1428571492
74878  -35.486  -11.410  -6.751 0.1428571492
75928  -37.245  -10.585  -6.994 0.1428571492
75927  -36.146  -10.602  -6.884 0.1428571492
75929  -38.462  -10.641  -6.966 0.1428571492
76947  -39.304  -9.376  -6.005 0.1428571492
76926  -39.311  -9.136  -5.024 0.1428571492
77913  -39.312  -8.544  -5.741 0.1428571492
67366  -25.554  -19.163  -4.242 0.2857142985
66352  -24.804  -19.536  -4.466 0.2857142985
65339  -24.936  -20.583  -3.779 0.2857142985
71562  -32.632  -14.900  -4.602 0.1428571492
73792  -35.134  -13.045  -6.193 0.1428571492
73810  -34.816  -12.223  -6.508 0.1428571492
75912  -39.176  -10.315  -6.271 0.1428571492
78850  -40.193  -7.959  -3.936 0.1428571492
77897  -39.607  -8.717  -4.322 0.1428571492
71576  -33.104  -14.300  -5.115 0.1428571492
70519  -33.139  -15.680  -4.366 0.1428571492
71578  -35.077  -14.586  -5.484 0.1428571492
71577  -34.078  -14.611  -5.167 0.1428571492
72696  -36.968  -13.536  -6.813 0.1428571492
72683  -34.640  -13.749  -5.709 0.1428571492
73812  -36.915  -12.494  -6.815 0.1428571492
73793  -35.687  -13.112  -6.291 0.1428571492
74880  -37.722  -11.603  -7.198 0.1428571492
75893  -39.242  -10.119  -5.057 0.1428571492
74860  -39.254  -11.255  -6.583 0.1428571492
76927  -39.428  -9.600  -4.307 0.1428571492
75894  -39.348  -10.115  -4.312 0.1428571492
69517  -32.823  -16.576  -4.020 0.1428571492
70517  -31.214  -15.556  -4.022 0.1428571492
69529  -34.852  -16.456  -5.355 0.1428571492
70530  -34.650  -15.498  -5.108 0.1428571492
71563  -33.400  -14.994  -4.733 0.1428571492
72697  -37.705  -13.637  -7.391 0.1428571492
73813  -37.972  -12.739  -7.487 0.1428571492
73794  -39.457  -12.159  -6.839 0.1428571492
74844  -39.360  -10.902  -5.705 0.1428571492
74881  -38.757  -11.804  -7.267 0.1428571492
69519  -34.316  -16.296  -4.791 0.1428571492
69518  -33.665  -16.511  -4.427 0.1428571492
70532  -36.176  -15.378  -6.200 0.1428571492
69530  -35.739  -16.512  -6.235 0.1428571492
71589  -37.207  -14.345  -7.055 0.1428571492
71588  -36.545  -14.493  -6.473 0.1428571492
73829  -38.603  -13.210  -7.505 0.1428571492
70531  -35.440  -15.508  -5.626 0.1428571492
72685  -36.205  -13.913  -6.333 0.1428571492
73811  -35.846  -12.426  -6.499 0.1428571492
76914  -39.884  -9.180  -3.830 0.1428571492
79836  -40.587  -7.409  -3.998 0.1428571492
76966  -37.754  -9.397  -7.196 0.1428571492
73775  -39.524  -11.776  -5.705 0.1428571492
74823  -39.291  -10.967  -4.702 0.1428571492
77885  -40.462  -8.586  -3.711 0.1428571492
79837  -41.043  -7.200  -3.967 0.1428571492
85094  -31.257  -1.944  -16.043 0.4285714328
78861  -40.054  -7.299  -4.281 0.1428571492
78860  -39.558  -7.820  -4.579 0.1428571492
78889  -38.858  -7.578  -6.991 0.1428571492
79842  -39.254  -7.372  -5.477 0.1428571492
78922  -36.981  -7.570  -8.945 0.1428571492
78949  -36.923  -7.159  -10.260 0.1428571492
91148  -29.553  4.426  -13.606 0.4285714328
93260  -29.124  5.824  -14.154 0.4285714328
94212  -29.369  7.832  -19.454 0.1428571492
91156  -29.444  4.366  -14.601 0.4285714328
66336  -25.350  -19.650  -4.039 0.2857142985
70518  -32.233  -15.646  -4.112 0.1428571492
75925  -34.583  -10.774  -7.307 0.1428571492
79945  -36.868  -6.704  -11.357 0.1428571492
79961  -36.635  -6.577  -11.997 0.1428571492
76985  -35.601  -9.315  -7.839 0.1428571492
77946  -37.246  -8.381  -7.783 0.1428571492
77928  -38.437  -8.769  -7.138 0.1428571492
77966  -37.589  -7.868  -8.045 0.1428571492
78903  -38.035  -7.405  -8.034 0.1428571492
77948  -38.563  -8.121  -7.240 0.1428571492
78876  -39.184  -7.783  -6.185 0.1428571492
70520  -33.922  -15.591  -4.681 0.1428571492
72695  -36.200  -13.205  -6.438 0.1428571492
72684  -35.558  -13.732  -6.003 0.1428571492
71579  -35.841  -14.593  -5.971 0.1428571492
73828  -38.137  -13.322  -7.543 0.1428571492
73815  -39.471  -12.959  -7.015 0.1428571492
60185  -23.545  -25.342  -0.671 0.1428571492
61250  -22.988  -25.067  -1.508 0.1428571492
61251  -23.965  -24.879  -1.305 0.1428571492
61268  -24.366  -24.409  -1.962 0.1428571492
62290  -24.773  -23.967  -2.638 0.1428571492
62307  -24.160  -23.563  -3.402 0.1428571492
63275  -24.121  -21.942  -3.601 0.1428571492
64267  -25.050  -22.226  -3.316 0.1428571492
63254  -23.450  -22.814  -3.564 0.1428571492
64289  -24.657  -21.576  -3.539 0.1428571492
66334  -23.543  -20.021  -4.493 0.1428571492
67397  -24.437  -18.449  -5.682 0.2857142985
67398  -25.269  -18.421  -5.527 0.1428571492
68503  -26.442  -17.670  -6.393 0.1428571492
68488  -25.049  -18.119  -6.266 0.2857142985
69553  -26.890  -17.166  -7.581 0.2857142985
71618  -27.948  -15.079  -10.112 0.4285714328
72730  -28.955  -14.081  -10.509 0.4285714328
73847  -29.360  -13.962  -10.999 0.4285714328
84001  -31.803  -3.568  -15.684 0.2857142985
85080  -30.926  -1.908  -15.106 0.2857142985
84012  -31.468  -2.738  -16.472 0.2857142985
89054  -28.675  2.178  -12.067 0.2857142985
90101  -29.906  2.709  -12.997 0.2857142985
90100  -29.684  3.445  -12.949 0.2857142985
90082  -29.211  3.680  -12.375 0.4285714328
62289  -23.779  -24.224  -2.876 0.1428571492
63274  -23.622  -22.088  -3.586 0.1428571492
65337  -22.848  -20.713  -4.072 0.1428571492
66351  -24.204  -19.497  -4.724 0.1428571492
67383  -23.892  -18.926  -5.194 0.1428571492
68501  -24.879  -17.593  -6.983 0.2857142985
69540  -26.508  -17.443  -7.129 0.2857142985
68502  -25.776  -17.813  -6.728 0.2857142985
69539  -25.657  -17.388  -7.461 0.2857142985
70551  -27.305  -16.809  -8.084 0.2857142985
71610  -27.797  -16.145  -9.338 0.4285714328
72728  -26.941  -14.279  -10.069 0.2857142985
83018  -31.837  -4.062  -14.363 0.2857142985
83990  -30.993  -2.738  -14.461 0.2857142985
84000  -31.410  -2.961  -15.461 0.2857142985
85066  -30.618  -1.642  -13.300 0.2857142985
86105  -30.773  -0.826  -13.831 0.2857142985
87065  -31.037  -0.069  -14.382 0.2857142985
88027  -29.956  1.293  -12.711 0.2857142985
88025  -28.209  1.233  -11.921 0.2857142985
89056  -30.181  2.109  -13.116 0.2857142985
69552  -26.442  -17.172  -7.870 0.2857142985
83030  -31.504  -3.440  -14.605 0.2857142985
83016  -30.693  -3.240  -13.217 0.2857142985
86104  -30.549  -0.691  -13.025 0.2857142985
87046  -29.570  0.354  -12.398 0.2857142985
87058  -30.732  0.099  -13.567 0.2857142985
87045  -28.656  0.339  -12.158 0.2857142985
88036  -30.520  1.140  -13.480 0.2857142985
85055  -29.453  -1.558  -12.354 0.2857142985
86093  -29.084  -0.598  -12.229 0.2857142985
86094  -29.937  -0.613  -12.520 0.2857142985
71619  -28.506  -14.552  -10.087 0.4285714328
87057  -30.287  0.282  -12.873 0.2857142985
66335  -24.504  -20.035  -4.320 0.1428571492
63255  -24.481  -22.593  -3.527 0.1428571492
64288  -23.721  -21.485  -3.859 0.1428571492
65338  -24.071  -20.809  -4.177 0.1428571492
71617  -27.249  -15.306  -9.899 0.4285714328
88026  -29.142  1.314  -12.263 0.2857142985
70560  -27.109  -16.650  -8.880 0.4285714328
74923  -28.015  -12.512  -11.013 0.2857142985
72737  -28.320  -13.608  -10.713 0.2857142985
97891  -25.997  11.625  -15.812 0.1428571492
97015  -26.587  10.915  -16.333 0.1428571492
97033  -24.452  10.917  -18.104 0.1428571492
97055  -24.909  9.864  -18.302 0.1428571492
96099  -25.786  9.167  -18.188 0.1428571492
97877  -26.320  12.129  -14.969 0.1428571492
98737  -22.333  13.302  -18.604 0.1428571492
99525  -23.091  13.975  -15.904 0.1428571492
74932  -28.619  -12.377  -11.457 0.2857142985
75984  -28.756  -11.374  -11.730 0.2857142985
96100  -26.785  8.847  -17.942 0.1428571492
97036  -27.106  10.342  -16.858 0.1428571492
97056  -25.563  9.928  -17.852 0.1428571492
96084  -26.241  9.688  -17.710 0.1428571492
95119  -25.162  7.895  -18.854 0.1428571492
97938  -22.298  11.998  -19.409 0.1428571492
98721  -23.991  12.029  -17.237 0.1428571492
98695  -24.039  13.070  -15.832 0.1428571492
98720  -23.330  12.753  -17.631 0.1428571492
98719  -22.146  13.903  -17.381 0.1428571492
97054  -23.739  10.071  -18.815 0.1428571492
97939  -23.056  10.778  -19.292 0.1428571492
72738  -28.593  -13.833  -10.705 0.2857142985
97905  -25.661  11.141  -16.736 0.1428571492
97876  -25.391  12.365  -15.505 0.1428571492
97034  -25.287  10.589  -17.588 0.1428571492
97924  -23.496  11.676  -18.623 0.1428571492
97903  -24.052  11.767  -17.732 0.1428571492
98696  -25.480  12.936  -14.896 0.1428571492
98738  -23.059  12.520  -18.385 0.1428571492
97035  -26.179  10.230  -17.410 0.1428571492
83978  -29.809  -2.527  -12.527 0.1428571492
83979  -30.449  -2.502  -12.940 0.1428571492
87044  -27.675  0.303  -12.128 0.1428571492
87041  -24.807  0.327  -13.205 0.1428571492
88022  -25.199  1.222  -12.676 0.1428571492
83017  -31.249  -3.659  -13.773 0.1428571492
89050  -24.681  2.232  -12.506 0.1428571492
89051  -25.728  2.156  -12.260 0.1428571492
90098  -26.270  3.005  -11.881 0.2857142985
78005  -30.787  -9.327  -13.000 0.2857142985
78014  -29.507  -8.442  -12.443 0.1428571492
80994  -30.981  -5.695  -12.892 0.1428571492
82017  -31.236  -4.716  -13.278 0.1428571492
83008  -30.244  -3.550  -12.731 0.1428571492
86155  -34.827  -0.885  -17.460 0.1428571492
85054  -28.522  -1.567  -12.247 0.1428571492
89035  -28.219  2.949  -11.866 0.1428571492
90099  -27.277  2.952  -11.801 0.1428571492
90079  -26.836  3.790  -11.505 0.2857142985
92212  -27.818  5.050  -11.848 0.2857142985
95076  -26.130  8.115  -12.335 0.2857142985
95072  -25.235  7.918  -11.894 0.2857142985
96035  -25.615  8.720  -12.649 0.2857142985
97842  -23.165  12.240  -13.045 0.1428571492
96961  -21.864  10.767  -9.236 0.1428571492
91140  -29.222  4.547  -12.645 0.2857142985
91125  -27.443  4.574  -11.566 0.2857142985
93248  -28.472  5.948  -12.839 0.2857142985
94176  -28.035  6.924  -13.712 0.2857142985
93246  -27.284  6.391  -12.103 0.2857142985
94161  -26.862  6.834  -12.044 0.2857142985
95081  -26.926  7.966  -13.753 0.2857142985
94165  -26.626  7.640  -12.415 0.2857142985
94160  -26.160  7.267  -11.853 0.2857142985
96979  -24.038  10.108  -12.879 0.1428571492
95071  -23.977  8.018  -11.400 0.2857142985
97832  -22.715  12.161  -12.139 0.1428571492
98652  -22.097  13.181  -10.515 0.1428571492
93240  -25.243  6.341  -11.612 0.1428571492
90097  -25.230  3.118  -12.038 0.2857142985
96034  -24.736  9.464  -12.794 0.1428571492
96023  -24.780  8.589  -12.106 0.2857142985
96978  -23.435  10.445  -12.153 0.1428571492
96022  -23.524  9.246  -11.515 0.1428571492
89049  -23.659  2.472  -12.856 0.2857142985
95070  -22.378  8.000  -10.784 0.1428571492
96011  -21.948  9.252  -10.161 0.1428571492
90092  -19.775  3.767  -11.798 0.1428571492
86154  -34.264  -0.386  -17.702 0.1428571492
82004  -29.680  -4.567  -12.552 0.1428571492
83007  -29.317  -3.533  -12.409 0.1428571492
85053  -27.530  -1.577  -12.452 0.1428571492
85052  -26.533  -1.580  -12.739 0.1428571492
86092  -28.115  -0.612  -12.264 0.1428571492
88024  -27.203  1.202  -12.008 0.1428571492
89053  -27.735  2.105  -11.850 0.1428571492
90096  -24.261  3.371  -12.358 0.2857142985
92211  -27.182  5.539  -11.693 0.1428571492
92220  -27.662  5.948  -12.144 0.2857142985
93241  -26.468  6.342  -11.731 0.1428571492
96968  -22.700  10.493  -10.800 0.1428571492
85107  -35.253  -1.482  -17.124 0.1428571492
85095  -35.227  -1.307  -16.084 0.1428571492
94175  -27.557  7.498  -14.293 0.2857142985
92227  -29.307  5.281  -13.426 0.2857142985
79959  -31.402  -6.817  -13.182 0.1428571492
79957  -29.537  -6.703  -12.565 0.1428571492
93259  -28.669  6.465  -14.090 0.2857142985
82018  -31.906  -4.746  -13.885 0.1428571492
93256  -28.900  5.957  -13.389 0.2857142985
91127  -28.887  4.127  -12.272 0.1428571492
86091  -27.134  -0.617  -12.508 0.1428571492
83976  -27.925  -2.555  -12.372 0.1428571492
83006  -28.339  -3.534  -12.415 0.1428571492
87043  -26.693  0.307  -12.439 0.1428571492
87042  -25.721  0.321  -12.802 0.1428571492
88023  -26.221  1.223  -12.369 0.1428571492
89052  -26.745  2.115  -12.032 0.1428571492
90080  -27.832  3.742  -11.678 0.2857142985
92221  -28.146  5.488  -12.283 0.2857142985
91139  -28.700  5.021  -12.421 0.2857142985
91126  -28.346  4.534  -12.099 0.2857142985
96024  -25.488  8.340  -12.233 0.2857142985
95080  -26.355  8.468  -13.201 0.2857142985
94159  -24.596  7.143  -11.518 0.1428571492
93247  -27.886  6.306  -12.642 0.2857142985
93255  -28.337  6.411  -13.276 0.2857142985
94167  -27.901  6.713  -13.096 0.2857142985
94166  -27.319  7.230  -12.780 0.2857142985
95077  -26.763  7.944  -12.826 0.2857142985
96033  -23.911  9.774  -12.355 0.1428571492
99488  -21.828  13.853  -11.122 0.1428571492
91124  -26.397  4.712  -11.466 0.1428571492
68487  -23.903  -17.682  -6.468 0.1428571492
69538  -24.647  -16.893  -7.607 0.1428571492
69551  -25.632  -16.861  -8.067 0.1428571492
70538  -23.213  -15.670  -7.039 0.1428571492
70547  -23.674  -15.270  -7.732 0.1428571492
71596  -23.996  -14.834  -8.225 0.1428571492
69550  -25.046  -16.400  -8.012 0.1428571492
71607  -24.522  -14.679  -8.785 0.1428571492
71597  -24.716  -15.331  -8.564 0.1428571492
70550  -26.458  -16.774  -8.528 0.1428571492
72716  -24.558  -13.781  -9.198 0.1428571492
72717  -25.977  -14.522  -9.566 0.1428571492
71609  -26.531  -15.485  -9.487 0.1428571492
72718  -26.697  -14.945  -9.822 0.1428571492
72727  -25.728  -13.531  -9.704 0.1428571492
73846  -27.284  -13.560  -10.303 0.1428571492
73854  -27.622  -13.052  -10.634 0.1428571492
77031  -28.787  -10.321  -11.952 0.1428571492
70549  -25.514  -16.064  -8.570 0.1428571492
69526  -23.119  -16.661  -6.401 0.1428571492
70548  -24.246  -15.922  -8.040 0.1428571492
77041  -30.088  -10.713  -12.621 0.1428571492
72729  -28.074  -14.033  -10.380 0.1428571492
68500  -24.265  -17.317  -7.112 0.1428571492
70559  -26.604  -16.250  -9.084 0.1428571492
69537  -23.760  -16.842  -7.124 0.1428571492
70539  -23.870  -16.404  -7.574 0.1428571492
71595  -23.363  -14.627  -7.546 0.1428571492
71608  -25.365  -15.119  -9.112 0.1428571492
72726  -25.044  -13.136  -9.545 0.1428571492
72704  -23.462  -13.726  -8.194 0.1428571492
68486  -22.778  -17.346  -5.733 0.1428571492
69541  -27.198  -17.057  -7.088 0.2857142985
70528  -28.101  -16.033  -6.135 0.7142857313
70529  -28.284  -15.843  -5.671 0.5714285970
70558  -26.011  -15.746  -9.082 0.1428571492
71557  -28.614  -15.486  -5.388 0.5714285970
73855  -28.830  -13.504  -11.174 0.5714285970
73862  -29.234  -13.187  -11.641 0.5714285970
74893  -29.900  -11.976  -8.377 0.7142857313
74895  -31.122  -11.299  -7.656 0.5714285970
74943  -30.422  -12.394  -12.619 0.5714285970
75872  -39.323  -10.392  -4.401 0.1428571492
75958  -32.414  -10.258  -8.567 0.4285714328
75998  -33.275  -11.642  -13.887 0.7142857313
76005  -32.742  -11.510  -14.052 0.7142857313
76915  -40.491  -9.354  -3.532 0.1428571492
77023  -31.864  -10.334  -10.596 0.7142857313
77032  -29.495  -10.544  -12.307 0.1428571492
77059  -36.308  -9.725  -15.332 0.8571428657
77066  -33.540  -10.072  -14.563 0.8571428657
77069  -35.980  -9.888  -15.601 0.8571428657
77076  -36.073  -9.291  -16.011 0.8571428657
77077  -36.372  -8.990  -16.093 0.8571428657
77884  -39.987  -8.542  -3.895 0.1428571492
78003  -29.217  -8.779  -12.347 0.1428571492
78004  -29.902  -9.119  -12.481 0.1428571492
78013  -29.265  -8.432  -12.387 0.1428571492
78026  -34.434  -9.246  -15.384 0.7142857313
78029  -36.595  -9.061  -15.468 0.8571428657
78037  -36.547  -8.556  -16.164 0.8571428657
78042  -36.641  -8.276  -16.474 0.8571428657
78043  -36.629  -8.089  -16.581 0.8571428657
78849  -39.833  -8.264  -4.104 0.1428571492
78851  -40.962  -7.865  -3.748 0.1428571492
78935  -36.562  -7.531  -9.898 0.1428571492
78976  -33.298  -8.069  -14.939 0.5714285970
78995  -36.603  -8.072  -16.593 0.8571428657
79002  -36.540  -7.358  -17.319 0.8571428657
79003  -36.727  -7.775  -16.890 0.8571428657
79004  -36.737  -7.940  -16.530 0.8571428657
79958  -30.493  -6.773  -12.829 0.1428571492
79982  -36.625  -6.816  -15.727 0.4285714328
79983  -36.944  -7.291  -15.953 0.5714285970
79997  -36.409  -6.369  -18.394 0.8571428657
80975  -36.476  -5.683  -12.389 0.1428571492
82005  -30.529  -4.665  -12.832 0.1428571492
82030  -32.923  -5.063  -15.124 0.4285714328
82063  -34.375  -4.068  -19.480 1.0000000000
83009  -30.812  -3.946  -13.132 0.1428571492
83031  -31.972  -3.872  -15.132 0.4285714328
83062  -32.551  -3.636  -17.831 1.0000000000
83077  -32.844  -3.345  -19.642 0.8571428657
83977  -28.924  -2.543  -12.245 0.1428571492
83989  -30.755  -2.587  -13.614 0.1428571492
84053  -31.602  -2.685  -19.457 0.8571428657
84061  -33.378  -2.187  -21.090 0.7142857313
85056  -30.209  -1.570  -12.719 0.2857142985
85067  -30.726  -1.773  -14.175 0.2857142985
85117  -30.342  -1.364  -17.942 1.0000000000
86112  -30.866  -0.948  -14.751 0.4285714328
86168  -33.580  -0.374  -19.437 0.1428571492
86178  -33.991  -0.946  -19.938 0.1428571492
86182  -30.351  -0.195  -21.649 0.5714285970
87076  -30.979  -0.078  -15.373 0.2857142985
87103  -29.201  0.540  -18.060 0.8571428657
87142  -29.759  0.900  -22.410 0.1428571492
88045  -30.928  0.604  -14.859 0.4285714328
88056  -30.840  0.538  -15.349 0.4285714328
88120  -28.294  1.792  -20.275 0.1428571492
89036  -29.011  3.020  -12.164 0.1428571492
89037  -29.405  3.154  -12.482 0.1428571492
89055  -29.551  2.420  -12.559 0.2857142985
89070  -30.130  1.933  -14.923 0.5714285970
89111  -27.815  2.654  -19.131 0.4285714328
90081  -28.595  3.678  -12.086 0.1428571492
90135  -29.629  2.579  -16.399 1.0000000000
92222  -28.893  5.426  -12.766 0.2857142985
93264  -28.994  5.537  -14.654 0.4285714328
93283  -27.885  6.143  -18.872 0.1428571492
94194  -25.083  7.228  -18.385 0.2857142985
94202  -25.442  7.251  -18.667 0.2857142985
95112  -26.374  6.814  -16.991 0.4285714328
96085  -26.648  9.692  -17.575 0.1428571492
96095  -21.142  9.777  -19.260 0.2857142985
96096  -21.581  9.238  -19.067 0.2857142985
96111  -22.015  9.661  -19.598 0.2857142985
96112  -22.564  9.678  -19.414 0.2857142985
96998  -23.480  11.466  -14.168 0.2857142985
97032  -21.612  9.729  -18.023 0.2857142985
97064  -22.432  10.392  -19.627 0.2857142985
97887  -21.269  12.425  -16.873 0.2857142985
97900  -20.091  12.939  -18.610 0.2857142985
97901  -20.568  12.361  -17.766 0.2857142985
97904  -24.671  11.523  -17.161 0.1428571492
97921  -20.078  12.905  -19.231 0.2857142985
97923  -22.842  12.354  -18.757 0.1428571492
97936  -20.142  13.270  -19.502 0.2857142985
98708  -23.953  12.386  -16.698 0.1428571492
98717  -20.338  13.514  -18.115 0.2857142985
98736  -21.929  13.674  -18.956 0.1428571492
98751  -20.622  13.794  -19.552 0.2857142985
98752  -21.632  13.444  -19.298 0.1428571492
98753  -22.142  12.939  -19.200 0.1428571492
99538  -20.460  14.331  -18.144 0.2857142985
99539  -21.291  14.410  -18.035 0.2857142985
99540  -21.898  14.086  -18.214 0.1428571492
99547  -20.723  14.719  -18.990 0.2857142985
99548  -21.616  14.078  -18.820 0.1428571492
99549  -21.994  13.902  -18.523 0.1428571492
99559  -21.246  14.169  -19.307 0.1428571492
99560  -21.489  13.978  -19.186 0.1428571492
