#!ascii label  , from subject 3951 vox2ras=TkReg
633
38545  30.814  -44.736  65.678 0.0000000000
60012  47.913  -24.288  54.958 0.0000000000
57717  57.986  -26.764  53.461 0.0000000000
57550  47.227  -26.922  67.565 0.0000000000
42385  36.799  -40.014  68.825 0.0000000000
37581  35.217  -45.136  61.722 0.0000000000
58861  52.592  -25.069  54.960 0.0000000000
59922  53.107  -24.243  60.244 0.0000000000
52102  44.063  -31.680  66.417 0.0000000000
42400  42.070  -40.088  68.274 0.0000000000
64933  61.892  -19.321  47.831 0.0000000000
60032  57.608  -24.572  51.075 0.0000000000
57619  42.106  -25.778  61.880 0.0000000000
59887  46.722  -23.651  61.664 0.0000000000
40475  34.253  -42.578  64.003 0.0000000000
38568  32.328  -45.173  62.946 0.0000000000
60009  50.692  -24.399  55.628 0.0000000000
59975  53.769  -24.362  57.307 0.0000000000
59957  50.685  -23.912  57.582 0.0000000000
46489  47.621  -35.825  64.993 0.0000000000
39483  38.675  -43.359  65.632 0.0000000000
42382  40.002  -40.265  69.664 0.0000000000
39481  40.725  -43.416  65.503 0.0000000000
65927  59.988  -19.033  48.827 0.0000000000
62907  59.637  -21.735  48.084 0.0000000000
61891  60.495  -22.481  49.964 0.0000000000
57750  55.451  -26.384  52.094 0.0000000000
60034  55.065  -24.972  50.459 0.0000000000
57748  58.219  -26.182  52.257 0.0000000000
57797  58.406  -26.360  50.526 0.0000000000
55540  57.754  -27.973  52.364 0.0000000000
54347  45.415  -29.210  68.082 0.0000000000
55419  43.504  -28.286  63.789 0.0000000000
57587  44.305  -26.422  65.080 0.0000000000
59890  43.366  -24.063  61.488 0.0000000000
60839  46.670  -23.301  64.841 0.0000000000
60853  49.464  -23.219  64.228 0.0000000000
58697  48.315  -24.847  65.501 0.0000000000
39485  36.778  -42.864  65.420 0.0000000000
57735  52.184  -26.483  52.798 0.0000000000
57707  56.300  -26.138  54.909 0.0000000000
58828  56.011  -25.205  56.610 0.0000000000
58795  54.680  -25.277  58.685 0.0000000000
47583  43.175  -36.080  65.993 0.0000000000
48691  44.305  -34.405  66.584 0.0000000000
50940  46.974  -32.685  66.551 0.0000000000
53259  48.214  -30.269  66.233 0.0000000000
55411  47.702  -28.518  64.813 0.0000000000
44445  42.370  -37.651  66.111 0.0000000000
43405  43.601  -39.150  66.720 0.0000000000
65990  60.539  -18.486  45.791 0.0000000000
62880  58.145  -22.179  50.616 0.0000000000
60030  59.282  -24.521  50.236 0.0000000000
58949  56.518  -25.943  49.007 0.0000000000
59944  47.596  -24.252  58.381 0.0000000000
59907  50.207  -23.501  60.852 0.0000000000
59863  52.529  -24.568  63.329 0.0000000000
36457  31.424  -46.653  65.278 0.0000000000
37546  31.241  -45.500  64.538 0.0000000000
36487  32.145  -46.172  63.961 0.0000000000
60011  48.960  -24.310  55.116 0.0000000000
59998  50.156  -24.258  56.005 0.0000000000
59979  49.453  -24.112  56.528 0.0000000000
40438  39.961  -42.916  66.474 0.0000000000
64916  59.333  -19.510  48.991 0.0000000000
63903  60.210  -20.463  49.861 0.0000000000
63913  59.149  -20.174  49.502 0.0000000000
57718  56.936  -26.549  53.786 0.0000000000
57749  56.925  -26.125  52.300 0.0000000000
57730  58.383  -26.689  52.658 0.0000000000
56657  58.661  -27.197  52.160 0.0000000000
56476  45.987  -27.622  68.073 0.0000000000
56503  44.667  -27.352  66.246 0.0000000000
57573  45.548  -26.098  66.715 0.0000000000
59836  44.607  -24.522  64.753 0.0000000000
58700  46.080  -25.220  66.548 0.0000000000
59819  47.474  -24.520  65.796 0.0000000000
58686  47.534  -26.291  66.668 0.0000000000
39515  35.450  -42.788  64.259 0.0000000000
39565  35.594  -43.580  62.306 0.0000000000
39540  37.419  -43.537  63.765 0.0000000000
58880  51.749  -25.311  54.197 0.0000000000
57736  51.047  -26.177  52.543 0.0000000000
57721  52.646  -25.973  53.889 0.0000000000
57720  54.084  -26.441  53.934 0.0000000000
58860  54.134  -25.280  55.407 0.0000000000
58842  56.282  -25.501  55.939 0.0000000000
58843  54.919  -24.993  56.314 0.0000000000
59955  52.881  -24.091  57.999 0.0000000000
59954  53.828  -24.498  58.155 0.0000000000
59938  54.023  -24.554  59.114 0.0000000000
58781  54.278  -25.722  60.005 0.0000000000
59921  53.695  -24.677  60.273 0.0000000000
45459  44.683  -36.886  66.634 0.0000000000
47581  44.179  -35.296  66.627 0.0000000000
46475  44.883  -35.931  66.689 0.0000000000
48697  47.329  -34.204  65.650 0.0000000000
50928  47.728  -31.808  66.964 0.0000000000
42401  41.136  -40.113  69.230 0.0000000000
43408  41.398  -38.831  67.982 0.0000000000
43407  42.155  -38.696  67.805 0.0000000000
44424  42.605  -38.083  66.898 0.0000000000
42415  42.784  -39.911  67.202 0.0000000000
67016  62.035  -17.940  47.897 0.0000000000
64934  61.470  -19.547  47.284 0.0000000000
61901  59.381  -22.703  48.472 0.0000000000
60033  55.930  -24.598  50.610 0.0000000000
60041  55.527  -24.096  50.274 0.0000000000
60967  56.350  -23.153  50.290 0.0000000000
61893  56.416  -22.546  50.065 0.0000000000
61885  57.461  -22.806  50.561 0.0000000000
61884  58.740  -22.935  50.722 0.0000000000
60031  58.865  -24.781  50.790 0.0000000000
56672  56.925  -27.340  50.506 0.0000000000
57798  57.654  -26.480  49.957 0.0000000000
52103  43.730  -32.379  65.939 0.0000000000
53273  43.441  -31.225  64.477 0.0000000000
56535  43.034  -26.901  62.443 0.0000000000
55430  43.187  -27.932  61.833 0.0000000000
59888  45.619  -23.827  61.629 0.0000000000
59912  44.256  -24.300  60.643 0.0000000000
59911  45.458  -24.190  60.623 0.0000000000
59945  46.448  -24.463  58.374 0.0000000000
59927  47.679  -24.137  59.537 0.0000000000
59926  48.803  -23.872  59.578 0.0000000000
60904  48.063  -23.567  61.321 0.0000000000
60835  50.492  -24.104  64.616 0.0000000000
60869  51.249  -23.390  63.531 0.0000000000
58724  51.498  -24.906  64.063 0.0000000000
58740  52.677  -25.476  63.072 0.0000000000
38581  32.737  -44.460  62.625 0.0000000000
37552  33.662  -45.470  62.644 0.0000000000
36484  34.897  -46.670  63.321 0.0000000000
36485  33.904  -46.224  63.267 0.0000000000
58845  51.948  -24.531  55.625 0.0000000000
58844  53.297  -24.731  55.897 0.0000000000
59996  52.389  -24.360  56.339 0.0000000000
59977  51.519  -24.129  56.866 0.0000000000
59940  52.027  -23.873  58.865 0.0000000000
40412  37.667  -42.093  67.783 0.0000000000
43374  38.286  -39.427  69.039 0.0000000000
40410  39.388  -42.107  68.221 0.0000000000
40422  40.205  -42.115  67.615 0.0000000000
41437  41.551  -41.171  67.503 0.0000000000
41452  42.488  -41.086  66.232 0.0000000000
40436  42.147  -42.226  65.505 0.0000000000
65925  61.696  -19.367  48.560 0.0000000000
63924  61.010  -20.686  47.903 0.0000000000
63911  61.224  -20.568  49.079 0.0000000000
61890  60.680  -21.948  49.396 0.0000000000
60965  59.979  -23.142  49.653 0.0000000000
57774  53.836  -26.319  51.231 0.0000000000
58917  55.300  -26.080  51.507 0.0000000000
58934  56.817  -25.292  51.274 0.0000000000
58933  58.346  -25.341  51.380 0.0000000000
58932  58.913  -25.782  50.887 0.0000000000
58914  58.766  -25.956  51.696 0.0000000000
56671  58.033  -27.233  51.100 0.0000000000
53255  44.509  -30.516  67.006 0.0000000000
54366  43.911  -29.602  65.186 0.0000000000
55412  44.300  -28.529  65.686 0.0000000000
56528  43.816  -27.349  64.334 0.0000000000
57602  43.199  -25.982  63.089 0.0000000000
58763  42.828  -24.552  61.944 0.0000000000
59851  43.602  -24.632  63.157 0.0000000000
59849  45.322  -23.504  63.614 0.0000000000
60873  46.670  -23.215  62.900 0.0000000000
60872  47.871  -23.179  63.018 0.0000000000
60838  47.682  -23.242  65.011 0.0000000000
59832  49.059  -24.002  65.364 0.0000000000
58710  49.022  -24.607  65.294 0.0000000000
41441  34.573  -41.083  67.346 0.0000000000
41440  35.682  -41.433  67.346 0.0000000000
40413  37.034  -41.983  67.558 0.0000000000
39484  37.742  -43.019  65.782 0.0000000000
39539  38.460  -43.804  63.733 0.0000000000
57751  54.175  -26.571  52.090 0.0000000000
57719  55.549  -26.438  53.898 0.0000000000
57706  57.378  -26.739  54.412 0.0000000000
57699  56.779  -26.294  55.496 0.0000000000
57682  56.486  -25.752  56.691 0.0000000000
57683  56.394  -26.092  57.099 0.0000000000
59994  54.584  -24.564  56.921 0.0000000000
58811  55.213  -24.864  57.660 0.0000000000
47597  42.491  -35.520  65.299 0.0000000000
48700  42.992  -34.716  65.495 0.0000000000
49885  43.423  -33.872  65.924 0.0000000000
50931  44.635  -32.442  67.008 0.0000000000
47589  45.941  -35.573  66.216 0.0000000000
49883  46.012  -33.371  66.670 0.0000000000
50930  45.363  -32.212  67.769 0.0000000000
52084  45.777  -31.171  68.182 0.0000000000
53253  47.090  -30.112  68.234 0.0000000000
54346  47.894  -28.869  67.495 0.0000000000
56489  48.028  -27.231  67.253 0.0000000000
54364  48.055  -29.497  65.169 0.0000000000
45462  42.775  -37.143  66.242 0.0000000000
45460  43.840  -37.295  66.730 0.0000000000
44422  44.230  -38.422  66.458 0.0000000000
42430  43.105  -40.418  66.182 0.0000000000
42428  44.750  -40.246  64.827 0.0000000000
67055  62.298  -17.751  45.626 0.0000000000
63914  57.968  -20.564  49.423 0.0000000000
62879  59.102  -22.215  50.661 0.0000000000
60957  59.922  -23.240  50.089 0.0000000000
60039  59.070  -24.466  49.616 0.0000000000
58947  58.358  -25.981  50.055 0.0000000000
58964  57.988  -25.536  49.484 0.0000000000
58965  57.035  -25.452  48.857 0.0000000000
54377  43.376  -29.293  63.256 0.0000000000
59982  46.239  -24.341  56.195 0.0000000000
59980  48.413  -24.156  56.429 0.0000000000
59958  49.646  -24.005  57.432 0.0000000000
59941  50.900  -23.801  58.653 0.0000000000
59924  51.125  -23.749  59.816 0.0000000000
60887  49.895  -23.104  62.074 0.0000000000
60901  51.577  -23.245  61.871 0.0000000000
59905  52.390  -23.710  61.456 0.0000000000
59882  53.129  -24.905  62.318 0.0000000000
57585  47.750  -26.504  65.181 0.0000000000
58727  48.214  -25.835  64.314 0.0000000000
37542  31.111  -45.699  65.332 0.0000000000
36458  31.152  -46.496  66.099 0.0000000000
37533  31.005  -45.618  66.404 0.0000000000
37541  31.431  -46.081  64.719 0.0000000000
59999  49.214  -24.112  55.818 0.0000000000
64917  58.438  -19.785  48.913 0.0000000000
57731  57.551  -26.478  52.886 0.0000000000
57716  58.429  -27.123  53.023 0.0000000000
56640  58.069  -27.422  53.779 0.0000000000
56475  46.596  -27.204  67.901 0.0000000000
56491  45.604  -27.190  67.365 0.0000000000
57563  46.167  -26.174  67.229 0.0000000000
58688  46.636  -25.921  66.835 0.0000000000
58699  46.982  -25.265  66.365 0.0000000000
57561  47.499  -26.705  67.294 0.0000000000
38579  34.740  -44.286  61.945 0.0000000000
38578  35.262  -43.997  61.874 0.0000000000
37580  35.881  -45.420  61.753 0.0000000000
58879  52.400  -25.407  54.406 0.0000000000
57710  52.747  -25.481  54.476 0.0000000000
57709  53.484  -25.723  54.625 0.0000000000
59939  53.082  -24.070  59.069 0.0000000000
45476  45.351  -37.543  66.142 0.0000000000
46491  45.641  -36.607  66.179 0.0000000000
41419  41.423  -40.696  68.562 0.0000000000
43387  40.867  -39.204  68.705 0.0000000000
43386  41.757  -39.286  68.552 0.0000000000
43428  41.770  -38.574  67.188 0.0000000000
43385  42.359  -39.380  68.022 0.0000000000
42399  42.391  -39.743  67.930 0.0000000000
65939  62.169  -18.798  47.939 0.0000000000
65960  62.563  -18.311  47.494 0.0000000000
60960  56.740  -23.662  50.573 0.0000000000
61886  56.724  -23.025  50.404 0.0000000000
60959  58.232  -23.783  50.823 0.0000000000
56673  55.659  -27.528  50.260 0.0000000000
56684  56.077  -27.010  49.763 0.0000000000
52121  43.488  -31.934  65.193 0.0000000000
52120  43.816  -31.227  65.649 0.0000000000
56536  42.393  -26.489  62.092 0.0000000000
56544  42.294  -26.674  61.430 0.0000000000
59910  46.609  -23.974  60.613 0.0000000000
59928  46.535  -24.305  59.514 0.0000000000
59909  47.713  -23.769  60.759 0.0000000000
60905  47.626  -23.621  61.335 0.0000000000
58725  50.325  -24.674  64.659 0.0000000000
59847  51.048  -24.477  64.433 0.0000000000
58742  51.086  -25.343  63.853 0.0000000000
38569  31.731  -44.801  63.264 0.0000000000
38582  32.108  -43.947  62.961 0.0000000000
37567  33.371  -44.961  62.415 0.0000000000
37553  32.958  -45.542  62.952 0.0000000000
58863  49.736  -24.642  54.465 0.0000000000
58882  49.265  -24.941  53.439 0.0000000000
58862  51.042  -24.689  54.938 0.0000000000
58846  51.193  -24.462  55.589 0.0000000000
59978  50.443  -24.121  56.681 0.0000000000
59956  51.783  -24.053  57.789 0.0000000000
39461  38.452  -42.942  66.412 0.0000000000
40411  38.502  -42.185  67.985 0.0000000000
40423  39.093  -42.642  67.191 0.0000000000
41438  40.790  -41.612  67.824 0.0000000000
40437  41.089  -42.337  66.432 0.0000000000
41453  41.786  -41.710  66.407 0.0000000000
65941  60.284  -18.536  48.227 0.0000000000
65940  61.472  -18.578  48.315 0.0000000000
65926  60.973  -19.117  48.910 0.0000000000
63910  61.543  -20.145  48.897 0.0000000000
64914  61.290  -19.963  49.069 0.0000000000
62886  60.696  -21.296  49.589 0.0000000000
61900  60.383  -22.522  49.160 0.0000000000
57773  54.720  -26.258  51.520 0.0000000000
58916  56.176  -25.875  51.645 0.0000000000
58915  57.658  -25.743  51.802 0.0000000000
56649  58.329  -27.595  52.331 0.0000000000
56658  58.089  -27.524  51.803 0.0000000000
55557  57.508  -27.851  51.765 0.0000000000
56659  57.312  -27.685  51.270 0.0000000000
55558  56.839  -28.046  51.641 0.0000000000
54348  44.860  -29.440  67.303 0.0000000000
54356  44.388  -29.545  66.298 0.0000000000
55400  44.734  -28.536  66.647 0.0000000000
56518  44.151  -27.625  65.201 0.0000000000
57601  43.709  -26.173  63.981 0.0000000000
58729  43.546  -25.124  63.583 0.0000000000
58728  44.143  -25.212  64.456 0.0000000000
59835  45.539  -23.890  65.159 0.0000000000
60856  46.113  -23.122  64.025 0.0000000000
60855  47.186  -23.112  64.038 0.0000000000
59833  48.097  -23.853  65.475 0.0000000000
59818  48.285  -24.499  65.525 0.0000000000
40457  34.082  -42.008  64.841 0.0000000000
41455  34.398  -41.429  66.179 0.0000000000
40444  34.437  -41.734  65.500 0.0000000000
39514  36.108  -42.903  64.634 0.0000000000
40455  36.021  -42.639  65.116 0.0000000000
40442  36.174  -42.429  65.708 0.0000000000
40426  36.580  -42.056  66.825 0.0000000000
40441  37.068  -42.675  66.235 0.0000000000
40425  37.374  -42.429  67.013 0.0000000000
39513  37.066  -43.298  64.752 0.0000000000
57752  53.013  -26.732  51.971 0.0000000000
57734  53.440  -26.631  52.962 0.0000000000
57708  54.857  -25.982  54.780 0.0000000000
57700  56.463  -25.874  55.508 0.0000000000
58827  56.464  -25.631  56.422 0.0000000000
58809  56.303  -25.467  56.710 0.0000000000
58810  56.000  -25.295  57.126 0.0000000000
59995  53.675  -24.407  56.590 0.0000000000
59953  54.529  -24.706  58.250 0.0000000000
58794  55.442  -25.221  57.686 0.0000000000
47591  42.899  -35.587  65.620 0.0000000000
47590  43.132  -35.194  65.669 0.0000000000
48692  43.737  -34.665  66.288 0.0000000000
49876  43.883  -34.105  66.382 0.0000000000
49884  43.834  -33.434  66.263 0.0000000000
49875  44.251  -33.499  66.548 0.0000000000
46490  46.773  -36.315  65.639 0.0000000000
47588  47.096  -35.219  65.736 0.0000000000
49882  46.869  -33.584  66.126 0.0000000000
49874  45.148  -32.981  67.083 0.0000000000
50929  46.517  -31.977  67.520 0.0000000000
52082  48.105  -30.946  67.041 0.0000000000
52083  47.187  -31.024  67.907 0.0000000000
53252  47.844  -30.001  67.441 0.0000000000
53243  47.294  -29.314  68.108 0.0000000000
54355  48.195  -29.215  66.505 0.0000000000
42383  38.855  -40.139  69.437 0.0000000000
43389  38.826  -38.926  68.520 0.0000000000
43373  39.381  -39.475  69.244 0.0000000000
44446  42.073  -38.229  66.542 0.0000000000
44463  41.996  -38.045  65.307 0.0000000000
44462  42.320  -37.444  65.581 0.0000000000
45478  42.554  -36.983  65.672 0.0000000000
44423  43.299  -38.154  66.903 0.0000000000
43404  44.260  -39.049  66.228 0.0000000000
43426  45.112  -39.312  65.383 0.0000000000
67036  62.526  -18.353  46.464 0.0000000000
65989  61.721  -18.498  46.120 0.0000000000
62906  60.588  -21.269  48.315 0.0000000000
58950  54.637  -25.133  50.389 0.0000000000
58951  53.826  -25.430  50.214 0.0000000000
60042  54.744  -24.422  50.116 0.0000000000
61892  57.159  -22.254  50.302 0.0000000000
62899  56.360  -21.092  49.043 0.0000000000
62889  57.324  -21.579  49.974 0.0000000000
62898  57.113  -20.884  49.298 0.0000000000
63905  58.252  -21.100  50.082 0.0000000000
62888  58.665  -21.577  50.427 0.0000000000
60958  59.289  -23.769  50.384 0.0000000000
61883  59.695  -22.761  50.378 0.0000000000
60966  59.562  -23.868  49.913 0.0000000000
57799  56.558  -26.435  49.490 0.0000000000
58948  57.355  -25.989  49.475 0.0000000000
54376  43.608  -29.365  64.215 0.0000000000
59930  44.031  -24.623  59.608 0.0000000000
59961  46.335  -24.438  57.233 0.0000000000
59960  47.478  -24.261  57.305 0.0000000000
59981  47.318  -24.221  56.353 0.0000000000
59959  48.591  -24.175  57.344 0.0000000000
59943  48.718  -24.115  58.418 0.0000000000
59925  49.961  -23.753  59.661 0.0000000000
60871  49.069  -23.007  63.140 0.0000000000
60868  51.944  -23.964  63.572 0.0000000000
60886  51.010  -23.023  62.551 0.0000000000
60885  51.982  -23.317  62.700 0.0000000000
59883  52.598  -24.094  62.592 0.0000000000
59904  53.073  -24.426  61.392 0.0000000000
57612  52.473  -25.993  62.779 0.0000000000
55410  48.080  -28.388  65.768 0.0000000000
56501  48.036  -27.362  66.202 0.0000000000
56516  47.683  -27.616  65.173 0.0000000000
38558  31.250  -45.103  64.012 0.0000000000
37554  32.230  -45.682  63.467 0.0000000000
37545  31.639  -45.769  64.015 0.0000000000
60010  49.969  -24.384  55.369 0.0000000000
39511  39.126  -43.788  64.686 0.0000000000
40439  39.139  -43.126  66.296 0.0000000000
39482  39.652  -43.477  65.555 0.0000000000
39510  40.379  -44.069  64.502 0.0000000000
64915  60.409  -19.704  49.322 0.0000000000
63912  59.804  -19.900  49.545 0.0000000000
62887  59.868  -21.658  50.372 0.0000000000
57732  56.223  -26.513  52.968 0.0000000000
57747  58.762  -26.621  52.017 0.0000000000
57729  58.651  -26.994  52.482 0.0000000000
56648  58.472  -27.405  52.674 0.0000000000
55387  45.726  -28.256  68.042 0.0000000000
55388  45.243  -28.439  67.415 0.0000000000
56502  45.126  -26.666  66.644 0.0000000000
57574  44.902  -26.147  66.085 0.0000000000
58713  44.814  -25.124  65.441 0.0000000000
58701  45.387  -25.439  66.151 0.0000000000
58712  45.566  -24.789  65.877 0.0000000000
59820  46.522  -24.494  65.957 0.0000000000
59834  47.021  -23.775  65.511 0.0000000000
58698  47.720  -25.384  65.900 0.0000000000
40474  34.959  -42.738  63.975 0.0000000000
39542  35.354  -43.042  63.522 0.0000000000
39541  36.404  -43.243  63.633 0.0000000000
39564  36.765  -43.513  62.676 0.0000000000
57723  50.809  -25.696  53.065 0.0000000000
57722  51.453  -25.804  53.352 0.0000000000
58858  56.222  -25.729  55.509 0.0000000000
58859  55.527  -25.539  55.521 0.0000000000
59937  54.396  -24.811  58.623 0.0000000000
58796  54.166  -24.879  59.555 0.0000000000
58782  54.116  -25.120  60.136 0.0000000000
59903  53.462  -24.971  61.107 0.0000000000
46477  43.378  -36.500  66.450 0.0000000000
47582  43.445  -35.556  66.164 0.0000000000
46476  44.001  -36.235  66.758 0.0000000000
47580  45.058  -34.934  66.627 0.0000000000
50939  47.878  -32.147  65.835 0.0000000000
42381  40.559  -40.830  69.417 0.0000000000
43388  39.903  -38.983  68.667 0.0000000000
43429  41.046  -38.982  66.816 0.0000000000
44425  42.203  -38.390  67.238 0.0000000000
43406  42.806  -38.845  67.425 0.0000000000
42414  43.400  -39.642  66.696 0.0000000000
65961  62.285  -18.813  47.109 0.0000000000
65962  61.133  -19.092  46.473 0.0000000000
62897  60.028  -22.251  48.614 0.0000000000
60961  55.931  -23.945  50.373 0.0000000000
60968  55.594  -23.444  50.064 0.0000000000
62881  57.512  -22.184  50.422 0.0000000000
57771  57.884  -26.874  50.487 0.0000000000
57772  57.046  -26.907  49.967 0.0000000000
50943  43.434  -32.942  65.674 0.0000000000
56529  43.438  -27.121  63.382 0.0000000000
55425  43.306  -28.107  62.819 0.0000000000
56543  42.635  -27.108  61.888 0.0000000000
55431  42.750  -27.446  61.428 0.0000000000
59889  44.435  -23.895  61.613 0.0000000000
59929  45.337  -24.508  59.554 0.0000000000
59946  45.216  -24.682  58.369 0.0000000000
59908  48.975  -23.640  60.763 0.0000000000
60836  49.720  -23.772  64.800 0.0000000000
60852  50.467  -23.546  64.223 0.0000000000
60851  51.183  -24.085  64.207 0.0000000000
58741  52.130  -25.168  63.599 0.0000000000
40476  33.236  -42.547  63.986 0.0000000000
39568  32.731  -43.548  62.936 0.0000000000
39544  33.440  -43.012  63.342 0.0000000000
39567  33.564  -43.549  62.721 0.0000000000
38580  33.780  -44.250  62.281 0.0000000000
37565  34.663  -45.257  62.006 0.0000000000
37564  35.218  -45.681  62.123 0.0000000000
36504  34.177  -45.590  62.541 0.0000000000
36486  32.798  -46.481  63.899 0.0000000000
58881  50.487  -25.238  53.584 0.0000000000
59997  51.173  -24.291  56.077 0.0000000000
59976  52.694  -24.112  57.081 0.0000000000
45475  46.332  -37.378  65.504 0.0000000000
41407  37.417  -40.738  68.780 0.0000000000
42384  37.811  -40.070  69.096 0.0000000000
41423  37.946  -41.567  68.560 0.0000000000
41422  38.857  -41.630  68.794 0.0000000000
41405  39.311  -40.995  69.407 0.0000000000
41404  40.147  -41.100  69.376 0.0000000000
41420  40.691  -41.352  68.751 0.0000000000
42416  42.175  -40.428  67.618 0.0000000000
65924  61.869  -19.409  48.382 0.0000000000
64924  61.633  -20.051  47.910 0.0000000000
63922  61.650  -19.953  48.815 0.0000000000
63923  61.412  -20.361  48.635 0.0000000000
62895  60.875  -21.254  48.968 0.0000000000
63902  60.917  -20.437  49.265 0.0000000000
62896  60.469  -21.882  48.732 0.0000000000
60974  59.889  -23.093  49.108 0.0000000000
60975  59.289  -23.669  49.027 0.0000000000
58936  53.975  -25.883  50.741 0.0000000000
58935  55.002  -25.616  50.924 0.0000000000
57770  58.694  -26.547  51.213 0.0000000000
56670  58.646  -27.026  51.650 0.0000000000
56660  56.418  -27.816  50.946 0.0000000000
53260  43.995  -30.545  65.961 0.0000000000
55418  43.873  -28.467  64.713 0.0000000000
57618  42.631  -25.837  62.404 0.0000000000
58764  42.283  -24.924  61.346 0.0000000000
58746  43.078  -25.009  62.682 0.0000000000
59867  43.611  -24.171  62.552 0.0000000000
59850  44.254  -24.232  63.812 0.0000000000
59866  44.760  -23.741  62.660 0.0000000000
59865  45.895  -23.511  62.578 0.0000000000
59864  46.498  -23.475  62.319 0.0000000000
60889  47.450  -23.476  61.951 0.0000000000
60854  48.342  -23.061  64.170 0.0000000000
60837  48.773  -23.398  65.039 0.0000000000
58709  49.754  -24.431  64.958 0.0000000000
43376  36.106  -39.414  68.779 0.0000000000
40443  35.123  -41.903  65.647 0.0000000000
41425  35.857  -40.853  68.481 0.0000000000
41439  36.482  -41.534  67.695 0.0000000000
41424  36.999  -41.387  68.284 0.0000000000
39462  38.007  -42.821  66.435 0.0000000000
39512  38.066  -43.539  64.787 0.0000000000
57733  54.793  -26.595  52.969 0.0000000000
56622  56.927  -26.693  55.727 0.0000000000
58841  56.647  -25.851  56.077 0.0000000000
58829  55.344  -24.815  57.008 0.0000000000
59974  54.658  -24.582  57.494 0.0000000000
57669  55.683  -25.683  57.640 0.0000000000
48707  42.219  -35.103  65.013 0.0000000000
49886  42.944  -34.327  65.409 0.0000000000
48699  43.340  -34.784  65.837 0.0000000000
49892  43.180  -33.455  65.423 0.0000000000
50942  43.926  -32.910  66.278 0.0000000000
48698  46.246  -34.423  66.307 0.0000000000
48690  45.110  -33.933  66.695 0.0000000000
52085  44.768  -31.424  67.629 0.0000000000
53254  45.140  -30.300  68.019 0.0000000000
52067  45.707  -30.419  68.293 0.0000000000
52066  46.309  -30.380  68.365 0.0000000000
53245  45.782  -29.810  68.402 0.0000000000
54329  46.711  -28.732  68.325 0.0000000000
55367  47.007  -27.937  68.059 0.0000000000
55366  47.462  -27.893  67.874 0.0000000000
55399  48.154  -28.169  66.868 0.0000000000
54374  48.012  -30.141  64.677 0.0000000000
54375  47.706  -29.687  64.035 0.0000000000
43390  37.664  -38.901  68.348 0.0000000000
43410  39.415  -38.875  67.584 0.0000000000
46504  42.380  -36.240  65.188 0.0000000000
46492  42.764  -36.298  65.683 0.0000000000
46478  43.045  -36.530  66.077 0.0000000000
45461  43.067  -37.248  66.707 0.0000000000
45477  44.600  -37.691  66.499 0.0000000000
44444  45.046  -38.286  66.105 0.0000000000
42429  43.795  -39.900  65.912 0.0000000000
43427  44.167  -39.323  66.094 0.0000000000
38531  30.738  -44.654  66.769 0.0000000000
63904  59.058  -20.883  50.072 0.0000000000
60049  58.674  -24.247  48.947 0.0000000000
60040  58.885  -25.230  50.060 0.0000000000
60050  58.009  -24.792  48.884 0.0000000000
60051  56.533  -24.775  47.921 0.0000000000
53272  43.696  -30.727  64.975 0.0000000000
53292  43.422  -30.483  63.878 0.0000000000
60001  47.124  -24.224  55.547 0.0000000000
60000  48.180  -24.217  55.684 0.0000000000
59942  49.788  -23.831  58.501 0.0000000000
59923  52.225  -23.869  60.068 0.0000000000
60888  48.666  -23.314  61.924 0.0000000000
59884  49.918  -23.305  61.409 0.0000000000
60870  50.235  -23.067  63.351 0.0000000000
60902  50.715  -23.254  61.613 0.0000000000
59906  51.395  -23.567  60.949 0.0000000000
59881  53.364  -25.229  61.598 0.0000000000
58758  53.295  -25.511  61.872 0.0000000000
59862  52.786  -25.131  63.070 0.0000000000
58759  52.983  -25.666  62.476 0.0000000000
57572  47.850  -26.476  66.639 0.0000000000
57586  47.483  -27.237  64.668 0.0000000000
58711  48.338  -25.402  65.225 0.0000000000
36503  34.740  -45.995  62.646 0.0000000000
37566  34.006  -44.991  62.173 0.0000000000
38592  35.542  -44.349  61.719 0.0000000000
38593  34.993  -44.759  61.738 0.0000000000
39486  36.322  -42.705  65.241 0.0000000000
39545  32.545  -43.093  63.418 0.0000000000
39584  35.745  -43.860  61.881 0.0000000000
40409  40.005  -41.871  68.436 0.0000000000
40421  40.845  -41.786  67.340 0.0000000000
40424  38.106  -42.638  67.082 0.0000000000
40427  35.820  -41.855  66.367 0.0000000000
40440  37.686  -42.715  66.497 0.0000000000
40456  35.303  -42.502  64.781 0.0000000000
41403  40.508  -41.181  69.299 0.0000000000
41406  38.362  -40.867  69.096 0.0000000000
41408  36.570  -40.584  68.653 0.0000000000
41421  39.735  -41.603  68.929 0.0000000000
41436  42.228  -40.623  67.171 0.0000000000
41468  33.936  -41.590  65.535 0.0000000000
42402  40.298  -39.526  69.263 0.0000000000
42403  35.477  -40.163  68.797 0.0000000000
43375  37.164  -39.420  68.797 0.0000000000
50941  45.966  -32.671  67.221 0.0000000000
53244  46.493  -29.566  68.455 0.0000000000
53291  43.660  -30.041  64.545 0.0000000000
54328  47.405  -28.459  67.978 0.0000000000
54330  45.973  -28.925  68.584 0.0000000000
55368  46.312  -28.124  68.213 0.0000000000
55386  47.817  -27.965  67.634 0.0000000000
55539  58.264  -27.719  52.610 0.0000000000
56474  47.461  -27.278  67.741 0.0000000000
56490  46.300  -26.678  67.604 0.0000000000
56492  45.000  -27.867  66.952 0.0000000000
57549  47.473  -26.937  67.525 0.0000000000
57562  46.812  -26.586  67.310 0.0000000000
57633  41.958  -25.706  60.986 0.0000000000
58687  47.244  -26.152  66.723 0.0000000000
58723  51.774  -24.911  63.878 0.0000000000
58747  42.461  -25.159  62.121 0.0000000000
59821  45.932  -24.539  65.955 0.0000000000
59830  50.766  -24.269  64.529 0.0000000000
59831  49.965  -24.282  64.855 0.0000000000
59846  51.695  -24.494  63.908 0.0000000000
59848  50.559  -24.356  64.643 0.0000000000
59885  49.509  -23.379  61.378 0.0000000000
59886  47.357  -23.637  61.405 0.0000000000
60834  50.731  -24.043  64.497 0.0000000000
60850  51.630  -24.145  63.913 0.0000000000
60874  45.939  -23.256  63.286 0.0000000000
60890  46.810  -23.468  62.190 0.0000000000
60903  50.163  -23.280  61.458 0.0000000000
61899  60.698  -21.951  49.107 0.0000000000
62905  61.062  -20.919  48.472 0.0000000000
64907  61.078  -20.155  49.210 0.0000000000
64908  60.828  -20.164  49.336 0.0000000000
64913  61.694  -19.786  48.693 0.0000000000
64923  61.763  -19.621  48.425 0.0000000000
