#!ascii label  , from subject 3593 vox2ras=TkReg
1832
52360  -49.117  -40.006  40.003 0.0000000000
42726  -34.194  -48.593  48.766 0.0000000000
67699  -48.660  -27.499  26.405 0.0000000000
56003  -40.844  -36.986  30.290 0.0000000000
62462  -50.102  -31.689  34.781 0.0000000000
45309  -42.989  -46.900  45.330 0.0000000000
48847  -30.760  -43.467  38.638 0.0000000000
51251  -35.512  -41.806  32.913 0.0000000000
39087  -25.672  -51.794  49.820 0.0000000000
77614  -54.536  -18.382  34.198 0.0000000000
40468  -24.631  -50.202  38.367 0.0000000000
54781  -45.328  -38.416  35.368 0.0000000000
59143  -44.786  -34.423  34.499 0.0000000000
58036  -50.228  -35.800  37.976 0.0000000000
47657  -46.337  -44.273  42.785 0.0000000000
46589  -40.421  -45.288  38.542 0.0000000000
52393  -41.896  -40.498  37.788 0.0000000000
55905  -37.676  -37.230  34.506 0.0000000000
82037  -54.384  -14.474  30.760 0.0000000000
43924  -29.609  -46.842  50.621 0.0000000000
39156  -26.710  -51.509  43.244 0.0000000000
45305  -29.096  -45.278  45.946 0.0000000000
65103  -50.095  -29.921  29.656 0.0000000000
42778  -39.227  -48.136  46.975 0.0000000000
45353  -32.861  -46.679  43.444 0.0000000000
46501  -36.971  -45.229  42.391 0.0000000000
51176  -34.369  -41.143  37.587 0.0000000000
36505  -23.259  -53.211  49.889 0.0000000000
63674  -56.852  -30.025  34.366 0.0000000000
67679  -55.667  -27.430  29.601 0.0000000000
73167  -56.273  -22.486  31.753 0.0000000000
73221  -51.407  -22.556  28.624 0.0000000000
77692  -49.293  -18.650  27.272 0.0000000000
36575  -25.233  -53.436  42.886 0.0000000000
47681  -26.171  -45.157  40.050 0.0000000000
53568  -47.038  -39.296  37.616 0.0000000000
55882  -48.538  -37.789  36.358 0.0000000000
54745  -49.733  -38.678  38.710 0.0000000000
49930  -47.873  -41.916  42.038 0.0000000000
49955  -43.918  -42.535  40.063 0.0000000000
52378  -45.818  -40.120  39.170 0.0000000000
54750  -43.563  -38.797  37.600 0.0000000000
67751  -45.905  -27.105  23.221 0.0000000000
70126  -46.572  -25.683  25.401 0.0000000000
43954  -32.615  -47.424  49.981 0.0000000000
46366  -29.603  -45.740  48.369 0.0000000000
45271  -32.076  -46.847  47.417 0.0000000000
58106  -40.550  -35.413  29.995 0.0000000000
61394  -48.035  -32.364  35.147 0.0000000000
62493  -44.980  -31.660  32.877 0.0000000000
62495  -47.390  -31.316  32.538 0.0000000000
63757  -48.103  -30.038  30.462 0.0000000000
63708  -50.178  -30.856  32.388 0.0000000000
44053  -41.205  -47.214  45.725 0.0000000000
44078  -38.643  -47.221  44.754 0.0000000000
45389  -39.982  -46.520  42.657 0.0000000000
48897  -38.392  -43.722  35.994 0.0000000000
48852  -37.437  -43.808  37.742 0.0000000000
51224  -34.877  -41.648  34.341 0.0000000000
57058  -39.433  -36.515  32.625 0.0000000000
66464  -55.990  -28.948  31.185 0.0000000000
74246  -55.033  -21.683  30.388 0.0000000000
75300  -53.153  -20.380  30.859 0.0000000000
75349  -50.751  -20.113  28.152 0.0000000000
78806  -51.502  -17.397  31.110 0.0000000000
82085  -51.895  -14.570  26.713 0.0000000000
36508  -25.972  -53.624  49.084 0.0000000000
37830  -24.422  -52.928  46.603 0.0000000000
36558  -26.406  -53.799  45.395 0.0000000000
40444  -25.925  -50.362  41.408 0.0000000000
39185  -26.459  -52.219  40.355 0.0000000000
39229  -26.142  -51.785  37.382 0.0000000000
45415  -31.903  -45.564  41.114 0.0000000000
46523  -29.789  -45.406  41.754 0.0000000000
47703  -28.179  -43.858  39.178 0.0000000000
54832  -43.637  -38.089  32.617 0.0000000000
57079  -43.586  -36.656  31.958 0.0000000000
55913  -46.231  -37.472  34.040 0.0000000000
58046  -47.368  -35.500  36.223 0.0000000000
60252  -50.351  -33.441  37.437 0.0000000000
45366  -45.418  -45.675  43.510 0.0000000000
45407  -41.895  -46.276  41.457 0.0000000000
46557  -43.719  -45.095  40.726 0.0000000000
48874  -40.958  -43.243  37.800 0.0000000000
51199  -38.593  -41.354  35.919 0.0000000000
53628  -36.093  -39.766  33.702 0.0000000000
54759  -39.742  -38.372  36.364 0.0000000000
55909  -41.397  -37.459  34.382 0.0000000000
80869  -54.358  -15.349  33.279 0.0000000000
83131  -57.762  -13.624  34.939 0.0000000000
42677  -26.704  -48.560  50.462 0.0000000000
39118  -26.490  -52.020  46.754 0.0000000000
43975  -26.682  -47.779  48.218 0.0000000000
44042  -26.418  -48.064  45.325 0.0000000000
45347  -25.528  -47.283  43.081 0.0000000000
60291  -42.126  -33.433  32.280 0.0000000000
65152  -47.830  -29.532  27.109 0.0000000000
65154  -49.964  -29.294  26.897 0.0000000000
42753  -37.023  -48.372  47.763 0.0000000000
41583  -33.905  -47.759  45.602 0.0000000000
44048  -36.403  -47.677  45.718 0.0000000000
46472  -35.248  -45.736  43.236 0.0000000000
47689  -33.947  -44.286  40.826 0.0000000000
46552  -38.694  -45.129  39.905 0.0000000000
48827  -35.985  -42.891  39.631 0.0000000000
49968  -32.850  -42.486  38.724 0.0000000000
54688  -50.758  -38.193  41.318 0.0000000000
42684  -36.633  -47.552  49.740 0.0000000000
43982  -40.919  -47.633  48.664 0.0000000000
43985  -43.903  -47.101  47.746 0.0000000000
56974  -52.317  -36.689  40.096 0.0000000000
59101  -53.280  -34.562  39.198 0.0000000000
62406  -53.733  -31.943  37.484 0.0000000000
62427  -56.634  -31.725  36.726 0.0000000000
62465  -53.705  -30.886  34.479 0.0000000000
63737  -53.130  -30.374  31.401 0.0000000000
65122  -52.919  -29.448  29.134 0.0000000000
67684  -51.273  -27.704  28.050 0.0000000000
72235  -56.885  -23.654  30.440 0.0000000000
71215  -53.351  -24.496  29.442 0.0000000000
71228  -49.878  -24.756  28.273 0.0000000000
72288  -48.452  -22.988  26.845 0.0000000000
80945  -51.350  -15.476  29.051 0.0000000000
39103  -21.665  -51.589  47.013 0.0000000000
37899  -23.902  -52.609  39.932 0.0000000000
36587  -27.038  -53.421  42.834 0.0000000000
36627  -25.617  -53.338  39.455 0.0000000000
44097  -31.428  -46.439  44.442 0.0000000000
46493  -26.635  -45.314  42.591 0.0000000000
44132  -24.596  -47.214  39.708 0.0000000000
44162  -24.903  -47.273  36.145 0.0000000000
52380  -47.710  -40.001  38.805 0.0000000000
53570  -48.737  -39.432  37.696 0.0000000000
53548  -48.919  -39.375  39.176 0.0000000000
51144  -48.188  -41.306  41.056 0.0000000000
51152  -46.636  -41.394  40.026 0.0000000000
52371  -47.374  -40.708  39.674 0.0000000000
53553  -46.430  -39.639  38.371 0.0000000000
66515  -47.565  -28.505  25.250 0.0000000000
67719  -46.842  -27.287  24.935 0.0000000000
68941  -46.186  -26.366  23.882 0.0000000000
68920  -47.214  -26.413  25.892 0.0000000000
42701  -33.126  -48.018  49.314 0.0000000000
43978  -31.834  -47.006  48.437 0.0000000000
44003  -33.078  -47.659  47.757 0.0000000000
57114  -40.259  -36.560  29.631 0.0000000000
57115  -40.856  -36.627  29.897 0.0000000000
61406  -49.481  -31.772  35.089 0.0000000000
62460  -47.919  -31.902  34.452 0.0000000000
62479  -49.344  -31.358  33.634 0.0000000000
62497  -49.644  -30.955  32.625 0.0000000000
62480  -50.537  -31.021  33.492 0.0000000000
44054  -42.081  -47.093  45.440 0.0000000000
44080  -40.525  -47.161  44.967 0.0000000000
45333  -41.348  -46.763  44.301 0.0000000000
50039  -36.526  -42.442  34.147 0.0000000000
48895  -36.602  -43.127  35.163 0.0000000000
50037  -35.110  -42.143  33.671 0.0000000000
51234  -33.933  -41.083  33.231 0.0000000000
57076  -40.098  -36.662  31.659 0.0000000000
57074  -38.508  -35.710  31.084 0.0000000000
57094  -39.491  -36.445  30.215 0.0000000000
75285  -54.146  -20.577  31.974 0.0000000000
76491  -52.942  -19.206  32.241 0.0000000000
76504  -51.991  -19.098  31.358 0.0000000000
78794  -52.981  -17.671  33.307 0.0000000000
37793  -26.406  -52.802  49.481 0.0000000000
36520  -25.986  -53.639  47.999 0.0000000000
37804  -26.539  -52.967  47.804 0.0000000000
40457  -25.341  -50.775  39.593 0.0000000000
39194  -25.784  -51.606  38.972 0.0000000000
39228  -25.349  -51.231  36.982 0.0000000000
39258  -26.238  -51.546  35.208 0.0000000000
39257  -25.695  -51.134  35.254 0.0000000000
47686  -30.995  -44.509  40.316 0.0000000000
47685  -29.955  -44.610  40.179 0.0000000000
47704  -29.336  -43.944  39.398 0.0000000000
54815  -44.328  -38.179  33.356 0.0000000000
54834  -45.192  -38.014  32.721 0.0000000000
54817  -46.378  -38.256  33.798 0.0000000000
57023  -48.881  -37.176  36.718 0.0000000000
57022  -48.317  -36.942  36.305 0.0000000000
58035  -49.176  -35.629  37.371 0.0000000000
60250  -48.851  -33.857  37.016 0.0000000000
59113  -49.776  -34.647  37.659 0.0000000000
46506  -45.673  -44.978  42.844 0.0000000000
45394  -44.317  -45.664  42.057 0.0000000000
47676  -45.125  -44.538  41.757 0.0000000000
51160  -43.234  -41.432  38.948 0.0000000000
49974  -42.526  -42.464  39.002 0.0000000000
51179  -41.266  -41.618  37.598 0.0000000000
51201  -39.697  -41.866  36.407 0.0000000000
52414  -40.020  -41.075  37.148 0.0000000000
53580  -38.702  -39.778  36.343 0.0000000000
53562  -41.321  -39.738  37.545 0.0000000000
54764  -44.584  -38.583  36.716 0.0000000000
55881  -42.835  -37.871  36.373 0.0000000000
55912  -43.641  -37.629  35.086 0.0000000000
55930  -42.388  -37.597  33.528 0.0000000000
42679  -28.042  -47.693  50.949 0.0000000000
42699  -26.500  -48.457  49.311 0.0000000000
43950  -27.992  -46.965  49.568 0.0000000000
46408  -29.107  -45.602  47.180 0.0000000000
44000  -27.895  -46.549  47.172 0.0000000000
45284  -27.660  -46.260  46.220 0.0000000000
44068  -26.303  -47.743  44.377 0.0000000000
45324  -26.737  -46.151  44.298 0.0000000000
58069  -43.994  -35.127  33.440 0.0000000000
59168  -42.887  -34.855  32.261 0.0000000000
60281  -43.643  -33.598  33.454 0.0000000000
62513  -45.387  -31.215  32.100 0.0000000000
62511  -43.253  -31.408  32.171 0.0000000000
63753  -43.967  -30.313  30.699 0.0000000000
63780  -48.765  -29.750  29.892 0.0000000000
65118  -48.053  -29.600  29.406 0.0000000000
65137  -48.487  -29.777  28.115 0.0000000000
65153  -48.856  -29.403  27.032 0.0000000000
65138  -49.585  -29.681  28.020 0.0000000000
42776  -37.296  -48.188  47.030 0.0000000000
44023  -36.640  -47.995  46.423 0.0000000000
44024  -37.403  -47.807  46.424 0.0000000000
46475  -38.010  -46.202  43.354 0.0000000000
45328  -36.844  -46.663  44.067 0.0000000000
46473  -36.028  -45.620  43.045 0.0000000000
47654  -34.549  -44.770  42.093 0.0000000000
46528  -35.886  -44.553  41.728 0.0000000000
45429  -41.379  -45.816  40.007 0.0000000000
46533  -40.674  -46.269  41.047 0.0000000000
46571  -39.697  -45.436  39.137 0.0000000000
49993  -36.083  -42.332  37.088 0.0000000000
48851  -36.672  -43.377  38.189 0.0000000000
49970  -34.955  -42.048  38.734 0.0000000000
49951  -34.395  -42.458  39.366 0.0000000000
54793  -37.208  -38.120  34.747 0.0000000000
43983  -41.889  -47.625  48.176 0.0000000000
46437  -47.175  -45.528  46.034 0.0000000000
54689  -51.530  -37.660  40.906 0.0000000000
59072  -54.046  -35.109  40.276 0.0000000000
60217  -54.492  -33.885  39.495 0.0000000000
61349  -53.555  -33.234  38.471 0.0000000000
61351  -55.255  -32.892  38.711 0.0000000000
62448  -56.748  -31.168  35.606 0.0000000000
62447  -55.737  -31.271  35.582 0.0000000000
63672  -54.948  -30.682  34.474 0.0000000000
62483  -53.344  -30.737  33.378 0.0000000000
63713  -55.066  -30.079  32.776 0.0000000000
66482  -56.125  -28.241  29.998 0.0000000000
65105  -54.664  -29.401  30.478 0.0000000000
66480  -54.382  -28.499  28.946 0.0000000000
66488  -52.950  -28.521  28.518 0.0000000000
68908  -53.442  -27.290  29.035 0.0000000000
74211  -57.687  -22.467  30.912 0.0000000000
74244  -53.213  -21.719  29.461 0.0000000000
73208  -54.012  -22.477  29.802 0.0000000000
72270  -52.402  -22.987  29.361 0.0000000000
71230  -51.436  -24.599  28.984 0.0000000000
72268  -50.867  -23.574  28.581 0.0000000000
72281  -48.805  -23.711  27.284 0.0000000000
73233  -50.106  -22.265  27.994 0.0000000000
76558  -50.051  -19.508  27.693 0.0000000000
75363  -48.901  -20.533  26.786 0.0000000000
76563  -49.056  -19.449  26.585 0.0000000000
82021  -54.384  -14.666  31.751 0.0000000000
80916  -52.892  -15.513  31.364 0.0000000000
82049  -53.463  -14.747  30.024 0.0000000000
37852  -24.622  -52.955  44.307 0.0000000000
37851  -23.938  -52.370  44.703 0.0000000000
37867  -23.909  -52.453  42.919 0.0000000000
37885  -23.355  -52.113  40.869 0.0000000000
37876  -24.421  -52.802  41.420 0.0000000000
39146  -26.753  -51.463  44.458 0.0000000000
37853  -27.289  -52.836  44.774 0.0000000000
39157  -27.206  -52.158  43.602 0.0000000000
37901  -26.644  -52.916  39.728 0.0000000000
36714  -25.604  -53.808  34.823 0.0000000000
44073  -33.401  -47.467  44.605 0.0000000000
44072  -32.671  -47.313  44.838 0.0000000000
44098  -31.795  -46.699  44.124 0.0000000000
46545  -28.191  -45.113  40.828 0.0000000000
46495  -29.077  -45.307  42.300 0.0000000000
46520  -26.402  -45.439  41.494 0.0000000000
45399  -25.184  -46.355  41.350 0.0000000000
45424  -24.725  -46.434  39.567 0.0000000000
42873  -24.476  -48.113  36.458 0.0000000000
54752  -46.190  -38.627  36.959 0.0000000000
54783  -47.346  -38.262  35.634 0.0000000000
54767  -47.706  -38.770  36.600 0.0000000000
54769  -49.301  -38.548  37.099 0.0000000000
55875  -50.243  -37.611  38.087 0.0000000000
48800  -46.869  -42.966  42.037 0.0000000000
48798  -45.341  -43.824  41.521 0.0000000000
49942  -45.749  -42.548  40.651 0.0000000000
51150  -44.646  -41.361  39.653 0.0000000000
52376  -43.921  -40.539  38.775 0.0000000000
53564  -42.772  -39.585  37.946 0.0000000000
53551  -44.507  -39.805  38.622 0.0000000000
53584  -45.598  -38.804  37.142 0.0000000000
71261  -46.293  -24.609  24.809 0.0000000000
43925  -30.737  -46.426  50.863 0.0000000000
45220  -29.548  -46.345  49.748 0.0000000000
45247  -31.163  -46.512  49.006 0.0000000000
45269  -30.584  -45.742  47.515 0.0000000000
45287  -30.647  -45.687  46.516 0.0000000000
60268  -46.447  -33.166  35.382 0.0000000000
60283  -45.048  -33.003  34.132 0.0000000000
61417  -46.662  -32.117  34.075 0.0000000000
62494  -46.169  -31.806  32.867 0.0000000000
62514  -46.407  -31.189  31.957 0.0000000000
63755  -46.015  -30.125  30.600 0.0000000000
63732  -47.617  -30.481  31.761 0.0000000000
63733  -48.798  -30.478  31.570 0.0000000000
63735  -51.124  -30.672  31.341 0.0000000000
44027  -40.119  -47.620  46.442 0.0000000000
44050  -38.469  -47.437  45.661 0.0000000000
44079  -39.632  -47.174  44.834 0.0000000000
45359  -38.954  -46.896  43.626 0.0000000000
46502  -38.272  -45.816  42.497 0.0000000000
46606  -39.134  -44.805  36.826 0.0000000000
46587  -38.905  -45.043  37.617 0.0000000000
48883  -37.476  -43.868  36.393 0.0000000000
51211  -36.384  -42.638  35.898 0.0000000000
52410  -34.827  -40.893  36.078 0.0000000000
53596  -33.408  -39.833  35.696 0.0000000000
52438  -33.793  -40.328  34.159 0.0000000000
57044  -38.981  -36.590  33.332 0.0000000000
57056  -37.484  -35.924  32.263 0.0000000000
65057  -58.247  -29.692  33.596 0.0000000000
65074  -56.123  -29.616  32.515 0.0000000000
66446  -57.796  -28.932  32.298 0.0000000000
66476  -57.442  -28.027  30.923 0.0000000000
67680  -56.797  -27.128  29.962 0.0000000000
74194  -55.592  -21.803  32.441 0.0000000000
74209  -56.006  -21.650  31.331 0.0000000000
75302  -54.986  -21.244  31.250 0.0000000000
75319  -53.929  -20.785  30.273 0.0000000000
75332  -52.780  -20.767  29.203 0.0000000000
74274  -51.224  -21.208  28.086 0.0000000000
76531  -52.279  -19.954  29.457 0.0000000000
77673  -50.959  -18.670  29.526 0.0000000000
77672  -50.271  -18.211  29.162 0.0000000000
82063  -54.694  -14.026  28.867 0.0000000000
82062  -53.540  -14.449  28.975 0.0000000000
82074  -53.783  -13.892  27.863 0.0000000000
36506  -24.226  -53.333  49.626 0.0000000000
37815  -23.823  -52.924  47.708 0.0000000000
36532  -24.690  -53.324  47.879 0.0000000000
36545  -25.302  -53.562  45.947 0.0000000000
36569  -25.829  -53.894  44.195 0.0000000000
40439  -26.408  -50.777  42.739 0.0000000000
39175  -26.675  -52.128  41.426 0.0000000000
40452  -26.376  -51.234  40.844 0.0000000000
39211  -26.363  -52.001  38.215 0.0000000000
37957  -26.424  -52.476  35.968 0.0000000000
36715  -26.085  -53.417  34.294 0.0000000000
37976  -26.445  -52.494  34.800 0.0000000000
45384  -32.535  -46.324  42.632 0.0000000000
45383  -31.701  -46.265  42.804 0.0000000000
45413  -31.160  -45.909  41.576 0.0000000000
46546  -29.372  -45.096  40.923 0.0000000000
47683  -27.634  -44.577  40.114 0.0000000000
55964  -42.515  -37.486  31.526 0.0000000000
55984  -42.131  -37.038  30.764 0.0000000000
55965  -43.567  -37.414  31.851 0.0000000000
57062  -44.855  -36.939  32.988 0.0000000000
58071  -45.210  -36.068  33.687 0.0000000000
55897  -47.419  -37.828  35.112 0.0000000000
57030  -46.647  -36.858  35.169 0.0000000000
58056  -45.925  -35.389  35.221 0.0000000000
59136  -47.355  -34.022  36.213 0.0000000000
60271  -48.774  -32.934  36.144 0.0000000000
61397  -50.607  -32.186  36.099 0.0000000000
45336  -44.357  -46.412  44.262 0.0000000000
45363  -42.470  -46.189  43.485 0.0000000000
45393  -43.700  -46.096  42.186 0.0000000000
45418  -42.448  -45.683  40.658 0.0000000000
46573  -41.739  -45.437  39.738 0.0000000000
48812  -43.817  -43.617  40.510 0.0000000000
48830  -41.794  -44.038  39.371 0.0000000000
48853  -40.805  -44.243  38.303 0.0000000000
48885  -39.428  -43.558  36.723 0.0000000000
51214  -39.009  -42.202  35.806 0.0000000000
51226  -37.309  -41.799  34.593 0.0000000000
52453  -35.720  -40.618  33.195 0.0000000000
53613  -37.120  -40.203  34.966 0.0000000000
54776  -37.659  -38.551  35.252 0.0000000000
55889  -38.538  -37.599  35.189 0.0000000000
54761  -41.626  -38.360  36.772 0.0000000000
55878  -40.546  -37.642  36.132 0.0000000000
55907  -39.444  -37.246  34.402 0.0000000000
55928  -40.281  -37.096  33.532 0.0000000000
55946  -41.000  -37.094  32.675 0.0000000000
79788  -54.460  -16.407  34.542 0.0000000000
80844  -55.946  -15.236  35.310 0.0000000000
81991  -56.430  -14.229  33.861 0.0000000000
83166  -56.456  -13.787  33.009 0.0000000000
82023  -56.036  -14.189  30.883 0.0000000000
82052  -56.288  -14.149  29.602 0.0000000000
41525  -26.373  -49.947  50.703 0.0000000000
39104  -26.160  -52.018  47.638 0.0000000000
41537  -26.722  -49.908  48.781 0.0000000000
41561  -26.336  -50.009  47.087 0.0000000000
41571  -26.383  -49.870  46.140 0.0000000000
45243  -27.782  -46.597  48.231 0.0000000000
44017  -26.525  -48.199  46.236 0.0000000000
41597  -26.228  -49.430  44.773 0.0000000000
42822  -25.727  -48.689  43.890 0.0000000000
42832  -25.516  -48.906  42.441 0.0000000000
42838  -24.698  -48.663  40.900 0.0000000000
58093  -42.058  -35.650  31.524 0.0000000000
59166  -41.300  -34.818  31.196 0.0000000000
62474  -43.590  -32.214  33.114 0.0000000000
65164  -49.101  -29.278  25.962 0.0000000000
66504  -49.246  -28.591  25.982 0.0000000000
42751  -34.877  -48.632  47.984 0.0000000000
42773  -34.299  -48.316  46.975 0.0000000000
42774  -35.180  -48.504  46.906 0.0000000000
42813  -34.887  -47.715  45.308 0.0000000000
44074  -34.216  -47.421  44.686 0.0000000000
44076  -36.588  -47.174  44.939 0.0000000000
44102  -35.150  -46.625  44.126 0.0000000000
45354  -33.496  -46.492  43.315 0.0000000000
45385  -33.410  -45.894  42.364 0.0000000000
47670  -33.337  -44.925  41.329 0.0000000000
48807  -32.745  -43.915  40.429 0.0000000000
45390  -40.837  -46.532  42.620 0.0000000000
46503  -39.412  -46.048  42.127 0.0000000000
46530  -37.795  -44.919  41.186 0.0000000000
47710  -38.282  -44.639  38.941 0.0000000000
47691  -37.488  -44.378  40.296 0.0000000000
47674  -36.903  -44.516  40.974 0.0000000000
48809  -34.485  -43.606  40.618 0.0000000000
48825  -33.863  -43.122  39.874 0.0000000000
53643  -35.329  -39.621  32.501 0.0000000000
52339  -49.072  -40.227  41.230 0.0000000000
53501  -49.962  -39.268  41.025 0.0000000000
36475  -25.372  -53.344  51.355 0.0000000000
40358  -26.417  -50.576  51.394 0.0000000000
41518  -27.206  -48.674  51.564 0.0000000000
43901  -28.075  -47.477  52.044 0.0000000000
45204  -32.245  -46.897  51.607 0.0000000000
43928  -33.668  -47.710  51.070 0.0000000000
42681  -34.023  -48.320  50.413 0.0000000000
42704  -35.272  -48.101  49.575 0.0000000000
42729  -36.669  -48.345  48.571 0.0000000000
42730  -37.727  -48.035  48.492 0.0000000000
42755  -39.126  -48.160  47.699 0.0000000000
42709  -40.162  -47.651  48.868 0.0000000000
42756  -40.023  -47.920  47.529 0.0000000000
42758  -41.178  -47.636  47.301 0.0000000000
44006  -42.536  -47.395  47.242 0.0000000000
44031  -43.574  -47.199  46.361 0.0000000000
45311  -45.003  -46.524  45.378 0.0000000000
45312  -46.424  -45.976  45.649 0.0000000000
45339  -46.834  -45.562  44.469 0.0000000000
51109  -48.714  -41.461  42.554 0.0000000000
54709  -50.607  -38.550  40.445 0.0000000000
55872  -51.120  -37.495  39.270 0.0000000000
57009  -51.455  -36.740  39.243 0.0000000000
56977  -54.014  -36.025  40.913 0.0000000000
58010  -52.833  -36.000  39.599 0.0000000000
59099  -52.038  -34.954  38.598 0.0000000000
60236  -51.948  -34.097  38.445 0.0000000000
61368  -52.055  -32.689  37.416 0.0000000000
62423  -51.928  -32.104  36.521 0.0000000000
62407  -54.837  -31.700  37.493 0.0000000000
62445  -53.382  -31.392  35.446 0.0000000000
62464  -52.501  -31.309  34.496 0.0000000000
62499  -52.093  -31.224  32.999 0.0000000000
63710  -51.866  -30.867  32.321 0.0000000000
63760  -51.573  -30.337  30.312 0.0000000000
65089  -54.845  -29.562  31.431 0.0000000000
63762  -53.387  -30.098  30.581 0.0000000000
63784  -52.101  -30.166  29.525 0.0000000000
65140  -51.593  -29.368  28.063 0.0000000000
66495  -50.866  -28.490  27.277 0.0000000000
67691  -50.379  -27.684  27.363 0.0000000000
70083  -57.938  -25.084  30.223 0.0000000000
68874  -55.779  -25.909  30.309 0.0000000000
73191  -55.972  -22.662  30.321 0.0000000000
71217  -55.602  -24.282  30.207 0.0000000000
70096  -53.887  -25.602  29.537 0.0000000000
68890  -52.352  -25.885  29.405 0.0000000000
68904  -49.952  -26.409  28.108 0.0000000000
68911  -48.917  -26.881  27.132 0.0000000000
70121  -47.917  -25.241  27.069 0.0000000000
71243  -47.044  -24.295  26.117 0.0000000000
72296  -47.164  -23.150  25.756 0.0000000000
74272  -49.639  -21.395  27.386 0.0000000000
73240  -48.048  -22.200  26.484 0.0000000000
73250  -47.041  -23.259  24.323 0.0000000000
79817  -52.780  -16.215  32.417 0.0000000000
79842  -51.438  -16.470  30.442 0.0000000000
78847  -49.682  -17.193  27.889 0.0000000000
80959  -51.383  -15.228  27.937 0.0000000000
79881  -49.861  -16.057  26.875 0.0000000000
78850  -48.812  -17.728  26.318 0.0000000000
37829  -23.340  -52.057  46.717 0.0000000000
36548  -26.695  -53.113  46.307 0.0000000000
35343  -27.092  -53.915  44.330 0.0000000000
36585  -26.017  -53.734  42.506 0.0000000000
37887  -26.871  -52.810  40.944 0.0000000000
36608  -26.597  -53.160  40.798 0.0000000000
36607  -25.849  -53.381  40.376 0.0000000000
36641  -25.114  -53.333  38.527 0.0000000000
44022  -32.910  -47.622  46.707 0.0000000000
44044  -31.992  -46.647  46.060 0.0000000000
46434  -30.429  -45.489  44.780 0.0000000000
45381  -30.566  -45.851  43.199 0.0000000000
46469  -29.550  -45.142  43.962 0.0000000000
46450  -27.882  -45.070  44.541 0.0000000000
46467  -26.508  -45.599  43.310 0.0000000000
44127  -24.740  -47.442  40.612 0.0000000000
42848  -24.564  -48.844  39.190 0.0000000000
47727  -26.195  -44.210  38.448 0.0000000000
47726  -25.183  -44.999  38.377 0.0000000000
46585  -24.437  -45.913  38.292 0.0000000000
44151  -23.754  -47.306  37.454 0.0000000000
41665  -24.087  -48.645  37.085 0.0000000000
41650  -24.432  -49.853  37.236 0.0000000000
52372  -48.402  -39.925  39.364 0.0000000000
52359  -48.276  -40.730  40.415 0.0000000000
52358  -47.628  -41.042  40.285 0.0000000000
67709  -48.390  -27.909  25.907 0.0000000000
67720  -47.191  -27.925  24.573 0.0000000000
67708  -47.610  -27.504  25.652 0.0000000000
67707  -47.045  -27.219  25.343 0.0000000000
68916  -47.846  -26.857  26.303 0.0000000000
42702  -33.686  -48.522  49.525 0.0000000000
42724  -33.124  -47.927  48.773 0.0000000000
42725  -33.517  -48.260  48.659 0.0000000000
56004  -41.047  -36.986  30.031 0.0000000000
62461  -48.958  -31.722  34.581 0.0000000000
62463  -51.327  -31.371  34.587 0.0000000000
45308  -42.509  -46.986  45.247 0.0000000000
44082  -41.777  -47.092  44.763 0.0000000000
45334  -42.254  -46.795  44.566 0.0000000000
50048  -36.037  -42.281  33.395 0.0000000000
48904  -36.250  -42.721  34.325 0.0000000000
55982  -40.829  -36.906  31.115 0.0000000000
57095  -40.199  -36.659  30.654 0.0000000000
57113  -39.542  -36.395  29.290 0.0000000000
76478  -53.897  -19.363  33.361 0.0000000000
77613  -53.847  -18.840  33.497 0.0000000000
77628  -53.049  -18.386  33.202 0.0000000000
78777  -53.711  -17.629  33.595 0.0000000000
36509  -26.314  -53.289  48.699 0.0000000000
37803  -26.428  -52.886  48.299 0.0000000000
40456  -24.693  -50.177  39.237 0.0000000000
40469  -24.978  -51.047  38.727 0.0000000000
39209  -24.748  -51.055  37.830 0.0000000000
39227  -24.742  -50.818  37.333 0.0000000000
47706  -31.213  -43.831  39.841 0.0000000000
47705  -30.403  -44.029  39.342 0.0000000000
47731  -30.199  -43.731  38.764 0.0000000000
54796  -44.924  -38.295  34.270 0.0000000000
54816  -45.335  -38.188  33.474 0.0000000000
54797  -45.967  -38.563  34.327 0.0000000000
57014  -49.484  -36.794  37.245 0.0000000000
58048  -48.845  -36.440  36.898 0.0000000000
46507  -46.312  -44.853  43.289 0.0000000000
46537  -45.172  -44.917  42.222 0.0000000000
47656  -45.605  -44.539  42.364 0.0000000000
51181  -42.795  -41.197  38.415 0.0000000000
51159  -42.510  -41.735  38.605 0.0000000000
51180  -42.129  -41.511  38.064 0.0000000000
52392  -40.833  -40.796  37.473 0.0000000000
53582  -40.436  -39.978  36.993 0.0000000000
54780  -44.199  -37.947  35.444 0.0000000000
54795  -43.917  -37.801  34.261 0.0000000000
43923  -28.399  -47.062  50.499 0.0000000000
43922  -27.767  -47.313  50.061 0.0000000000
45203  -29.092  -46.620  50.290 0.0000000000
45286  -29.598  -45.579  46.605 0.0000000000
45285  -28.345  -45.880  46.831 0.0000000000
45304  -28.087  -45.597  45.876 0.0000000000
45303  -27.403  -46.106  45.338 0.0000000000
46431  -27.925  -45.410  45.305 0.0000000000
58070  -44.528  -35.253  33.693 0.0000000000
59150  -43.830  -34.673  33.436 0.0000000000
59151  -44.299  -34.119  33.906 0.0000000000
63729  -44.672  -30.761  31.393 0.0000000000
65102  -49.725  -29.856  29.738 0.0000000000
65119  -49.147  -29.699  29.170 0.0000000000
65120  -50.143  -29.722  29.153 0.0000000000
42777  -38.267  -47.985  47.068 0.0000000000
44025  -38.362  -47.729  46.416 0.0000000000
46474  -37.253  -45.876  43.492 0.0000000000
46500  -35.775  -44.861  42.246 0.0000000000
46572  -40.760  -45.702  39.638 0.0000000000
46588  -39.578  -45.274  38.098 0.0000000000
51177  -35.430  -41.693  37.535 0.0000000000
49971  -36.020  -42.407  38.250 0.0000000000
51157  -34.623  -41.665  38.216 0.0000000000
55904  -36.834  -37.750  34.160 0.0000000000
55924  -36.445  -37.143  33.587 0.0000000000
60240  -54.908  -33.501  39.199 0.0000000000
63656  -57.728  -30.421  35.022 0.0000000000
62449  -57.640  -30.904  35.647 0.0000000000
62468  -56.461  -30.749  34.909 0.0000000000
62467  -56.045  -31.136  34.980 0.0000000000
63673  -55.748  -30.546  34.433 0.0000000000
63689  -54.970  -30.489  33.572 0.0000000000
63690  -55.816  -29.828  33.482 0.0000000000
66481  -55.109  -28.356  29.525 0.0000000000
67678  -54.455  -27.648  29.196 0.0000000000
67687  -54.138  -28.077  28.673 0.0000000000
67677  -53.948  -27.457  29.061 0.0000000000
73166  -55.562  -22.325  32.690 0.0000000000
73177  -57.243  -22.582  31.279 0.0000000000
74195  -56.520  -22.046  31.466 0.0000000000
73222  -52.241  -22.286  29.165 0.0000000000
73207  -53.034  -22.739  29.502 0.0000000000
72269  -51.828  -23.380  29.109 0.0000000000
72283  -50.235  -23.154  28.205 0.0000000000
74258  -50.905  -21.880  28.348 0.0000000000
77693  -49.778  -18.790  27.860 0.0000000000
76557  -49.449  -19.477  27.210 0.0000000000
77695  -48.712  -18.662  25.946 0.0000000000
37789  -22.697  -52.634  49.219 0.0000000000
36568  -25.250  -53.438  43.820 0.0000000000
37859  -24.601  -52.947  43.353 0.0000000000
37868  -24.517  -52.923  42.409 0.0000000000
36584  -25.203  -53.393  41.897 0.0000000000
35446  -25.191  -54.160  35.115 0.0000000000
44100  -33.452  -46.975  44.077 0.0000000000
44099  -32.607  -46.946  43.976 0.0000000000
46544  -27.111  -45.094  40.801 0.0000000000
46521  -27.505  -45.164  41.605 0.0000000000
46543  -26.220  -45.342  40.587 0.0000000000
46542  -25.459  -45.725  40.510 0.0000000000
46565  -25.236  -45.723  39.631 0.0000000000
54753  -46.867  -38.851  37.059 0.0000000000
54766  -46.723  -38.493  36.325 0.0000000000
54754  -47.422  -39.117  37.116 0.0000000000
53571  -49.282  -39.120  38.139 0.0000000000
53587  -49.258  -39.069  37.478 0.0000000000
54755  -49.652  -38.430  37.903 0.0000000000
55874  -49.654  -37.702  37.482 0.0000000000
54756  -50.195  -38.154  38.457 0.0000000000
49929  -47.395  -42.549  41.901 0.0000000000
49928  -46.793  -42.833  41.688 0.0000000000
49943  -46.640  -42.554  41.096 0.0000000000
52370  -46.272  -40.825  39.511 0.0000000000
51151  -45.702  -41.532  39.905 0.0000000000
52368  -44.849  -40.830  39.509 0.0000000000
51161  -44.026  -41.077  39.230 0.0000000000
52377  -44.762  -40.470  39.180 0.0000000000
53565  -43.709  -39.615  38.355 0.0000000000
53567  -46.059  -39.106  37.647 0.0000000000
67735  -46.010  -27.990  23.460 0.0000000000
43953  -31.467  -47.141  49.689 0.0000000000
45222  -30.922  -46.775  49.590 0.0000000000
44001  -31.917  -46.947  47.808 0.0000000000
45270  -31.540  -46.361  47.861 0.0000000000
45288  -31.574  -46.121  46.738 0.0000000000
58122  -40.464  -36.020  29.474 0.0000000000
61393  -47.231  -32.483  35.126 0.0000000000
61403  -46.237  -32.589  34.572 0.0000000000
61404  -47.128  -32.119  34.463 0.0000000000
62478  -48.223  -31.539  33.594 0.0000000000
62477  -47.059  -31.765  33.692 0.0000000000
62515  -47.055  -31.104  31.750 0.0000000000
63706  -47.938  -30.744  32.459 0.0000000000
62517  -49.340  -30.787  32.008 0.0000000000
63734  -49.954  -30.640  31.623 0.0000000000
44028  -40.969  -47.560  46.644 0.0000000000
44052  -40.338  -47.403  45.728 0.0000000000
45332  -40.595  -46.805  44.314 0.0000000000
45331  -39.992  -46.901  44.392 0.0000000000
45360  -39.816  -46.781  43.630 0.0000000000
45387  -38.533  -46.384  43.232 0.0000000000
45388  -39.141  -46.454  42.931 0.0000000000
48884  -38.788  -43.927  36.461 0.0000000000
47752  -38.419  -44.363  36.516 0.0000000000
47760  -38.023  -44.184  35.909 0.0000000000
50026  -35.862  -42.759  34.943 0.0000000000
50027  -36.391  -42.912  35.610 0.0000000000
51210  -36.136  -42.352  35.638 0.0000000000
51197  -35.987  -41.853  36.396 0.0000000000
51209  -35.314  -41.839  35.424 0.0000000000
52425  -34.689  -40.851  35.192 0.0000000000
52439  -34.362  -40.875  34.239 0.0000000000
55944  -39.646  -36.693  32.985 0.0000000000
57043  -38.460  -36.377  33.266 0.0000000000
57057  -38.509  -36.142  32.294 0.0000000000
65058  -59.026  -29.429  33.932 0.0000000000
65076  -57.886  -29.322  32.771 0.0000000000
67655  -58.841  -27.107  31.457 0.0000000000
67654  -58.134  -27.782  31.308 0.0000000000
67667  -56.891  -27.783  30.526 0.0000000000
67668  -57.775  -27.044  30.779 0.0000000000
76480  -55.274  -20.473  34.170 0.0000000000
76464  -56.016  -20.382  35.394 0.0000000000
75255  -55.746  -20.986  34.756 0.0000000000
75270  -55.409  -21.248  33.709 0.0000000000
74193  -55.268  -21.590  32.245 0.0000000000
75286  -54.855  -21.300  32.404 0.0000000000
76506  -53.439  -20.168  31.664 0.0000000000
75301  -54.120  -20.618  31.029 0.0000000000
75318  -53.067  -20.460  29.922 0.0000000000
76546  -52.044  -20.307  28.883 0.0000000000
76519  -52.368  -19.846  30.441 0.0000000000
77642  -51.795  -18.559  31.412 0.0000000000
76530  -51.666  -19.248  29.915 0.0000000000
77660  -51.201  -18.399  30.520 0.0000000000
77687  -50.706  -18.806  28.951 0.0000000000
77659  -50.585  -17.850  29.911 0.0000000000
36507  -25.209  -53.527  49.434 0.0000000000
36518  -24.418  -53.340  48.654 0.0000000000
36519  -25.302  -53.513  48.387 0.0000000000
35322  -26.019  -53.984  46.966 0.0000000000
36534  -25.992  -53.730  47.283 0.0000000000
36546  -26.053  -53.674  46.420 0.0000000000
36557  -25.948  -54.143  45.127 0.0000000000
35332  -26.179  -54.217  44.785 0.0000000000
41622  -25.986  -50.177  42.290 0.0000000000
40445  -26.442  -51.037  41.800 0.0000000000
37936  -26.392  -52.381  37.281 0.0000000000
39277  -26.212  -51.721  34.109 0.0000000000
45403  -32.330  -45.725  41.700 0.0000000000
45402  -31.696  -46.085  41.966 0.0000000000
45426  -31.572  -45.639  41.053 0.0000000000
47684  -28.783  -44.526  40.133 0.0000000000
47702  -26.931  -44.229  39.336 0.0000000000
54846  -42.910  -37.972  32.241 0.0000000000
54847  -43.357  -37.921  31.982 0.0000000000
55932  -45.713  -37.707  33.506 0.0000000000
55950  -45.039  -37.411  32.833 0.0000000000
57046  -45.241  -36.896  33.344 0.0000000000
57035  -45.712  -36.701  34.084 0.0000000000
54798  -46.969  -38.328  34.482 0.0000000000
55898  -47.914  -37.755  35.855 0.0000000000
57021  -47.708  -36.468  36.027 0.0000000000
57031  -47.202  -37.158  35.533 0.0000000000
58058  -47.056  -36.340  35.819 0.0000000000
58057  -46.608  -35.464  35.726 0.0000000000
58045  -46.982  -35.270  36.152 0.0000000000
59135  -46.752  -34.163  35.897 0.0000000000
59125  -47.862  -34.490  36.448 0.0000000000
60251  -49.474  -33.779  37.237 0.0000000000
60262  -48.432  -33.550  36.544 0.0000000000
60263  -49.281  -33.045  36.554 0.0000000000
61382  -49.682  -32.516  36.084 0.0000000000
61383  -50.224  -32.566  36.711 0.0000000000
45364  -43.557  -46.278  43.270 0.0000000000
45365  -44.692  -45.932  43.104 0.0000000000
46535  -44.016  -45.377  41.199 0.0000000000
45409  -43.766  -45.706  41.514 0.0000000000
46556  -42.851  -45.256  40.596 0.0000000000
46555  -42.251  -45.540  40.305 0.0000000000
47693  -42.691  -44.890  40.170 0.0000000000
49941  -44.813  -42.793  40.683 0.0000000000
48813  -44.588  -43.587  41.038 0.0000000000
49940  -44.228  -43.105  40.633 0.0000000000
49973  -41.836  -42.767  38.601 0.0000000000
48831  -42.369  -43.526  39.392 0.0000000000
48854  -41.394  -43.655  38.610 0.0000000000
48872  -39.856  -43.921  37.347 0.0000000000
48886  -40.232  -43.353  37.263 0.0000000000
51200  -38.981  -41.541  36.087 0.0000000000
51215  -39.330  -42.312  36.137 0.0000000000
51213  -38.256  -41.799  35.284 0.0000000000
51227  -37.707  -42.189  34.786 0.0000000000
51212  -37.675  -41.434  35.136 0.0000000000
52441  -37.401  -40.885  35.057 0.0000000000
52426  -37.824  -40.957  35.635 0.0000000000
53600  -39.197  -39.094  36.128 0.0000000000
53579  -38.210  -39.754  36.170 0.0000000000
53599  -38.623  -39.239  35.882 0.0000000000
54777  -38.517  -38.504  35.563 0.0000000000
54778  -39.187  -38.372  35.880 0.0000000000
54748  -41.830  -38.811  37.438 0.0000000000
54762  -42.451  -38.259  36.824 0.0000000000
55893  -42.282  -37.635  35.394 0.0000000000
55879  -41.466  -37.755  36.189 0.0000000000
55892  -41.412  -37.580  35.287 0.0000000000
55891  -40.500  -37.517  35.229 0.0000000000
55908  -40.411  -37.322  34.384 0.0000000000
54831  -42.857  -37.987  32.905 0.0000000000
55947  -42.083  -37.616  32.533 0.0000000000
55963  -41.459  -37.220  31.706 0.0000000000
81976  -56.679  -14.445  34.703 0.0000000000
81992  -57.008  -14.187  34.372 0.0000000000
82005  -55.811  -14.207  33.121 0.0000000000
83145  -56.741  -13.905  33.610 0.0000000000
83167  -57.476  -13.523  32.746 0.0000000000
83209  -56.720  -13.763  30.615 0.0000000000
41526  -26.509  -49.669  50.061 0.0000000000
43948  -26.807  -47.586  48.938 0.0000000000
42723  -26.072  -49.003  47.940 0.0000000000
42748  -26.344  -48.990  46.727 0.0000000000
45245  -29.240  -46.222  48.867 0.0000000000
45244  -28.263  -46.579  48.643 0.0000000000
46364  -28.429  -46.187  48.095 0.0000000000
44018  -26.784  -46.981  46.230 0.0000000000
43999  -27.217  -46.883  47.481 0.0000000000
42793  -26.296  -48.960  45.153 0.0000000000
42809  -26.099  -48.735  44.634 0.0000000000
41608  -26.061  -49.572  44.153 0.0000000000
44096  -25.755  -47.699  43.450 0.0000000000
42833  -25.707  -48.646  43.051 0.0000000000
44117  -25.470  -47.958  42.705 0.0000000000
42835  -25.188  -48.775  41.833 0.0000000000
57078  -42.636  -36.675  31.346 0.0000000000
57077  -41.791  -36.247  30.901 0.0000000000
59158  -42.653  -34.256  32.475 0.0000000000
59167  -42.368  -34.566  32.133 0.0000000000
60300  -41.721  -33.751  31.887 0.0000000000
61415  -45.117  -32.332  33.553 0.0000000000
61414  -44.033  -32.613  33.497 0.0000000000
62475  -44.327  -32.036  33.200 0.0000000000
63727  -42.531  -30.975  31.581 0.0000000000
63756  -47.049  -30.123  30.716 0.0000000000
65100  -47.443  -29.778  29.977 0.0000000000
65136  -47.438  -29.514  28.230 0.0000000000
65163  -48.119  -29.279  26.132 0.0000000000
65165  -49.636  -29.064  26.201 0.0000000000
42752  -35.969  -48.648  47.800 0.0000000000
42798  -35.953  -47.976  46.108 0.0000000000
44047  -35.525  -47.839  45.574 0.0000000000
44075  -35.347  -47.289  44.879 0.0000000000
44077  -37.631  -47.085  44.894 0.0000000000
45356  -35.738  -46.269  43.670 0.0000000000
45327  -35.919  -46.789  44.374 0.0000000000
45355  -34.503  -46.044  43.319 0.0000000000
45386  -34.133  -45.682  42.629 0.0000000000
47671  -33.974  -44.669  41.507 0.0000000000
47688  -33.142  -44.631  40.797 0.0000000000
45392  -42.716  -46.215  42.327 0.0000000000
45391  -41.712  -46.290  42.505 0.0000000000
46553  -39.854  -45.547  40.316 0.0000000000
46532  -40.061  -46.121  41.337 0.0000000000
46531  -39.059  -45.483  41.257 0.0000000000
46551  -38.014  -44.785  40.272 0.0000000000
47744  -37.918  -44.334  37.445 0.0000000000
47733  -38.382  -44.711  37.966 0.0000000000
47732  -37.886  -44.177  38.293 0.0000000000
48828  -36.849  -43.375  39.252 0.0000000000
47708  -37.115  -43.755  39.976 0.0000000000
47690  -36.671  -44.042  40.604 0.0000000000
48811  -36.395  -43.478  40.168 0.0000000000
48796  -36.014  -43.689  40.854 0.0000000000
48810  -35.518  -43.368  40.448 0.0000000000
49950  -33.468  -42.631  39.291 0.0000000000
48849  -32.281  -42.803  38.809 0.0000000000
49967  -32.184  -42.565  38.387 0.0000000000
53627  -35.539  -39.734  33.091 0.0000000000
36474  -24.788  -53.616  51.562 0.0000000000
41506  -27.219  -48.939  52.261 0.0000000000
43905  -31.690  -46.744  51.916 0.0000000000
42705  -36.217  -48.048  49.391 0.0000000000
42754  -38.070  -48.001  47.772 0.0000000000
42731  -38.870  -48.056  48.480 0.0000000000
43981  -40.429  -47.655  48.810 0.0000000000
42732  -40.021  -47.841  48.374 0.0000000000
42733  -40.815  -47.632  47.918 0.0000000000
42757  -40.759  -47.726  47.253 0.0000000000
42734  -41.252  -47.613  47.573 0.0000000000
43984  -43.254  -47.300  48.162 0.0000000000
44030  -42.893  -47.312  46.151 0.0000000000
44007  -43.604  -47.324  47.057 0.0000000000
45291  -44.226  -46.973  46.284 0.0000000000
45292  -45.294  -46.491  46.642 0.0000000000
45313  -47.032  -45.796  44.786 0.0000000000
46438  -47.622  -45.303  45.321 0.0000000000
46458  -47.200  -45.214  44.311 0.0000000000
51131  -48.981  -40.895  42.143 0.0000000000
53530  -50.051  -38.937  40.330 0.0000000000
55832  -51.953  -37.102  40.496 0.0000000000
55856  -51.373  -37.690  39.754 0.0000000000
56995  -51.913  -36.740  39.873 0.0000000000
57010  -52.074  -36.354  39.587 0.0000000000
59085  -53.758  -34.548  39.576 0.0000000000
58011  -53.352  -35.786  39.794 0.0000000000
58025  -53.173  -35.136  39.308 0.0000000000
58024  -52.423  -35.769  39.302 0.0000000000
59115  -51.430  -34.476  38.376 0.0000000000
60237  -52.558  -34.076  38.685 0.0000000000
61370  -53.870  -32.524  38.027 0.0000000000
61369  -53.181  -32.909  38.090 0.0000000000
62405  -52.677  -32.182  37.210 0.0000000000
62424  -53.010  -31.695  36.455 0.0000000000
62428  -57.555  -31.373  36.382 0.0000000000
61371  -55.854  -32.149  37.649 0.0000000000
61386  -56.149  -31.987  37.014 0.0000000000
62446  -54.614  -31.166  35.476 0.0000000000
62482  -52.643  -31.068  33.617 0.0000000000
62501  -53.120  -30.639  32.786 0.0000000000
62500  -52.630  -30.964  32.869 0.0000000000
63711  -52.740  -30.512  32.266 0.0000000000
63736  -52.147  -30.544  31.352 0.0000000000
65090  -55.927  -29.417  31.553 0.0000000000
65073  -55.370  -29.706  32.202 0.0000000000
65123  -53.630  -29.407  29.395 0.0000000000
63786  -53.567  -29.653  30.111 0.0000000000
63785  -52.896  -29.801  29.791 0.0000000000
63799  -52.439  -29.747  29.132 0.0000000000
63798  -51.903  -29.893  28.703 0.0000000000
65141  -52.461  -29.315  28.584 0.0000000000
67685  -52.410  -27.699  28.648 0.0000000000
66487  -51.999  -28.567  28.260 0.0000000000
67683  -50.659  -27.453  27.914 0.0000000000
72236  -57.707  -23.435  30.568 0.0000000000
71198  -58.265  -24.181  30.767 0.0000000000
71197  -57.424  -24.303  30.491 0.0000000000
70099  -57.147  -25.651  30.212 0.0000000000
71196  -56.472  -24.364  30.358 0.0000000000
74247  -55.342  -21.538  30.467 0.0000000000
74227  -56.091  -21.867  30.618 0.0000000000
74226  -55.437  -22.242  30.452 0.0000000000
72253  -53.732  -23.479  29.711 0.0000000000
72254  -54.925  -23.222  30.296 0.0000000000
71216  -54.445  -24.355  29.685 0.0000000000
70097  -54.969  -25.166  29.825 0.0000000000
68891  -52.869  -26.316  29.532 0.0000000000
70095  -52.822  -25.369  29.416 0.0000000000
71229  -50.448  -24.699  28.595 0.0000000000
70113  -50.910  -25.634  28.693 0.0000000000
70112  -49.916  -25.690  28.255 0.0000000000
70123  -49.358  -25.698  27.839 0.0000000000
70122  -48.698  -25.768  27.399 0.0000000000
71240  -49.315  -24.686  27.780 0.0000000000
71245  -48.088  -23.810  26.928 0.0000000000
72286  -46.988  -23.860  26.037 0.0000000000
72287  -47.629  -23.274  26.399 0.0000000000
75366  -51.018  -20.736  27.815 0.0000000000
74273  -50.615  -21.311  27.778 0.0000000000
75365  -50.346  -20.548  27.568 0.0000000000
74283  -48.535  -21.233  26.676 0.0000000000
74282  -47.729  -21.378  25.739 0.0000000000
73248  -47.111  -22.525  25.209 0.0000000000
80857  -54.172  -15.572  34.133 0.0000000000
79802  -53.466  -16.482  33.475 0.0000000000
80868  -53.717  -15.754  33.071 0.0000000000
80933  -52.123  -15.467  30.024 0.0000000000
80915  -52.321  -15.703  30.898 0.0000000000
79857  -51.192  -16.181  29.628 0.0000000000
79856  -50.649  -16.498  29.527 0.0000000000
79867  -50.377  -16.210  28.792 0.0000000000
80960  -51.940  -14.732  27.306 0.0000000000
82073  -52.450  -14.572  28.120 0.0000000000
79884  -49.969  -16.158  25.979 0.0000000000
79880  -49.358  -16.681  26.591 0.0000000000
37839  -23.810  -52.243  45.717 0.0000000000
39145  -23.404  -51.817  44.036 0.0000000000
39130  -23.300  -51.661  44.969 0.0000000000
39174  -23.031  -51.771  41.815 0.0000000000
36625  -23.392  -52.832  39.213 0.0000000000
36640  -23.918  -53.171  38.451 0.0000000000
39105  -26.527  -52.401  47.115 0.0000000000
37841  -26.614  -52.346  46.312 0.0000000000
36577  -27.266  -53.262  43.521 0.0000000000
36570  -27.279  -53.387  44.244 0.0000000000
35363  -27.015  -53.820  43.295 0.0000000000
35361  -26.445  -53.788  42.933 0.0000000000
36586  -26.602  -53.545  42.507 0.0000000000
37877  -26.810  -52.654  41.385 0.0000000000
36642  -26.194  -53.296  38.751 0.0000000000
36628  -26.279  -53.263  39.793 0.0000000000
36594  -25.931  -53.456  41.351 0.0000000000
36606  -25.094  -53.099  40.070 0.0000000000
35474  -26.082  -54.485  33.839 0.0000000000
42772  -33.548  -48.013  47.184 0.0000000000
42795  -33.657  -47.707  45.943 0.0000000000
44071  -31.805  -46.589  45.023 0.0000000000
45326  -31.444  -46.271  45.123 0.0000000000
45307  -31.394  -46.016  45.653 0.0000000000
45325  -31.159  -46.055  44.769 0.0000000000
45401  -31.106  -46.130  42.170 0.0000000000
45382  -30.936  -46.060  42.875 0.0000000000
46496  -30.072  -45.622  42.647 0.0000000000
46494  -27.997  -44.948  42.453 0.0000000000
47652  -29.263  -45.026  42.877 0.0000000000
47636  -28.407  -44.744  43.354 0.0000000000
47616  -28.772  -44.887  43.997 0.0000000000
46468  -27.150  -45.192  43.500 0.0000000000
45349  -26.548  -45.787  43.663 0.0000000000
42843  -24.539  -48.385  39.669 0.0000000000
42842  -24.444  -48.208  39.180 0.0000000000
47741  -25.567  -44.087  37.372 0.0000000000
47740  -24.655  -44.857  37.379 0.0000000000
45449  -24.458  -46.378  36.417 0.0000000000
46599  -24.414  -45.701  37.303 0.0000000000
45444  -24.063  -46.488  37.344 0.0000000000
45434  -23.971  -46.773  38.133 0.0000000000
42905  -25.441  -48.999  35.047 0.0000000000
41666  -24.529  -49.333  36.514 0.0000000000
41677  -25.094  -49.509  35.464 0.0000000000
53554  -47.374  -39.682  38.194 0.0000000000
53569  -47.969  -39.445  37.290 0.0000000000
53555  -48.124  -39.650  38.162 0.0000000000
53556  -48.673  -39.433  38.554 0.0000000000
53557  -49.198  -39.100  38.808 0.0000000000
51129  -47.788  -41.777  41.429 0.0000000000
49944  -47.319  -42.089  41.102 0.0000000000
51143  -47.652  -41.471  40.717 0.0000000000
51153  -47.241  -41.291  40.264 0.0000000000
52379  -46.835  -40.298  38.839 0.0000000000
65186  -47.049  -29.079  24.329 0.0000000000
66530  -47.164  -28.614  24.262 0.0000000000
67737  -47.142  -28.037  23.954 0.0000000000
67736  -46.434  -27.468  23.825 0.0000000000
68928  -46.422  -26.530  24.644 0.0000000000
70127  -47.128  -25.782  25.935 0.0000000000
43979  -32.619  -47.535  48.733 0.0000000000
44002  -32.394  -47.254  47.640 0.0000000000
58123  -41.006  -36.325  29.990 0.0000000000
62441  -48.449  -32.031  34.897 0.0000000000
62496  -48.555  -31.107  32.768 0.0000000000
62498  -50.293  -30.904  32.765 0.0000000000
44081  -41.286  -47.147  44.886 0.0000000000
45361  -40.661  -46.644  43.506 0.0000000000
50028  -37.512  -42.957  35.171 0.0000000000
48896  -37.516  -43.615  35.625 0.0000000000
48905  -36.605  -42.844  34.629 0.0000000000
48894  -36.202  -42.817  34.594 0.0000000000
50025  -35.352  -42.322  34.431 0.0000000000
51235  -34.409  -41.468  33.362 0.0000000000
51248  -33.870  -41.050  32.804 0.0000000000
57075  -39.394  -36.375  31.395 0.0000000000
76479  -54.533  -19.638  33.754 0.0000000000
76493  -54.144  -20.552  32.946 0.0000000000
76492  -53.491  -19.513  32.691 0.0000000000
76505  -52.558  -19.363  31.629 0.0000000000
77627  -52.753  -18.750  32.432 0.0000000000
77643  -52.334  -18.358  31.983 0.0000000000
78807  -51.934  -17.680  31.843 0.0000000000
36492  -26.283  -53.331  49.521 0.0000000000
35312  -26.419  -53.493  47.198 0.0000000000
35324  -26.552  -53.352  46.874 0.0000000000
40451  -25.607  -50.568  40.506 0.0000000000
39210  -25.603  -51.548  38.014 0.0000000000
39245  -26.152  -51.809  36.457 0.0000000000
39244  -25.441  -51.341  35.802 0.0000000000
40514  -25.757  -50.894  34.873 0.0000000000
46548  -31.573  -45.010  40.945 0.0000000000
54833  -44.542  -38.111  32.679 0.0000000000
58047  -48.386  -35.557  36.754 0.0000000000
59126  -48.487  -34.432  36.819 0.0000000000
59112  -48.915  -34.730  37.304 0.0000000000
46476  -45.367  -45.491  43.094 0.0000000000
46505  -44.941  -45.340  42.504 0.0000000000
46536  -44.572  -45.173  41.667 0.0000000000
46558  -44.234  -45.037  41.065 0.0000000000
49975  -43.306  -42.208  39.371 0.0000000000
49954  -43.103  -42.889  39.470 0.0000000000
49997  -42.069  -42.207  38.424 0.0000000000
49996  -41.437  -42.570  37.906 0.0000000000
49995  -40.788  -42.358  37.389 0.0000000000
51178  -40.377  -41.759  37.240 0.0000000000
52413  -39.541  -40.837  36.648 0.0000000000
52412  -38.796  -40.697  36.338 0.0000000000
53581  -39.580  -39.636  36.508 0.0000000000
54760  -40.600  -38.590  36.723 0.0000000000
54763  -43.408  -38.124  36.546 0.0000000000
54779  -43.595  -37.907  35.790 0.0000000000
55894  -43.121  -37.706  35.699 0.0000000000
55910  -42.244  -37.551  34.491 0.0000000000
54794  -43.460  -37.716  34.058 0.0000000000
54814  -43.292  -37.822  33.543 0.0000000000
42678  -27.503  -47.829  50.550 0.0000000000
42700  -27.009  -48.103  49.974 0.0000000000
43949  -27.275  -47.493  49.533 0.0000000000
46389  -29.548  -45.618  47.658 0.0000000000
46388  -28.655  -45.820  47.665 0.0000000000
44043  -26.658  -46.985  45.029 0.0000000000
44069  -26.299  -46.906  44.608 0.0000000000
45323  -26.014  -46.898  44.153 0.0000000000
57060  -43.894  -36.214  32.438 0.0000000000
58094  -43.074  -35.566  32.113 0.0000000000
58080  -43.740  -35.385  33.043 0.0000000000
59159  -43.105  -34.450  32.679 0.0000000000
60293  -43.023  -33.491  32.969 0.0000000000
62512  -44.331  -31.382  32.026 0.0000000000
63728  -43.600  -30.791  31.490 0.0000000000
65101  -47.875  -29.866  29.935 0.0000000000
65139  -50.744  -29.646  28.161 0.0000000000
42775  -36.168  -48.247  46.860 0.0000000000
45329  -37.838  -46.873  44.092 0.0000000000
46454  -37.411  -46.427  43.887 0.0000000000
45357  -36.481  -46.019  43.677 0.0000000000
46499  -34.783  -45.302  42.596 0.0000000000
47655  -35.035  -44.766  42.222 0.0000000000
48794  -34.536  -44.146  41.221 0.0000000000
45428  -41.167  -46.023  40.252 0.0000000000
45416  -41.192  -46.262  40.844 0.0000000000
46554  -40.613  -46.031  40.534 0.0000000000
49994  -36.510  -42.736  37.356 0.0000000000
48850  -36.315  -42.922  38.875 0.0000000000
49952  -35.401  -42.496  39.199 0.0000000000
48826  -34.938  -42.911  39.942 0.0000000000
49969  -33.863  -42.036  38.748 0.0000000000
54792  -36.592  -38.848  34.231 0.0000000000
42706  -37.132  -47.831  48.957 0.0000000000
42685  -37.548  -47.490  49.396 0.0000000000
43958  -41.673  -47.408  49.233 0.0000000000
43959  -42.696  -47.281  48.885 0.0000000000
55813  -51.121  -37.649  42.180 0.0000000000
55814  -52.015  -37.281  41.469 0.0000000000
55833  -52.900  -36.948  40.871 0.0000000000
59086  -54.654  -34.407  39.965 0.0000000000
60216  -53.930  -33.837  39.355 0.0000000000
60238  -53.414  -33.776  38.873 0.0000000000
60239  -54.332  -33.467  39.028 0.0000000000
61350  -54.012  -32.980  38.499 0.0000000000
62389  -54.491  -32.291  38.065 0.0000000000
62429  -58.257  -30.934  36.205 0.0000000000
63653  -55.105  -30.842  35.073 0.0000000000
63671  -54.391  -30.712  34.460 0.0000000000
63688  -54.209  -30.599  33.866 0.0000000000
63712  -53.931  -30.316  32.560 0.0000000000
65126  -56.032  -28.821  30.333 0.0000000000
65106  -55.623  -29.050  30.810 0.0000000000
65125  -55.476  -29.026  29.947 0.0000000000
65124  -54.509  -29.066  29.540 0.0000000000
65143  -54.024  -29.064  28.859 0.0000000000
65142  -53.338  -29.128  28.746 0.0000000000
66489  -53.790  -28.534  28.598 0.0000000000
67686  -53.598  -27.671  28.728 0.0000000000
72221  -57.990  -23.330  31.389 0.0000000000
73179  -58.296  -22.902  30.912 0.0000000000
74245  -54.289  -21.638  29.825 0.0000000000
73209  -54.783  -22.315  30.333 0.0000000000
72252  -52.656  -23.668  29.479 0.0000000000
71214  -52.470  -24.592  29.345 0.0000000000
72251  -52.027  -24.158  29.318 0.0000000000
72267  -49.955  -23.992  28.343 0.0000000000
72282  -49.577  -23.293  27.729 0.0000000000
73232  -49.511  -22.390  27.392 0.0000000000
76544  -50.589  -19.496  28.271 0.0000000000
75364  -49.475  -20.247  27.132 0.0000000000
75374  -49.071  -20.130  26.595 0.0000000000
75372  -48.007  -20.546  25.450 0.0000000000
81989  -54.747  -14.870  32.958 0.0000000000
82002  -53.873  -15.269  32.354 0.0000000000
82020  -53.739  -15.105  32.020 0.0000000000
82036  -53.332  -15.116  31.066 0.0000000000
80946  -51.811  -15.348  29.572 0.0000000000
80983  -51.114  -15.013  25.798 0.0000000000
37814  -22.586  -52.072  47.450 0.0000000000
37840  -24.625  -52.899  45.362 0.0000000000
37858  -24.009  -52.410  43.777 0.0000000000
39165  -23.241  -51.924  42.627 0.0000000000
37875  -23.768  -52.297  42.003 0.0000000000
37886  -24.447  -52.764  40.504 0.0000000000
37900  -24.566  -52.792  39.929 0.0000000000
39131  -26.628  -51.800  45.725 0.0000000000
39132  -26.973  -52.256  44.992 0.0000000000
37860  -27.378  -52.796  43.921 0.0000000000
37869  -27.179  -52.802  43.057 0.0000000000
37916  -26.549  -52.691  38.488 0.0000000000
36694  -24.786  -53.719  36.049 0.0000000000
35459  -25.338  -54.709  34.612 0.0000000000
35473  -25.691  -55.095  34.054 0.0000000000
41598  -34.010  -47.798  45.365 0.0000000000
42810  -33.151  -47.563  45.430 0.0000000000
46522  -28.660  -45.326  41.611 0.0000000000
46519  -25.742  -45.618  41.125 0.0000000000
45412  -24.967  -46.469  40.236 0.0000000000
44161  -24.077  -47.206  36.668 0.0000000000
54782  -46.383  -38.436  35.354 0.0000000000
54784  -48.047  -38.243  36.182 0.0000000000
53585  -48.312  -39.094  36.797 0.0000000000
54768  -48.618  -38.567  36.593 0.0000000000
55883  -49.146  -37.795  36.839 0.0000000000
57015  -50.124  -36.930  37.785 0.0000000000
48782  -46.401  -43.725  42.330 0.0000000000
47677  -45.824  -44.008  42.117 0.0000000000
48799  -46.325  -43.309  41.698 0.0000000000
48814  -45.488  -43.146  41.143 0.0000000000
51141  -46.234  -41.993  40.413 0.0000000000
49957  -45.701  -42.057  40.271 0.0000000000
49956  -45.080  -42.115  40.215 0.0000000000
51149  -43.838  -41.744  39.388 0.0000000000
52395  -43.296  -40.696  38.501 0.0000000000
52394  -42.772  -40.552  38.173 0.0000000000
53563  -42.084  -39.446  37.747 0.0000000000
54751  -44.210  -38.866  37.767 0.0000000000
53552  -45.396  -39.596  38.559 0.0000000000
53566  -44.913  -39.111  37.753 0.0000000000
53583  -45.199  -38.871  36.930 0.0000000000
54765  -45.714  -38.490  36.410 0.0000000000
68950  -45.961  -26.526  23.103 0.0000000000
43951  -30.075  -46.489  50.075 0.0000000000
45221  -30.504  -46.348  49.589 0.0000000000
45246  -30.367  -45.817  48.737 0.0000000000
46390  -30.044  -45.576  48.090 0.0000000000
60267  -45.729  -33.636  35.233 0.0000000000
60273  -44.712  -33.581  34.318 0.0000000000
60274  -45.336  -33.355  34.729 0.0000000000
61402  -45.591  -32.672  34.136 0.0000000000
61428  -45.785  -32.137  33.238 0.0000000000
62459  -47.392  -31.834  34.195 0.0000000000
62476  -46.496  -31.930  33.358 0.0000000000
63730  -45.684  -30.631  31.402 0.0000000000
63731  -46.621  -30.551  31.424 0.0000000000
63707  -48.346  -30.637  32.253 0.0000000000
63758  -49.286  -30.045  30.480 0.0000000000
63759  -50.409  -30.164  30.077 0.0000000000
44026  -39.293  -47.759  46.381 0.0000000000
44051  -39.428  -47.459  45.649 0.0000000000
45330  -38.526  -47.074  44.014 0.0000000000
45358  -38.266  -46.630  43.681 0.0000000000
46601  -39.418  -44.977  37.347 0.0000000000
46600  -38.834  -44.908  36.928 0.0000000000
47751  -37.883  -44.365  36.719 0.0000000000
48871  -37.566  -43.970  37.047 0.0000000000
48882  -36.839  -43.409  36.015 0.0000000000
48870  -37.093  -43.276  37.112 0.0000000000
50013  -36.257  -42.321  36.517 0.0000000000
51196  -35.102  -41.319  36.661 0.0000000000
52391  -34.450  -40.749  36.790 0.0000000000
52409  -34.051  -40.124  36.188 0.0000000000
52424  -33.944  -40.286  35.055 0.0000000000
53626  -33.237  -39.792  33.965 0.0000000000
52452  -34.033  -40.887  33.617 0.0000000000
55926  -38.468  -36.823  33.838 0.0000000000
55925  -37.537  -36.824  33.873 0.0000000000
57042  -37.493  -36.213  33.208 0.0000000000
57072  -36.626  -35.175  31.887 0.0000000000
57073  -37.307  -35.424  31.674 0.0000000000
63675  -58.014  -30.157  34.332 0.0000000000
65034  -57.698  -29.922  33.926 0.0000000000
63691  -56.530  -29.661  33.666 0.0000000000
65056  -57.219  -29.644  33.457 0.0000000000
65075  -56.951  -29.409  32.686 0.0000000000
65091  -56.734  -29.247  31.966 0.0000000000
66447  -58.438  -28.732  32.388 0.0000000000
66466  -57.510  -28.570  31.704 0.0000000000
66475  -56.572  -28.500  30.776 0.0000000000
75303  -55.670  -21.425  30.880 0.0000000000
75321  -55.301  -21.340  30.610 0.0000000000
75320  -54.778  -20.906  30.445 0.0000000000
75334  -54.610  -21.062  29.956 0.0000000000
75333  -53.732  -20.998  29.652 0.0000000000
74260  -52.461  -21.420  28.954 0.0000000000
74259  -51.711  -21.533  28.593 0.0000000000
75351  -52.140  -20.901  28.750 0.0000000000
76545  -51.166  -19.592  28.908 0.0000000000
77686  -50.255  -18.776  28.400 0.0000000000
77685  -49.601  -18.121  27.960 0.0000000000
82050  -54.502  -14.450  29.740 0.0000000000
82086  -52.557  -14.239  26.828 0.0000000000
37790  -23.548  -52.892  49.162 0.0000000000
37791  -24.026  -53.108  49.009 0.0000000000
37816  -24.554  -53.227  47.373 0.0000000000
36533  -25.304  -53.530  47.249 0.0000000000
36556  -25.307  -53.509  44.804 0.0000000000
36576  -25.767  -53.745  43.387 0.0000000000
40433  -26.450  -50.529  43.717 0.0000000000
39166  -26.659  -51.687  42.309 0.0000000000
39184  -25.902  -51.537  39.960 0.0000000000
39195  -26.348  -52.232  39.257 0.0000000000
36696  -26.187  -53.187  35.259 0.0000000000
37996  -26.306  -52.590  33.830 0.0000000000
44120  -32.318  -46.540  43.268 0.0000000000
46524  -30.607  -45.757  41.907 0.0000000000
46547  -30.811  -45.246  41.156 0.0000000000
47682  -26.621  -44.802  40.131 0.0000000000
55983  -41.521  -37.063  30.738 0.0000000000
55949  -44.447  -37.618  32.365 0.0000000000
55966  -44.064  -37.091  32.133 0.0000000000
57080  -44.023  -36.735  32.246 0.0000000000
58081  -44.281  -36.031  32.979 0.0000000000
58065  -45.337  -35.322  34.570 0.0000000000
54818  -46.990  -38.092  33.942 0.0000000000
55934  -47.088  -37.857  34.037 0.0000000000
57032  -47.726  -37.275  35.758 0.0000000000
55896  -47.117  -37.598  34.814 0.0000000000
57036  -46.283  -37.004  34.505 0.0000000000
57029  -45.995  -36.189  34.964 0.0000000000
59134  -45.971  -34.483  35.383 0.0000000000
60269  -47.405  -33.187  35.764 0.0000000000
60270  -48.255  -32.926  35.939 0.0000000000
61395  -49.082  -32.271  35.553 0.0000000000
61396  -50.104  -32.147  35.639 0.0000000000
62442  -50.356  -31.848  35.354 0.0000000000
45335  -43.231  -46.429  44.415 0.0000000000
45408  -42.843  -45.863  41.267 0.0000000000
45417  -41.882  -45.968  40.498 0.0000000000
46590  -41.082  -45.195  39.117 0.0000000000
47695  -44.138  -44.474  40.838 0.0000000000
47694  -43.219  -44.478  40.242 0.0000000000
48832  -43.237  -43.562  39.837 0.0000000000
47713  -42.841  -44.087  39.724 0.0000000000
47712  -42.328  -44.570  39.725 0.0000000000
47735  -40.982  -44.688  38.584 0.0000000000
47734  -40.505  -44.731  38.025 0.0000000000
47747  -39.956  -44.563  37.563 0.0000000000
48898  -38.880  -43.533  36.336 0.0000000000
50016  -40.035  -42.647  36.919 0.0000000000
50030  -39.028  -42.915  36.164 0.0000000000
50029  -38.253  -42.848  35.483 0.0000000000
50041  -37.795  -42.496  35.032 0.0000000000
51225  -36.504  -41.702  33.827 0.0000000000
51237  -35.841  -41.537  33.136 0.0000000000
52454  -36.228  -40.784  33.801 0.0000000000
52440  -36.817  -40.925  34.471 0.0000000000
53612  -36.602  -39.867  34.509 0.0000000000
52411  -38.146  -40.365  36.197 0.0000000000
53598  -37.711  -39.760  35.692 0.0000000000
53597  -37.093  -39.462  35.160 0.0000000000
55888  -37.853  -37.563  35.045 0.0000000000
54747  -41.090  -39.010  37.249 0.0000000000
55880  -42.304  -37.860  36.224 0.0000000000
55877  -39.789  -37.659  35.941 0.0000000000
55890  -39.435  -37.557  35.324 0.0000000000
55906  -38.565  -37.117  34.488 0.0000000000
55927  -39.385  -36.842  33.505 0.0000000000
55945  -40.049  -36.860  32.788 0.0000000000
55929  -41.291  -37.326  33.493 0.0000000000
55962  -40.603  -36.866  32.021 0.0000000000
78778  -54.338  -17.352  34.257 0.0000000000
79789  -55.451  -16.328  35.158 0.0000000000
80858  -55.029  -15.337  34.568 0.0000000000
81975  -55.886  -14.652  34.570 0.0000000000
81990  -55.233  -14.710  33.608 0.0000000000
82004  -55.244  -14.573  32.506 0.0000000000
83165  -55.806  -14.077  32.686 0.0000000000
82022  -55.439  -14.355  31.465 0.0000000000
83146  -57.297  -13.702  33.959 0.0000000000
83189  -56.523  -13.843  31.789 0.0000000000
82038  -55.308  -14.292  30.425 0.0000000000
82039  -55.960  -14.144  30.203 0.0000000000
82051  -55.442  -14.245  29.576 0.0000000000
82064  -55.818  -14.218  28.740 0.0000000000
82065  -56.605  -14.123  28.982 0.0000000000
82076  -55.902  -13.710  28.093 0.0000000000
40372  -26.398  -50.639  50.475 0.0000000000
39094  -25.837  -52.040  48.642 0.0000000000
40385  -26.197  -50.813  49.329 0.0000000000
40394  -26.331  -51.005  48.280 0.0000000000
40403  -26.346  -51.044  47.359 0.0000000000
41550  -26.188  -50.201  47.932 0.0000000000
40412  -26.450  -50.917  46.420 0.0000000000
40419  -26.480  -50.675  45.445 0.0000000000
40428  -26.379  -50.234  44.635 0.0000000000
45219  -28.700  -46.576  49.558 0.0000000000
43977  -27.731  -47.021  49.057 0.0000000000
43976  -27.364  -47.013  48.525 0.0000000000
45267  -28.019  -46.386  47.748 0.0000000000
43998  -26.559  -47.960  47.139 0.0000000000
42771  -26.216  -48.934  45.820 0.0000000000
41582  -26.315  -49.681  45.321 0.0000000000
41615  -25.967  -49.714  43.207 0.0000000000
41614  -25.673  -49.452  42.622 0.0000000000
41621  -25.341  -49.698  42.042 0.0000000000
41625  -24.941  -49.811  41.223 0.0000000000
41629  -24.950  -49.626  39.996 0.0000000000
41628  -24.675  -49.595  39.421 0.0000000000
48846  -29.784  -43.311  38.444 0.0000000000
57096  -41.411  -36.666  30.427 0.0000000000
58107  -41.116  -35.690  30.404 0.0000000000
59180  -40.986  -35.052  30.680 0.0000000000
59165  -40.872  -34.399  31.001 0.0000000000
60282  -44.447  -33.158  33.877 0.0000000000
61413  -43.235  -32.731  33.197 0.0000000000
61426  -42.763  -32.967  32.804 0.0000000000
62492  -43.909  -31.749  32.709 0.0000000000
62491  -42.973  -32.218  32.690 0.0000000000
61436  -41.963  -32.608  32.146 0.0000000000
65117  -46.985  -29.314  29.276 0.0000000000
65174  -47.329  -29.166  25.083 0.0000000000
65175  -48.236  -29.015  25.696 0.0000000000
66516  -48.467  -28.509  25.719 0.0000000000
66503  -48.733  -28.133  25.951 0.0000000000
42727  -34.881  -48.447  48.913 0.0000000000
42750  -33.966  -48.380  47.906 0.0000000000
42796  -34.553  -48.179  46.122 0.0000000000
42797  -35.203  -48.200  45.933 0.0000000000
41585  -34.653  -48.018  45.677 0.0000000000
42812  -34.067  -47.763  45.046 0.0000000000
44049  -37.468  -47.459  45.702 0.0000000000
44101  -34.310  -46.741  44.182 0.0000000000
45404  -32.894  -45.487  41.875 0.0000000000
46498  -33.894  -45.407  42.338 0.0000000000
46526  -33.336  -45.167  41.833 0.0000000000
46549  -32.297  -45.157  41.078 0.0000000000
47687  -32.010  -44.202  40.444 0.0000000000
48823  -31.474  -43.476  39.288 0.0000000000
45362  -41.523  -46.453  43.523 0.0000000000
45406  -40.935  -46.365  41.659 0.0000000000
45405  -40.327  -46.321  42.051 0.0000000000
46570  -38.918  -45.117  38.570 0.0000000000
48829  -37.347  -43.708  38.535 0.0000000000
47709  -37.624  -44.060  39.287 0.0000000000
47692  -38.030  -44.629  39.729 0.0000000000
46529  -36.601  -44.621  41.692 0.0000000000
47673  -36.087  -44.180  41.334 0.0000000000
48795  -35.279  -43.752  41.208 0.0000000000
48808  -33.423  -43.764  40.446 0.0000000000
48824  -32.536  -43.272  39.588 0.0000000000
55923  -35.953  -36.812  33.260 0.0000000000
53500  -49.566  -39.725  40.987 0.0000000000
52312  -49.777  -39.939  41.493 0.0000000000
53477  -50.166  -39.525  41.985 0.0000000000
54667  -50.444  -38.457  42.529 0.0000000000
36489  -24.019  -53.401  50.698 0.0000000000
36490  -25.020  -53.522  50.520 0.0000000000
36491  -25.931  -53.426  50.227 0.0000000000
37780  -26.171  -52.845  50.342 0.0000000000
39086  -25.710  -52.205  50.315 0.0000000000
39077  -26.069  -51.559  50.782 0.0000000000
41517  -26.666  -49.377  51.250 0.0000000000
42663  -27.692  -47.898  51.706 0.0000000000
42664  -28.210  -47.553  51.180 0.0000000000
43902  -28.630  -47.311  51.671 0.0000000000
43903  -29.866  -46.950  51.807 0.0000000000
43926  -31.965  -46.869  51.168 0.0000000000
43927  -32.971  -47.251  50.926 0.0000000000
42680  -33.363  -47.910  50.190 0.0000000000
42703  -34.467  -48.386  49.610 0.0000000000
42728  -35.671  -48.480  48.730 0.0000000000
42779  -40.020  -47.842  46.959 0.0000000000
42780  -40.507  -47.735  46.887 0.0000000000
44005  -41.567  -47.596  47.228 0.0000000000
44029  -41.889  -47.225  46.464 0.0000000000
45290  -43.519  -47.049  45.895 0.0000000000
45272  -44.476  -46.923  47.349 0.0000000000
45310  -43.868  -46.633  45.307 0.0000000000
45337  -45.576  -45.907  44.276 0.0000000000
45338  -46.459  -45.743  44.578 0.0000000000
46456  -46.149  -45.577  44.171 0.0000000000
46457  -46.577  -45.412  44.158 0.0000000000
46478  -46.799  -45.021  43.755 0.0000000000
47639  -46.769  -44.558  43.380 0.0000000000
47624  -48.596  -44.237  44.687 0.0000000000
47641  -48.205  -44.247  44.083 0.0000000000
48774  -47.443  -43.855  43.304 0.0000000000
48783  -47.167  -43.425  42.607 0.0000000000
48784  -47.842  -43.020  42.846 0.0000000000
51130  -48.409  -41.319  41.811 0.0000000000
52338  -48.495  -40.897  41.134 0.0000000000
53529  -49.628  -39.520  40.425 0.0000000000
53550  -49.913  -39.037  39.994 0.0000000000
54732  -50.051  -38.679  39.218 0.0000000000
54710  -51.306  -37.998  40.438 0.0000000000
54734  -51.119  -38.361  40.025 0.0000000000
54746  -50.392  -38.309  38.991 0.0000000000
55871  -50.721  -37.562  38.815 0.0000000000
57008  -50.755  -36.646  38.406 0.0000000000
55816  -53.421  -36.459  41.199 0.0000000000
56975  -52.768  -36.614  40.321 0.0000000000
58000  -53.805  -35.716  40.429 0.0000000000
56997  -53.156  -36.342  40.072 0.0000000000
56996  -52.646  -36.336  39.773 0.0000000000
58023  -51.477  -35.899  38.686 0.0000000000
58022  -50.885  -35.905  38.401 0.0000000000
59098  -51.109  -35.260  38.424 0.0000000000
59114  -50.665  -34.507  38.116 0.0000000000
60253  -51.387  -33.569  37.999 0.0000000000
60254  -52.344  -33.471  38.221 0.0000000000
61367  -51.005  -32.691  37.265 0.0000000000
61384  -51.104  -32.217  36.484 0.0000000000
62422  -51.365  -32.064  36.190 0.0000000000
62443  -50.992  -31.834  35.679 0.0000000000
61352  -56.351  -32.423  38.613 0.0000000000
62390  -55.141  -32.097  38.063 0.0000000000
62426  -55.468  -31.548  36.650 0.0000000000
62425  -54.181  -31.461  36.510 0.0000000000
62444  -52.181  -31.539  35.523 0.0000000000
62481  -51.695  -31.163  33.582 0.0000000000
63687  -51.555  -31.036  32.896 0.0000000000
63709  -50.836  -30.856  32.506 0.0000000000
63714  -55.572  -29.802  32.752 0.0000000000
65072  -54.665  -29.822  32.205 0.0000000000
65088  -54.270  -29.756  31.932 0.0000000000
63764  -54.357  -29.621  30.656 0.0000000000
63738  -53.990  -29.985  31.322 0.0000000000
63761  -52.541  -30.304  30.470 0.0000000000
63783  -51.192  -30.013  29.156 0.0000000000
65121  -50.691  -29.817  28.939 0.0000000000
65155  -50.985  -29.173  27.251 0.0000000000
66494  -50.440  -28.663  26.905 0.0000000000
67700  -49.677  -28.009  26.604 0.0000000000
67690  -49.415  -27.322  26.994 0.0000000000
67681  -57.396  -26.381  30.328 0.0000000000
68895  -56.963  -26.149  30.002 0.0000000000
68894  -56.156  -26.532  29.954 0.0000000000
74210  -57.187  -21.993  31.066 0.0000000000
73192  -56.834  -22.884  30.473 0.0000000000
72256  -56.500  -23.352  30.339 0.0000000000
72233  -55.289  -22.964  30.363 0.0000000000
72255  -55.978  -23.271  30.222 0.0000000000
71218  -56.290  -23.750  30.277 0.0000000000
70098  -55.465  -24.973  30.133 0.0000000000
70080  -55.390  -25.494  30.168 0.0000000000
68893  -54.973  -26.401  29.847 0.0000000000
68892  -53.712  -27.049  29.451 0.0000000000
68907  -52.996  -27.061  28.980 0.0000000000
68906  -51.827  -26.466  28.951 0.0000000000
70094  -52.036  -25.291  29.226 0.0000000000
68905  -50.433  -26.823  28.214 0.0000000000
68913  -50.112  -27.092  27.807 0.0000000000
68917  -48.308  -26.437  26.804 0.0000000000
70124  -47.569  -25.813  26.527 0.0000000000
71252  -47.118  -25.254  26.006 0.0000000000
71239  -48.265  -24.640  27.230 0.0000000000
71238  -47.844  -24.802  27.020 0.0000000000
71251  -46.791  -24.523  25.752 0.0000000000
72295  -46.650  -23.595  25.255 0.0000000000
73241  -49.030  -22.096  26.808 0.0000000000
74271  -48.944  -20.937  27.275 0.0000000000
74284  -49.043  -21.448  27.042 0.0000000000
73239  -47.494  -22.487  25.937 0.0000000000
73247  -46.866  -23.138  24.663 0.0000000000
79803  -53.943  -16.812  33.970 0.0000000000
79801  -52.911  -16.637  33.030 0.0000000000
79827  -52.059  -16.614  31.658 0.0000000000
80880  -53.043  -15.720  32.115 0.0000000000
78824  -51.021  -17.419  30.446 0.0000000000
78823  -50.669  -16.967  30.026 0.0000000000
78844  -49.874  -17.464  28.435 0.0000000000
78843  -49.615  -17.535  27.934 0.0000000000
82061  -52.251  -14.844  29.354 0.0000000000
82060  -51.777  -15.053  28.954 0.0000000000
80982  -50.540  -15.526  26.352 0.0000000000
80972  -50.521  -15.563  27.300 0.0000000000
80958  -50.456  -15.646  28.084 0.0000000000
79876  -49.784  -16.401  27.803 0.0000000000
78846  -49.342  -17.333  27.432 0.0000000000
37801  -23.111  -52.583  48.447 0.0000000000
37828  -22.777  -51.827  46.894 0.0000000000
37884  -22.172  -52.157  40.404 0.0000000000
37898  -22.887  -52.534  39.948 0.0000000000
37817  -26.276  -52.500  48.037 0.0000000000
36536  -26.656  -53.062  47.064 0.0000000000
36547  -26.445  -53.365  46.202 0.0000000000
37842  -26.831  -52.694  45.725 0.0000000000
36559  -26.941  -53.468  45.238 0.0000000000
35334  -26.823  -54.024  44.834 0.0000000000
35341  -26.246  -54.156  44.457 0.0000000000
39167  -26.865  -52.244  42.694 0.0000000000
37878  -26.836  -52.767  41.929 0.0000000000
37888  -26.962  -53.020  41.305 0.0000000000
36609  -26.787  -53.135  41.388 0.0000000000
36595  -26.483  -53.340  41.729 0.0000000000
36593  -25.134  -53.320  40.915 0.0000000000
36626  -24.559  -53.009  39.332 0.0000000000
36657  -24.359  -53.423  37.675 0.0000000000
35460  -25.753  -54.085  34.368 0.0000000000
42749  -33.416  -48.112  47.956 0.0000000000
44021  -32.284  -47.065  46.732 0.0000000000
44045  -32.725  -47.354  45.804 0.0000000000
44020  -32.051  -46.578  46.615 0.0000000000
45306  -30.356  -45.553  45.620 0.0000000000
46433  -29.627  -45.273  45.074 0.0000000000
44119  -31.956  -46.556  43.515 0.0000000000
45352  -31.461  -46.333  43.413 0.0000000000
45351  -30.982  -46.187  43.766 0.0000000000
46470  -30.093  -45.491  43.522 0.0000000000
46453  -30.637  -45.640  44.110 0.0000000000
46452  -29.963  -45.265  44.318 0.0000000000
46432  -28.620  -45.267  45.216 0.0000000000
45348  -25.882  -46.267  43.374 0.0000000000
45380  -25.788  -45.923  42.185 0.0000000000
45379  -25.279  -46.855  42.493 0.0000000000
44124  -24.830  -47.660  41.748 0.0000000000
41637  -24.645  -49.160  39.450 0.0000000000
41636  -24.485  -49.404  38.914 0.0000000000
48820  -28.852  -43.581  38.974 0.0000000000
47728  -27.365  -43.798  38.223 0.0000000000
47701  -25.887  -44.898  39.453 0.0000000000
47725  -24.613  -45.339  37.866 0.0000000000
46586  -24.974  -45.587  38.916 0.0000000000
46564  -24.632  -46.022  39.138 0.0000000000
45423  -24.321  -46.794  38.952 0.0000000000
44138  -24.070  -47.571  38.391 0.0000000000
42872  -23.887  -47.949  37.009 0.0000000000
42858  -23.903  -48.256  37.777 0.0000000000
44131  -24.388  -47.776  39.120 0.0000000000
42847  -24.317  -48.481  38.766 0.0000000000
41649  -24.183  -49.368  37.806 0.0000000000
40485  -24.589  -50.266  37.617 0.0000000000
40501  -24.762  -50.552  36.052 0.0000000000
40513  -25.384  -50.496  35.226 0.0000000000
34343  -26.050  -55.363  33.837 0.0000000000
35301  -25.867  -53.777  47.756 0.0000000000
35302  -26.191  -53.541  47.533 0.0000000000
35311  -25.825  -53.978  47.423 0.0000000000
35313  -26.690  -53.424  47.023 0.0000000000
35323  -26.469  -53.494  46.903 0.0000000000
35333  -26.414  -54.165  44.812 0.0000000000
35342  -26.701  -54.136  44.275 0.0000000000
35350  -26.359  -53.940  43.570 0.0000000000
35351  -26.930  -54.049  43.677 0.0000000000
35352  -27.166  -53.715  43.636 0.0000000000
35362  -26.758  -53.839  43.112 0.0000000000
36521  -26.441  -53.233  47.659 0.0000000000
36522  -26.826  -52.732  47.655 0.0000000000
36535  -26.629  -53.317  47.009 0.0000000000
36596  -26.746  -53.136  41.918 0.0000000000
37781  -26.387  -53.199  49.944 0.0000000000
37792  -26.149  -52.464  50.010 0.0000000000
37802  -23.780  -53.002  48.588 0.0000000000
37818  -26.534  -52.792  47.544 0.0000000000
37831  -26.581  -52.374  46.614 0.0000000000
37832  -26.640  -52.632  46.727 0.0000000000
39119  -26.564  -52.388  46.870 0.0000000000
39147  -27.331  -52.274  44.362 0.0000000000
39155  -23.435  -52.051  43.327 0.0000000000
39176  -26.797  -52.242  42.062 0.0000000000
40357  -26.365  -50.368  50.900 0.0000000000
40486  -24.557  -50.431  36.956 0.0000000000
41584  -34.249  -47.878  45.625 0.0000000000
41599  -34.439  -47.829  45.406 0.0000000000
41600  -34.829  -47.937  45.523 0.0000000000
42662  -27.163  -48.466  51.113 0.0000000000
42794  -33.191  -47.541  45.676 0.0000000000
42811  -33.510  -47.672  45.153 0.0000000000
43952  -30.568  -46.688  50.052 0.0000000000
43980  -33.180  -47.875  48.373 0.0000000000
44004  -41.117  -47.681  47.070 0.0000000000
44019  -27.637  -46.557  46.796 0.0000000000
44046  -33.119  -47.511  46.132 0.0000000000
44055  -42.637  -47.088  45.561 0.0000000000
44070  -31.475  -46.396  44.690 0.0000000000
44095  -25.596  -47.657  43.094 0.0000000000
44103  -39.041  -47.205  44.211 0.0000000000
44104  -39.478  -47.021  44.113 0.0000000000
44118  -25.649  -48.107  43.085 0.0000000000
44150  -23.796  -46.887  36.963 0.0000000000
44160  -23.959  -46.902  36.763 0.0000000000
45202  -28.874  -46.505  50.066 0.0000000000
45266  -27.531  -46.614  47.994 0.0000000000
45268  -29.998  -45.650  47.062 0.0000000000
45289  -32.059  -46.514  47.073 0.0000000000
45350  -30.629  -45.834  43.454 0.0000000000
45400  -25.739  -45.756  41.570 0.0000000000
45410  -44.174  -45.510  41.566 0.0000000000
45414  -31.561  -45.741  41.354 0.0000000000
45425  -31.258  -45.704  41.263 0.0000000000
45427  -31.665  -45.590  40.972 0.0000000000
45443  -24.057  -46.670  36.833 0.0000000000
45448  -24.158  -46.814  36.659 0.0000000000
46365  -28.893  -45.922  48.271 0.0000000000
46409  -29.577  -45.594  47.112 0.0000000000
46451  -29.088  -45.074  44.471 0.0000000000
46455  -37.735  -46.404  43.715 0.0000000000
46471  -30.646  -45.772  43.674 0.0000000000
46477  -46.008  -45.398  43.613 0.0000000000
46479  -47.147  -44.932  43.937 0.0000000000
46497  -30.706  -45.905  42.371 0.0000000000
46504  -39.926  -46.227  42.035 0.0000000000
46525  -32.766  -45.362  41.488 0.0000000000
46527  -34.034  -44.989  42.151 0.0000000000
46534  -43.445  -45.460  41.050 0.0000000000
46550  -33.015  -45.157  41.205 0.0000000000
46566  -25.831  -45.393  40.044 0.0000000000
46567  -31.443  -45.619  41.197 0.0000000000
46568  -31.611  -45.549  41.067 0.0000000000
46569  -31.782  -45.427  40.985 0.0000000000
46574  -42.393  -45.204  40.065 0.0000000000
46602  -40.046  -45.137  37.789 0.0000000000
46605  -38.845  -44.686  36.703 0.0000000000
47617  -29.176  -45.030  43.991 0.0000000000
47637  -29.346  -45.059  43.517 0.0000000000
47638  -29.689  -45.327  43.383 0.0000000000
47651  -28.689  -44.929  42.669 0.0000000000
47653  -29.661  -45.369  43.138 0.0000000000
47658  -46.991  -44.084  43.228 0.0000000000
47672  -35.115  -44.378  41.779 0.0000000000
47675  -44.535  -44.741  41.310 0.0000000000
47700  -25.374  -45.343  39.079 0.0000000000
47707  -31.776  -43.625  39.858 0.0000000000
47711  -41.495  -44.604  39.242 0.0000000000
47730  -29.813  -43.797  38.886 0.0000000000
47745  -38.392  -44.669  37.151 0.0000000000
47746  -39.461  -44.420  37.047 0.0000000000
47753  -39.011  -44.374  36.668 0.0000000000
47759  -37.820  -44.228  36.148 0.0000000000
48797  -44.700  -44.259  41.335 0.0000000000
48815  -46.101  -42.944  41.079 0.0000000000
48822  -30.938  -43.683  39.279 0.0000000000
48855  -41.943  -43.051  38.998 0.0000000000
48873  -40.459  -43.824  37.894 0.0000000000
48887  -40.645  -43.301  37.527 0.0000000000
48906  -37.061  -43.150  34.976 0.0000000000
49916  -47.693  -42.855  42.504 0.0000000000
49953  -35.918  -42.708  38.987 0.0000000000
49972  -36.544  -43.040  37.752 0.0000000000
50014  -36.530  -42.752  36.446 0.0000000000
50015  -39.517  -42.875  36.522 0.0000000000
50017  -40.841  -42.985  37.262 0.0000000000
50031  -39.528  -42.479  36.397 0.0000000000
50038  -35.804  -42.615  34.023 0.0000000000
50040  -37.210  -42.605  34.710 0.0000000000
50062  -35.631  -42.050  33.051 0.0000000000
51142  -46.959  -41.820  40.591 0.0000000000
51158  -35.297  -41.876  38.228 0.0000000000
51198  -36.351  -42.345  36.138 0.0000000000
52340  -49.641  -39.850  41.204 0.0000000000
52369  -45.303  -40.801  39.550 0.0000000000
52373  -49.015  -39.627  39.510 0.0000000000
52381  -48.189  -39.679  38.724 0.0000000000
52427  -38.320  -41.075  35.894 0.0000000000
53549  -49.565  -39.173  39.504 0.0000000000
53578  -33.315  -39.962  36.185 0.0000000000
53586  -48.802  -39.214  36.999 0.0000000000
53611  -33.335  -39.761  34.878 0.0000000000
54733  -50.489  -38.567  39.700 0.0000000000
54749  -42.678  -38.737  37.475 0.0000000000
54775  -36.814  -38.925  34.969 0.0000000000
54813  -42.869  -37.829  33.254 0.0000000000
55834  -53.281  -36.649  41.042 0.0000000000
55855  -50.848  -37.943  39.287 0.0000000000
55895  -43.650  -37.771  35.505 0.0000000000
55911  -43.107  -37.642  34.536 0.0000000000
55914  -46.812  -37.626  34.311 0.0000000000
55915  -47.291  -37.946  34.261 0.0000000000
55931  -42.784  -37.594  33.984 0.0000000000
55933  -46.648  -37.903  33.822 0.0000000000
55948  -43.972  -37.959  32.180 0.0000000000
56956  -54.053  -35.999  41.168 0.0000000000
56976  -53.543  -36.236  40.745 0.0000000000
57045  -44.725  -36.389  33.241 0.0000000000
57059  -40.039  -36.743  32.260 0.0000000000
57061  -44.471  -36.824  32.575 0.0000000000
57097  -42.040  -36.723  30.774 0.0000000000
58034  -48.805  -35.313  37.205 0.0000000000
58064  -44.864  -35.008  34.278 0.0000000000
58092  -41.545  -35.642  31.016 0.0000000000
59100  -52.820  -34.730  38.998 0.0000000000
59124  -47.093  -34.815  36.241 0.0000000000
59144  -45.294  -34.244  35.063 0.0000000000
60255  -52.887  -33.562  38.477 0.0000000000
60261  -47.838  -33.591  36.252 0.0000000000
60264  -49.788  -33.123  37.066 0.0000000000
60275  -45.893  -33.114  35.061 0.0000000000
60292  -42.538  -33.733  32.539 0.0000000000
60301  -42.166  -33.873  32.238 0.0000000000
61366  -50.500  -32.819  37.199 0.0000000000
61385  -51.545  -32.391  36.926 0.0000000000
61387  -56.416  -32.025  37.241 0.0000000000
61392  -46.754  -32.501  34.915 0.0000000000
61405  -47.615  -32.224  34.754 0.0000000000
61407  -49.720  -31.912  35.277 0.0000000000
61416  -46.181  -32.226  33.627 0.0000000000
61425  -42.368  -32.777  32.398 0.0000000000
61427  -45.538  -32.015  33.095 0.0000000000
62404  -52.229  -32.311  37.045 0.0000000000
62408  -57.012  -31.859  37.244 0.0000000000
62440  -48.166  -32.122  34.784 0.0000000000
62466  -54.586  -30.790  34.820 0.0000000000
62473  -43.249  -32.356  33.017 0.0000000000
62490  -42.501  -32.314  32.387 0.0000000000
62516  -48.945  -30.845  32.244 0.0000000000
63654  -55.513  -30.895  34.904 0.0000000000
63655  -57.070  -30.637  35.138 0.0000000000
63686  -51.172  -30.919  33.139 0.0000000000
63692  -58.320  -29.896  34.016 0.0000000000
63693  -58.566  -29.715  33.962 0.0000000000
63739  -54.381  -29.696  30.891 0.0000000000
63763  -54.054  -29.730  30.584 0.0000000000
63781  -49.236  -29.748  29.843 0.0000000000
63782  -50.620  -29.909  29.335 0.0000000000
63797  -51.374  -29.728  28.509 0.0000000000
65035  -58.098  -30.003  33.925 0.0000000000
65055  -56.492  -29.600  33.158 0.0000000000
65092  -57.354  -29.089  32.296 0.0000000000
65104  -54.053  -29.399  30.047 0.0000000000
65107  -56.043  -28.716  30.707 0.0000000000
65176  -48.800  -29.036  25.685 0.0000000000
66465  -56.481  -28.962  31.305 0.0000000000
66467  -58.823  -28.095  31.791 0.0000000000
66474  -56.068  -28.684  31.001 0.0000000000
66486  -51.380  -28.624  27.612 0.0000000000
66505  -49.882  -28.690  26.505 0.0000000000
66517  -49.053  -28.968  25.644 0.0000000000
67689  -48.990  -27.277  26.902 0.0000000000
67692  -50.996  -28.142  27.533 0.0000000000
67698  -48.020  -27.308  26.153 0.0000000000
67701  -50.148  -28.262  26.771 0.0000000000
68875  -56.502  -25.795  30.250 0.0000000000
68876  -56.934  -25.719  30.152 0.0000000000
68896  -57.469  -25.737  30.328 0.0000000000
68912  -49.685  -26.602  27.674 0.0000000000
68919  -46.842  -26.803  25.369 0.0000000000
70081  -56.005  -25.057  30.396 0.0000000000
70082  -57.004  -25.181  30.375 0.0000000000
70100  -57.417  -25.403  30.300 0.0000000000
70114  -51.527  -25.499  29.009 0.0000000000
70125  -48.076  -25.829  27.029 0.0000000000
71195  -56.028  -24.530  30.309 0.0000000000
71213  -51.978  -24.645  29.224 0.0000000000
71244  -47.483  -24.541  26.549 0.0000000000
72234  -55.539  -22.961  30.314 0.0000000000
72237  -58.250  -23.160  30.782 0.0000000000
72289  -49.130  -22.906  27.127 0.0000000000
73178  -57.989  -22.666  31.054 0.0000000000
73190  -55.333  -22.711  30.382 0.0000000000
73193  -57.905  -22.758  30.728 0.0000000000
73194  -58.153  -22.911  30.707 0.0000000000
73210  -56.297  -22.945  30.306 0.0000000000
73211  -56.446  -23.132  30.346 0.0000000000
73220  -50.690  -22.674  28.385 0.0000000000
74208  -55.290  -21.644  31.888 0.0000000000
74228  -57.328  -22.387  30.753 0.0000000000
74229  -57.698  -22.603  30.733 0.0000000000
75287  -55.259  -21.297  33.001 0.0000000000
75335  -55.087  -21.210  30.255 0.0000000000
75350  -51.480  -20.604  28.407 0.0000000000
75373  -48.621  -20.254  25.989 0.0000000000
76518  -51.675  -19.294  30.997 0.0000000000
77696  -48.910  -18.627  26.569 0.0000000000
78776  -53.017  -17.157  33.335 0.0000000000
78793  -52.512  -17.474  32.656 0.0000000000
78836  -50.272  -17.205  29.352 0.0000000000
79787  -53.821  -16.158  34.053 0.0000000000
79818  -53.232  -16.065  32.929 0.0000000000
79826  -51.695  -16.700  31.065 0.0000000000
79841  -50.998  -16.551  29.889 0.0000000000
79843  -51.891  -16.376  31.003 0.0000000000
79868  -50.922  -16.119  29.217 0.0000000000
79875  -49.508  -16.562  27.198 0.0000000000
80856  -53.789  -15.796  33.639 0.0000000000
80870  -54.622  -15.136  33.935 0.0000000000
80881  -53.557  -15.571  32.444 0.0000000000
80882  -54.037  -15.510  32.777 0.0000000000
80894  -52.679  -15.825  31.730 0.0000000000
80895  -53.232  -15.490  31.769 0.0000000000
80914  -51.865  -15.841  30.297 0.0000000000
80932  -51.624  -15.791  29.829 0.0000000000
80944  -50.876  -15.602  28.460 0.0000000000
80973  -51.344  -14.912  26.822 0.0000000000
80974  -51.956  -14.661  26.926 0.0000000000
81957  -56.287  -14.640  35.051 0.0000000000
82003  -54.279  -15.142  32.497 0.0000000000
82035  -52.795  -15.323  30.762 0.0000000000
82048  -52.712  -15.170  30.351 0.0000000000
82072  -51.776  -14.914  28.690 0.0000000000
83188  -55.822  -13.981  32.253 0.0000000000
