#!ascii label  , from subject 3593 vox2ras=TkReg
1429
54218  17.490  -39.805  47.912 0.0000000000
46312  26.845  -44.607  56.078 0.0000000000
141158  35.133  -20.069  35.529 0.0000000000
61019  26.736  -34.401  46.967 0.0000000000
55318  30.533  -40.341  55.085 0.0000000000
93073  43.609  -6.880  29.363 0.0000000000
72377  36.002  -24.694  37.908 0.0000000000
69948  29.819  -25.735  38.880 0.0000000000
54238  12.546  -39.379  45.883 0.0000000000
49173  21.679  -43.015  51.484 0.0000000000
49213  26.433  -41.956  50.185 0.0000000000
53117  21.459  -39.485  45.875 0.0000000000
87310  38.874  -11.373  35.692 0.0000000000
49110  17.530  -42.761  54.446 0.0000000000
50457  14.220  -41.290  52.533 0.0000000000
85139  39.023  -14.404  39.247 0.0000000000
55370  10.736  -38.761  51.445 0.0000000000
47778  9.456  -44.679  51.484 0.0000000000
68468  29.010  -27.350  45.267 0.0000000000
58834  28.225  -36.472  51.445 0.0000000000
55376  32.825  -39.746  49.240 0.0000000000
50524  31.303  -43.216  48.659 0.0000000000
69901  34.918  -25.310  40.928 0.0000000000
69969  32.488  -25.554  38.599 0.0000000000
68561  32.535  -26.153  41.111 0.0000000000
74914  38.719  -22.903  39.653 0.0000000000
54290  16.532  -39.000  45.138 0.0000000000
54307  14.172  -40.215  43.794 0.0000000000
53070  15.035  -40.322  46.900 0.0000000000
51810  19.972  -40.637  49.837 0.0000000000
51839  22.040  -40.747  48.779 0.0000000000
53065  19.910  -39.192  47.674 0.0000000000
55465  18.683  -38.330  44.151 0.0000000000
81824  34.066  -17.983  36.660 0.0000000000
79505  37.174  -20.110  38.480 0.0000000000
81799  36.194  -17.299  38.634 0.0000000000
85158  35.613  -14.700  37.736 0.0000000000
52930  14.193  -40.366  55.271 0.0000000000
55359  13.593  -38.751  52.639 0.0000000000
56537  12.773  -37.804  54.503 0.0000000000
51709  8.301  -41.891  55.538 0.0000000000
51733  8.794  -42.396  53.681 0.0000000000
49115  8.422  -44.321  53.497 0.0000000000
44976  7.263  -47.592  52.526 0.0000000000
43612  6.779  -47.581  54.832 0.0000000000
59859  29.637  -34.824  53.468 0.0000000000
56547  29.709  -39.124  53.318 0.0000000000
57782  30.825  -39.144  50.565 0.0000000000
55358  32.037  -39.949  51.738 0.0000000000
51880  25.890  -40.566  46.921 0.0000000000
50527  28.685  -42.715  48.731 0.0000000000
53086  28.138  -40.746  45.874 0.0000000000
53084  30.149  -41.122  45.531 0.0000000000
65731  27.609  -30.006  46.040 0.0000000000
67174  27.542  -29.073  42.902 0.0000000000
63277  26.448  -31.985  43.855 0.0000000000
94195  45.371  -5.805  26.558 0.0000000000
91911  42.757  -6.663  27.126 0.0000000000
74996  35.841  -22.237  36.779 0.0000000000
73723  32.334  -23.546  36.905 0.0000000000
77199  39.065  -21.657  38.226 0.0000000000
46375  24.497  -44.344  53.786 0.0000000000
47750  26.690  -43.257  53.143 0.0000000000
49194  23.967  -42.697  51.007 0.0000000000
50569  23.865  -41.508  47.815 0.0000000000
54303  23.613  -39.378  44.242 0.0000000000
88343  42.390  -10.789  37.536 0.0000000000
89445  41.661  -9.597  35.400 0.0000000000
90647  41.060  -8.944  32.634 0.0000000000
90688  41.295  -8.325  30.267 0.0000000000
51776  17.992  -40.951  51.640 0.0000000000
50537  15.431  -41.511  49.358 0.0000000000
49132  15.723  -42.090  53.087 0.0000000000
49148  19.999  -42.757  52.272 0.0000000000
87259  38.392  -12.850  37.670 0.0000000000
53007  13.926  -39.625  49.189 0.0000000000
55400  12.131  -38.703  48.660 0.0000000000
51817  10.889  -41.422  48.737 0.0000000000
55340  9.214  -38.765  54.109 0.0000000000
51762  9.785  -42.058  50.995 0.0000000000
42309  4.885  -49.574  56.562 0.0000000000
69827  32.616  -25.491  44.913 0.0000000000
63244  28.360  -32.000  48.202 0.0000000000
62067  29.171  -33.233  51.384 0.0000000000
60986  26.958  -34.516  49.052 0.0000000000
58847  29.524  -37.950  49.309 0.0000000000
57811  32.515  -38.533  48.576 0.0000000000
55419  34.602  -39.335  46.479 0.0000000000
47768  28.816  -42.944  52.591 0.0000000000
49142  30.831  -42.528  52.091 0.0000000000
51749  32.340  -41.624  52.296 0.0000000000
51827  32.529  -40.989  48.616 0.0000000000
54232  33.449  -40.844  45.765 0.0000000000
71134  29.732  -26.710  42.380 0.0000000000
68589  26.949  -28.470  39.438 0.0000000000
69879  35.370  -25.388  41.861 0.0000000000
69902  33.977  -26.049  41.038 0.0000000000
69881  33.857  -25.198  41.692 0.0000000000
141102  36.691  -24.583  41.489 0.0000000000
53097  17.086  -39.449  46.656 0.0000000000
54264  15.445  -39.506  45.710 0.0000000000
53043  16.482  -40.340  47.603 0.0000000000
51842  18.278  -40.341  48.849 0.0000000000
51865  19.662  -39.672  48.120 0.0000000000
53066  18.814  -39.669  47.688 0.0000000000
54261  18.244  -38.660  46.119 0.0000000000
81840  34.708  -18.792  36.342 0.0000000000
79518  36.289  -19.820  36.965 0.0000000000
79496  36.528  -18.523  38.557 0.0000000000
80698  35.366  -18.744  36.834 0.0000000000
80684  35.201  -17.966  37.517 0.0000000000
50409  7.775  -42.635  55.510 0.0000000000
49075  8.593  -43.271  54.664 0.0000000000
47715  7.847  -44.733  54.270 0.0000000000
46355  7.629  -45.364  53.331 0.0000000000
46334  7.206  -45.435  53.889 0.0000000000
44944  6.612  -47.078  53.820 0.0000000000
57728  28.980  -38.034  55.388 0.0000000000
56529  29.834  -39.500  54.171 0.0000000000
56546  30.796  -39.538  53.009 0.0000000000
55349  31.059  -40.029  53.432 0.0000000000
46293  28.268  -44.486  56.224 0.0000000000
53112  25.678  -40.178  45.467 0.0000000000
53059  26.874  -40.804  46.833 0.0000000000
54256  26.858  -39.948  45.525 0.0000000000
54254  28.503  -39.956  45.307 0.0000000000
63260  28.027  -32.065  46.063 0.0000000000
64471  26.646  -31.704  45.162 0.0000000000
93067  43.726  -6.791  31.854 0.0000000000
94177  44.500  -6.702  30.735 0.0000000000
94182  44.506  -6.690  30.090 0.0000000000
94192  44.493  -6.463  27.970 0.0000000000
93079  42.708  -7.103  28.263 0.0000000000
73720  36.002  -23.786  36.617 0.0000000000
74982  34.296  -22.964  36.387 0.0000000000
72417  34.018  -24.361  36.610 0.0000000000
69971  31.042  -25.361  38.690 0.0000000000
71234  30.948  -24.907  37.803 0.0000000000
69997  29.643  -25.636  37.685 0.0000000000
72359  36.932  -23.731  38.844 0.0000000000
74947  38.240  -23.186  37.659 0.0000000000
76118  37.314  -22.153  37.524 0.0000000000
54266  13.205  -39.376  45.349 0.0000000000
53073  11.703  -39.848  45.839 0.0000000000
47775  23.154  -43.564  53.038 0.0000000000
47794  24.587  -43.644  51.792 0.0000000000
49195  23.034  -42.553  51.233 0.0000000000
53063  21.743  -40.063  47.360 0.0000000000
50571  22.994  -41.200  48.599 0.0000000000
51884  23.246  -40.005  47.270 0.0000000000
53090  23.924  -40.468  46.427 0.0000000000
54284  22.635  -39.113  44.761 0.0000000000
55463  20.915  -38.537  44.140 0.0000000000
58883  30.162  -37.728  47.204 0.0000000000
87271  39.742  -11.386  36.159 0.0000000000
88368  41.516  -10.344  36.409 0.0000000000
88395  40.262  -10.692  34.905 0.0000000000
90649  39.795  -9.788  32.604 0.0000000000
90662  40.318  -8.859  31.846 0.0000000000
90676  41.387  -8.380  31.088 0.0000000000
50470  17.901  -41.493  52.251 0.0000000000
49176  16.427  -42.184  51.720 0.0000000000
49131  16.291  -42.614  53.131 0.0000000000
50453  18.822  -42.184  52.819 0.0000000000
50469  18.910  -41.763  51.913 0.0000000000
87253  40.444  -12.111  38.341 0.0000000000
86191  38.656  -13.776  38.224 0.0000000000
85171  35.245  -14.321  37.031 0.0000000000
50473  14.279  -41.479  51.726 0.0000000000
50513  13.881  -41.345  49.798 0.0000000000
51777  13.584  -41.067  50.646 0.0000000000
56589  12.546  -37.988  51.801 0.0000000000
56603  12.828  -38.603  50.054 0.0000000000
55390  11.347  -38.839  49.639 0.0000000000
54189  11.368  -39.487  48.991 0.0000000000
54190  10.516  -39.584  49.551 0.0000000000
56540  9.436  -38.406  55.090 0.0000000000
50445  8.930  -43.235  52.914 0.0000000000
52968  8.845  -41.221  52.453 0.0000000000
50476  10.315  -42.940  51.262 0.0000000000
50495  10.307  -43.125  50.470 0.0000000000
65660  28.505  -30.364  48.516 0.0000000000
59878  28.774  -35.562  52.916 0.0000000000
60937  29.583  -33.788  52.430 0.0000000000
59904  28.731  -35.029  51.259 0.0000000000
60969  27.963  -33.814  49.986 0.0000000000
59906  27.572  -36.355  50.415 0.0000000000
58849  27.375  -36.773  49.871 0.0000000000
57813  28.917  -37.419  50.123 0.0000000000
56601  32.429  -39.047  49.889 0.0000000000
57795  32.121  -38.558  49.545 0.0000000000
56615  33.008  -39.067  48.729 0.0000000000
56641  34.442  -38.737  47.545 0.0000000000
55408  33.935  -39.360  47.428 0.0000000000
47792  26.395  -43.291  51.932 0.0000000000
47770  27.318  -42.998  52.527 0.0000000000
49166  27.985  -42.650  51.240 0.0000000000
50525  30.351  -43.093  48.638 0.0000000000
49188  29.800  -42.589  49.694 0.0000000000
49186  31.492  -43.037  50.212 0.0000000000
50467  31.519  -42.142  51.808 0.0000000000
50502  32.039  -42.621  50.142 0.0000000000
51772  31.931  -41.449  50.477 0.0000000000
50548  31.377  -41.898  48.534 0.0000000000
54277  30.447  -40.120  44.570 0.0000000000
54252  31.811  -40.655  45.300 0.0000000000
71106  30.729  -26.118  45.262 0.0000000000
69847  30.801  -25.861  43.558 0.0000000000
69848  29.476  -26.718  43.761 0.0000000000
65797  26.404  -30.404  42.116 0.0000000000
67217  27.344  -28.703  41.357 0.0000000000
94200  45.133  -5.559  25.872 0.0000000000
71169  35.708  -24.592  39.289 0.0000000000
71208  34.215  -25.253  38.162 0.0000000000
69944  33.759  -25.712  39.266 0.0000000000
69924  32.815  -25.969  40.290 0.0000000000
68584  31.364  -25.903  39.982 0.0000000000
73632  38.807  -23.724  41.491 0.0000000000
72328  36.631  -24.258  40.451 0.0000000000
55469  15.470  -39.393  44.482 0.0000000000
54265  14.423  -39.415  45.719 0.0000000000
53071  14.375  -39.660  46.774 0.0000000000
50507  20.927  -42.147  50.594 0.0000000000
50533  21.924  -41.819  50.133 0.0000000000
50561  21.126  -40.988  49.617 0.0000000000
53064  20.852  -39.695  47.469 0.0000000000
53118  20.633  -39.348  46.021 0.0000000000
54286  20.644  -38.613  45.261 0.0000000000
54260  19.268  -38.878  45.937 0.0000000000
55466  17.584  -38.483  44.214 0.0000000000
87298  36.253  -11.035  34.016 0.0000000000
49090  16.851  -43.061  55.198 0.0000000000
80652  37.971  -18.236  39.832 0.0000000000
82915  37.735  -17.030  40.106 0.0000000000
84046  37.188  -15.643  38.957 0.0000000000
85142  36.934  -14.938  38.592 0.0000000000
82940  35.654  -16.340  38.671 0.0000000000
82942  34.190  -16.577  37.505 0.0000000000
51741  14.096  -40.968  53.825 0.0000000000
52967  14.227  -40.323  52.107 0.0000000000
54136  14.176  -39.177  54.158 0.0000000000
55350  13.617  -38.518  53.470 0.0000000000
56574  11.820  -37.758  52.802 0.0000000000
54125  8.803  -40.097  55.517 0.0000000000
52931  9.139  -41.756  55.000 0.0000000000
50436  8.833  -43.108  53.858 0.0000000000
47755  8.507  -44.541  52.203 0.0000000000
46379  8.491  -45.285  52.014 0.0000000000
57730  28.247  -36.913  54.369 0.0000000000
57765  28.980  -37.592  52.588 0.0000000000
57784  30.014  -37.843  51.321 0.0000000000
56570  30.305  -39.079  52.265 0.0000000000
56568  31.683  -39.665  51.496 0.0000000000
55366  32.343  -39.973  50.124 0.0000000000
50555  26.404  -41.875  48.572 0.0000000000
49212  27.429  -42.018  49.922 0.0000000000
50554  27.233  -42.294  48.352 0.0000000000
51833  28.608  -41.812  47.835 0.0000000000
51832  29.647  -42.181  47.726 0.0000000000
53036  31.043  -41.532  47.362 0.0000000000
53056  29.690  -41.156  46.450 0.0000000000
54278  29.471  -40.366  44.747 0.0000000000
67108  27.877  -28.720  45.591 0.0000000000
68491  28.414  -27.736  44.122 0.0000000000
65753  27.469  -29.337  45.008 0.0000000000
64497  26.567  -30.652  44.227 0.0000000000
94185  46.293  -6.382  28.229 0.0000000000
94196  44.098  -6.081  26.870 0.0000000000
78386  36.355  -20.829  36.302 0.0000000000
77259  33.976  -21.110  35.162 0.0000000000
76149  33.812  -22.062  35.655 0.0000000000
71232  32.686  -24.768  37.739 0.0000000000
73725  30.810  -24.332  36.422 0.0000000000
76083  40.685  -21.896  40.390 0.0000000000
77182  40.485  -20.995  39.867 0.0000000000
78340  39.321  -20.140  39.772 0.0000000000
78348  38.417  -20.670  38.887 0.0000000000
78366  37.177  -20.863  36.855 0.0000000000
46328  25.560  -44.855  55.013 0.0000000000
46348  26.368  -43.992  54.374 0.0000000000
46396  25.574  -43.587  53.327 0.0000000000
47793  25.555  -43.626  51.850 0.0000000000
49192  25.852  -42.136  51.113 0.0000000000
50532  22.860  -41.912  49.832 0.0000000000
49231  24.212  -41.501  49.632 0.0000000000
50556  25.403  -41.200  48.932 0.0000000000
53061  24.454  -40.735  46.904 0.0000000000
53089  24.940  -40.517  46.282 0.0000000000
54302  24.271  -39.523  44.398 0.0000000000
90599  42.660  -8.289  35.207 0.0000000000
89475  40.250  -10.074  33.844 0.0000000000
89474  41.269  -9.515  33.499 0.0000000000
90610  42.897  -8.340  34.134 0.0000000000
89493  42.464  -8.703  32.045 0.0000000000
90686  42.585  -7.825  30.962 0.0000000000
93075  41.921  -7.657  29.298 0.0000000000
93080  41.763  -7.713  28.482 0.0000000000
51812  17.665  -40.829  49.449 0.0000000000
51813  16.538  -40.981  49.153 0.0000000000
50510  16.637  -40.886  50.902 0.0000000000
49178  15.346  -41.531  51.545 0.0000000000
50456  14.661  -41.568  52.766 0.0000000000
49112  15.805  -42.502  54.057 0.0000000000
50435  14.483  -41.706  54.486 0.0000000000
51720  14.191  -41.182  55.929 0.0000000000
44921  25.318  -45.422  56.064 0.0000000000
44954  24.358  -44.915  54.919 0.0000000000
47752  23.152  -44.226  53.585 0.0000000000
47776  22.212  -43.456  52.962 0.0000000000
49126  20.813  -43.685  53.266 0.0000000000
49174  20.830  -42.676  51.604 0.0000000000
50488  19.890  -41.970  51.048 0.0000000000
51793  19.243  -40.728  50.561 0.0000000000
88333  42.172  -11.486  38.347 0.0000000000
88345  40.325  -11.579  37.483 0.0000000000
141480  38.025  -11.520  36.831 0.0000000000
86193  36.975  -13.538  37.606 0.0000000000
87272  36.432  -12.379  36.937 0.0000000000
87285  36.398  -11.795  36.070 0.0000000000
51815  14.911  -41.215  48.276 0.0000000000
51847  14.857  -39.560  48.065 0.0000000000
53045  14.155  -39.108  47.641 0.0000000000
54175  13.952  -39.386  50.509 0.0000000000
55398  13.686  -38.517  48.920 0.0000000000
54221  12.067  -38.989  47.541 0.0000000000
53047  11.244  -40.212  47.084 0.0000000000
51848  10.974  -41.573  47.801 0.0000000000
56538  11.546  -37.722  54.663 0.0000000000
56575  10.652  -38.001  52.893 0.0000000000
54157  9.332  -40.180  52.418 0.0000000000
54167  9.928  -40.001  51.493 0.0000000000
51798  10.175  -41.387  50.103 0.0000000000
42307  6.379  -48.525  55.481 0.0000000000
69844  33.691  -25.679  43.751 0.0000000000
69786  28.919  -27.251  46.604 0.0000000000
67072  28.563  -29.096  47.220 0.0000000000
64460  28.432  -31.118  46.986 0.0000000000
62110  27.695  -32.988  47.414 0.0000000000
63214  28.822  -32.564  49.702 0.0000000000
60985  27.817  -33.518  48.834 0.0000000000
61004  26.657  -34.791  48.028 0.0000000000
58866  26.866  -36.062  48.427 0.0000000000
58864  28.570  -37.603  48.393 0.0000000000
58862  30.820  -37.506  48.135 0.0000000000
57798  30.250  -37.689  50.335 0.0000000000
58832  31.025  -38.369  49.281 0.0000000000
58860  32.561  -37.235  47.880 0.0000000000
57840  34.347  -38.173  47.317 0.0000000000
56646  35.041  -38.418  46.857 0.0000000000
54118  31.156  -40.738  55.348 0.0000000000
46325  27.905  -43.937  54.770 0.0000000000
46324  28.979  -43.886  54.402 0.0000000000
47725  30.027  -43.040  53.969 0.0000000000
49165  28.967  -42.647  50.927 0.0000000000
49144  29.801  -42.725  51.715 0.0000000000
49103  31.174  -43.291  53.805 0.0000000000
50442  32.042  -42.677  53.415 0.0000000000
51739  32.300  -41.919  53.171 0.0000000000
54145  32.143  -40.887  52.960 0.0000000000
54154  32.441  -40.663  51.938 0.0000000000
53006  32.712  -40.918  49.754 0.0000000000
53020  32.871  -40.568  48.758 0.0000000000
51829  31.750  -41.560  47.596 0.0000000000
53034  32.675  -40.850  47.203 0.0000000000
54215  33.486  -39.848  47.062 0.0000000000
54231  33.801  -40.423  45.961 0.0000000000
69864  32.242  -25.811  42.619 0.0000000000
68541  30.997  -26.413  41.472 0.0000000000
68564  29.285  -26.401  40.549 0.0000000000
68518  27.982  -28.079  42.631 0.0000000000
69907  28.505  -27.123  41.196 0.0000000000
68611  28.057  -27.053  39.037 0.0000000000
93086  41.792  -7.330  27.440 0.0000000000
69842  35.630  -25.213  43.354 0.0000000000
69861  34.618  -25.373  42.544 0.0000000000
141100  36.109  -24.878  42.726 0.0000000000
54235  17.550  -39.824  47.676 0.0000000000
53068  16.878  -39.895  47.278 0.0000000000
53042  17.153  -39.955  48.014 0.0000000000
53040  18.530  -39.913  48.287 0.0000000000
54234  18.121  -39.736  47.745 0.0000000000
53067  17.799  -39.791  47.238 0.0000000000
141160  35.148  -19.333  36.215 0.0000000000
80716  34.329  -19.187  35.712 0.0000000000
80715  35.854  -19.542  36.518 0.0000000000
80697  36.360  -19.239  37.383 0.0000000000
49060  7.539  -43.493  55.818 0.0000000000
49076  8.091  -43.774  54.866 0.0000000000
47697  7.648  -44.689  54.919 0.0000000000
46317  7.378  -45.346  54.704 0.0000000000
44928  7.034  -46.102  54.594 0.0000000000
55319  30.137  -39.453  55.126 0.0000000000
56513  29.932  -38.714  55.036 0.0000000000
55335  30.265  -40.210  54.020 0.0000000000
55334  30.908  -40.654  53.777 0.0000000000
46294  27.222  -44.706  56.698 0.0000000000
46311  27.584  -44.389  55.728 0.0000000000
55459  25.724  -39.574  44.500 0.0000000000
54280  26.088  -39.999  45.184 0.0000000000
55458  26.866  -39.509  44.521 0.0000000000
63253  27.314  -32.709  46.392 0.0000000000
63261  26.983  -32.453  45.766 0.0000000000
93070  43.672  -6.795  30.870 0.0000000000
93069  44.487  -6.691  31.084 0.0000000000
73704  36.227  -24.350  37.167 0.0000000000
73721  35.595  -24.352  36.698 0.0000000000
72378  35.357  -24.707  37.530 0.0000000000
69947  30.727  -25.537  39.138 0.0000000000
69972  30.106  -25.520  38.427 0.0000000000
69973  29.123  -25.904  38.017 0.0000000000
69949  28.951  -26.201  38.635 0.0000000000
72360  36.363  -24.349  38.560 0.0000000000
73702  37.871  -23.583  37.936 0.0000000000
73689  36.683  -24.336  37.814 0.0000000000
73719  36.699  -23.692  36.963 0.0000000000
55439  12.754  -39.383  45.474 0.0000000000
54294  12.671  -39.951  44.617 0.0000000000
54267  12.391  -39.613  45.289 0.0000000000
47796  22.718  -43.632  52.104 0.0000000000
49171  23.086  -43.252  51.641 0.0000000000
49172  22.434  -43.200  51.516 0.0000000000
53092  22.422  -39.776  46.843 0.0000000000
53116  22.453  -39.592  45.727 0.0000000000
55462  21.808  -38.979  44.016 0.0000000000
54285  21.681  -38.983  44.998 0.0000000000
87284  39.908  -11.040  35.531 0.0000000000
90678  39.646  -8.930  30.751 0.0000000000
50454  18.104  -42.130  52.675 0.0000000000
50455  17.466  -42.287  52.318 0.0000000000
49130  17.254  -42.528  53.221 0.0000000000
49129  18.266  -42.538  53.536 0.0000000000
84044  38.415  -15.171  39.815 0.0000000000
85138  39.776  -14.398  39.605 0.0000000000
86179  39.524  -13.296  38.733 0.0000000000
85154  38.675  -14.248  38.681 0.0000000000
50474  13.882  -41.303  52.072 0.0000000000
51760  13.681  -41.062  51.644 0.0000000000
56590  11.826  -38.101  52.026 0.0000000000
55369  11.923  -38.025  51.181 0.0000000000
55380  11.008  -38.715  50.368 0.0000000000
54177  10.046  -39.728  50.461 0.0000000000
55327  8.784  -38.884  55.509 0.0000000000
49134  9.286  -43.869  52.157 0.0000000000
50458  9.914  -43.132  52.217 0.0000000000
49155  9.964  -43.880  51.084 0.0000000000
49154  10.206  -43.832  50.698 0.0000000000
58820  28.272  -36.305  52.343 0.0000000000
59891  28.911  -34.950  52.137 0.0000000000
59892  28.262  -35.558  51.987 0.0000000000
59905  28.121  -35.835  50.761 0.0000000000
57801  27.978  -37.090  50.495 0.0000000000
57800  28.574  -37.130  50.881 0.0000000000
56600  32.653  -39.288  49.499 0.0000000000
55386  33.261  -39.467  48.563 0.0000000000
55385  33.618  -39.221  48.142 0.0000000000
54185  33.528  -39.585  48.271 0.0000000000
49191  26.796  -42.552  50.746 0.0000000000
49167  27.068  -42.979  51.281 0.0000000000
50505  30.817  -43.177  49.248 0.0000000000
50504  31.527  -43.354  49.453 0.0000000000
50486  31.852  -42.978  50.374 0.0000000000
50523  31.641  -43.046  48.975 0.0000000000
50522  31.409  -42.219  49.492 0.0000000000
50549  31.640  -42.768  48.062 0.0000000000
69830  29.656  -26.684  44.876 0.0000000000
69829  30.420  -26.264  44.516 0.0000000000
68490  29.018  -27.285  44.602 0.0000000000
71170  35.289  -24.809  40.122 0.0000000000
71186  34.713  -24.973  39.035 0.0000000000
69922  34.397  -25.329  39.789 0.0000000000
69903  33.270  -25.814  41.163 0.0000000000
69925  32.031  -25.909  40.033 0.0000000000
68583  32.072  -26.121  40.409 0.0000000000
73631  39.435  -23.372  42.027 0.0000000000
71156  36.089  -24.922  40.766 0.0000000000
72327  37.402  -24.499  41.024 0.0000000000
71157  35.816  -24.873  40.513 0.0000000000
72341  35.971  -24.382  40.018 0.0000000000
53099  15.224  -39.958  46.439 0.0000000000
53100  14.757  -39.939  46.491 0.0000000000
50508  20.479  -41.544  50.523 0.0000000000
50534  21.113  -41.286  50.135 0.0000000000
51809  20.779  -40.829  49.821 0.0000000000
51864  20.372  -39.959  48.201 0.0000000000
53094  20.236  -38.935  46.754 0.0000000000
54259  20.040  -38.903  45.828 0.0000000000
54262  17.275  -38.989  45.999 0.0000000000
54289  17.421  -38.641  45.183 0.0000000000
79495  37.716  -19.886  39.192 0.0000000000
80666  37.936  -18.746  39.690 0.0000000000
80668  36.496  -18.071  38.705 0.0000000000
81785  37.485  -17.560  39.702 0.0000000000
81798  36.798  -17.393  39.287 0.0000000000
82928  37.516  -16.476  39.569 0.0000000000
82929  36.527  -16.423  39.148 0.0000000000
84058  36.329  -15.520  38.721 0.0000000000
81811  34.361  -17.289  37.467 0.0000000000
81812  33.936  -16.749  37.228 0.0000000000
52942  14.226  -40.160  54.237 0.0000000000
55339  13.653  -38.454  54.346 0.0000000000
56554  12.805  -37.827  53.581 0.0000000000
52922  8.489  -41.226  56.384 0.0000000000
52932  8.772  -41.229  55.576 0.0000000000
49094  8.654  -43.575  54.197 0.0000000000
50421  8.812  -42.901  54.565 0.0000000000
49114  8.727  -44.042  53.269 0.0000000000
46378  8.642  -44.941  51.865 0.0000000000
47756  7.999  -45.259  52.500 0.0000000000
44957  7.393  -46.757  52.774 0.0000000000
44975  7.780  -47.017  52.032 0.0000000000
43613  6.763  -47.927  54.205 0.0000000000
43610  6.979  -48.119  54.959 0.0000000000
56530  29.189  -38.621  54.610 0.0000000000
57729  28.350  -37.507  55.007 0.0000000000
57742  28.513  -37.985  54.198 0.0000000000
57743  28.512  -37.347  53.624 0.0000000000
56549  28.885  -37.970  53.101 0.0000000000
56571  29.671  -38.602  52.609 0.0000000000
56545  31.195  -39.870  52.106 0.0000000000
56567  32.121  -39.675  51.065 0.0000000000
55357  32.236  -40.091  51.196 0.0000000000
51836  25.838  -41.412  47.976 0.0000000000
51835  26.687  -42.024  47.744 0.0000000000
53058  27.789  -41.212  46.676 0.0000000000
51856  27.902  -41.679  47.309 0.0000000000
53039  28.451  -41.451  47.121 0.0000000000
53038  29.228  -41.380  47.274 0.0000000000
53057  28.701  -41.305  46.374 0.0000000000
54279  28.806  -40.128  44.711 0.0000000000
65732  27.483  -30.368  45.143 0.0000000000
64485  26.404  -32.026  44.354 0.0000000000
64498  26.278  -31.251  43.515 0.0000000000
93083  43.413  -6.519  27.509 0.0000000000
93090  43.277  -6.482  27.017 0.0000000000
94197  43.288  -6.384  26.522 0.0000000000
93091  42.595  -6.656  26.424 0.0000000000
77240  36.078  -21.412  36.300 0.0000000000
77242  34.580  -21.485  35.500 0.0000000000
76147  35.114  -21.935  35.863 0.0000000000
74983  33.183  -23.068  36.361 0.0000000000
74967  32.364  -23.212  36.542 0.0000000000
73707  31.755  -23.344  36.547 0.0000000000
71209  33.071  -25.383  38.193 0.0000000000
72380  33.787  -24.978  37.711 0.0000000000
71235  29.939  -25.322  37.273 0.0000000000
72398  31.261  -24.420  37.096 0.0000000000
72399  30.067  -24.778  36.484 0.0000000000
73743  30.341  -24.195  35.761 0.0000000000
74913  39.679  -23.005  40.365 0.0000000000
74912  40.428  -22.606  40.723 0.0000000000
74930  40.321  -22.596  39.974 0.0000000000
76107  39.591  -22.123  38.031 0.0000000000
76096  39.698  -22.503  38.479 0.0000000000
77198  39.620  -21.861  38.541 0.0000000000
77183  39.912  -20.853  39.583 0.0000000000
77190  39.329  -21.232  39.126 0.0000000000
78355  38.310  -21.343  38.315 0.0000000000
76119  36.689  -21.988  37.244 0.0000000000
77211  37.079  -21.489  37.055 0.0000000000
77222  36.617  -21.453  36.654 0.0000000000
46350  24.735  -44.583  54.362 0.0000000000
46374  25.198  -44.020  53.849 0.0000000000
46397  24.964  -43.637  53.302 0.0000000000
47812  24.095  -43.091  51.649 0.0000000000
49170  24.571  -43.016  51.380 0.0000000000
49169  25.278  -43.040  51.449 0.0000000000
49193  24.858  -42.302  51.030 0.0000000000
50559  22.538  -41.340  49.244 0.0000000000
50570  23.489  -41.353  48.181 0.0000000000
50557  24.276  -41.445  48.537 0.0000000000
49230  24.736  -41.076  49.407 0.0000000000
51837  24.978  -41.202  48.029 0.0000000000
51860  24.250  -41.223  47.434 0.0000000000
53131  23.738  -39.377  44.981 0.0000000000
53114  24.279  -39.768  45.401 0.0000000000
55464  19.900  -38.308  44.075 0.0000000000
55495  18.972  -38.331  42.960 0.0000000000
90601  41.373  -9.912  36.026 0.0000000000
89432  41.798  -9.939  36.360 0.0000000000
89431  42.369  -9.281  35.784 0.0000000000
90585  42.940  -8.863  36.198 0.0000000000
89477  38.077  -10.323  33.627 0.0000000000
89476  38.880  -10.287  33.841 0.0000000000
90629  40.646  -9.576  33.334 0.0000000000
89495  41.607  -9.175  32.944 0.0000000000
89473  41.997  -9.253  33.223 0.0000000000
89494  41.858  -8.924  32.379 0.0000000000
89472  42.410  -8.715  32.796 0.0000000000
90687  41.921  -7.925  30.766 0.0000000000
91880  42.438  -7.461  30.491 0.0000000000
91881  41.741  -7.698  29.877 0.0000000000
51794  17.958  -41.016  50.620 0.0000000000
51795  17.021  -40.955  50.037 0.0000000000
50509  17.282  -40.805  51.491 0.0000000000
49151  15.957  -42.470  52.208 0.0000000000
49177  15.852  -41.880  51.617 0.0000000000
49152  15.360  -42.012  52.148 0.0000000000
50472  14.961  -41.638  51.765 0.0000000000
49133  15.222  -41.721  52.994 0.0000000000
49091  15.894  -43.036  55.194 0.0000000000
49092  15.230  -42.395  54.810 0.0000000000
50434  14.790  -42.171  54.271 0.0000000000
51732  14.387  -41.000  54.900 0.0000000000
44937  24.980  -45.132  55.255 0.0000000000
49127  20.057  -43.355  53.167 0.0000000000
49147  20.730  -43.213  52.474 0.0000000000
49175  20.026  -42.723  51.358 0.0000000000
50468  19.677  -42.322  51.750 0.0000000000
51758  18.408  -40.968  51.977 0.0000000000
51775  18.936  -40.678  51.486 0.0000000000
51811  18.786  -40.605  49.669 0.0000000000
77260  33.434  -21.248  35.239 0.0000000000
87254  39.387  -11.995  37.655 0.0000000000
88346  39.781  -11.598  37.207 0.0000000000
85157  36.271  -14.605  38.227 0.0000000000
85156  37.174  -14.202  38.241 0.0000000000
85170  35.898  -13.990  37.722 0.0000000000
86206  35.121  -13.307  36.378 0.0000000000
86205  35.944  -13.470  37.084 0.0000000000
87273  35.886  -12.679  36.673 0.0000000000
88360  36.975  -11.987  37.067 0.0000000000
87274  35.448  -12.499  35.986 0.0000000000
51814  15.747  -41.361  48.393 0.0000000000
51796  13.795  -40.570  49.350 0.0000000000
51816  14.325  -40.439  48.470 0.0000000000
53021  14.241  -39.554  48.589 0.0000000000
54156  14.106  -39.429  52.201 0.0000000000
52966  14.080  -40.058  51.708 0.0000000000
54166  13.801  -39.087  51.580 0.0000000000
56618  12.600  -38.467  49.673 0.0000000000
55388  13.665  -38.750  49.779 0.0000000000
56632  12.870  -38.418  48.886 0.0000000000
54203  13.288  -38.768  48.119 0.0000000000
55410  12.241  -38.850  48.088 0.0000000000
54204  11.564  -39.430  48.076 0.0000000000
53008  10.764  -40.610  49.174 0.0000000000
53022  10.743  -40.343  48.269 0.0000000000
50540  10.680  -42.601  48.650 0.0000000000
56539  10.262  -37.837  54.777 0.0000000000
56556  10.396  -37.961  53.839 0.0000000000
55351  9.995  -39.171  53.264 0.0000000000
52943  8.822  -41.570  54.412 0.0000000000
52954  8.666  -41.273  53.437 0.0000000000
51751  9.345  -42.276  51.760 0.0000000000
54158  8.897  -40.652  52.530 0.0000000000
52983  9.467  -41.161  51.600 0.0000000000
52995  9.815  -41.032  50.639 0.0000000000
51779  10.190  -41.918  50.380 0.0000000000
43605  6.388  -48.116  56.013 0.0000000000
42308  5.469  -49.060  56.235 0.0000000000
71080  31.181  -25.898  46.423 0.0000000000
68405  28.744  -27.854  47.721 0.0000000000
68428  28.530  -27.767  46.591 0.0000000000
64422  28.128  -30.758  48.300 0.0000000000
65680  28.467  -30.295  47.722 0.0000000000
64444  27.985  -31.077  47.910 0.0000000000
63251  27.904  -31.977  47.405 0.0000000000
62109  28.217  -32.638  47.831 0.0000000000
62050  29.181  -33.246  51.968 0.0000000000
63213  29.192  -32.435  50.331 0.0000000000
60970  27.833  -35.132  49.703 0.0000000000
61003  27.347  -33.719  47.933 0.0000000000
60987  26.622  -35.056  48.554 0.0000000000
59929  26.774  -35.561  48.792 0.0000000000
58848  28.186  -37.458  49.441 0.0000000000
58863  29.762  -38.239  48.029 0.0000000000
58846  30.499  -38.235  48.746 0.0000000000
57783  30.359  -38.536  50.878 0.0000000000
57797  30.735  -38.414  50.063 0.0000000000
58830  31.968  -38.372  49.035 0.0000000000
58831  31.658  -38.378  49.125 0.0000000000
58844  31.960  -37.890  48.590 0.0000000000
58845  31.297  -38.053  48.592 0.0000000000
57828  32.675  -37.953  47.984 0.0000000000
57827  33.310  -38.397  47.904 0.0000000000
55407  34.888  -39.078  47.365 0.0000000000
56647  35.058  -38.638  46.306 0.0000000000
56658  34.743  -38.613  45.415 0.0000000000
46372  26.814  -43.636  53.627 0.0000000000
46347  27.335  -43.994  53.870 0.0000000000
46371  27.170  -43.629  53.561 0.0000000000
47769  28.169  -42.835  52.437 0.0000000000
47748  28.367  -43.365  53.146 0.0000000000
46369  29.013  -43.407  53.392 0.0000000000
47726  29.414  -43.376  53.829 0.0000000000
47746  29.743  -43.206  53.340 0.0000000000
49211  28.419  -42.073  49.621 0.0000000000
49189  28.713  -42.388  50.242 0.0000000000
49163  30.525  -42.633  50.893 0.0000000000
49164  29.811  -42.746  50.829 0.0000000000
49143  30.355  -42.610  51.823 0.0000000000
49123  30.507  -43.030  52.638 0.0000000000
49122  31.083  -43.148  52.844 0.0000000000
49102  31.657  -43.171  54.012 0.0000000000
49121  31.626  -43.012  53.156 0.0000000000
50466  31.953  -41.906  52.080 0.0000000000
50451  32.266  -42.216  52.792 0.0000000000
52952  32.009  -41.481  53.574 0.0000000000
52965  32.365  -41.258  52.602 0.0000000000
52980  32.415  -41.047  51.640 0.0000000000
51790  32.403  -41.341  49.896 0.0000000000
52993  32.144  -40.906  50.657 0.0000000000
53055  30.711  -41.203  46.447 0.0000000000
53035  31.477  -41.513  47.487 0.0000000000
53054  31.737  -41.262  46.627 0.0000000000
53081  32.741  -41.023  45.515 0.0000000000
53082  32.182  -41.073  45.715 0.0000000000
53053  32.939  -41.183  46.250 0.0000000000
53052  33.098  -40.485  46.836 0.0000000000
69845  32.996  -25.769  43.825 0.0000000000
71131  32.913  -25.718  43.407 0.0000000000
71122  32.796  -25.709  43.544 0.0000000000
69866  30.373  -26.598  42.456 0.0000000000
68515  31.324  -26.481  42.095 0.0000000000
69885  30.635  -26.736  41.902 0.0000000000
69904  30.363  -26.388  41.150 0.0000000000
71159  29.801  -26.496  41.365 0.0000000000
68492  27.824  -28.299  43.515 0.0000000000
68517  28.347  -27.638  43.293 0.0000000000
68566  27.623  -28.020  40.731 0.0000000000
68543  27.905  -28.192  41.764 0.0000000000
68565  28.502  -27.026  40.522 0.0000000000
68588  27.906  -27.577  39.657 0.0000000000
95243  45.756  -5.337  26.007 0.0000000000
96327  45.193  -4.621  25.170 0.0000000000
96312  45.944  -4.844  25.466 0.0000000000
93087  41.227  -7.864  27.482 0.0000000000
69880  34.676  -25.463  41.705 0.0000000000
69882  33.056  -25.550  41.851 0.0000000000
69900  36.176  -24.910  41.934 0.0000000000
54263  16.377  -39.332  45.862 0.0000000000
53098  16.130  -39.666  46.565 0.0000000000
53069  15.881  -40.163  47.153 0.0000000000
51841  19.427  -40.098  48.758 0.0000000000
53095  19.122  -39.183  46.797 0.0000000000
53096  18.089  -39.388  46.714 0.0000000000
81841  34.100  -18.624  36.175 0.0000000000
80696  36.694  -19.601  38.174 0.0000000000
80681  37.148  -19.302  38.923 0.0000000000
80682  36.602  -18.887  38.390 0.0000000000
79506  36.470  -18.674  38.355 0.0000000000
80683  36.065  -18.335  38.064 0.0000000000
81810  35.303  -17.278  38.166 0.0000000000
81823  34.659  -18.461  36.579 0.0000000000
54107  14.110  -39.540  55.695 0.0000000000
54123  13.830  -39.497  54.819 0.0000000000
49095  8.447  -44.280  53.940 0.0000000000
47735  7.931  -44.652  53.201 0.0000000000
46356  7.686  -46.075  53.366 0.0000000000
46357  6.884  -46.633  53.408 0.0000000000
44942  6.870  -46.081  54.205 0.0000000000
44943  6.635  -46.797  54.358 0.0000000000
44929  6.679  -46.953  54.950 0.0000000000
56514  29.438  -38.219  55.582 0.0000000000
55348  31.496  -40.119  52.604 0.0000000000
53088  26.045  -40.435  46.113 0.0000000000
53060  26.306  -40.634  46.861 0.0000000000
53087  27.224  -40.515  46.132 0.0000000000
54255  27.673  -39.882  45.635 0.0000000000
55435  27.865  -39.322  45.049 0.0000000000
64469  28.625  -31.181  46.064 0.0000000000
64470  27.646  -31.311  45.486 0.0000000000
91872  43.511  -7.121  31.853 0.0000000000
91863  44.567  -7.361  32.635 0.0000000000
93066  44.423  -6.668  31.817 0.0000000000
94186  45.416  -6.489  28.605 0.0000000000
94187  44.543  -6.737  28.985 0.0000000000
93078  43.643  -6.704  28.276 0.0000000000
91903  42.764  -6.812  27.617 0.0000000000
74980  35.799  -22.908  36.735 0.0000000000
74981  35.136  -22.975  36.485 0.0000000000
73737  35.512  -23.393  36.543 0.0000000000
73739  34.090  -23.786  36.392 0.0000000000
73740  33.480  -23.778  36.720 0.0000000000
69970  31.948  -25.440  38.803 0.0000000000
71210  31.996  -25.211  38.295 0.0000000000
69995  30.930  -25.177  38.275 0.0000000000
69996  30.437  -25.342  38.036 0.0000000000
73670  37.728  -23.483  39.371 0.0000000000
74931  39.723  -22.795  39.351 0.0000000000
74946  39.091  -23.311  37.741 0.0000000000
76108  39.168  -22.549  37.626 0.0000000000
76109  38.099  -22.368  37.619 0.0000000000
74963  37.635  -22.747  37.647 0.0000000000
74964  36.896  -22.886  37.485 0.0000000000
54293  13.602  -39.871  44.419 0.0000000000
53102  11.427  -41.155  45.429 0.0000000000
53074  10.768  -40.892  45.937 0.0000000000
46399  23.675  -44.010  53.271 0.0000000000
46398  24.290  -43.965  53.249 0.0000000000
47774  24.056  -43.720  52.662 0.0000000000
47813  23.581  -43.024  51.500 0.0000000000
51838  22.642  -40.932  48.641 0.0000000000
51862  22.757  -40.610  47.834 0.0000000000
51883  23.384  -40.714  46.985 0.0000000000
51882  23.780  -41.042  46.964 0.0000000000
53091  23.291  -39.863  46.569 0.0000000000
53115  23.375  -39.634  45.535 0.0000000000
54283  23.315  -39.237  44.757 0.0000000000
54304  23.079  -39.032  44.199 0.0000000000
55461  22.534  -39.031  43.897 0.0000000000
58884  29.038  -37.265  47.480 0.0000000000
88357  40.835  -11.063  36.896 0.0000000000
88356  41.785  -10.759  36.737 0.0000000000
88370  40.346  -10.942  36.234 0.0000000000
88383  40.601  -10.613  35.601 0.0000000000
89459  40.820  -10.411  34.987 0.0000000000
89497  39.367  -10.107  32.695 0.0000000000
89512  39.204  -10.103  31.959 0.0000000000
90661  41.065  -8.632  31.742 0.0000000000
90677  40.713  -8.598  30.899 0.0000000000
90689  40.509  -8.704  29.719 0.0000000000
51759  17.939  -40.982  52.055 0.0000000000
50471  17.127  -41.892  51.869 0.0000000000
49150  16.721  -42.543  52.284 0.0000000000
49128  19.286  -42.712  53.316 0.0000000000
49149  19.345  -42.349  52.395 0.0000000000
86178  40.853  -13.025  38.943 0.0000000000
50512  14.641  -41.502  50.124 0.0000000000
50494  14.167  -41.406  50.699 0.0000000000
52994  14.183  -39.985  50.089 0.0000000000
55368  13.213  -38.518  51.534 0.0000000000
55379  12.308  -38.324  50.231 0.0000000000
55389  11.957  -38.582  49.352 0.0000000000
56523  10.183  -37.685  55.562 0.0000000000
51742  8.820  -42.375  52.657 0.0000000000
50496  10.216  -42.548  50.670 0.0000000000
50475  10.313  -43.593  50.773 0.0000000000
67060  28.564  -29.315  48.466 0.0000000000
67059  28.847  -30.063  48.829 0.0000000000
64421  28.191  -31.180  48.738 0.0000000000
59860  28.891  -35.158  53.873 0.0000000000
59876  29.974  -34.761  52.862 0.0000000000
59877  29.736  -35.076  52.599 0.0000000000
59890  29.550  -34.873  51.986 0.0000000000
60953  28.913  -34.070  50.910 0.0000000000
60968  28.732  -33.539  50.363 0.0000000000
60954  28.339  -34.917  50.399 0.0000000000
59928  27.193  -35.758  49.408 0.0000000000
59918  27.356  -36.485  50.194 0.0000000000
57814  27.998  -37.279  50.208 0.0000000000
57781  31.627  -38.949  50.288 0.0000000000
57796  31.374  -38.600  49.845 0.0000000000
57794  32.579  -38.848  49.285 0.0000000000
56630  33.534  -38.822  48.094 0.0000000000
56629  33.857  -38.921  47.923 0.0000000000
47771  26.567  -43.252  52.511 0.0000000000
47749  27.467  -43.326  53.232 0.0000000000
47791  27.202  -43.041  51.885 0.0000000000
47790  27.792  -42.677  51.969 0.0000000000
49146  28.389  -42.650  51.678 0.0000000000
50526  29.437  -43.100  48.559 0.0000000000
49209  29.632  -43.097  49.024 0.0000000000
49187  30.761  -42.660  49.972 0.0000000000
49162  30.987  -42.450  50.974 0.0000000000
49161  31.173  -42.317  51.590 0.0000000000
50485  31.445  -42.155  50.767 0.0000000000
50484  31.649  -41.710  51.329 0.0000000000
51757  31.978  -41.340  51.450 0.0000000000
51773  31.690  -41.968  50.253 0.0000000000
51791  31.888  -41.670  49.827 0.0000000000
51808  31.821  -41.366  49.013 0.0000000000
53109  30.946  -40.761  44.674 0.0000000000
53083  31.253  -41.147  45.320 0.0000000000
54276  31.441  -40.212  44.769 0.0000000000
54275  32.310  -40.031  44.605 0.0000000000
54250  33.182  -40.390  45.205 0.0000000000
69828  31.489  -25.788  44.799 0.0000000000
69846  32.158  -25.617  43.612 0.0000000000
65796  26.930  -29.549  42.292 0.0000000000
67197  27.589  -29.023  41.996 0.0000000000
65826  27.030  -29.372  41.811 0.0000000000
71185  35.520  -24.715  38.529 0.0000000000
71207  34.906  -24.731  38.194 0.0000000000
71187  33.918  -25.543  38.737 0.0000000000
71188  33.426  -25.846  38.763 0.0000000000
69923  33.777  -25.796  40.066 0.0000000000
69945  32.878  -25.990  39.095 0.0000000000
69946  31.761  -25.614  39.499 0.0000000000
68607  31.110  -25.676  39.561 0.0000000000
68608  30.526  -25.739  39.536 0.0000000000
73648  39.655  -23.280  41.148 0.0000000000
74891  38.777  -23.274  40.592 0.0000000000
72320  38.199  -24.384  41.624 0.0000000000
73650  38.014  -24.200  40.696 0.0000000000
74893  37.614  -23.635  40.251 0.0000000000
73672  36.631  -23.780  39.958 0.0000000000
72340  36.265  -23.924  39.419 0.0000000000
54292  14.838  -39.504  44.530 0.0000000000
54291  15.767  -39.352  45.020 0.0000000000
54236  13.830  -39.151  45.958 0.0000000000
54237  13.218  -38.973  45.972 0.0000000000
49197  21.425  -42.578  50.907 0.0000000000
49218  21.942  -42.366  50.560 0.0000000000
50506  21.561  -42.253  50.520 0.0000000000
50560  21.648  -41.090  49.537 0.0000000000
51840  20.789  -40.875  48.944 0.0000000000
51863  21.460  -40.298  48.116 0.0000000000
53093  21.227  -39.579  46.713 0.0000000000
54287  19.529  -38.152  45.247 0.0000000000
54288  18.442  -38.419  45.195 0.0000000000
141481  37.722  -11.350  35.266 0.0000000000
88403  38.337  -10.789  34.685 0.0000000000
141474  37.549  -10.745  34.483 0.0000000000
49089  17.498  -43.673  55.116 0.0000000000
81783  38.540  -18.316  40.178 0.0000000000
81772  38.402  -17.130  40.612 0.0000000000
80667  36.995  -18.392  39.261 0.0000000000
82927  38.099  -15.886  39.675 0.0000000000
85140  38.414  -14.816  38.899 0.0000000000
85141  37.689  -14.927  38.634 0.0000000000
84059  35.598  -15.435  38.159 0.0000000000
82941  34.614  -16.198  38.040 0.0000000000
82957  34.476  -15.650  37.450 0.0000000000
82958  33.859  -16.029  37.150 0.0000000000
51750  14.278  -40.859  52.871 0.0000000000
52953  14.212  -40.216  53.121 0.0000000000
54146  14.103  -39.376  53.366 0.0000000000
56573  12.935  -37.854  52.505 0.0000000000
56591  11.067  -38.361  52.297 0.0000000000
54124  8.797  -41.031  55.034 0.0000000000
51721  8.990  -42.382  54.492 0.0000000000
46401  8.677  -45.812  51.504 0.0000000000
47757  8.184  -45.701  52.759 0.0000000000
58779  28.706  -36.061  55.261 0.0000000000
58806  28.477  -36.001  53.438 0.0000000000
57744  28.532  -36.811  53.241 0.0000000000
57786  28.628  -37.035  51.952 0.0000000000
57785  29.262  -37.528  51.622 0.0000000000
57764  29.793  -37.889  52.232 0.0000000000
57763  30.400  -38.348  51.897 0.0000000000
57762  30.365  -39.093  51.348 0.0000000000
56569  30.923  -39.460  51.610 0.0000000000
56588  31.444  -39.348  50.862 0.0000000000
56587  32.036  -39.225  50.520 0.0000000000
56586  32.242  -39.561  50.349 0.0000000000
50530  26.123  -41.712  49.453 0.0000000000
50529  26.890  -42.188  49.226 0.0000000000
50528  27.931  -41.820  48.947 0.0000000000
50553  28.237  -42.148  48.284 0.0000000000
51857  27.206  -41.573  47.277 0.0000000000
51834  27.594  -42.061  47.751 0.0000000000
50552  29.067  -42.743  48.097 0.0000000000
50551  30.046  -42.984  47.936 0.0000000000
51831  30.619  -42.364  47.615 0.0000000000
51830  31.358  -42.283  47.680 0.0000000000
53037  30.193  -41.399  47.374 0.0000000000
53085  29.085  -40.985  45.394 0.0000000000
53111  29.741  -41.010  45.007 0.0000000000
68448  28.295  -27.899  45.734 0.0000000000
68469  28.590  -28.024  45.018 0.0000000000
67126  27.960  -28.444  44.855 0.0000000000
67149  27.629  -28.625  44.275 0.0000000000
65774  27.371  -29.421  44.151 0.0000000000
65754  27.267  -30.148  44.388 0.0000000000
65775  26.723  -29.937  43.392 0.0000000000
94191  45.348  -6.286  27.556 0.0000000000
94202  43.084  -6.151  25.831 0.0000000000
141156  34.755  -20.543  35.313 0.0000000000
77258  34.606  -21.131  35.378 0.0000000000
77243  33.902  -21.604  35.412 0.0000000000
74999  34.218  -22.400  35.974 0.0000000000
76132  32.884  -22.171  35.754 0.0000000000
72379  34.497  -24.803  37.598 0.0000000000
72396  33.219  -24.601  37.561 0.0000000000
72397  32.372  -24.115  37.413 0.0000000000
71233  32.053  -24.790  37.807 0.0000000000
73724  31.429  -23.672  36.466 0.0000000000
76095  40.285  -22.214  39.477 0.0000000000
77188  40.543  -21.572  39.845 0.0000000000
79485  38.963  -19.303  40.026 0.0000000000
79494  38.502  -19.583  39.560 0.0000000000
78349  37.708  -20.397  38.661 0.0000000000
77210  37.561  -21.616  37.530 0.0000000000
78356  37.579  -20.945  38.057 0.0000000000
79517  36.714  -20.214  37.437 0.0000000000
79536  36.301  -20.223  36.555 0.0000000000
44935  26.187  -44.799  55.377 0.0000000000
46326  26.764  -44.292  55.206 0.0000000000
46327  26.033  -44.647  54.940 0.0000000000
46373  25.995  -43.639  53.750 0.0000000000
47751  26.110  -43.496  53.037 0.0000000000
47773  24.875  -43.711  52.539 0.0000000000
47772  25.728  -43.573  52.603 0.0000000000
49168  26.180  -42.873  51.528 0.0000000000
49217  22.563  -42.287  50.487 0.0000000000
49216  23.365  -42.232  50.327 0.0000000000
49232  23.664  -41.855  49.865 0.0000000000
49215  24.178  -41.983  50.380 0.0000000000
49214  25.244  -41.426  50.203 0.0000000000
51859  25.255  -40.735  47.304 0.0000000000
51881  25.523  -40.565  46.654 0.0000000000
53113  25.198  -40.084  45.556 0.0000000000
54282  24.889  -39.533  44.942 0.0000000000
55489  25.053  -39.197  43.765 0.0000000000
56672  20.719  -38.516  43.605 0.0000000000
91819  43.230  -7.890  35.696 0.0000000000
88402  39.454  -10.764  34.739 0.0000000000
89458  41.356  -10.082  34.551 0.0000000000
89496  39.959  -9.945  32.960 0.0000000000
89457  42.142  -9.726  34.135 0.0000000000
89456  42.312  -8.795  33.703 0.0000000000
91846  43.207  -8.151  33.688 0.0000000000
91845  43.645  -7.934  33.481 0.0000000000
91858  43.630  -7.949  32.707 0.0000000000
90675  41.784  -8.344  31.250 0.0000000000
89527  42.577  -8.076  31.114 0.0000000000
91865  43.643  -7.893  31.987 0.0000000000
91873  43.054  -7.501  31.281 0.0000000000
93071  42.985  -6.915  30.497 0.0000000000
93074  42.583  -7.245  29.648 0.0000000000
51843  17.304  -40.447  48.662 0.0000000000
50536  16.360  -41.452  50.062 0.0000000000
50511  15.638  -41.221  50.611 0.0000000000
50491  16.620  -41.174  51.631 0.0000000000
50492  15.813  -41.064  51.318 0.0000000000
50493  14.961  -41.157  51.184 0.0000000000
49153  14.973  -41.774  52.274 0.0000000000
49111  16.603  -42.701  54.275 0.0000000000
49073  15.184  -42.974  55.999 0.0000000000
49113  15.159  -42.242  53.779 0.0000000000
50443  14.716  -41.880  53.600 0.0000000000
50444  14.368  -41.412  53.357 0.0000000000
52921  14.202  -40.506  56.314 0.0000000000
44901  26.839  -45.045  57.281 0.0000000000
44920  26.206  -45.031  56.045 0.0000000000
44936  25.746  -45.078  55.400 0.0000000000
44953  24.880  -44.784  54.758 0.0000000000
46351  23.992  -44.759  54.444 0.0000000000
46376  23.661  -44.542  53.810 0.0000000000
47797  21.906  -43.642  51.997 0.0000000000
47777  21.426  -43.482  52.710 0.0000000000
47798  21.351  -43.091  52.086 0.0000000000
49198  20.869  -42.543  50.978 0.0000000000
51792  20.007  -41.076  50.596 0.0000000000
50489  19.469  -41.232  51.487 0.0000000000
51774  19.638  -40.981  51.095 0.0000000000
141167  33.981  -20.488  34.802 0.0000000000
88332  43.128  -11.103  38.624 0.0000000000
88344  41.309  -11.261  37.860 0.0000000000
87252  41.500  -12.160  38.603 0.0000000000
88358  40.070  -11.353  36.804 0.0000000000
87258  39.325  -11.583  36.739 0.0000000000
141478  38.189  -11.215  36.040 0.0000000000
85155  38.082  -14.254  38.420 0.0000000000
86192  37.819  -13.622  37.927 0.0000000000
87260  37.533  -13.039  37.512 0.0000000000
86204  36.343  -13.599  37.583 0.0000000000
86194  36.444  -13.230  37.406 0.0000000000
88359  37.502  -12.278  37.425 0.0000000000
51844  16.458  -40.875  48.047 0.0000000000
51866  15.968  -40.641  47.574 0.0000000000
51867  15.467  -40.409  47.455 0.0000000000
50538  14.326  -41.419  49.061 0.0000000000
51846  15.184  -40.051  47.848 0.0000000000
53044  14.723  -39.554  47.678 0.0000000000
53072  13.036  -39.072  46.463 0.0000000000
52982  13.810  -40.679  51.841 0.0000000000
52981  13.700  -40.307  51.262 0.0000000000
55378  13.437  -38.804  50.460 0.0000000000
54188  14.013  -38.843  49.809 0.0000000000
54202  13.948  -38.785  48.513 0.0000000000
54220  13.259  -38.921  47.785 0.0000000000
53046  12.476  -39.132  46.960 0.0000000000
51869  10.805  -41.794  46.612 0.0000000000
56555  11.637  -37.628  53.719 0.0000000000
54138  8.783  -39.588  55.099 0.0000000000
55341  8.819  -39.103  54.821 0.0000000000
52955  8.710  -40.761  52.937 0.0000000000
54147  8.862  -40.023  53.307 0.0000000000
55360  10.242  -39.031  52.283 0.0000000000
53009  10.060  -40.706  49.770 0.0000000000
51797  10.545  -41.796  49.628 0.0000000000
51778  10.276  -42.506  50.172 0.0000000000
44912  6.822  -47.632  55.068 0.0000000000
43604  6.768  -48.047  55.257 0.0000000000
42315  6.645  -48.492  55.135 0.0000000000
42316  6.189  -49.179  55.258 0.0000000000
43606  5.771  -47.931  56.608 0.0000000000
69843  34.524  -25.493  43.587 0.0000000000
71081  30.535  -25.762  45.986 0.0000000000
69808  29.337  -26.600  45.668 0.0000000000
68447  28.636  -27.071  45.956 0.0000000000
67089  28.289  -28.971  46.306 0.0000000000
65706  28.445  -30.167  46.694 0.0000000000
63259  28.292  -31.776  46.546 0.0000000000
63252  27.595  -32.390  46.807 0.0000000000
62111  27.361  -33.375  46.892 0.0000000000
64420  28.482  -31.383  49.568 0.0000000000
63231  28.588  -32.153  49.098 0.0000000000
62079  28.867  -33.145  49.987 0.0000000000
62091  28.504  -33.062  49.308 0.0000000000
62102  28.353  -32.877  48.447 0.0000000000
62103  28.107  -33.182  47.890 0.0000000000
59949  26.494  -35.730  47.388 0.0000000000
58865  27.450  -36.581  48.739 0.0000000000
58885  27.865  -36.895  47.726 0.0000000000
57799  29.385  -37.663  50.744 0.0000000000
57812  29.646  -37.444  50.147 0.0000000000
58833  30.487  -38.063  49.553 0.0000000000
58861  31.689  -37.132  48.172 0.0000000000
58859  33.343  -37.349  47.670 0.0000000000
57841  34.012  -37.408  47.193 0.0000000000
56657  34.946  -38.007  45.708 0.0000000000
54135  30.981  -40.793  54.569 0.0000000000
46310  28.585  -44.382  55.294 0.0000000000
47728  27.943  -43.623  53.454 0.0000000000
46346  28.315  -43.762  53.718 0.0000000000
46309  29.414  -44.240  55.029 0.0000000000
47705  30.667  -43.499  54.767 0.0000000000
49190  27.752  -42.401  50.576 0.0000000000
49145  29.040  -42.762  51.790 0.0000000000
49125  29.335  -42.877  52.376 0.0000000000
49105  30.186  -43.211  53.172 0.0000000000
49104  30.649  -43.259  53.422 0.0000000000
49087  31.155  -43.303  54.590 0.0000000000
49086  31.361  -43.048  54.824 0.0000000000
50452  31.902  -42.521  52.576 0.0000000000
51740  32.104  -42.353  53.504 0.0000000000
52941  31.543  -41.652  54.547 0.0000000000
54134  31.211  -41.296  54.037 0.0000000000
55333  31.722  -40.595  53.174 0.0000000000
55347  32.124  -40.367  52.270 0.0000000000
54164  32.145  -40.526  50.885 0.0000000000
54174  32.573  -40.427  49.883 0.0000000000
54186  33.148  -40.113  48.814 0.0000000000
51828  32.351  -41.328  48.004 0.0000000000
51854  32.356  -41.139  47.190 0.0000000000
53033  32.981  -40.607  47.810 0.0000000000
54201  33.528  -40.081  48.027 0.0000000000
55397  33.749  -39.606  47.910 0.0000000000
54249  33.795  -40.139  45.189 0.0000000000
55433  33.659  -39.892  44.834 0.0000000000
55432  34.100  -39.404  45.026 0.0000000000
69862  33.787  -25.459  42.688 0.0000000000
68539  32.581  -26.002  41.687 0.0000000000
69865  31.401  -25.869  42.654 0.0000000000
68514  31.781  -26.172  42.273 0.0000000000
68540  32.014  -26.306  41.766 0.0000000000
68562  31.420  -26.221  40.760 0.0000000000
68585  30.474  -26.006  40.064 0.0000000000
68586  29.475  -26.155  39.982 0.0000000000
69849  28.821  -27.312  43.458 0.0000000000
69867  28.961  -27.131  42.617 0.0000000000
69887  28.335  -27.417  41.747 0.0000000000
69886  28.844  -26.642  41.839 0.0000000000
69906  29.147  -26.542  41.186 0.0000000000
68587  28.562  -26.631  39.853 0.0000000000
68610  28.771  -26.385  39.234 0.0000000000
93085  42.335  -6.869  27.243 0.0000000000
93093  41.147  -7.483  26.609 0.0000000000
42306  6.644  -48.325  55.264 0.0000000000
43603  7.013  -47.927  55.197 0.0000000000
43609  6.953  -47.873  55.063 0.0000000000
44930  6.716  -47.172  55.101 0.0000000000
46295  26.622  -44.839  56.504 0.0000000000
46335  6.849  -46.193  53.828 0.0000000000
46336  6.662  -46.646  53.867 0.0000000000
46345  28.944  -43.518  53.653 0.0000000000
46349  25.471  -44.485  54.514 0.0000000000
46370  28.772  -43.471  53.402 0.0000000000
46380  8.328  -46.102  52.530 0.0000000000
47687  30.848  -43.511  55.057 0.0000000000
47704  30.935  -43.419  54.725 0.0000000000
47707  29.605  -43.537  54.344 0.0000000000
47723  30.954  -43.365  54.439 0.0000000000
47724  30.633  -43.291  54.228 0.0000000000
47727  28.218  -43.589  53.425 0.0000000000
47734  8.383  -44.379  52.886 0.0000000000
47736  7.948  -45.538  52.952 0.0000000000
47747  29.153  -43.270  53.132 0.0000000000
47795  23.619  -43.536  52.001 0.0000000000
49124  29.869  -43.017  52.589 0.0000000000
49141  31.349  -42.594  52.371 0.0000000000
49180  10.030  -44.166  50.564 0.0000000000
49196  22.185  -42.673  51.007 0.0000000000
49210  29.054  -42.883  49.283 0.0000000000
50441  32.243  -42.316  53.227 0.0000000000
50487  20.398  -42.622  50.971 0.0000000000
50490  17.400  -40.908  52.094 0.0000000000
50503  31.574  -42.986  49.890 0.0000000000
50531  23.307  -41.893  49.809 0.0000000000
50535  20.529  -40.981  50.263 0.0000000000
50539  13.931  -41.071  49.109 0.0000000000
50550  31.060  -43.127  47.864 0.0000000000
50558  23.412  -41.597  49.196 0.0000000000
51731  31.923  -42.532  53.774 0.0000000000
51761  13.921  -40.894  52.216 0.0000000000
51807  32.463  -41.145  49.358 0.0000000000
51845  15.560  -40.970  47.783 0.0000000000
51855  32.183  -41.161  46.922 0.0000000000
51858  26.346  -41.015  47.409 0.0000000000
51861  23.548  -41.234  47.434 0.0000000000
51868  14.948  -40.296  47.245 0.0000000000
52969  8.781  -40.800  52.694 0.0000000000
53041  17.866  -39.981  48.335 0.0000000000
53062  24.052  -40.931  46.917 0.0000000000
53110  30.358  -40.908  44.835 0.0000000000
53130  23.990  -39.455  44.765 0.0000000000
54148  8.812  -40.453  52.749 0.0000000000
54155  14.250  -39.890  51.816 0.0000000000
54165  13.863  -39.560  51.413 0.0000000000
54176  13.934  -38.904  50.039 0.0000000000
54187  14.182  -38.888  49.571 0.0000000000
54200  33.677  -39.857  48.060 0.0000000000
54216  18.170  -39.763  48.074 0.0000000000
54217  17.732  -39.742  47.986 0.0000000000
54219  14.040  -38.971  48.090 0.0000000000
54233  18.448  -39.782  47.935 0.0000000000
54251  32.249  -40.503  45.263 0.0000000000
54253  28.868  -40.505  44.933 0.0000000000
54257  25.182  -39.680  45.129 0.0000000000
54258  24.952  -39.615  45.131 0.0000000000
54281  25.430  -39.784  45.142 0.0000000000
55367  13.698  -38.992  51.165 0.0000000000
55377  13.812  -39.181  50.877 0.0000000000
55387  13.654  -38.573  49.328 0.0000000000
55396  33.901  -39.214  47.790 0.0000000000
55399  13.045  -38.584  48.432 0.0000000000
55409  12.763  -38.842  47.955 0.0000000000
55418  35.153  -38.894  46.823 0.0000000000
55420  12.897  -39.232  45.662 0.0000000000
55421  12.741  -39.217  45.839 0.0000000000
55436  27.335  -39.626  45.216 0.0000000000
55437  25.316  -39.640  44.903 0.0000000000
55438  25.086  -39.559  44.950 0.0000000000
55440  12.611  -39.376  45.671 0.0000000000
55460  25.149  -39.525  44.702 0.0000000000
56531  28.692  -38.244  54.390 0.0000000000
56548  28.991  -38.391  53.551 0.0000000000
56572  29.237  -38.169  52.773 0.0000000000
56602  13.094  -38.657  49.869 0.0000000000
56614  33.431  -38.973  48.296 0.0000000000
56616  13.333  -38.419  49.053 0.0000000000
56617  13.101  -38.464  49.402 0.0000000000
56631  13.247  -38.460  48.801 0.0000000000
56633  12.491  -38.442  49.176 0.0000000000
56673  20.402  -38.453  43.620 0.0000000000
56689  20.525  -38.490  43.386 0.0000000000
56690  20.286  -38.458  43.365 0.0000000000
57766  28.571  -36.917  52.808 0.0000000000
57810  32.772  -38.893  48.759 0.0000000000
57815  27.591  -37.048  50.345 0.0000000000
57826  33.994  -38.606  47.810 0.0000000000
58780  28.368  -36.457  54.709 0.0000000000
58790  28.651  -35.774  54.536 0.0000000000
58791  28.377  -36.169  53.985 0.0000000000
58792  28.472  -36.551  53.481 0.0000000000
58807  28.495  -36.292  53.004 0.0000000000
58835  27.912  -36.701  50.672 0.0000000000
58850  27.439  -36.740  50.308 0.0000000000
59850  29.018  -35.482  54.655 0.0000000000
59861  28.602  -35.647  53.593 0.0000000000
59879  28.370  -35.870  52.593 0.0000000000
59903  29.096  -34.572  51.704 0.0000000000
59917  27.455  -35.976  50.129 0.0000000000
59939  26.652  -35.600  48.192 0.0000000000
60920  29.858  -34.499  52.543 0.0000000000
60938  29.423  -34.185  51.934 0.0000000000
60955  27.924  -35.482  50.233 0.0000000000
61002  27.990  -33.347  48.223 0.0000000000
61018  27.739  -33.837  47.130 0.0000000000
62078  29.127  -33.128  50.689 0.0000000000
63230  28.856  -32.033  49.800 0.0000000000
63270  26.491  -32.037  44.122 0.0000000000
63271  26.243  -32.508  44.175 0.0000000000
64445  27.991  -30.809  48.082 0.0000000000
64472  26.313  -32.012  44.700 0.0000000000
64483  27.126  -30.973  44.765 0.0000000000
64484  26.483  -31.541  44.390 0.0000000000
65659  28.444  -30.586  49.169 0.0000000000
65661  28.273  -30.514  48.129 0.0000000000
65681  28.157  -30.664  47.965 0.0000000000
67047  28.784  -30.010  49.156 0.0000000000
67150  27.444  -29.065  43.672 0.0000000000
67198  27.004  -29.177  41.491 0.0000000000
68427  28.793  -27.164  46.369 0.0000000000
68516  31.015  -26.817  41.978 0.0000000000
68542  30.838  -26.680  41.726 0.0000000000
68563  30.294  -26.258  40.702 0.0000000000
68609  29.661  -25.982  39.393 0.0000000000
69860  35.216  -25.379  42.363 0.0000000000
69863  33.004  -25.704  42.924 0.0000000000
69868  28.226  -27.646  42.216 0.0000000000
69883  32.591  -25.847  42.139 0.0000000000
69884  30.458  -26.555  41.502 0.0000000000
69905  29.845  -26.384  41.007 0.0000000000
69943  34.182  -25.408  39.213 0.0000000000
71058  29.871  -26.132  46.072 0.0000000000
71082  30.031  -26.206  45.508 0.0000000000
71107  30.220  -26.320  45.001 0.0000000000
71121  33.047  -25.793  43.572 0.0000000000
71132  32.706  -25.687  43.263 0.0000000000
71133  29.978  -26.696  42.203 0.0000000000
71143  30.040  -26.521  41.378 0.0000000000
71144  30.083  -26.674  41.821 0.0000000000
71145  29.528  -26.647  42.136 0.0000000000
71158  30.054  -26.426  41.155 0.0000000000
71160  29.494  -26.552  41.688 0.0000000000
71171  35.589  -24.925  40.495 0.0000000000
71206  35.414  -24.688  38.068 0.0000000000
71211  31.371  -25.214  38.396 0.0000000000
72303  36.312  -24.766  42.489 0.0000000000
72329  36.003  -24.679  40.426 0.0000000000
72338  37.269  -23.585  39.404 0.0000000000
72339  36.898  -23.661  39.415 0.0000000000
72342  35.692  -24.791  40.302 0.0000000000
72358  37.346  -23.611  39.111 0.0000000000
72394  34.837  -24.639  36.793 0.0000000000
72395  33.968  -24.639  37.189 0.0000000000
72416  34.503  -24.254  36.418 0.0000000000
72418  33.489  -24.200  37.117 0.0000000000
72419  33.058  -24.119  37.392 0.0000000000
73633  38.319  -24.217  41.050 0.0000000000
73649  39.030  -23.403  41.042 0.0000000000
73651  36.340  -24.116  40.112 0.0000000000
73669  38.240  -23.288  39.462 0.0000000000
73671  37.148  -23.597  39.697 0.0000000000
73673  36.264  -24.038  39.875 0.0000000000
73686  38.406  -23.373  38.991 0.0000000000
73688  37.164  -23.879  38.160 0.0000000000
73703  37.156  -23.648  37.617 0.0000000000
73705  35.564  -24.621  36.981 0.0000000000
73706  31.950  -23.395  36.712 0.0000000000
73722  32.887  -23.450  36.698 0.0000000000
73738  35.026  -23.841  36.419 0.0000000000
73741  32.993  -23.775  37.145 0.0000000000
74873  38.668  -23.718  41.031 0.0000000000
74874  38.422  -23.942  40.820 0.0000000000
74890  39.330  -23.274  40.775 0.0000000000
74892  38.116  -23.620  40.423 0.0000000000
74894  37.093  -23.820  40.282 0.0000000000
74915  38.047  -23.283  39.918 0.0000000000
74916  37.423  -23.525  39.956 0.0000000000
74917  37.044  -23.647  40.006 0.0000000000
74933  38.577  -23.604  37.928 0.0000000000
74948  37.500  -23.130  37.666 0.0000000000
74949  32.151  -23.289  36.643 0.0000000000
74950  31.953  -23.202  36.561 0.0000000000
74965  36.402  -23.195  36.918 0.0000000000
74966  32.826  -23.257  36.533 0.0000000000
74968  31.791  -23.102  36.385 0.0000000000
74979  36.314  -22.496  37.034 0.0000000000
74997  35.350  -22.336  36.515 0.0000000000
74998  34.775  -22.445  36.178 0.0000000000
76068  38.409  -23.155  40.178 0.0000000000
76069  38.147  -23.320  40.173 0.0000000000
76084  38.439  -23.020  39.922 0.0000000000
76085  38.254  -23.173  39.999 0.0000000000
76097  39.563  -23.127  37.848 0.0000000000
76130  36.189  -21.851  36.806 0.0000000000
76131  33.651  -22.454  35.992 0.0000000000
76146  35.643  -21.787  36.376 0.0000000000
76148  34.446  -22.042  35.671 0.0000000000
76150  33.384  -22.085  35.700 0.0000000000
77189  40.036  -21.636  39.243 0.0000000000
77200  38.318  -21.775  37.872 0.0000000000
77241  35.269  -21.094  35.695 0.0000000000
78367  36.902  -21.146  36.618 0.0000000000
78385  36.699  -20.601  36.605 0.0000000000
78402  34.515  -20.859  35.271 0.0000000000
79497  36.364  -18.379  38.382 0.0000000000
79507  36.300  -18.545  38.219 0.0000000000
79535  36.767  -20.477  36.813 0.0000000000
80653  37.750  -18.153  39.699 0.0000000000
80699  34.691  -18.188  37.096 0.0000000000
81771  38.900  -17.569  40.865 0.0000000000
81784  38.115  -17.774  40.146 0.0000000000
81797  38.284  -18.371  39.951 0.0000000000
84045  38.004  -15.562  39.135 0.0000000000
84076  35.062  -15.274  37.494 0.0000000000
85169  36.484  -13.866  38.003 0.0000000000
86180  39.048  -13.981  38.678 0.0000000000
87261  36.838  -12.728  37.364 0.0000000000
87262  36.240  -12.860  37.193 0.0000000000
88369  41.048  -10.500  36.227 0.0000000000
88382  40.927  -10.382  35.753 0.0000000000
88396  37.961  -10.532  34.350 0.0000000000
89433  41.378  -10.118  36.193 0.0000000000
89444  42.108  -8.818  34.747 0.0000000000
89446  41.225  -10.149  35.622 0.0000000000
89447  40.916  -10.412  35.497 0.0000000000
89492  42.832  -8.443  31.787 0.0000000000
89509  42.808  -8.253  31.398 0.0000000000
89510  42.468  -8.402  31.530 0.0000000000
89511  41.936  -8.639  31.742 0.0000000000
89526  42.947  -8.049  30.986 0.0000000000
89528  42.126  -8.201  31.172 0.0000000000
89542  42.385  -7.932  30.974 0.0000000000
89543  42.176  -8.012  30.954 0.0000000000
90586  41.568  -9.759  36.027 0.0000000000
90587  41.540  -9.935  36.220 0.0000000000
90600  41.445  -9.833  35.796 0.0000000000
90611  43.128  -8.263  33.913 0.0000000000
90626  42.901  -8.148  33.301 0.0000000000
90627  42.981  -8.249  33.718 0.0000000000
90628  40.801  -9.334  33.095 0.0000000000
90644  43.060  -8.372  31.842 0.0000000000
90645  43.036  -8.323  32.252 0.0000000000
90646  41.408  -8.756  32.132 0.0000000000
90648  40.289  -9.489  32.792 0.0000000000
90658  43.007  -8.278  31.609 0.0000000000
90659  43.201  -8.152  31.710 0.0000000000
90660  41.592  -8.612  31.711 0.0000000000
90664  39.059  -9.904  31.673 0.0000000000
90673  43.039  -8.206  31.387 0.0000000000
90674  42.936  -8.056  31.235 0.0000000000
91831  43.351  -8.171  33.945 0.0000000000
91864  43.920  -7.312  32.384 0.0000000000
91890  43.442  -6.641  28.031 0.0000000000
91891  43.292  -6.704  28.020 0.0000000000
91892  43.046  -6.814  28.020 0.0000000000
91901  43.307  -6.620  27.795 0.0000000000
91902  42.960  -6.758  27.776 0.0000000000
91909  43.159  -6.598  27.532 0.0000000000
91910  42.985  -6.630  27.369 0.0000000000
93077  43.546  -6.586  27.871 0.0000000000
93084  43.877  -6.424  27.562 0.0000000000
93089  43.194  -6.533  27.271 0.0000000000
95244  45.005  -5.158  25.511 0.0000000000
96313  45.468  -4.985  25.525 0.0000000000
141098  37.323  -24.421  42.072 0.0000000000
141099  35.680  -25.156  42.436 0.0000000000
141103  36.678  -24.563  41.841 0.0000000000
141104  37.439  -24.053  40.524 0.0000000000
141105  37.042  -24.051  40.460 0.0000000000
141162  34.615  -20.354  35.228 0.0000000000
141166  34.866  -19.044  36.343 0.0000000000
141469  37.901  -11.051  34.781 0.0000000000
