#!ascii label  , from subject 3439 vox2ras=TkReg
1636
101216  -39.697  -9.304  37.342 0.0000000000
104699  -53.650  -6.526  25.060 0.0000000000
105585  -46.612  -5.716  45.671 0.0000000000
97960  -49.242  -12.984  30.677 0.0000000000
97836  -49.117  -13.203  40.155 0.0000000000
106747  -50.073  -3.098  34.683 0.0000000000
107881  -40.184  -3.268  33.535 0.0000000000
116665  -44.436  4.292  31.900 0.0000000000
91411  -44.261  -17.832  46.123 0.0000000000
100103  -45.419  -11.397  33.508 0.0000000000
102460  -50.037  -8.591  32.567 0.0000000000
105667  -45.864  -5.880  33.977 0.0000000000
108865  -49.022  -1.712  44.745 0.0000000000
107804  -41.613  -4.068  40.857 0.0000000000
112275  -44.138  0.081  38.418 0.0000000000
112348  -40.793  1.243  32.529 0.0000000000
113393  -48.112  1.776  35.467 0.0000000000
107969  -51.080  -4.089  27.321 0.0000000000
98959  -39.867  -10.186  42.700 0.0000000000
102378  -45.712  -8.212  40.739 0.0000000000
95353  -52.931  -14.341  32.404 0.0000000000
93999  -48.591  -16.026  35.801 0.0000000000
96630  -45.158  -14.637  37.421 0.0000000000
95217  -45.608  -15.829  41.616 0.0000000000
106794  -52.370  -4.669  30.311 0.0000000000
110115  -49.332  -2.345  29.284 0.0000000000
106720  -46.251  -4.649  38.945 0.0000000000
108950  -45.832  -2.406  34.911 0.0000000000
111169  -44.588  -1.700  26.993 0.0000000000
111205  -40.515  -0.575  25.982 0.0000000000
114547  -38.782  2.404  27.595 0.0000000000
99015  -42.296  -11.260  33.910 0.0000000000
102474  -44.695  -8.076  32.467 0.0000000000
103533  -42.684  -7.669  35.012 0.0000000000
109993  -50.427  0.312  42.850 0.0000000000
111058  -46.279  -0.807  41.059 0.0000000000
112250  -48.375  0.354  40.129 0.0000000000
113359  -46.487  1.243  37.228 0.0000000000
106863  -52.574  -4.995  26.345 0.0000000000
101133  -38.593  -9.615  44.384 0.0000000000
99984  -41.591  -9.283  44.994 0.0000000000
95291  -49.578  -14.591  38.215 0.0000000000
96647  -46.547  -14.566  37.338 0.0000000000
97846  -46.983  -14.299  38.807 0.0000000000
92673  -44.901  -17.245  43.187 0.0000000000
92722  -39.204  -17.256  38.948 0.0000000000
95241  -36.983  -14.451  38.754 0.0000000000
92706  -35.519  -16.602  40.403 0.0000000000
100191  -50.494  -11.216  29.368 0.0000000000
105673  -50.270  -5.201  32.091 0.0000000000
104624  -51.675  -6.151  31.492 0.0000000000
106779  -51.038  -4.321  32.014 0.0000000000
108994  -51.188  -3.371  30.443 0.0000000000
110055  -50.105  -2.434  32.500 0.0000000000
103496  -45.922  -7.711  43.637 0.0000000000
104567  -46.351  -6.914  40.405 0.0000000000
105619  -45.071  -6.619  42.784 0.0000000000
107844  -40.523  -3.859  36.688 0.0000000000
107846  -43.046  -3.752  36.940 0.0000000000
107896  -42.806  -3.458  33.188 0.0000000000
109007  -45.263  -3.201  30.562 0.0000000000
109005  -42.728  -2.961  30.578 0.0000000000
111187  -42.390  -1.655  26.571 0.0000000000
110090  -40.147  -2.127  29.801 0.0000000000
113458  -42.602  2.644  32.050 0.0000000000
114513  -40.357  2.276  29.643 0.0000000000
115609  -40.908  3.360  29.762 0.0000000000
115606  -38.885  3.721  28.854 0.0000000000
117806  -41.798  5.053  30.959 0.0000000000
97917  -47.450  -12.265  33.344 0.0000000000
100140  -50.191  -10.614  32.506 0.0000000000
101256  -47.731  -9.843  32.932 0.0000000000
104620  -47.568  -6.378  32.138 0.0000000000
106755  -48.187  -4.513  34.213 0.0000000000
107767  -47.226  -3.925  45.347 0.0000000000
106691  -43.787  -4.960  43.782 0.0000000000
108893  -44.964  -2.087  42.096 0.0000000000
110004  -42.674  -1.263  39.945 0.0000000000
110016  -39.986  -1.427  36.502 0.0000000000
110051  -39.249  -1.329  33.349 0.0000000000
112310  -42.322  0.374  35.803 0.0000000000
113419  -44.402  1.678  34.019 0.0000000000
114490  -46.110  2.750  33.168 0.0000000000
109077  -48.770  -2.822  26.660 0.0000000000
101190  -40.670  -9.129  40.588 0.0000000000
102407  -42.572  -8.070  38.776 0.0000000000
101163  -42.241  -9.248  42.666 0.0000000000
100011  -44.155  -8.398  44.676 0.0000000000
102310  -45.486  -7.830  46.955 0.0000000000
106646  -43.840  -4.388  47.550 0.0000000000
105547  -47.273  -4.508  47.894 0.0000000000
94065  -50.519  -15.413  30.596 0.0000000000
95338  -51.190  -15.943  33.555 0.0000000000
94050  -48.711  -15.789  31.869 0.0000000000
96671  -46.262  -13.779  34.540 0.0000000000
97886  -44.810  -13.733  35.150 0.0000000000
97792  -49.502  -12.532  42.240 0.0000000000
93887  -47.328  -15.737  45.604 0.0000000000
95205  -47.230  -14.987  43.100 0.0000000000
96569  -47.454  -13.440  41.037 0.0000000000
96585  -45.783  -14.506  39.585 0.0000000000
98969  -40.962  -11.600  38.019 0.0000000000
103622  -54.383  -7.197  26.500 0.0000000000
102493  -51.549  -8.775  31.286 0.0000000000
104644  -52.766  -6.523  29.122 0.0000000000
105718  -53.654  -5.118  27.949 0.0000000000
109050  -52.235  -3.410  27.956 0.0000000000
112404  -50.535  -2.286  27.650 0.0000000000
112401  -48.440  -1.276  26.915 0.0000000000
103515  -45.277  -7.160  37.723 0.0000000000
105642  -47.278  -5.190  37.110 0.0000000000
106735  -49.349  -3.740  37.472 0.0000000000
106717  -43.739  -5.095  39.882 0.0000000000
108913  -46.611  -2.713  37.348 0.0000000000
110018  -49.561  -1.758  35.363 0.0000000000
110065  -47.709  -1.993  32.079 0.0000000000
110129  -46.831  -1.901  28.021 0.0000000000
112419  -46.152  -1.025  25.762 0.0000000000
112361  -38.920  0.538  29.470 0.0000000000
113480  -38.834  1.318  27.376 0.0000000000
114577  -37.733  1.547  25.028 0.0000000000
113479  -37.229  2.211  27.004 0.0000000000
114534  -36.657  2.722  28.878 0.0000000000
101239  -40.423  -10.581  35.487 0.0000000000
101250  -42.090  -9.414  33.939 0.0000000000
102443  -41.048  -9.152  35.304 0.0000000000
111074  -49.532  0.261  41.114 0.0000000000
112281  -49.437  1.389  39.077 0.0000000000
105753  -53.122  -5.773  25.556 0.0000000000
96620  -50.098  -13.672  39.323 0.0000000000
95278  -48.660  -14.398  38.813 0.0000000000
96605  -48.643  -13.543  39.709 0.0000000000
91505  -39.150  -18.600  40.378 0.0000000000
92708  -37.236  -17.165  39.483 0.0000000000
96739  -49.795  -13.716  29.751 0.0000000000
99098  -50.123  -12.153  30.079 0.0000000000
106769  -49.930  -4.123  32.694 0.0000000000
105674  -50.660  -5.120  32.003 0.0000000000
106759  -49.741  -3.546  33.166 0.0000000000
108954  -50.261  -3.431  32.476 0.0000000000
108939  -50.264  -2.745  33.586 0.0000000000
104547  -46.107  -6.860  45.150 0.0000000000
104562  -45.816  -7.187  42.736 0.0000000000
105613  -45.169  -6.403  43.913 0.0000000000
107869  -40.554  -3.710  34.599 0.0000000000
107870  -41.690  -3.881  34.747 0.0000000000
107882  -41.201  -3.641  33.647 0.0000000000
108989  -42.294  -3.128  31.771 0.0000000000
107906  -41.425  -3.149  32.078 0.0000000000
109020  -41.380  -2.503  30.020 0.0000000000
108987  -40.395  -2.561  31.182 0.0000000000
115586  -43.004  3.476  31.706 0.0000000000
114527  -41.734  2.865  30.829 0.0000000000
116673  -42.570  3.915  31.283 0.0000000000
117835  -40.852  4.349  29.944 0.0000000000
118886  -43.037  5.021  31.255 0.0000000000
99042  -47.142  -11.579  33.432 0.0000000000
100122  -47.932  -10.616  33.164 0.0000000000
100121  -47.047  -10.700  33.188 0.0000000000
103544  -44.714  -6.970  32.937 0.0000000000
103557  -46.088  -7.224  31.989 0.0000000000
104608  -46.463  -5.961  32.920 0.0000000000
105670  -48.049  -5.055  32.912 0.0000000000
105659  -47.405  -5.065  34.602 0.0000000000
107786  -48.123  -2.721  44.813 0.0000000000
108877  -45.629  -2.907  43.895 0.0000000000
108887  -47.260  -1.843  42.972 0.0000000000
111083  -45.427  -0.243  39.796 0.0000000000
109999  -44.995  -1.183  41.016 0.0000000000
111081  -43.519  -0.691  39.588 0.0000000000
110007  -41.549  -1.538  38.853 0.0000000000
111096  -42.299  -0.352  37.786 0.0000000000
111115  -41.108  -0.221  36.039 0.0000000000
112302  -43.078  0.383  36.894 0.0000000000
113376  -46.832  1.428  36.368 0.0000000000
113390  -45.131  1.178  35.687 0.0000000000
113406  -46.371  1.766  34.624 0.0000000000
113420  -45.514  1.932  33.876 0.0000000000
113421  -46.588  2.064  33.828 0.0000000000
109078  -49.591  -3.138  26.907 0.0000000000
101176  -40.047  -9.748  41.734 0.0000000000
101178  -41.596  -9.085  41.598 0.0000000000
100037  -41.260  -9.672  42.918 0.0000000000
101098  -41.943  -8.575  46.085 0.0000000000
99986  -43.079  -8.874  44.835 0.0000000000
101100  -43.441  -8.388  46.110 0.0000000000
101102  -45.158  -8.179  45.820 0.0000000000
103449  -44.432  -7.307  47.714 0.0000000000
108836  -43.324  -2.626  46.662 0.0000000000
106631  -45.460  -4.526  48.327 0.0000000000
108810  -46.598  -2.761  48.147 0.0000000000
107726  -48.188  -3.340  47.494 0.0000000000
110994  -47.365  -1.383  47.814 0.0000000000
94067  -52.143  -15.314  30.307 0.0000000000
95364  -52.083  -15.345  31.319 0.0000000000
95324  -51.495  -14.875  34.713 0.0000000000
94010  -49.899  -16.165  34.571 0.0000000000
94039  -49.384  -16.325  32.495 0.0000000000
94026  -49.027  -16.503  33.568 0.0000000000
95336  -47.066  -14.914  33.042 0.0000000000
94007  -46.985  -15.380  35.170 0.0000000000
97873  -45.674  -14.360  36.681 0.0000000000
97887  -45.451  -14.101  35.531 0.0000000000
97872  -45.005  -14.348  36.145 0.0000000000
92631  -45.287  -17.471  46.356 0.0000000000
95204  -46.655  -15.800  43.413 0.0000000000
95218  -46.224  -15.724  42.087 0.0000000000
96558  -47.195  -14.203  41.866 0.0000000000
95230  -46.270  -14.776  40.913 0.0000000000
96586  -46.555  -13.958  40.273 0.0000000000
95248  -45.658  -14.941  40.223 0.0000000000
98967  -40.045  -11.103  38.245 0.0000000000
97830  -38.944  -12.062  37.318 0.0000000000
102545  -54.058  -8.395  26.810 0.0000000000
101259  -50.230  -9.234  32.657 0.0000000000
101291  -51.101  -9.745  31.591 0.0000000000
102480  -51.326  -8.542  31.998 0.0000000000
105692  -51.890  -5.306  31.346 0.0000000000
104630  -52.206  -6.219  31.057 0.0000000000
105700  -52.629  -5.268  29.909 0.0000000000
104645  -53.161  -5.952  28.666 0.0000000000
106808  -53.026  -4.525  28.936 0.0000000000
107939  -53.069  -4.161  27.706 0.0000000000
107930  -52.857  -3.947  28.734 0.0000000000
111152  -50.733  -2.898  30.103 0.0000000000
110135  -51.040  -2.608  28.780 0.0000000000
111176  -50.221  -2.020  28.308 0.0000000000
112402  -49.232  -1.710  27.272 0.0000000000
111195  -49.360  -1.703  27.912 0.0000000000
102387  -44.817  -8.347  40.167 0.0000000000
102418  -44.096  -7.348  37.678 0.0000000000
102400  -45.737  -7.883  38.729 0.0000000000
106702  -46.049  -5.858  39.507 0.0000000000
104576  -46.907  -6.315  38.184 0.0000000000
105640  -46.904  -5.262  38.285 0.0000000000
106734  -48.375  -4.257  37.039 0.0000000000
106728  -47.799  -4.198  37.758 0.0000000000
107800  -42.518  -4.435  42.184 0.0000000000
105616  -42.917  -5.470  42.383 0.0000000000
106705  -42.202  -5.167  40.747 0.0000000000
107858  -44.412  -2.820  35.781 0.0000000000
107848  -45.236  -2.889  37.118 0.0000000000
108934  -45.889  -2.395  35.861 0.0000000000
108924  -47.709  -1.981  36.354 0.0000000000
108936  -47.739  -1.807  35.181 0.0000000000
110042  -48.664  -1.713  33.874 0.0000000000
108964  -47.316  -1.935  33.352 0.0000000000
110092  -44.794  -2.980  29.503 0.0000000000
110093  -46.058  -3.066  29.943 0.0000000000
110128  -45.876  -2.037  27.789 0.0000000000
112379  -46.651  -1.048  26.868 0.0000000000
112377  -45.512  -1.308  26.390 0.0000000000
112434  -44.963  -1.220  25.385 0.0000000000
111209  -44.684  -1.459  26.369 0.0000000000
111186  -40.978  -1.322  26.892 0.0000000000
111224  -42.723  -1.344  25.474 0.0000000000
111134  -39.331  -0.268  32.795 0.0000000000
111142  -38.978  -0.113  31.571 0.0000000000
112346  -39.428  1.022  31.407 0.0000000000
114537  -39.789  2.669  28.767 0.0000000000
113471  -39.154  1.597  28.217 0.0000000000
114536  -39.179  2.076  27.955 0.0000000000
113498  -38.705  1.567  25.184 0.0000000000
114557  -38.159  2.293  26.420 0.0000000000
113497  -37.055  1.114  25.436 0.0000000000
114546  -38.089  2.757  27.344 0.0000000000
116680  -38.896  4.111  29.390 0.0000000000
115605  -37.926  3.597  28.671 0.0000000000
115596  -37.798  3.689  29.794 0.0000000000
114524  -36.732  2.768  29.967 0.0000000000
99038  -43.674  -11.175  33.389 0.0000000000
101253  -44.747  -9.894  32.773 0.0000000000
101252  -43.861  -9.687  32.891 0.0000000000
102455  -43.363  -8.090  33.283 0.0000000000
104605  -44.203  -6.683  34.501 0.0000000000
109978  -47.768  -1.338  42.469 0.0000000000
109991  -49.101  -0.576  42.243 0.0000000000
111072  -47.636  -0.169  40.569 0.0000000000
112261  -46.041  0.293  39.284 0.0000000000
113341  -45.326  0.720  37.957 0.0000000000
112279  -47.560  0.896  38.752 0.0000000000
113344  -48.022  1.334  38.057 0.0000000000
106862  -51.839  -4.928  26.628 0.0000000000
97758  -38.782  -10.647  43.582 0.0000000000
98920  -40.374  -9.924  43.885 0.0000000000
99982  -40.047  -9.505  44.773 0.0000000000
95303  -49.143  -15.485  36.951 0.0000000000
93989  -47.374  -15.507  36.520 0.0000000000
95290  -48.342  -15.039  38.080 0.0000000000
96632  -46.578  -14.426  38.169 0.0000000000
97845  -46.181  -14.268  38.533 0.0000000000
92657  -44.285  -18.028  44.666 0.0000000000
92671  -42.918  -18.194  42.601 0.0000000000
93945  -40.117  -15.889  37.529 0.0000000000
95261  -38.873  -14.211  37.508 0.0000000000
93943  -37.913  -15.527  38.213 0.0000000000
93956  -36.263  -15.325  39.345 0.0000000000
103562  -50.208  -6.841  31.821 0.0000000000
103548  -51.097  -7.416  31.820 0.0000000000
104612  -51.168  -6.169  31.606 0.0000000000
105685  -51.216  -5.078  31.779 0.0000000000
106786  -51.545  -4.561  31.587 0.0000000000
107915  -52.036  -4.053  30.392 0.0000000000
108980  -51.213  -3.811  31.456 0.0000000000
110069  -50.523  -3.309  31.522 0.0000000000
110081  -49.932  -2.685  30.782 0.0000000000
102370  -45.704  -8.358  41.984 0.0000000000
103503  -46.322  -7.679  40.022 0.0000000000
104566  -45.976  -7.134  41.397 0.0000000000
105627  -46.025  -6.386  40.302 0.0000000000
106699  -45.534  -6.031  40.641 0.0000000000
106723  -40.905  -4.057  38.523 0.0000000000
106733  -41.927  -4.650  38.267 0.0000000000
107845  -41.701  -4.150  37.026 0.0000000000
107871  -42.779  -3.630  34.881 0.0000000000
107885  -44.065  -3.094  34.092 0.0000000000
108977  -45.756  -2.698  32.641 0.0000000000
108976  -44.477  -2.996  33.011 0.0000000000
109006  -43.953  -3.149  30.202 0.0000000000
110109  -43.185  -2.507  28.541 0.0000000000
110146  -43.552  -1.804  26.983 0.0000000000
110108  -42.147  -2.423  28.781 0.0000000000
110124  -41.368  -1.927  27.923 0.0000000000
111167  -40.579  -1.475  27.643 0.0000000000
113445  -42.370  2.082  32.352 0.0000000000
113443  -40.277  1.657  31.179 0.0000000000
114515  -41.475  2.776  30.667 0.0000000000
114526  -40.893  2.911  29.776 0.0000000000
115620  -39.746  3.359  28.885 0.0000000000
115619  -39.228  3.458  28.663 0.0000000000
116692  -39.892  3.930  29.237 0.0000000000
117833  -39.889  4.478  29.518 0.0000000000
117804  -40.719  4.810  30.419 0.0000000000
97935  -48.677  -12.557  32.257 0.0000000000
99077  -49.941  -11.913  31.524 0.0000000000
99044  -48.900  -11.390  32.850 0.0000000000
100124  -49.552  -10.531  32.824 0.0000000000
102459  -49.268  -8.748  32.533 0.0000000000
101275  -46.166  -9.112  32.244 0.0000000000
102477  -47.683  -8.399  32.010 0.0000000000
102479  -49.426  -7.928  32.170 0.0000000000
104622  -49.323  -6.311  31.906 0.0000000000
106767  -48.846  -4.589  33.012 0.0000000000
106757  -49.382  -3.657  33.976 0.0000000000
106665  -47.137  -4.879  45.819 0.0000000000
106681  -45.112  -5.038  44.719 0.0000000000
107783  -45.422  -3.890  44.594 0.0000000000
107802  -43.974  -3.589  42.906 0.0000000000
107806  -42.802  -3.184  41.910 0.0000000000
108894  -45.643  -1.726  42.045 0.0000000000
108898  -43.195  -2.005  41.170 0.0000000000
108896  -41.721  -2.498  40.416 0.0000000000
108901  -41.268  -2.500  39.501 0.0000000000
107843  -39.609  -3.141  36.531 0.0000000000
107868  -39.568  -3.133  34.466 0.0000000000
107892  -39.443  -2.457  32.791 0.0000000000
110026  -39.359  -1.768  35.276 0.0000000000
111120  -39.697  -0.797  34.428 0.0000000000
112326  -41.130  0.551  33.982 0.0000000000
113373  -44.214  0.716  36.854 0.0000000000
113403  -43.524  0.958  35.126 0.0000000000
112338  -42.018  1.119  33.541 0.0000000000
113446  -43.328  2.468  32.637 0.0000000000
113447  -44.225  2.695  32.886 0.0000000000
115588  -44.607  3.720  32.345 0.0000000000
101202  -40.654  -9.135  39.275 0.0000000000
102416  -41.018  -8.347  38.066 0.0000000000
102397  -42.207  -8.505  39.621 0.0000000000
102386  -43.488  -8.585  40.591 0.0000000000
101180  -43.901  -8.852  41.939 0.0000000000
98943  -41.977  -9.368  43.898 0.0000000000
101134  -43.449  -8.753  43.637 0.0000000000
101152  -44.825  -8.657  43.382 0.0000000000
101137  -45.295  -8.361  44.324 0.0000000000
102332  -45.818  -7.882  45.285 0.0000000000
103460  -46.760  -7.257  46.541 0.0000000000
104506  -43.249  -6.485  47.567 0.0000000000
104494  -44.572  -6.387  48.083 0.0000000000
103438  -46.631  -6.573  48.093 0.0000000000
105577  -47.782  -5.698  46.578 0.0000000000
106656  -47.986  -4.759  46.424 0.0000000000
107744  -48.727  -3.077  46.476 0.0000000000
108847  -49.113  -2.141  45.552 0.0000000000
95393  -50.424  -14.507  29.551 0.0000000000
95377  -49.547  -14.913  30.424 0.0000000000
96687  -51.967  -14.476  34.298 0.0000000000
95339  -51.955  -15.160  33.403 0.0000000000
94041  -51.391  -15.862  32.188 0.0000000000
94051  -49.592  -15.820  31.558 0.0000000000
96710  -48.602  -14.373  31.155 0.0000000000
96698  -47.313  -14.100  32.663 0.0000000000
96685  -47.209  -13.446  33.258 0.0000000000
99020  -46.334  -12.121  33.810 0.0000000000
95313  -46.464  -14.606  35.625 0.0000000000
97901  -45.700  -13.131  34.465 0.0000000000
97900  -44.845  -12.846  34.336 0.0000000000
97898  -43.137  -12.451  34.175 0.0000000000
95188  -48.402  -14.565  45.554 0.0000000000
92659  -45.860  -16.860  44.331 0.0000000000
95195  -46.956  -15.492  44.276 0.0000000000
96524  -47.804  -14.064  44.034 0.0000000000
96544  -48.258  -13.071  43.076 0.0000000000
97790  -48.034  -13.137  41.467 0.0000000000
97818  -48.449  -13.105  40.509 0.0000000000
97817  -47.570  -13.428  40.208 0.0000000000
97815  -46.244  -14.216  39.305 0.0000000000
96616  -45.237  -14.639  37.974 0.0000000000
101218  -39.631  -10.425  37.171 0.0000000000
100056  -40.674  -10.077  38.797 0.0000000000
100054  -39.804  -9.450  39.551 0.0000000000
100044  -39.002  -9.995  41.128 0.0000000000
97788  -38.527  -10.817  42.587 0.0000000000
102552  -54.610  -8.362  25.998 0.0000000000
103634  -54.510  -7.268  25.749 0.0000000000
104686  -54.124  -6.366  25.721 0.0000000000
100165  -50.492  -11.295  31.151 0.0000000000
101303  -51.318  -9.578  30.560 0.0000000000
102481  -51.802  -8.056  31.656 0.0000000000
103574  -52.299  -7.200  30.631 0.0000000000
103592  -52.701  -7.386  28.640 0.0000000000
104657  -53.228  -6.825  28.336 0.0000000000
104673  -54.052  -6.328  27.118 0.0000000000
105746  -53.867  -5.500  26.487 0.0000000000
106865  -53.510  -5.083  26.603 0.0000000000
107951  -52.611  -4.065  27.331 0.0000000000
109062  -51.481  -3.396  27.549 0.0000000000
109039  -51.780  -3.246  28.945 0.0000000000
110147  -51.566  -3.248  27.835 0.0000000000
109061  -50.698  -3.270  27.271 0.0000000000
109060  -49.838  -2.799  26.906 0.0000000000
110155  -48.370  -1.839  26.456 0.0000000000
110168  -47.653  -1.927  26.012 0.0000000000
102426  -42.937  -7.277  36.825 0.0000000000
103526  -43.348  -7.076  36.022 0.0000000000
104587  -45.435  -6.367  35.641 0.0000000000
103508  -46.729  -7.027  38.616 0.0000000000
103517  -46.448  -6.171  37.185 0.0000000000
104589  -46.881  -5.645  35.744 0.0000000000
105650  -47.843  -4.694  35.981 0.0000000000
106740  -48.582  -4.346  36.159 0.0000000000
106746  -49.827  -3.368  35.331 0.0000000000
105612  -44.342  -6.114  43.619 0.0000000000
105633  -44.508  -6.009  41.073 0.0000000000
106719  -45.515  -4.984  39.839 0.0000000000
107822  -43.008  -4.673  38.702 0.0000000000
107824  -44.973  -4.275  38.932 0.0000000000
107826  -47.139  -3.572  38.165 0.0000000000
108906  -48.545  -2.777  37.726 0.0000000000
108908  -50.003  -2.416  37.334 0.0000000000
108927  -50.240  -2.324  35.531 0.0000000000
110031  -50.058  -1.970  34.599 0.0000000000
110080  -49.056  -2.596  30.930 0.0000000000
108993  -46.678  -2.572  31.688 0.0000000000
110094  -47.290  -2.741  29.911 0.0000000000
110114  -48.557  -2.337  29.146 0.0000000000
111193  -47.761  -1.201  27.334 0.0000000000
112421  -47.335  -1.093  26.321 0.0000000000
111225  -43.452  -1.438  25.752 0.0000000000
108986  -39.682  -2.121  31.163 0.0000000000
110089  -39.413  -1.574  30.120 0.0000000000
111166  -39.712  -0.873  27.789 0.0000000000
113454  -39.372  1.478  29.837 0.0000000000
112376  -39.124  0.367  27.377 0.0000000000
112393  -39.374  0.329  26.330 0.0000000000
112428  -39.641  1.020  24.718 0.0000000000
113514  -38.279  0.581  23.371 0.0000000000
111235  -37.393  -0.841  24.554 0.0000000000
115617  -38.011  3.212  27.838 0.0000000000
114544  -36.865  2.514  28.101 0.0000000000
116666  -45.519  4.635  32.264 0.0000000000
118871  -45.032  5.612  31.779 0.0000000000
118854  -43.477  5.742  31.596 0.0000000000
117778  -41.967  5.414  31.483 0.0000000000
116649  -40.582  4.501  31.509 0.0000000000
101233  -40.336  -9.943  35.740 0.0000000000
102433  -40.731  -8.957  36.251 0.0000000000
104698  -53.279  -6.248  25.065 0.0000000000
97837  -50.508  -13.009  40.095 0.0000000000
96606  -49.503  -13.474  39.774 0.0000000000
96619  -49.138  -13.922  39.310 0.0000000000
97971  -49.548  -13.198  30.119 0.0000000000
97972  -50.015  -12.839  29.675 0.0000000000
97961  -49.785  -12.599  30.353 0.0000000000
106758  -49.707  -3.320  33.870 0.0000000000
107861  -50.063  -3.013  33.410 0.0000000000
107860  -50.141  -2.934  34.166 0.0000000000
104528  -46.252  -6.261  45.402 0.0000000000
104546  -45.805  -6.388  44.872 0.0000000000
105584  -45.959  -5.772  45.260 0.0000000000
107894  -40.756  -3.180  32.524 0.0000000000
108988  -41.188  -2.874  31.393 0.0000000000
108973  -40.662  -2.897  31.778 0.0000000000
115587  -43.827  3.704  32.055 0.0000000000
116663  -42.754  3.631  31.489 0.0000000000
116664  -43.326  3.897  31.643 0.0000000000
117822  -42.474  4.479  31.127 0.0000000000
116674  -43.459  4.404  31.458 0.0000000000
99041  -46.476  -11.427  33.520 0.0000000000
100120  -46.062  -10.905  33.227 0.0000000000
104607  -45.577  -6.163  33.343 0.0000000000
104618  -46.034  -6.457  32.532 0.0000000000
105668  -46.301  -5.745  33.715 0.0000000000
105669  -47.215  -5.312  33.290 0.0000000000
108864  -48.337  -2.159  44.324 0.0000000000
108863  -47.519  -2.555  44.300 0.0000000000
108879  -47.841  -2.042  43.644 0.0000000000
111082  -44.497  -0.371  39.563 0.0000000000
111090  -44.028  -0.298  39.027 0.0000000000
111088  -42.409  -0.789  38.615 0.0000000000
111097  -42.956  -0.290  38.160 0.0000000000
112274  -43.524  -0.003  38.128 0.0000000000
113392  -47.137  1.616  35.456 0.0000000000
113407  -47.375  1.865  34.573 0.0000000000
106861  -51.011  -4.903  27.285 0.0000000000
106860  -50.199  -4.216  27.376 0.0000000000
107968  -50.009  -4.071  27.275 0.0000000000
100046  -40.195  -9.980  42.389 0.0000000000
101177  -40.798  -9.575  41.925 0.0000000000
100036  -40.662  -9.887  42.777 0.0000000000
102320  -42.473  -8.372  46.617 0.0000000000
101099  -42.663  -8.503  46.106 0.0000000000
101084  -43.201  -8.278  46.680 0.0000000000
101085  -44.048  -8.206  46.668 0.0000000000
103448  -43.477  -7.339  47.477 0.0000000000
109908  -46.350  -1.914  47.931 0.0000000000
109909  -47.126  -2.070  48.067 0.0000000000
95365  -52.717  -15.112  31.197 0.0000000000
95352  -52.183  -15.345  31.963 0.0000000000
94009  -48.712  -16.267  34.667 0.0000000000
94025  -47.731  -16.076  33.639 0.0000000000
94008  -47.686  -16.020  34.906 0.0000000000
97857  -45.445  -14.472  37.130 0.0000000000
97856  -44.443  -14.631  36.723 0.0000000000
97871  -43.860  -14.213  35.835 0.0000000000
93920  -45.765  -16.318  42.408 0.0000000000
95219  -46.906  -14.801  41.955 0.0000000000
95229  -45.339  -15.525  40.852 0.0000000000
96581  -41.045  -13.863  36.929 0.0000000000
97811  -39.746  -11.914  37.719 0.0000000000
96580  -39.788  -13.064  36.935 0.0000000000
102535  -52.562  -8.182  27.957 0.0000000000
101278  -50.678  -9.568  32.392 0.0000000000
102461  -50.649  -8.487  32.305 0.0000000000
105699  -52.326  -5.348  30.685 0.0000000000
105707  -52.987  -5.192  29.135 0.0000000000
106801  -52.666  -4.618  29.655 0.0000000000
107916  -52.387  -4.305  29.992 0.0000000000
110116  -49.856  -2.315  29.429 0.0000000000
110133  -50.122  -2.207  29.019 0.0000000000
110132  -49.543  -2.129  28.719 0.0000000000
111196  -49.819  -1.780  28.104 0.0000000000
102399  -44.951  -8.097  39.086 0.0000000000
102388  -45.759  -8.086  39.614 0.0000000000
106711  -46.181  -5.504  39.238 0.0000000000
105638  -46.545  -5.643  38.951 0.0000000000
106721  -46.612  -4.795  38.621 0.0000000000
107818  -47.199  -4.039  38.106 0.0000000000
106697  -41.782  -4.507  41.079 0.0000000000
106698  -42.177  -4.855  41.628 0.0000000000
108949  -45.116  -2.618  35.300 0.0000000000
108933  -45.220  -2.580  36.039 0.0000000000
108935  -46.747  -2.145  35.585 0.0000000000
108951  -46.652  -2.167  34.546 0.0000000000
108952  -47.323  -1.904  34.202 0.0000000000
108963  -46.597  -2.268  33.508 0.0000000000
110127  -44.833  -2.088  27.689 0.0000000000
110111  -45.348  -2.553  28.642 0.0000000000
111170  -45.455  -1.600  27.119 0.0000000000
111190  -45.212  -1.421  26.585 0.0000000000
111223  -41.186  -0.830  25.387 0.0000000000
111222  -40.598  -0.432  25.591 0.0000000000
112413  -40.117  0.027  25.558 0.0000000000
112336  -40.100  0.681  32.844 0.0000000000
112335  -39.458  0.577  32.183 0.0000000000
112347  -40.161  1.250  32.058 0.0000000000
114558  -38.529  1.800  26.180 0.0000000000
116672  -38.737  4.224  29.948 0.0000000000
116679  -38.317  3.981  29.537 0.0000000000
100117  -43.360  -10.349  33.238 0.0000000000
100116  -42.576  -10.283  33.655 0.0000000000
102444  -41.798  -8.599  34.668 0.0000000000
102454  -42.536  -8.341  33.939 0.0000000000
103542  -43.121  -7.521  34.115 0.0000000000
103543  -43.862  -7.050  33.737 0.0000000000
103534  -43.719  -6.965  34.903 0.0000000000
109980  -49.108  -0.702  43.030 0.0000000000
109992  -49.715  -0.003  42.574 0.0000000000
112251  -49.254  0.600  40.397 0.0000000000
111073  -48.647  -0.022  40.817 0.0000000000
111085  -47.076  -0.061  40.062 0.0000000000
112262  -47.038  0.396  39.456 0.0000000000
112278  -46.590  0.730  38.682 0.0000000000
112263  -48.024  0.676  39.473 0.0000000000
113345  -49.005  1.534  38.178 0.0000000000
113361  -48.443  1.656  37.268 0.0000000000
105759  -52.188  -6.152  25.391 0.0000000000
105752  -52.421  -5.607  25.831 0.0000000000
98918  -38.773  -10.518  43.906 0.0000000000
100006  -39.399  -10.013  44.260 0.0000000000
99981  -39.326  -9.524  44.524 0.0000000000
95292  -50.334  -14.373  37.940 0.0000000000
96618  -47.975  -13.972  39.372 0.0000000000
95277  -47.619  -14.545  38.637 0.0000000000
96617  -47.208  -14.334  38.920 0.0000000000
97859  -46.349  -14.322  38.410 0.0000000000
92712  -41.605  -16.962  38.836 0.0000000000
92711  -39.887  -17.186  38.767 0.0000000000
93944  -39.026  -16.014  37.920 0.0000000000
92710  -38.768  -16.770  38.560 0.0000000000
93941  -36.336  -16.077  39.512 0.0000000000
104610  -50.318  -6.235  31.755 0.0000000000
104611  -50.695  -6.279  31.694 0.0000000000
106770  -50.333  -4.076  32.497 0.0000000000
107907  -51.625  -4.102  31.233 0.0000000000
107898  -51.216  -4.059  31.821 0.0000000000
110046  -50.147  -3.089  32.587 0.0000000000
110057  -50.451  -3.450  32.074 0.0000000000
110056  -50.178  -2.868  32.017 0.0000000000
111137  -50.263  -3.084  31.305 0.0000000000
110068  -50.131  -2.971  31.556 0.0000000000
103498  -46.054  -7.789  42.393 0.0000000000
105620  -45.512  -6.797  43.198 0.0000000000
105626  -45.545  -6.700  41.551 0.0000000000
106700  -45.750  -5.854  40.216 0.0000000000
106731  -40.661  -3.950  37.738 0.0000000000
106732  -41.336  -4.298  37.937 0.0000000000
106739  -40.925  -4.053  37.342 0.0000000000
107883  -42.286  -3.744  33.852 0.0000000000
107872  -43.713  -3.190  34.923 0.0000000000
107897  -43.572  -3.266  33.377 0.0000000000
108990  -43.591  -3.133  31.620 0.0000000000
109023  -43.635  -2.836  29.194 0.0000000000
109022  -42.915  -2.768  29.504 0.0000000000
110107  -40.984  -2.235  29.212 0.0000000000
110123  -40.422  -1.701  28.232 0.0000000000
113457  -41.869  2.494  31.549 0.0000000000
115597  -41.334  3.187  30.278 0.0000000000
114538  -40.519  3.079  29.318 0.0000000000
115608  -40.275  3.296  29.201 0.0000000000
116682  -40.082  3.595  29.164 0.0000000000
116683  -40.513  3.800  29.523 0.0000000000
117821  -41.796  4.716  30.756 0.0000000000
117834  -40.339  4.581  29.791 0.0000000000
117820  -40.978  4.796  30.376 0.0000000000
117819  -40.512  4.787  30.069 0.0000000000
117805  -41.042  5.196  30.664 0.0000000000
97918  -48.168  -12.384  32.914 0.0000000000
97919  -48.760  -12.019  32.668 0.0000000000
100123  -48.798  -10.535  32.972 0.0000000000
101257  -48.631  -9.731  32.874 0.0000000000
101258  -49.552  -9.610  32.801 0.0000000000
102458  -48.301  -9.041  32.536 0.0000000000
101274  -45.213  -9.064  32.437 0.0000000000
101254  -45.698  -9.991  32.714 0.0000000000
103558  -47.150  -7.332  31.866 0.0000000000
103559  -48.158  -7.324  31.840 0.0000000000
102478  -48.718  -8.170  32.098 0.0000000000
103560  -49.062  -7.249  31.896 0.0000000000
104621  -48.496  -6.348  31.976 0.0000000000
106766  -48.193  -4.726  33.364 0.0000000000
105671  -48.495  -4.899  32.926 0.0000000000
106756  -48.894  -4.080  34.073 0.0000000000
107766  -46.348  -4.315  45.247 0.0000000000
107784  -46.487  -3.571  44.855 0.0000000000
108885  -44.670  -2.925  42.917 0.0000000000
108884  -43.827  -3.185  42.521 0.0000000000
108892  -43.587  -2.546  41.847 0.0000000000
109989  -47.383  -1.058  41.834 0.0000000000
109977  -46.922  -1.471  42.383 0.0000000000
109988  -46.275  -1.268  41.770 0.0000000000
110005  -43.376  -1.117  40.293 0.0000000000
109998  -43.905  -1.443  40.900 0.0000000000
109997  -42.952  -1.675  40.669 0.0000000000
109996  -42.266  -1.895  40.442 0.0000000000
110003  -41.840  -1.747  39.812 0.0000000000
110011  -41.078  -1.439  37.992 0.0000000000
108911  -40.567  -1.842  37.777 0.0000000000
108920  -39.558  -2.239  36.492 0.0000000000
107842  -39.368  -2.940  35.975 0.0000000000
108919  -39.343  -2.504  35.825 0.0000000000
108932  -39.227  -2.394  34.899 0.0000000000
110015  -39.496  -1.820  35.966 0.0000000000
112300  -41.736  0.105  36.155 0.0000000000
111121  -40.206  -0.647  34.952 0.0000000000
111122  -40.905  -0.155  35.288 0.0000000000
111129  -40.758  0.007  34.614 0.0000000000
112317  -41.433  0.353  34.784 0.0000000000
113358  -45.582  0.989  37.291 0.0000000000
113357  -44.719  0.673  37.465 0.0000000000
113374  -44.945  0.923  36.613 0.0000000000
113404  -44.332  1.285  34.949 0.0000000000
113418  -43.505  1.283  34.298 0.0000000000
112339  -42.730  1.139  33.976 0.0000000000
113432  -43.119  1.653  33.300 0.0000000000
113434  -45.651  2.497  33.296 0.0000000000
113448  -44.841  2.607  33.079 0.0000000000
114489  -45.626  2.792  33.068 0.0000000000
114503  -44.904  3.055  32.812 0.0000000000
107967  -49.380  -3.621  27.146 0.0000000000
107966  -48.286  -3.103  26.671 0.0000000000
102396  -41.356  -8.651  39.287 0.0000000000
101191  -41.495  -8.818  40.209 0.0000000000
101179  -42.858  -8.801  41.502 0.0000000000
101192  -42.637  -8.655  40.673 0.0000000000
102376  -43.815  -8.763  41.412 0.0000000000
101164  -43.405  -8.905  42.570 0.0000000000
100008  -40.993  -9.551  44.431 0.0000000000
98921  -41.202  -9.622  44.035 0.0000000000
98899  -41.729  -9.365  44.532 0.0000000000
100009  -43.036  -8.868  44.052 0.0000000000
100010  -43.749  -8.560  44.458 0.0000000000
101135  -43.920  -8.585  43.846 0.0000000000
101136  -44.613  -8.426  44.300 0.0000000000
101153  -45.162  -8.555  43.859 0.0000000000
101115  -44.986  -8.209  44.969 0.0000000000
101087  -45.296  -8.034  46.437 0.0000000000
101103  -45.641  -8.063  45.592 0.0000000000
102322  -46.058  -8.008  46.023 0.0000000000
103470  -46.291  -7.398  45.619 0.0000000000
107740  -43.981  -3.282  47.299 0.0000000000
105567  -42.922  -5.606  47.258 0.0000000000
105568  -43.636  -5.504  47.731 0.0000000000
104493  -43.874  -6.199  47.975 0.0000000000
105569  -44.232  -5.088  48.017 0.0000000000
105561  -46.721  -5.103  48.366 0.0000000000
104496  -46.327  -6.009  48.372 0.0000000000
104497  -47.156  -5.823  48.086 0.0000000000
104508  -47.667  -6.124  47.528 0.0000000000
105571  -47.963  -5.286  47.398 0.0000000000
105578  -48.121  -5.317  46.904 0.0000000000
106634  -48.188  -4.412  47.185 0.0000000000
108812  -48.130  -2.771  48.050 0.0000000000
107727  -48.642  -2.982  46.982 0.0000000000
108837  -49.058  -2.477  46.122 0.0000000000
108825  -48.959  -2.349  46.577 0.0000000000
94083  -52.131  -15.178  29.477 0.0000000000
94066  -51.351  -15.339  30.430 0.0000000000
94082  -51.329  -15.080  29.695 0.0000000000
94081  -50.751  -15.185  29.979 0.0000000000
95378  -50.253  -15.096  30.045 0.0000000000
94028  -51.208  -16.125  32.979 0.0000000000
95362  -48.880  -15.206  31.173 0.0000000000
95351  -47.770  -15.116  31.879 0.0000000000
96699  -47.946  -13.639  32.124 0.0000000000
95322  -46.792  -14.576  34.308 0.0000000000
97902  -46.664  -12.666  33.822 0.0000000000
95301  -46.881  -15.038  36.746 0.0000000000
93997  -46.997  -15.314  36.092 0.0000000000
95300  -46.256  -14.466  36.540 0.0000000000
96670  -45.768  -13.945  35.166 0.0000000000
97899  -43.971  -12.687  34.225 0.0000000000
97885  -43.850  -13.499  34.944 0.0000000000
97804  -49.426  -12.614  41.532 0.0000000000
93878  -46.929  -16.296  45.937 0.0000000000
95178  -48.030  -15.242  45.957 0.0000000000
95187  -47.756  -15.113  45.215 0.0000000000
92658  -44.989  -17.423  44.221 0.0000000000
95194  -46.693  -15.826  43.920 0.0000000000
95196  -47.463  -14.690  44.161 0.0000000000
95206  -47.498  -14.368  43.580 0.0000000000
96525  -48.319  -13.429  43.824 0.0000000000
96543  -47.655  -13.893  42.903 0.0000000000
96559  -47.558  -13.632  41.712 0.0000000000
97803  -48.655  -12.882  41.159 0.0000000000
97802  -47.839  -13.162  40.798 0.0000000000
97801  -47.188  -13.596  40.448 0.0000000000
97832  -45.918  -14.265  38.589 0.0000000000
96603  -45.415  -14.550  38.568 0.0000000000
98978  -40.683  -12.236  37.827 0.0000000000
98983  -40.866  -12.439  37.027 0.0000000000
101226  -39.205  -11.130  37.134 0.0000000000
100064  -40.032  -10.772  38.383 0.0000000000
98966  -38.784  -10.253  38.655 0.0000000000
95242  -37.694  -14.233  38.262 0.0000000000
96599  -38.442  -13.299  37.787 0.0000000000
96579  -37.216  -13.359  38.818 0.0000000000
96566  -37.385  -11.403  41.517 0.0000000000
97787  -37.956  -11.054  42.081 0.0000000000
96541  -37.841  -11.188  42.831 0.0000000000
101361  -54.814  -9.562  25.045 0.0000000000
102551  -54.362  -8.935  26.266 0.0000000000
102546  -54.373  -7.804  26.634 0.0000000000
99063  -49.846  -11.472  32.235 0.0000000000
100154  -50.425  -11.110  31.903 0.0000000000
103549  -51.536  -6.944  31.673 0.0000000000
103563  -51.617  -7.647  31.818 0.0000000000
103564  -51.995  -7.187  31.490 0.0000000000
104637  -52.537  -6.207  30.113 0.0000000000
103584  -52.433  -7.267  29.624 0.0000000000
105717  -53.478  -5.257  28.194 0.0000000000
105735  -53.816  -5.760  27.595 0.0000000000
105736  -53.854  -5.329  27.305 0.0000000000
106844  -53.467  -4.691  27.150 0.0000000000
109051  -52.763  -3.716  27.912 0.0000000000
107952  -52.924  -4.007  27.301 0.0000000000
109064  -52.591  -3.776  27.720 0.0000000000
107950  -52.004  -4.108  27.197 0.0000000000
109063  -52.063  -3.685  27.544 0.0000000000
109012  -51.695  -3.571  30.083 0.0000000000
109029  -51.881  -3.488  29.502 0.0000000000
109028  -51.436  -3.214  29.702 0.0000000000
112385  -50.742  -2.009  27.755 0.0000000000
111178  -51.127  -2.516  28.028 0.0000000000
111213  -50.844  -2.811  27.580 0.0000000000
110158  -50.876  -3.111  27.307 0.0000000000
110157  -49.989  -2.554  27.010 0.0000000000
111210  -48.713  -1.612  26.780 0.0000000000
111228  -48.087  -1.373  26.420 0.0000000000
102425  -41.510  -7.911  36.983 0.0000000000
102417  -42.716  -7.659  37.858 0.0000000000
102419  -44.837  -7.360  37.883 0.0000000000
102427  -43.761  -7.078  37.130 0.0000000000
103520  -44.338  -6.918  36.971 0.0000000000
103527  -44.455  -6.703  35.798 0.0000000000
103521  -45.356  -6.638  36.571 0.0000000000
103501  -46.591  -7.203  40.136 0.0000000000
103507  -46.337  -7.636  39.098 0.0000000000
103504  -46.726  -7.150  39.411 0.0000000000
104580  -47.039  -5.806  37.887 0.0000000000
103512  -46.548  -6.599  37.900 0.0000000000
104579  -46.930  -5.772  37.415 0.0000000000
104583  -46.306  -6.042  36.343 0.0000000000
104584  -46.761  -5.750  36.432 0.0000000000
105649  -47.286  -5.250  35.716 0.0000000000
105645  -47.287  -5.221  36.609 0.0000000000
106741  -49.369  -3.961  36.400 0.0000000000
106742  -50.059  -3.507  36.731 0.0000000000
107782  -44.597  -4.567  44.297 0.0000000000
106680  -44.472  -5.296  44.271 0.0000000000
105631  -42.904  -5.532  41.302 0.0000000000
105623  -43.272  -6.038  41.993 0.0000000000
106707  -44.226  -5.518  40.479 0.0000000000
106708  -45.160  -5.606  40.443 0.0000000000
106718  -44.792  -4.933  39.816 0.0000000000
107834  -42.697  -4.381  38.026 0.0000000000
106725  -42.391  -4.887  38.905 0.0000000000
108912  -45.877  -2.915  37.433 0.0000000000
107836  -45.297  -3.397  37.872 0.0000000000
107837  -46.424  -3.232  37.914 0.0000000000
107825  -46.151  -3.887  38.569 0.0000000000
107838  -47.166  -2.977  37.822 0.0000000000
108925  -48.849  -1.774  35.983 0.0000000000
108915  -48.648  -2.137  37.084 0.0000000000
108926  -49.841  -1.893  36.035 0.0000000000
108917  -50.137  -2.363  36.588 0.0000000000
110019  -49.995  -1.940  35.432 0.0000000000
110052  -47.963  -1.766  33.172 0.0000000000
110053  -48.773  -1.774  32.910 0.0000000000
110066  -48.886  -2.023  31.852 0.0000000000
110079  -48.079  -2.521  30.987 0.0000000000
108991  -44.857  -3.126  31.596 0.0000000000
108992  -46.081  -2.994  31.470 0.0000000000
109008  -45.916  -3.236  30.700 0.0000000000
110112  -46.594  -2.406  28.685 0.0000000000
109025  -46.972  -2.247  28.544 0.0000000000
110113  -47.540  -2.351  28.962 0.0000000000
110130  -47.773  -1.952  28.349 0.0000000000
111173  -48.212  -1.625  27.963 0.0000000000
111172  -47.307  -1.498  27.605 0.0000000000
112398  -46.442  -1.150  26.284 0.0000000000
112399  -46.853  -0.848  26.513 0.0000000000
112420  -46.786  -1.107  26.170 0.0000000000
111226  -47.018  -1.278  25.881 0.0000000000
110181  -45.904  -1.518  25.557 0.0000000000
110145  -42.983  -1.844  27.082 0.0000000000
111188  -43.500  -1.655  26.584 0.0000000000
111207  -43.009  -1.501  26.052 0.0000000000
111237  -41.991  -1.089  25.014 0.0000000000
112431  -42.963  -1.296  25.155 0.0000000000
108960  -39.232  -2.041  32.980 0.0000000000
108971  -39.345  -2.180  32.125 0.0000000000
110063  -39.108  -1.221  32.344 0.0000000000
111150  -38.914  -0.422  30.322 0.0000000000
111160  -39.045  -0.671  29.074 0.0000000000
113455  -40.180  2.031  30.188 0.0000000000
113442  -39.594  1.447  30.633 0.0000000000
113465  -39.915  2.026  29.406 0.0000000000
112412  -39.403  0.824  25.496 0.0000000000
114578  -38.028  1.590  24.622 0.0000000000
113506  -37.798  0.914  24.163 0.0000000000
112442  -37.978  0.079  23.507 0.0000000000
112427  -37.468  -0.130  24.183 0.0000000000
112411  -37.073  0.195  24.773 0.0000000000
113488  -37.108  1.803  26.418 0.0000000000
113496  -36.403  0.715  25.867 0.0000000000
113487  -36.441  1.120  26.373 0.0000000000
112375  -35.934  0.937  26.890 0.0000000000
115607  -39.299  3.814  29.020 0.0000000000
115618  -38.469  3.195  28.153 0.0000000000
115604  -37.234  3.252  28.785 0.0000000000
114535  -37.238  3.034  28.368 0.0000000000
113470  -36.448  2.196  28.288 0.0000000000
113469  -35.893  1.738  28.788 0.0000000000
118855  -44.422  5.983  31.788 0.0000000000
118870  -44.148  5.549  31.442 0.0000000000
118839  -43.645  6.030  32.061 0.0000000000
118822  -42.264  5.616  32.110 0.0000000000
117788  -40.897  4.717  31.141 0.0000000000
100100  -41.170  -10.647  34.673 0.0000000000
100101  -41.790  -10.447  34.126 0.0000000000
101241  -41.342  -9.699  34.545 0.0000000000
102434  -41.950  -7.971  35.834 0.0000000000
111063  -50.390  0.417  42.160 0.0000000000
111075  -50.281  0.621  41.449 0.0000000000
112264  -48.930  0.899  39.646 0.0000000000
112265  -49.746  1.244  39.960 0.0000000000
112282  -50.156  1.781  39.465 0.0000000000
113329  -50.864  2.251  39.996 0.0000000000
101132  -37.802  -9.634  44.312 0.0000000000
96634  -50.500  -13.926  38.475 0.0000000000
96633  -49.747  -14.082  38.874 0.0000000000
97847  -47.519  -13.878  39.585 0.0000000000
91516  -39.378  -17.607  39.307 0.0000000000
92721  -38.745  -17.363  39.106 0.0000000000
92720  -38.170  -17.596  39.364 0.0000000000
96740  -50.294  -13.543  29.202 0.0000000000
99110  -50.259  -11.987  29.458 0.0000000000
100180  -50.413  -11.355  30.222 0.0000000000
107886  -50.809  -4.134  32.275 0.0000000000
107875  -50.001  -3.611  33.065 0.0000000000
108940  -50.219  -3.261  33.266 0.0000000000
110045  -50.227  -2.605  33.068 0.0000000000
103485  -45.925  -7.519  44.724 0.0000000000
104558  -45.835  -6.935  44.083 0.0000000000
105614  -45.546  -6.652  43.906 0.0000000000
107854  -39.978  -3.669  35.588 0.0000000000
107855  -41.093  -3.880  35.748 0.0000000000
108975  -43.229  -3.244  32.580 0.0000000000
108974  -42.562  -3.339  32.570 0.0000000000
109004  -41.723  -2.791  30.645 0.0000000000
109021  -41.962  -2.656  29.780 0.0000000000
109003  -40.841  -2.461  30.397 0.0000000000
109002  -40.051  -2.216  30.517 0.0000000000
114516  -42.486  3.041  31.545 0.0000000000
115599  -42.299  3.357  31.272 0.0000000000
115610  -41.477  3.511  30.441 0.0000000000
116684  -41.143  4.058  29.979 0.0000000000
116685  -42.181  3.963  30.635 0.0000000000
118868  -42.647  5.067  30.992 0.0000000000
99043  -48.080  -11.436  33.159 0.0000000000
102475  -45.635  -8.211  32.037 0.0000000000
103556  -45.289  -7.426  32.313 0.0000000000
104619  -46.725  -6.517  32.285 0.0000000000
105682  -47.917  -5.646  32.477 0.0000000000
105681  -47.434  -5.779  32.581 0.0000000000
106754  -47.749  -4.854  33.785 0.0000000000
107785  -47.368  -3.202  44.843 0.0000000000
108862  -46.617  -2.930  44.394 0.0000000000
108878  -46.792  -2.327  43.700 0.0000000000
108886  -45.981  -1.991  42.773 0.0000000000
111070  -45.728  -0.620  40.578 0.0000000000
110000  -45.721  -1.074  41.198 0.0000000000
111069  -44.744  -0.734  40.361 0.0000000000
111068  -43.981  -0.788  40.188 0.0000000000
110008  -42.237  -1.225  39.309 0.0000000000
111080  -42.834  -0.874  39.240 0.0000000000
111087  -41.720  -0.932  38.169 0.0000000000
111095  -41.386  -0.654  37.516 0.0000000000
111104  -40.692  -0.701  36.620 0.0000000000
111094  -40.959  -0.641  37.097 0.0000000000
111105  -41.412  -0.228  36.772 0.0000000000
112301  -42.302  0.198  36.607 0.0000000000
113375  -45.857  1.233  36.458 0.0000000000
113391  -46.120  1.497  35.547 0.0000000000
113405  -45.326  1.575  34.749 0.0000000000
113435  -46.774  2.458  33.482 0.0000000000
101162  -41.510  -9.445  42.320 0.0000000000
101113  -41.394  -8.942  45.446 0.0000000000
99985  -42.331  -9.174  45.027 0.0000000000
101114  -42.139  -8.903  45.544 0.0000000000
99970  -42.873  -8.720  45.525 0.0000000000
99971  -43.625  -8.462  45.506 0.0000000000
99972  -44.353  -8.285  45.470 0.0000000000
101101  -44.259  -8.298  46.052 0.0000000000
101086  -44.839  -8.105  46.540 0.0000000000
102309  -44.680  -7.884  47.181 0.0000000000
107741  -44.809  -3.513  47.826 0.0000000000
106647  -44.723  -4.483  48.065 0.0000000000
107722  -45.177  -4.010  48.180 0.0000000000
106632  -46.294  -4.403  48.430 0.0000000000
107714  -47.097  -3.870  48.095 0.0000000000
106618  -47.669  -3.947  47.604 0.0000000000
107725  -47.477  -3.266  48.193 0.0000000000
94054  -51.955  -15.352  30.893 0.0000000000
94053  -51.447  -15.567  31.229 0.0000000000
95323  -50.928  -15.659  34.250 0.0000000000
94027  -50.387  -16.440  33.429 0.0000000000
94038  -48.267  -16.062  32.614 0.0000000000
95337  -47.573  -15.624  32.724 0.0000000000
94024  -47.148  -15.450  34.202 0.0000000000
96646  -46.085  -14.324  37.246 0.0000000000
93894  -45.613  -16.838  43.582 0.0000000000
93907  -46.076  -16.356  43.025 0.0000000000
96542  -47.252  -14.459  42.472 0.0000000000
95231  -46.828  -14.443  41.377 0.0000000000
96568  -46.862  -14.094  40.786 0.0000000000
96567  -46.357  -14.415  40.407 0.0000000000
97814  -41.712  -13.211  37.477 0.0000000000
97813  -41.358  -13.102  37.540 0.0000000000
98968  -40.690  -11.232  38.407 0.0000000000
97812  -40.934  -12.725  37.887 0.0000000000
97810  -38.406  -11.209  38.099 0.0000000000
103620  -53.668  -7.768  27.407 0.0000000000
103621  -54.009  -7.282  27.145 0.0000000000
101277  -50.087  -9.911  32.757 0.0000000000
100141  -50.690  -10.362  32.049 0.0000000000
104638  -52.813  -5.790  29.401 0.0000000000
106825  -53.406  -4.580  27.718 0.0000000000
106809  -53.287  -4.496  28.259 0.0000000000
107931  -53.047  -4.049  28.122 0.0000000000
109040  -52.380  -3.555  28.356 0.0000000000
110099  -51.014  -3.065  30.020 0.0000000000
110118  -51.098  -2.817  29.292 0.0000000000
110117  -50.696  -2.631  29.331 0.0000000000
111177  -50.729  -2.312  28.337 0.0000000000
112384  -50.379  -1.980  27.909 0.0000000000
112403  -49.914  -1.973  27.481 0.0000000000
112383  -49.822  -1.760  27.810 0.0000000000
112382  -48.942  -1.517  27.424 0.0000000000
102398  -43.743  -8.239  39.452 0.0000000000
102408  -43.953  -7.846  38.520 0.0000000000
102409  -45.111  -7.648  38.283 0.0000000000
102410  -45.670  -7.682  38.382 0.0000000000
105634  -46.367  -6.502  39.963 0.0000000000
104573  -46.905  -6.530  38.844 0.0000000000
104574  -46.849  -6.006  38.895 0.0000000000
104577  -46.973  -5.883  38.268 0.0000000000
105643  -47.266  -5.076  37.554 0.0000000000
106729  -48.735  -3.608  37.726 0.0000000000
106695  -43.684  -4.185  43.137 0.0000000000
106694  -43.100  -4.860  42.836 0.0000000000
106693  -42.600  -5.041  42.210 0.0000000000
105630  -42.423  -5.293  41.394 0.0000000000
106716  -42.741  -5.120  39.836 0.0000000000
107847  -44.303  -3.148  36.896 0.0000000000
108921  -44.978  -2.756  36.518 0.0000000000
108922  -45.784  -2.604  36.716 0.0000000000
108923  -46.721  -2.334  36.566 0.0000000000
108914  -47.626  -2.525  37.324 0.0000000000
108937  -48.497  -1.695  35.307 0.0000000000
110030  -49.247  -1.719  34.614 0.0000000000
110028  -47.834  -1.735  34.541 0.0000000000
108979  -47.430  -1.936  32.760 0.0000000000
111171  -46.375  -1.515  27.305 0.0000000000
111191  -45.934  -1.346  27.041 0.0000000000
112397  -45.757  -1.214  26.208 0.0000000000
112435  -45.725  -1.061  25.929 0.0000000000
112418  -45.309  -1.065  26.136 0.0000000000
112396  -44.997  -1.365  26.137 0.0000000000
111206  -41.762  -1.364  25.971 0.0000000000
112354  -39.040  0.700  30.543 0.0000000000
114525  -40.319  2.436  29.338 0.0000000000
113472  -39.725  2.111  28.895 0.0000000000
113489  -38.769  1.250  26.460 0.0000000000
114569  -38.254  1.837  25.352 0.0000000000
114568  -37.618  2.024  25.758 0.0000000000
114556  -37.617  2.477  26.639 0.0000000000
115595  -37.235  3.300  29.440 0.0000000000
115584  -37.297  3.185  30.787 0.0000000000
99040  -44.931  -11.375  33.458 0.0000000000
100119  -45.112  -10.892  33.171 0.0000000000
100118  -44.206  -10.608  33.034 0.0000000000
101273  -44.352  -8.993  32.657 0.0000000000
101251  -43.010  -9.284  33.328 0.0000000000
101272  -43.680  -8.871  32.922 0.0000000000
102473  -43.998  -8.327  32.797 0.0000000000
102456  -44.062  -7.652  32.960 0.0000000000
104606  -44.697  -6.432  33.987 0.0000000000
108888  -48.186  -1.592  43.037 0.0000000000
108889  -48.655  -1.225  43.101 0.0000000000
109979  -48.551  -1.109  42.624 0.0000000000
109990  -48.311  -0.901  41.963 0.0000000000
111061  -48.906  -0.325  41.540 0.0000000000
111060  -47.976  -0.495  41.344 0.0000000000
111059  -47.030  -0.690  41.194 0.0000000000
111071  -46.677  -0.410  40.565 0.0000000000
111084  -46.337  -0.135  39.935 0.0000000000
112260  -45.199  0.107  39.085 0.0000000000
112276  -44.916  0.372  38.416 0.0000000000
112277  -45.697  0.577  38.584 0.0000000000
113342  -46.115  0.994  37.988 0.0000000000
113343  -47.047  1.134  37.996 0.0000000000
112280  -48.529  1.124  38.862 0.0000000000
113360  -47.452  1.453  37.218 0.0000000000
113377  -47.821  1.627  36.348 0.0000000000
113378  -48.796  1.837  36.416 0.0000000000
97777  -39.265  -10.520  43.029 0.0000000000
98950  -40.382  -10.026  43.006 0.0000000000
98919  -39.391  -10.301  43.701 0.0000000000
100007  -40.182  -9.808  44.320 0.0000000000
99983  -40.818  -9.353  44.869 0.0000000000
101111  -39.935  -8.945  45.037 0.0000000000
101112  -40.643  -8.959  45.278 0.0000000000
95314  -49.450  -15.678  35.992 0.0000000000
93990  -48.074  -15.849  36.546 0.0000000000
95302  -47.787  -15.490  37.230 0.0000000000
95289  -47.206  -14.908  37.798 0.0000000000
96631  -46.174  -14.325  37.746 0.0000000000
97858  -45.945  -14.268  37.759 0.0000000000
97844  -45.735  -14.354  37.912 0.0000000000
92644  -44.330  -18.033  45.233 0.0000000000
92672  -43.788  -17.883  43.158 0.0000000000
93905  -44.665  -17.100  42.283 0.0000000000
95243  -40.446  -14.437  36.899 0.0000000000
95262  -39.577  -14.575  37.219 0.0000000000
93959  -39.210  -15.148  37.528 0.0000000000
93958  -38.551  -14.964  37.793 0.0000000000
92709  -37.915  -16.791  38.826 0.0000000000
93942  -36.961  -15.772  38.960 0.0000000000
95259  -36.445  -14.798  39.169 0.0000000000
103547  -50.390  -7.459  31.987 0.0000000000
106793  -52.030  -4.633  31.003 0.0000000000
108995  -51.414  -3.651  30.749 0.0000000000
110084  -51.127  -3.633  31.165 0.0000000000
108965  -50.946  -3.924  32.192 0.0000000000
110070  -51.080  -3.806  31.736 0.0000000000
110083  -50.959  -3.382  30.857 0.0000000000
111153  -50.793  -3.120  30.498 0.0000000000
111143  -50.350  -2.724  30.281 0.0000000000
110097  -49.909  -2.484  29.966 0.0000000000
103500  -46.257  -7.642  41.051 0.0000000000
106701  -45.891  -5.731  39.733 0.0000000000
106710  -46.024  -5.072  39.403 0.0000000000
106714  -41.219  -4.240  39.494 0.0000000000
106704  -41.583  -4.455  40.389 0.0000000000
106724  -41.523  -4.612  38.804 0.0000000000
107833  -41.891  -4.442  37.801 0.0000000000
107856  -42.286  -3.842  35.858 0.0000000000
107857  -43.361  -3.265  35.890 0.0000000000
107873  -44.445  -2.882  34.882 0.0000000000
108961  -44.956  -2.797  34.341 0.0000000000
108962  -45.727  -2.594  33.835 0.0000000000
110091  -44.109  -2.956  29.318 0.0000000000
110110  -44.203  -2.560  28.596 0.0000000000
110126  -43.730  -2.073  27.510 0.0000000000
111168  -43.958  -1.748  26.877 0.0000000000
110125  -42.570  -2.194  27.790 0.0000000000
110144  -42.049  -1.855  27.189 0.0000000000
113430  -41.287  1.387  32.602 0.0000000000
113444  -41.227  1.760  31.983 0.0000000000
113456  -41.014  2.230  30.867 0.0000000000
114514  -40.752  2.491  30.002 0.0000000000
114548  -39.336  3.015  28.481 0.0000000000
116691  -39.694  3.885  28.961 0.0000000000
117852  -40.486  4.322  29.675 0.0000000000
117850  -39.969  4.307  29.368 0.0000000000
116681  -39.372  4.130  29.258 0.0000000000
117832  -39.506  4.447  29.558 0.0000000000
117817  -39.202  4.629  30.185 0.0000000000
117803  -40.000  4.609  30.435 0.0000000000
96700  -48.606  -13.063  31.760 0.0000000000
97948  -49.141  -12.604  31.459 0.0000000000
99062  -49.211  -11.771  32.472 0.0000000000
99045  -49.584  -11.166  32.653 0.0000000000
101255  -46.779  -9.847  32.731 0.0000000000
102457  -47.528  -9.240  32.525 0.0000000000
102476  -46.623  -8.251  31.882 0.0000000000
101276  -46.980  -8.985  32.279 0.0000000000
103546  -49.850  -8.018  32.319 0.0000000000
103561  -49.820  -7.209  31.946 0.0000000000
104623  -49.923  -6.250  31.828 0.0000000000
105672  -49.926  -5.377  32.110 0.0000000000
105683  -48.769  -5.393  32.448 0.0000000000
106777  -49.218  -5.096  32.539 0.0000000000
106768  -49.541  -4.414  32.783 0.0000000000
106664  -46.208  -5.092  45.442 0.0000000000
106663  -45.654  -5.286  45.097 0.0000000000
107765  -45.717  -4.696  45.084 0.0000000000
108861  -46.001  -3.266  44.507 0.0000000000
107798  -45.074  -3.423  44.006 0.0000000000
107797  -44.463  -3.808  43.715 0.0000000000
107801  -43.126  -3.681  42.421 0.0000000000
107805  -42.091  -3.665  41.499 0.0000000000
109986  -44.549  -1.741  41.495 0.0000000000
108897  -42.487  -2.520  41.101 0.0000000000
107808  -41.393  -3.500  40.315 0.0000000000
107814  -40.949  -3.361  39.036 0.0000000000
107821  -40.486  -3.281  37.968 0.0000000000
108904  -40.755  -2.395  38.301 0.0000000000
108903  -40.319  -2.738  37.842 0.0000000000
107831  -40.027  -3.082  37.401 0.0000000000
107853  -39.329  -3.061  35.555 0.0000000000
107893  -39.824  -2.819  32.686 0.0000000000
107880  -39.529  -2.693  33.388 0.0000000000
108948  -39.300  -2.204  33.905 0.0000000000
110039  -39.357  -1.489  34.361 0.0000000000
110027  -39.783  -1.247  35.592 0.0000000000
110040  -39.602  -1.178  34.932 0.0000000000
111127  -39.526  -0.650  33.742 0.0000000000
111128  -40.192  -0.121  34.096 0.0000000000
112325  -40.466  0.444  33.488 0.0000000000
112337  -41.102  1.018  33.110 0.0000000000
112291  -43.998  0.377  37.730 0.0000000000
112312  -43.648  0.593  36.597 0.0000000000
112311  -43.125  0.508  36.116 0.0000000000
113389  -44.070  0.808  35.930 0.0000000000
113388  -43.426  0.717  35.628 0.0000000000
112319  -42.920  0.657  35.386 0.0000000000
112327  -42.057  0.808  34.313 0.0000000000
113431  -41.882  1.483  32.786 0.0000000000
113433  -44.469  2.253  33.281 0.0000000000
114502  -43.543  2.964  32.433 0.0000000000
114518  -44.204  3.443  32.396 0.0000000000
101217  -39.568  -9.600  37.895 0.0000000000
102424  -40.321  -8.805  37.131 0.0000000000
101209  -40.504  -8.951  38.734 0.0000000000
102406  -41.468  -8.465  38.957 0.0000000000
102385  -42.510  -8.602  40.286 0.0000000000
102377  -44.727  -8.690  41.527 0.0000000000
98951  -40.966  -9.797  43.301 0.0000000000
100026  -41.703  -9.498  43.372 0.0000000000
100027  -42.217  -9.296  43.572 0.0000000000
98900  -42.348  -9.194  44.532 0.0000000000
101150  -43.028  -8.950  43.322 0.0000000000
101151  -43.853  -8.715  43.228 0.0000000000
101165  -44.386  -8.784  42.574 0.0000000000
102369  -45.183  -8.720  42.691 0.0000000000
102363  -45.281  -8.722  43.142 0.0000000000
102364  -45.523  -8.429  43.334 0.0000000000
102349  -45.662  -8.060  44.409 0.0000000000
101116  -45.421  -8.073  45.078 0.0000000000
104529  -46.793  -6.546  45.905 0.0000000000
104507  -43.903  -6.793  47.845 0.0000000000
103450  -45.378  -7.470  47.732 0.0000000000
105559  -44.939  -5.393  48.203 0.0000000000
103437  -45.940  -6.868  48.243 0.0000000000
103451  -46.383  -7.252  47.488 0.0000000000
103452  -47.223  -6.830  47.204 0.0000000000
104518  -47.233  -6.702  46.491 0.0000000000
105586  -47.243  -5.742  46.116 0.0000000000
106655  -47.594  -5.298  46.225 0.0000000000
106666  -47.824  -4.180  45.808 0.0000000000
107743  -48.285  -3.857  46.883 0.0000000000
107756  -48.313  -3.718  46.174 0.0000000000
107768  -48.107  -3.381  45.410 0.0000000000
107757  -48.776  -2.969  45.828 0.0000000000
107769  -48.646  -2.561  45.213 0.0000000000
108838  -49.349  -1.648  45.915 0.0000000000
94094  -51.510  -14.877  29.179 0.0000000000
95394  -51.110  -14.712  29.285 0.0000000000
95410  -50.688  -13.952  29.045 0.0000000000
95392  -49.660  -14.280  29.950 0.0000000000
96725  -49.182  -13.923  30.417 0.0000000000
94052  -50.547  -15.807  31.433 0.0000000000
94040  -50.451  -16.231  32.302 0.0000000000
94064  -49.901  -15.523  30.951 0.0000000000
95363  -49.453  -15.377  31.003 0.0000000000
96724  -49.053  -14.491  30.685 0.0000000000
96711  -48.710  -13.421  31.210 0.0000000000
96686  -47.847  -13.073  32.713 0.0000000000
99019  -45.690  -11.932  33.830 0.0000000000
93998  -47.555  -15.822  35.869 0.0000000000
95312  -46.080  -14.336  35.967 0.0000000000
96661  -46.021  -14.143  35.496 0.0000000000
99018  -44.837  -11.871  33.738 0.0000000000
99017  -43.893  -11.918  33.721 0.0000000000
97897  -42.391  -12.116  34.162 0.0000000000
97896  -41.941  -11.801  34.247 0.0000000000
99003  -40.848  -11.649  35.296 0.0000000000
101224  -39.579  -10.261  36.570 0.0000000000
97819  -49.660  -12.794  40.847 0.0000000000
95179  -48.556  -14.822  46.443 0.0000000000
96509  -48.689  -14.292  45.711 0.0000000000
96516  -48.516  -14.021  44.908 0.0000000000
92645  -44.629  -17.797  45.535 0.0000000000
92646  -45.740  -17.165  45.209 0.0000000000
93885  -46.394  -16.465  44.729 0.0000000000
93895  -46.421  -16.235  43.979 0.0000000000
93896  -46.716  -16.005  44.508 0.0000000000
95186  -47.221  -15.476  44.843 0.0000000000
96515  -47.876  -14.457  44.574 0.0000000000
97744  -49.107  -13.119  44.302 0.0000000000
97759  -48.967  -12.852  43.485 0.0000000000
97779  -48.846  -12.770  42.677 0.0000000000
97778  -48.145  -13.181  42.285 0.0000000000
97791  -48.732  -12.801  41.884 0.0000000000
97835  -48.049  -13.438  39.845 0.0000000000
97834  -47.240  -13.863  39.708 0.0000000000
97816  -46.917  -13.898  39.857 0.0000000000
97833  -46.562  -14.189  39.219 0.0000000000
95228  -44.827  -15.507  39.762 0.0000000000
95247  -45.103  -15.103  39.497 0.0000000000
96584  -44.409  -14.923  38.136 0.0000000000
96602  -44.565  -14.770  38.030 0.0000000000
96615  -44.241  -15.013  38.026 0.0000000000
96629  -44.168  -14.953  37.363 0.0000000000
101225  -39.234  -10.836  37.033 0.0000000000
101210  -39.998  -9.836  38.680 0.0000000000
100055  -40.466  -9.573  39.128 0.0000000000
101188  -39.721  -9.677  41.397 0.0000000000
98958  -39.297  -10.391  42.332 0.0000000000
96600  -39.273  -13.203  37.133 0.0000000000
97829  -38.385  -12.362  37.854 0.0000000000
98956  -38.138  -10.689  40.661 0.0000000000
97799  -38.524  -10.731  42.044 0.0000000000
97789  -39.044  -10.610  42.777 0.0000000000
97776  -38.725  -10.752  43.156 0.0000000000
97757  -38.322  -10.947  43.622 0.0000000000
98917  -38.173  -10.869  44.083 0.0000000000
97774  -37.016  -11.409  43.164 0.0000000000
98916  -37.396  -10.959  44.027 0.0000000000
100004  -37.970  -10.352  44.276 0.0000000000
102557  -54.725  -8.304  25.045 0.0000000000
103647  -54.310  -7.327  24.978 0.0000000000
97949  -49.646  -12.415  30.934 0.0000000000
99086  -50.145  -12.005  30.723 0.0000000000
100155  -50.770  -10.639  31.547 0.0000000000
100166  -50.870  -10.539  30.855 0.0000000000
100181  -50.775  -10.445  29.879 0.0000000000
102505  -52.093  -8.232  30.054 0.0000000000
102520  -52.244  -8.149  28.974 0.0000000000
103607  -53.183  -7.595  27.889 0.0000000000
103608  -53.591  -7.170  27.741 0.0000000000
104658  -53.654  -6.344  27.825 0.0000000000
104674  -54.204  -6.284  26.445 0.0000000000
105754  -53.650  -5.655  25.921 0.0000000000
106864  -53.163  -5.090  26.401 0.0000000000
106843  -53.132  -4.542  26.981 0.0000000000
107971  -52.621  -4.480  26.870 0.0000000000
107970  -51.952  -4.385  26.975 0.0000000000
107949  -51.516  -4.216  27.242 0.0000000000
107923  -52.018  -3.768  29.891 0.0000000000
109030  -52.284  -3.630  29.037 0.0000000000
109038  -51.487  -3.056  29.255 0.0000000000
110136  -51.505  -2.947  28.322 0.0000000000
110137  -51.855  -3.226  28.085 0.0000000000
109079  -49.995  -3.489  27.056 0.0000000000
109059  -49.047  -2.481  26.705 0.0000000000
111211  -49.566  -2.052  27.067 0.0000000000
110156  -49.276  -2.191  26.808 0.0000000000
109058  -48.408  -2.314  26.457 0.0000000000
102435  -42.693  -7.391  36.110 0.0000000000
103519  -43.612  -7.008  36.758 0.0000000000
104596  -44.709  -6.501  35.027 0.0000000000
104597  -45.599  -6.076  34.568 0.0000000000
103511  -46.032  -7.370  38.266 0.0000000000
103516  -45.997  -6.733  37.438 0.0000000000
103522  -46.068  -6.292  36.780 0.0000000000
104582  -45.941  -6.294  36.171 0.0000000000
104598  -46.193  -5.868  34.724 0.0000000000
105648  -46.955  -5.531  35.243 0.0000000000
105660  -47.857  -4.763  35.192 0.0000000000
105646  -47.733  -4.705  36.772 0.0000000000
106744  -48.491  -4.411  35.204 0.0000000000
106745  -49.193  -4.017  35.248 0.0000000000
105602  -44.887  -5.754  44.313 0.0000000000
105618  -44.542  -6.545  42.609 0.0000000000
105617  -43.345  -5.740  42.823 0.0000000000
104561  -44.044  -6.481  42.582 0.0000000000
105625  -45.011  -6.411  41.520 0.0000000000
106709  -45.784  -5.278  39.879 0.0000000000
107811  -46.136  -4.730  39.158 0.0000000000
106715  -41.824  -4.907  39.698 0.0000000000
106726  -43.284  -4.873  39.209 0.0000000000
107835  -43.979  -3.794  37.951 0.0000000000
107823  -43.688  -4.444  38.695 0.0000000000
106727  -44.120  -4.706  39.323 0.0000000000
107815  -45.386  -4.683  39.534 0.0000000000
107816  -45.946  -4.646  39.327 0.0000000000
107817  -46.523  -4.351  38.675 0.0000000000
107827  -48.134  -3.473  37.837 0.0000000000
107828  -49.282  -3.186  37.939 0.0000000000
108907  -49.397  -2.516  37.551 0.0000000000
107839  -50.021  -3.317  37.830 0.0000000000
107840  -50.308  -2.956  37.216 0.0000000000
107849  -50.326  -2.920  36.132 0.0000000000
107859  -50.374  -2.902  35.096 0.0000000000
108938  -50.442  -2.506  34.515 0.0000000000
110032  -50.329  -2.342  33.873 0.0000000000
110044  -50.163  -2.055  33.426 0.0000000000
110043  -49.502  -1.799  33.710 0.0000000000
110096  -49.211  -2.554  30.034 0.0000000000
108978  -46.792  -2.271  32.408 0.0000000000
110064  -46.999  -2.334  31.803 0.0000000000
110078  -46.937  -2.807  31.125 0.0000000000
110095  -48.419  -2.595  29.878 0.0000000000
109009  -48.653  -2.479  29.502 0.0000000000
110131  -48.771  -2.043  28.549 0.0000000000
111194  -48.594  -1.494  27.612 0.0000000000
112381  -48.166  -1.097  27.107 0.0000000000
111192  -46.903  -1.143  27.040 0.0000000000
112380  -47.362  -0.998  26.854 0.0000000000
112400  -47.725  -0.991  26.648 0.0000000000
111227  -47.600  -1.257  26.258 0.0000000000
111189  -44.359  -1.571  26.562 0.0000000000
111208  -44.065  -1.461  26.102 0.0000000000
112415  -43.348  -1.333  25.229 0.0000000000
108972  -40.041  -2.726  31.870 0.0000000000
110076  -39.075  -1.318  31.256 0.0000000000
110106  -39.790  -1.686  28.938 0.0000000000
111185  -39.836  -0.417  26.677 0.0000000000
113464  -39.274  1.460  28.966 0.0000000000
112366  -38.975  0.427  28.366 0.0000000000
111204  -39.863  -0.192  26.185 0.0000000000
112444  -39.965  0.934  24.358 0.0000000000
113516  -39.525  1.222  23.936 0.0000000000
113508  -39.131  1.295  24.901 0.0000000000
113515  -38.872  0.949  23.193 0.0000000000
112410  -36.507  0.201  25.515 0.0000000000
114545  -37.465  2.764  27.620 0.0000000000
113478  -36.449  1.706  27.488 0.0000000000
114533  -36.204  2.232  29.622 0.0000000000
113394  -48.814  1.899  35.737 0.0000000000
114491  -47.200  2.656  33.472 0.0000000000
114504  -46.158  3.207  32.966 0.0000000000
115574  -45.346  3.699  32.605 0.0000000000
116652  -45.283  4.161  32.376 0.0000000000
117809  -45.837  4.970  32.059 0.0000000000
117808  -44.665  5.065  31.513 0.0000000000
117824  -44.243  4.965  31.324 0.0000000000
117807  -44.114  5.252  31.321 0.0000000000
118869  -43.269  5.377  31.390 0.0000000000
118853  -42.584  5.375  31.410 0.0000000000
118838  -42.605  5.641  31.764 0.0000000000
117790  -41.930  5.265  31.219 0.0000000000
117789  -41.460  5.082  31.046 0.0000000000
91410  -43.907  -17.848  46.394 0.0000000000
91430  -44.184  -17.922  45.890 0.0000000000
91514  -38.325  -18.171  39.829 0.0000000000
91515  -38.977  -17.976  39.638 0.0000000000
92707  -36.262  -16.900  39.974 0.0000000000
92719  -37.835  -17.788  39.588 0.0000000000
93886  -46.968  -15.872  45.051 0.0000000000
93906  -45.393  -16.735  42.719 0.0000000000
93957  -38.091  -14.713  37.980 0.0000000000
93988  -47.096  -15.262  36.464 0.0000000000
95260  -38.260  -14.113  37.917 0.0000000000
95279  -49.296  -14.253  38.846 0.0000000000
95350  -47.373  -14.442  32.334 0.0000000000
95376  -48.985  -14.747  30.833 0.0000000000
96557  -38.089  -11.047  42.626 0.0000000000
96578  -36.767  -13.618  39.121 0.0000000000
96598  -37.871  -13.252  38.347 0.0000000000
96604  -48.212  -13.601  39.667 0.0000000000
96660  -45.838  -14.287  36.108 0.0000000000
97756  -37.605  -11.200  43.665 0.0000000000
97800  -38.845  -10.647  42.501 0.0000000000
97934  -48.152  -12.907  32.514 0.0000000000
98901  -42.698  -9.039  44.411 0.0000000000
98922  -41.854  -9.388  44.145 0.0000000000
98923  -42.351  -9.194  44.129 0.0000000000
98939  -39.270  -10.456  43.365 0.0000000000
98940  -39.702  -10.263  43.307 0.0000000000
98941  -40.691  -9.864  43.536 0.0000000000
98942  -41.488  -9.569  43.627 0.0000000000
98949  -39.593  -10.348  42.879 0.0000000000
98957  -38.660  -10.412  41.258 0.0000000000
99004  -41.276  -11.773  34.946 0.0000000000
99013  -41.106  -11.281  34.903 0.0000000000
99014  -41.566  -11.376  34.460 0.0000000000
99039  -44.474  -11.329  33.397 0.0000000000
99076  -49.394  -12.077  32.013 0.0000000000
99973  -44.760  -8.198  45.329 0.0000000000
99987  -43.871  -8.446  44.993 0.0000000000
99988  -44.458  -8.295  44.966 0.0000000000
100005  -38.694  -10.182  44.232 0.0000000000
100038  -41.859  -9.444  43.183 0.0000000000
100045  -39.513  -9.972  41.631 0.0000000000
100047  -40.756  -9.806  42.558 0.0000000000
100052  -38.735  -10.085  40.753 0.0000000000
100069  -40.082  -11.068  37.528 0.0000000000
100099  -40.739  -10.920  35.144 0.0000000000
100102  -45.168  -11.392  33.486 0.0000000000
101175  -39.807  -9.823  41.670 0.0000000000
101201  -41.003  -8.750  39.102 0.0000000000
101223  -39.881  -10.976  35.797 0.0000000000
101240  -40.753  -10.139  35.096 0.0000000000
102308  -43.780  -7.929  47.206 0.0000000000
102311  -46.100  -7.749  46.723 0.0000000000
102319  -41.813  -8.082  46.704 0.0000000000
102321  -45.639  -8.004  46.409 0.0000000000
102415  -40.028  -8.880  37.668 0.0000000000
103436  -45.174  -6.893  48.075 0.0000000000
103439  -47.088  -6.595  47.760 0.0000000000
103461  -47.288  -6.859  46.783 0.0000000000
103510  -45.564  -7.530  38.195 0.0000000000
103514  -44.680  -7.184  37.619 0.0000000000
103523  -46.393  -6.003  36.738 0.0000000000
103525  -42.654  -7.496  35.742 0.0000000000
103528  -45.064  -6.584  35.921 0.0000000000
103535  -44.253  -6.699  35.166 0.0000000000
103545  -45.488  -6.778  32.529 0.0000000000
104495  -45.479  -6.169  48.294 0.0000000000
104498  -47.437  -5.329  47.950 0.0000000000
104509  -47.629  -5.508  47.796 0.0000000000
104519  -47.687  -6.444  46.851 0.0000000000
104530  -47.385  -6.243  46.397 0.0000000000
104555  -43.837  -6.187  43.055 0.0000000000
104556  -44.208  -6.398  43.027 0.0000000000
104557  -45.556  -6.463  44.324 0.0000000000
104560  -43.657  -6.268  42.493 0.0000000000
104564  -43.718  -6.363  42.141 0.0000000000
104565  -43.899  -6.466  42.277 0.0000000000
104569  -46.680  -6.557  39.589 0.0000000000
104570  -46.594  -6.106  39.234 0.0000000000
104586  -44.926  -6.548  35.612 0.0000000000
104588  -46.335  -5.917  35.505 0.0000000000
104595  -44.204  -6.697  34.898 0.0000000000
104609  -47.078  -5.965  32.618 0.0000000000
104707  -53.521  -6.976  24.564 0.0000000000
105546  -47.037  -4.658  48.144 0.0000000000
105548  -47.447  -4.302  47.701 0.0000000000
105558  -44.225  -5.722  48.082 0.0000000000
105560  -45.867  -5.286  48.485 0.0000000000
105562  -47.241  -5.069  48.086 0.0000000000
105563  -47.588  -4.824  47.740 0.0000000000
105570  -48.079  -5.873  47.070 0.0000000000
105603  -45.412  -5.885  44.705 0.0000000000
105611  -43.697  -5.692  43.387 0.0000000000
105622  -42.665  -5.407  41.834 0.0000000000
105624  -44.106  -6.445  41.862 0.0000000000
105628  -46.030  -6.052  39.758 0.0000000000
105632  -43.706  -5.879  41.191 0.0000000000
105635  -46.302  -6.114  39.537 0.0000000000
105657  -46.120  -5.820  34.300 0.0000000000
105658  -46.631  -5.550  34.505 0.0000000000
105684  -49.509  -5.536  32.187 0.0000000000
105761  -53.101  -6.158  25.084 0.0000000000
106616  -46.967  -4.066  48.098 0.0000000000
106617  -47.379  -3.866  47.800 0.0000000000
106633  -46.880  -4.313  48.236 0.0000000000
106645  -43.300  -5.017  47.340 0.0000000000
106648  -48.131  -4.751  47.026 0.0000000000
106654  -43.422  -3.724  47.037 0.0000000000
106690  -43.449  -5.316  43.245 0.0000000000
106706  -43.238  -5.401  40.581 0.0000000000
106736  -50.078  -3.453  37.408 0.0000000000
106738  -40.567  -3.877  37.276 0.0000000000
106765  -47.810  -4.961  33.347 0.0000000000
106778  -49.490  -4.971  32.517 0.0000000000
107715  -47.451  -3.501  48.091 0.0000000000
107716  -47.774  -3.377  47.960 0.0000000000
107724  -46.930  -3.586  48.213 0.0000000000
107755  -43.513  -3.076  46.906 0.0000000000
107787  -48.559  -2.313  44.787 0.0000000000
107809  -41.797  -3.027  40.907 0.0000000000
107810  -45.993  -4.879  39.444 0.0000000000
107820  -40.168  -2.876  37.672 0.0000000000
107829  -49.980  -2.783  37.837 0.0000000000
107832  -40.227  -3.605  37.290 0.0000000000
107874  -49.864  -3.198  33.549 0.0000000000
107884  -43.237  -3.489  34.043 0.0000000000
107895  -41.901  -3.485  32.768 0.0000000000
107905  -41.004  -3.026  31.947 0.0000000000
107924  -52.462  -3.983  29.549 0.0000000000
108802  -47.733  -3.149  48.201 0.0000000000
108803  -47.899  -3.261  48.171 0.0000000000
108811  -47.478  -2.827  48.231 0.0000000000
108826  -49.131  -1.618  46.442 0.0000000000
108876  -44.948  -3.257  43.640 0.0000000000
108880  -48.756  -1.405  43.710 0.0000000000
108891  -42.668  -2.944  41.649 0.0000000000
108905  -47.791  -3.022  37.910 0.0000000000
108910  -40.083  -2.331  37.361 0.0000000000
108916  -49.586  -1.976  36.897 0.0000000000
108953  -50.140  -2.969  32.966 0.0000000000
109010  -48.838  -2.516  29.661 0.0000000000
109011  -51.351  -3.371  30.191 0.0000000000
109024  -46.750  -2.269  28.476 0.0000000000
109026  -48.817  -2.432  29.396 0.0000000000
109027  -48.922  -2.512  29.701 0.0000000000
109036  -46.892  -2.131  28.321 0.0000000000
109037  -47.189  -2.111  28.399 0.0000000000
109041  -53.176  -3.857  28.061 0.0000000000
109049  -51.826  -3.267  27.887 0.0000000000
109907  -45.781  -1.974  47.799 0.0000000000
109910  -47.881  -1.965  48.075 0.0000000000
109987  -45.353  -1.513  41.595 0.0000000000
109994  -50.892  0.336  43.082 0.0000000000
110010  -40.583  -1.235  37.327 0.0000000000
110017  -48.948  -1.693  35.230 0.0000000000
110029  -48.414  -1.682  34.704 0.0000000000
110041  -47.907  -1.727  33.992 0.0000000000
110077  -46.271  -3.160  30.817 0.0000000000
110082  -50.272  -2.986  31.016 0.0000000000
110098  -50.878  -2.968  29.997 0.0000000000
110134  -50.628  -2.563  29.137 0.0000000000
110148  -51.835  -3.022  27.963 0.0000000000
110154  -48.023  -2.066  26.286 0.0000000000
110169  -48.139  -1.537  26.234 0.0000000000
111062  -49.704  0.027  41.843 0.0000000000
111089  -43.352  -0.414  38.733 0.0000000000
111106  -41.959  -0.120  37.211 0.0000000000
111114  -40.433  -0.738  35.836 0.0000000000
111135  -39.850  0.053  33.411 0.0000000000
111136  -50.415  -3.034  31.004 0.0000000000
111144  -50.495  -2.959  30.662 0.0000000000
111145  -50.605  -3.209  30.963 0.0000000000
111151  -50.277  -2.662  30.153 0.0000000000
111161  -50.346  -2.590  29.714 0.0000000000
111162  -50.575  -2.759  29.901 0.0000000000
111174  -49.061  -1.787  28.167 0.0000000000
111175  -49.705  -1.918  28.353 0.0000000000
111197  -51.048  -2.596  27.862 0.0000000000
111212  -49.982  -2.410  27.161 0.0000000000
111242  -46.127  -1.255  25.831 0.0000000000
112249  -47.640  0.222  39.924 0.0000000000
112259  -44.569  -0.027  38.891 0.0000000000
112289  -42.551  0.083  37.226 0.0000000000
112290  -43.161  0.125  37.587 0.0000000000
112292  -44.537  0.443  38.003 0.0000000000
112303  -43.710  0.512  37.171 0.0000000000
112309  -41.604  0.208  35.521 0.0000000000
112318  -42.202  0.560  35.063 0.0000000000
112328  -42.837  0.900  34.663 0.0000000000
112367  -50.286  -1.913  28.046 0.0000000000
112368  -50.544  -2.092  28.118 0.0000000000
112369  -50.853  -1.914  27.948 0.0000000000
112378  -45.951  -1.243  26.488 0.0000000000
112394  -39.934  -0.097  25.955 0.0000000000
112417  -44.716  -1.330  25.555 0.0000000000
112422  -47.967  -1.173  26.509 0.0000000000
112429  -40.035  0.582  24.888 0.0000000000
112436  -46.333  -1.092  25.844 0.0000000000
113340  -44.888  0.562  37.958 0.0000000000
113356  -44.168  0.585  37.306 0.0000000000
113499  -38.842  1.381  25.648 0.0000000000
114501  -42.971  2.841  32.161 0.0000000000
114517  -43.592  3.309  32.231 0.0000000000
114528  -42.064  2.974  31.066 0.0000000000
114570  -38.574  1.639  25.597 0.0000000000
115598  -41.778  3.221  30.823 0.0000000000
115611  -41.942  3.578  30.942 0.0000000000
116651  -44.931  4.008  32.301 0.0000000000
116675  -44.146  4.769  31.453 0.0000000000
116693  -40.369  4.145  29.528 0.0000000000
117787  -40.013  4.306  31.201 0.0000000000
117791  -45.742  5.255  32.517 0.0000000000
117818  -39.977  4.707  29.876 0.0000000000
117823  -43.764  4.923  31.285 0.0000000000
117836  -41.824  3.963  30.571 0.0000000000
117837  -42.021  4.232  30.784 0.0000000000
117851  -40.241  4.354  29.571 0.0000000000
118837  -41.980  5.716  31.942 0.0000000000
118885  -42.444  4.853  31.090 0.0000000000
118887  -43.701  5.266  31.307 0.0000000000
