#!ascii label  , from subject 3439 vox2ras=TkReg
676
83138  26.822  -26.132  -7.372 0.1428571492
83139  26.015  -26.335  -7.565 0.1428571492
84475  26.194  -24.990  -8.318 0.1428571492
83137  27.601  -26.135  -7.021 0.1428571492
84474  26.825  -25.024  -8.103 0.2857142985
84456  25.601  -25.596  -7.902 0.1428571492
84454  27.296  -25.340  -7.680 0.1428571492
85743  26.942  -24.336  -8.454 0.5714285970
85726  27.903  -24.476  -8.122 0.1428571492
86960  29.393  -23.479  -7.822 0.2857142985
86961  28.623  -23.807  -8.120 0.2857142985
88185  29.969  -22.727  -8.066 0.1428571492
88186  29.302  -22.840  -8.410 0.2857142985
90421  30.411  -20.615  -9.661 0.2857142985
89340  29.777  -21.090  -9.603 0.1428571492
89329  29.985  -21.491  -9.044 0.2857142985
91607  31.822  -19.155  -10.428 0.2857142985
91586  31.030  -20.097  -9.769 0.2857142985
92746  31.388  -18.568  -11.478 0.2857142985
91624  31.088  -19.216  -11.162 0.2857142985
93857  31.847  -17.265  -11.991 0.2857142985
96215  33.074  -15.170  -12.804 0.8571428657
94976  32.632  -16.354  -12.195 0.4285714328
93839  32.334  -17.693  -11.438 0.2857142985
98686  33.584  -13.496  -11.995 0.7142857313
97454  33.784  -14.062  -12.601 0.7142857313
97455  33.112  -14.741  -12.622 0.7142857313
96193  32.402  -15.334  -12.338 0.7142857313
99938  34.937  -12.586  -12.652 0.8571428657
99939  34.443  -12.856  -12.236 0.5714285970
99919  33.916  -12.684  -11.689 0.8571428657
97430  33.379  -13.930  -12.190 0.7142857313
102370  35.597  -10.401  -13.435 0.4285714328
101144  35.120  -11.833  -12.442 0.7142857313
101145  34.522  -12.437  -11.894 0.8571428657
104811  35.136  -8.934  -15.126 0.2857142985
103592  35.771  -8.969  -13.969 0.5714285970
102359  35.303  -10.660  -12.089 0.8571428657
101130  34.679  -11.214  -11.513 0.8571428657
106040  36.025  -7.722  -14.377 0.1428571492
104826  35.000  -7.936  -15.555 0.1428571492
104810  35.502  -8.268  -14.856 0.4285714328
102369  35.823  -9.810  -13.216 0.5714285970
102358  35.766  -9.908  -12.590 0.8571428657
108343  36.693  -5.632  -14.269 0.1428571492
106069  35.388  -7.303  -15.715 0.1428571492
106056  35.912  -7.141  -14.858 0.1428571492
103576  35.440  -9.859  -11.760 0.8571428657
109393  36.502  -4.277  -14.402 0.1428571492
108354  36.288  -5.313  -15.598 0.1428571492
109392  36.721  -5.045  -14.089 0.1428571492
107239  36.757  -6.378  -13.773 0.1428571492
107229  36.995  -6.340  -12.926 0.4285714328
104791  36.514  -7.877  -12.700 0.5714285970
104777  36.172  -8.275  -11.803 0.7142857313
103564  35.267  -8.992  -11.201 0.8571428657
109379  36.565  -3.892  -13.615 0.1428571492
109367  36.680  -3.661  -13.082 0.1428571492
109378  36.766  -4.757  -13.528 0.1428571492
108317  36.935  -5.415  -12.774 0.5714285970
104776  36.495  -7.811  -12.189 0.8571428657
103563  35.794  -8.825  -11.668 0.8571428657
104778  35.542  -8.040  -11.034 0.8571428657
110557  36.142  -3.197  -14.432 0.1428571492
111749  36.204  -2.342  -13.130 0.2857142985
109366  36.800  -4.339  -12.650 0.1428571492
110513  36.708  -3.777  -11.878 0.8571428657
107216  36.893  -6.145  -12.130 0.8571428657
106017  36.652  -7.210  -12.126 0.7142857313
107217  36.425  -6.355  -11.171 0.8571428657
113975  35.395  -0.936  -12.338 0.1428571492
113976  35.182  -0.437  -13.077 0.1428571492
111736  36.327  -2.307  -12.122 0.4285714328
110500  35.891  -2.987  -10.326 0.8571428657
109336  35.855  -4.197  -10.111 0.8571428657
107203  36.148  -5.810  -10.660 0.8571428657
107204  35.555  -6.273  -10.336 0.8571428657
112865  35.800  -1.494  -11.880 0.4285714328
109337  35.121  -4.322  -9.573 0.8571428657
108296  35.949  -5.237  -10.365 0.8571428657
108297  34.991  -5.200  -9.710 0.8571428657
113964  35.230  -0.298  -12.203 0.1428571492
115062  35.205  0.274  -11.859 0.2857142985
113963  35.499  -0.781  -11.717 0.5714285970
112838  35.319  -1.114  -10.251 0.8571428657
111712  35.647  -2.011  -10.412 0.8571428657
110484  35.347  -2.559  -9.830 0.8571428657
110501  35.309  -3.509  -9.652 0.8571428657
110485  34.698  -2.932  -9.396 0.8571428657
109317  34.522  -3.973  -9.367 0.8571428657
115061  35.125  1.086  -12.076 0.2857142985
115046  35.386  0.655  -11.191 0.7142857313
113949  35.544  -0.376  -11.088 0.5714285970
113934  35.156  -0.031  -10.363 0.8571428657
111701  34.252  -2.147  -9.207 0.8571428657
111702  33.433  -2.191  -9.262 0.8571428657
110486  33.684  -3.250  -9.323 0.8571428657
115033  35.193  0.922  -10.377 0.8571428657
115021  34.705  0.723  -9.406 0.8571428657
112826  33.883  -1.200  -9.114 0.8571428657
113924  33.501  -0.125  -9.060 0.7142857313
112827  33.086  -1.298  -9.401 0.7142857313
116101  35.264  1.655  -10.090 0.8571428657
116085  34.650  1.463  -8.992 0.8571428657
113923  34.268  -0.135  -9.165 0.8571428657
116103  33.666  1.557  -8.547 0.8571428657
117168  33.406  2.413  -8.824 0.8571428657
115023  32.845  0.606  -9.260 0.7142857313
118185  35.080  3.927  -10.092 0.7142857313
118170  34.812  3.217  -9.543 0.8571428657
119164  34.251  4.291  -9.361 0.8571428657
119165  33.529  4.192  -9.288 0.8571428657
121297  33.306  6.226  -9.803 0.7142857313
113908  33.990  0.279  -8.672 0.8571428657
118171  33.979  3.266  -8.911 0.8571428657
123439  34.957  7.997  -13.218 0.1428571492
120211  34.325  5.269  -9.800 0.8571428657
121281  33.937  5.808  -9.631 0.7142857313
122395  33.640  7.388  -10.175 0.7142857313
120213  33.213  4.849  -9.504 0.8571428657
124414  34.687  9.771  -13.490 0.1428571492
123393  34.418  8.173  -10.833 0.5714285970
124373  34.216  8.814  -10.976 0.5714285970
124375  32.861  9.074  -10.798 0.5714285970
124388  34.032  9.798  -11.488 0.1428571492
126394  34.384  11.822  -14.766 0.1428571492
124390  32.141  9.527  -10.977 0.5714285970
127407  33.584  12.766  -13.929 0.1428571492
127419  33.274  13.634  -14.463 0.1428571492
126352  33.286  11.090  -12.007 0.1428571492
130369  32.921  14.370  -14.657 0.1428571492
125369  33.332  10.594  -11.617 0.5714285970
128443  32.859  13.806  -13.945 0.1428571492
127409  32.050  13.882  -13.524 0.1428571492
130370  32.119  14.894  -14.491 0.1428571492
130361  31.471  14.497  -13.946 0.1428571492
81856  26.551  -26.832  -7.100 0.1428571492
81857  25.718  -27.055  -7.153 0.1428571492
85727  27.243  -24.806  -8.108 0.2857142985
84453  28.296  -25.277  -7.267 0.1428571492
85725  28.879  -24.366  -7.525 0.2857142985
90409  30.604  -21.090  -8.909 0.2857142985
88203  29.595  -22.258  -8.677 0.1428571492
92766  31.767  -18.016  -11.632 0.2857142985
96192  33.289  -15.591  -12.710 0.4285714328
102382  35.140  -10.223  -14.617 0.1428571492
103583  35.956  -9.202  -13.113 0.7142857313
108307  36.784  -5.322  -11.870 0.8571428657
107218  35.792  -7.054  -10.739 0.8571428657
116118  35.546  1.652  -10.762 0.8571428657
118184  35.440  3.469  -10.513 0.8571428657
120224  34.791  5.380  -10.376 0.8571428657
121315  34.924  6.805  -10.893 0.7142857313
123412  34.741  8.473  -11.633 0.2857142985
125368  33.791  10.535  -11.834 0.1428571492
126383  34.018  11.762  -13.664 0.1428571492
130379  33.380  14.524  -15.606 0.1428571492
85742  27.569  -23.963  -8.516 0.4285714328
86978  28.826  -23.218  -8.418 0.2857142985
86979  28.101  -23.457  -8.680 0.4285714328
86980  27.311  -23.543  -8.772 0.2857142985
90420  31.390  -20.226  -9.291 0.2857142985
91585  31.592  -19.756  -9.752 0.2857142985
90437  30.251  -20.321  -10.397 0.2857142985
91608  30.811  -19.890  -10.429 0.2857142985
94977  31.564  -16.345  -12.193 0.7142857313
107265  36.321  -6.000  -15.147 0.1428571492
110570  36.162  -3.599  -15.163 0.1428571492
111764  35.904  -2.344  -14.033 0.1428571492
112876  35.652  -1.507  -12.837 0.2857142985
112877  35.374  -1.091  -13.654 0.1428571492
110514  36.444  -3.454  -11.269 0.8571428657
106019  35.631  -7.533  -10.835 0.8571428657
104764  35.004  -8.407  -10.768 1.0000000000
115077  35.062  0.449  -12.628 0.1428571492
115076  34.989  1.309  -12.902 0.1428571492
116128  35.462  1.780  -11.585 0.2857142985
111713  32.747  -2.308  -9.618 0.8571428657
117195  35.784  2.594  -11.109 0.5714285970
119188  35.554  4.514  -11.214 0.5714285970
120223  35.277  5.417  -10.980 0.5714285970
121295  34.974  6.116  -10.745 0.7142857313
123411  34.980  7.737  -11.864 0.4285714328
121332  35.263  6.327  -12.306 0.2857142985
122440  35.020  7.160  -12.776 0.2857142985
123428  34.858  8.800  -12.820 0.1428571492
124403  34.534  9.736  -12.459 0.1428571492
125395  34.293  10.646  -13.185 0.1428571492
126354  32.022  11.278  -11.670 0.2857142985
125405  34.532  10.796  -14.148 0.1428571492
127394  32.625  12.627  -13.024 0.1428571492
127395  31.698  12.775  -12.727 0.1428571492
128432  31.313  13.387  -13.093 0.1428571492
127418  33.978  12.650  -14.554 0.1428571492
130362  30.855  14.813  -14.270 0.1428571492
131164  31.592  15.857  -15.351 0.1428571492
117206  35.487  2.723  -11.974 0.4285714328
118197  35.649  3.580  -11.558 0.4285714328
119195  35.502  4.524  -12.086 0.4285714328
120237  35.492  5.455  -11.771 0.4285714328
121314  35.230  6.397  -11.436 0.5714285970
84455  26.460  -25.593  -7.862 0.1428571492
83140  24.896  -26.458  -7.379 0.1428571492
97431  32.789  -14.158  -11.902 0.7142857313
101131  34.341  -11.992  -11.519 0.8571428657
103593  35.373  -9.425  -14.445 0.5714285970
104800  36.193  -8.223  -13.661 0.5714285970
108328  36.884  -5.596  -13.572 0.2857142985
107255  36.145  -6.501  -14.935 0.1428571492
106029  36.782  -7.147  -13.177 0.1428571492
110529  36.669  -3.336  -12.480 0.5714285970
106018  36.095  -7.446  -11.233 0.8571428657
109353  36.297  -4.522  -10.864 0.8571428657
111723  36.138  -2.211  -11.126 0.8571428657
112825  34.697  -1.133  -9.581 0.8571428657
111699  35.285  -1.863  -9.971 0.8571428657
113935  34.767  -0.124  -9.744 0.8571428657
117166  35.135  2.322  -9.769 0.8571428657
118160  34.629  2.557  -9.134 0.8571428657
123440  34.920  8.818  -13.806 0.1428571492
123395  33.057  8.255  -10.480 0.5714285970
126397  34.079  12.057  -15.803 0.1428571492
126353  32.821  11.209  -11.854 0.4285714328
126384  33.315  12.376  -13.393 0.1428571492
127423  33.872  13.161  -15.390 0.1428571492
126369  33.899  11.130  -12.976 0.1428571492
126371  32.343  11.920  -12.292 0.1428571492
147939  32.321  14.362  -14.019 0.1428571492
90408  31.207  -20.801  -8.775 0.1428571492
91609  30.207  -20.172  -10.770 0.5714285970
126372  31.502  11.847  -12.215 0.1428571492
90438  29.541  -20.488  -10.637 0.5714285970
90439  28.556  -20.542  -10.938 0.5714285970
89361  27.487  -21.031  -10.380 0.2857142985
90454  29.387  -19.957  -11.333 0.5714285970
90456  28.141  -20.067  -11.320 0.5714285970
89343  27.217  -21.637  -9.940 0.4285714328
90441  26.863  -20.271  -10.395 0.2857142985
90440  27.684  -20.340  -10.901 0.4285714328
92767  31.162  -18.015  -12.030 0.4285714328
92748  29.687  -18.785  -12.198 0.5714285970
91627  28.122  -19.392  -11.686 0.5714285970
92750  27.453  -18.485  -11.497 0.4285714328
92768  30.315  -18.006  -12.355 0.5714285970
92769  29.403  -17.835  -12.355 0.5714285970
93859  29.966  -17.124  -12.332 0.7142857313
94978  30.518  -16.323  -12.181 0.4285714328
91610  27.665  -19.708  -11.301 0.4285714328
91612  26.391  -19.524  -10.342 0.2857142985
90442  26.245  -20.016  -10.023 0.2857142985
92749  28.547  -18.302  -12.083 0.4285714328
93858  30.887  -17.199  -12.214 0.7142857313
96194  31.124  -15.482  -11.966 0.7142857313
96195  30.045  -15.438  -12.013 0.4285714328
97433  30.504  -14.461  -11.816 0.7142857313
97434  29.695  -14.722  -12.166 0.5714285970
98668  30.846  -13.507  -11.730 0.7142857313
97456  29.778  -14.141  -12.231 0.2857142985
98667  31.519  -13.463  -11.426 0.7142857313
99907  31.149  -13.040  -11.578 0.7142857313
99920  31.296  -12.040  -11.583 0.7142857313
99921  30.785  -12.507  -12.055 0.7142857313
99922  30.148  -12.698  -12.622 0.4285714328
101132  31.138  -11.431  -11.962 0.4285714328
98687  32.961  -13.529  -11.657 0.5714285970
97408  32.013  -14.001  -11.439 0.5714285970
98665  33.130  -12.962  -11.462 0.5714285970
99905  32.509  -12.367  -11.121 0.5714285970
101122  31.774  -11.543  -11.134 0.7142857313
103566  32.910  -9.383  -10.668 0.7142857313
102351  31.428  -10.434  -11.563 0.5714285970
103577  31.243  -9.371  -12.148 0.5714285970
101120  34.009  -11.233  -11.062 0.5714285970
101121  32.896  -11.365  -10.888 0.5714285970
102349  33.482  -10.365  -10.728 0.7142857313
101133  30.642  -11.524  -12.718 0.4285714328
104779  33.435  -8.430  -10.537 0.7142857313
104780  32.451  -8.410  -10.985 0.7142857313
104781  31.653  -8.294  -11.697 0.5714285970
101119  34.442  -10.955  -11.206 0.5714285970
102350  32.298  -10.423  -10.797 0.7142857313
103556  34.779  -8.770  -10.724 0.8571428657
106020  32.954  -7.545  -10.701 0.7142857313
106021  32.073  -7.448  -11.400 0.5714285970
107231  31.635  -6.439  -11.856 0.2857142985
103555  35.019  -8.734  -10.871 0.7142857313
106006  33.883  -7.563  -10.282 0.7142857313
109339  32.273  -4.561  -10.744 0.7142857313
106005  35.012  -7.487  -10.492 0.7142857313
107219  33.356  -6.886  -10.276 0.8571428657
107220  32.613  -6.498  -10.846 0.8571428657
109318  33.742  -4.307  -9.513 0.8571428657
107206  33.302  -6.167  -10.120 0.8571428657
108309  32.264  -5.571  -11.031 0.5714285970
109338  33.068  -4.521  -9.942 0.8571428657
109340  31.778  -4.135  -11.082 0.7142857313
107205  34.260  -6.488  -9.925 0.8571428657
108298  33.735  -5.319  -9.709 0.8571428657
110503  32.725  -3.448  -9.901 0.8571428657
110487  33.133  -2.812  -9.500 0.8571428657
111714  32.035  -2.533  -10.183 0.7142857313
116104  33.032  1.536  -8.951 0.7142857313
116119  32.369  1.454  -9.557 0.7142857313
117169  32.702  2.413  -9.320 0.5714285970
116120  31.660  1.348  -10.228 0.7142857313
117185  32.038  2.369  -9.988 0.7142857313
118172  33.123  3.323  -9.204 0.7142857313
119166  32.793  4.223  -9.504 0.8571428657
119178  32.007  4.290  -9.944 0.7142857313
117186  31.320  2.307  -10.689 0.7142857313
119189  30.837  4.295  -11.649 0.7142857313
120239  30.698  5.365  -11.650 0.7142857313
119196  30.585  3.770  -12.067 0.5714285970
120227  31.717  5.227  -10.261 0.7142857313
121299  31.497  5.998  -10.591 0.7142857313
119190  30.579  4.824  -12.009 0.5714285970
121316  30.999  6.213  -11.156 0.4285714328
120250  30.296  5.375  -12.123 0.5714285970
121298  32.225  6.179  -10.161 0.5714285970
119197  30.326  4.265  -12.288 0.5714285970
122413  30.884  7.279  -11.444 0.5714285970
121317  30.423  6.306  -11.808 0.5714285970
120251  29.932  5.301  -12.355 0.5714285970
119198  29.795  4.275  -12.456 0.4285714328
118223  29.461  3.297  -12.337 0.5714285970
120263  29.675  5.374  -12.205 0.5714285970
122414  30.259  7.313  -12.278 0.5714285970
118224  28.928  3.494  -12.162 0.4285714328
116162  28.264  1.546  -12.374 0.4285714328
119210  28.941  4.532  -11.920 0.5714285970
119209  29.404  4.397  -12.199 0.5714285970
119211  28.376  4.562  -11.663 0.4285714328
96214  33.625  -14.931  -12.955 0.2857142985
99904  33.469  -12.139  -11.192 0.5714285970
120265  28.730  5.629  -11.809 0.2857142985
118208  27.863  3.416  -11.540 0.2857142985
89359  28.853  -20.856  -10.466 0.5714285970
89342  28.057  -21.707  -10.136 0.5714285970
91625  30.097  -19.693  -11.381 0.4285714328
89360  28.291  -21.043  -10.518 0.5714285970
92747  30.649  -18.776  -11.862 0.5714285970
89362  26.873  -20.977  -10.093 0.2857142985
91628  27.521  -19.254  -11.416 0.4285714328
91611  27.018  -19.322  -10.949 0.2857142985
94979  29.556  -16.253  -12.188 0.5714285970
96216  28.806  -14.617  -12.647 0.2857142985
98688  30.083  -13.441  -12.325 0.7142857313
107221  32.055  -6.169  -11.345 0.7142857313
113925  32.646  -0.410  -9.621 0.7142857313
115035  32.127  0.445  -9.884 0.7142857313
113936  31.892  -0.597  -10.215 0.7142857313
119179  31.371  4.289  -10.707 0.7142857313
118207  29.924  3.067  -12.445 0.5714285970
122397  31.679  7.043  -10.665 0.5714285970
122396  32.695  7.190  -10.270 0.5714285970
121334  29.641  6.344  -12.319 0.5714285970
122429  29.358  6.941  -12.655 0.2857142985
92770  28.865  -17.603  -12.243 0.4285714328
97432  31.701  -14.679  -11.686 0.5714285970
102348  34.662  -10.368  -11.137 0.7142857313
103565  34.163  -9.280  -10.578 0.7142857313
112840  32.317  -1.471  -9.893 0.7142857313
98666  32.361  -13.413  -11.369 0.5714285970
91626  29.097  -19.423  -11.768 0.5714285970
96196  29.045  -15.232  -12.353 0.4285714328
97409  31.289  -14.057  -11.524 0.7142857313
97457  29.250  -14.294  -12.538 0.2857142985
99906  31.576  -12.641  -11.347 0.7142857313
103567  31.863  -9.370  -11.145 0.7142857313
107230  32.018  -6.712  -11.427 0.5714285970
107240  31.244  -6.526  -12.749 0.2857142985
108299  32.862  -5.452  -10.390 0.8571428657
118187  31.696  3.325  -10.361 0.7142857313
121347  29.353  6.474  -12.317 0.5714285970
118225  28.489  3.725  -11.897 0.4285714328
93840  27.710  -17.427  -11.766 0.4285714328
85744  25.937  -24.211  -8.637 0.4285714328
92726  32.335  -18.714  -10.442 0.1428571492
91623  31.599  -18.861  -11.035 0.1428571492
92745  32.097  -18.420  -10.965 0.1428571492
92744  32.593  -17.921  -10.912 0.1428571492
94975  33.624  -16.187  -12.346 0.1428571492
93856  32.606  -17.084  -11.762 0.1428571492
93838  33.091  -17.320  -11.107 0.1428571492
98709  34.842  -13.204  -12.641 0.2857142985
99957  35.332  -12.295  -13.267 0.1428571492
131970  28.830  17.042  -14.929 0.1428571492
111724  31.309  -2.704  -10.946 0.4285714328
131154  27.835  16.459  -14.216 0.1428571492
147941  30.554  13.730  -13.383 0.1428571492
113937  31.231  -0.776  -10.844 0.4285714328
115036  31.429  0.275  -10.566 0.5714285970
116129  31.021  1.210  -10.996 0.4285714328
125396  28.691  10.350  -13.505 0.2857142985
123430  29.563  8.713  -13.406 0.2857142985
124404  29.913  9.443  -13.138 0.2857142985
113977  29.404  -1.047  -12.739 0.1428571492
116130  30.564  1.058  -11.718 0.5714285970
118198  31.059  3.300  -11.131 0.5714285970
123442  29.002  8.394  -13.505 0.2857142985
123414  31.524  8.351  -10.998 0.4285714328
115064  29.458  0.374  -12.729 0.4285714328
117208  30.154  2.164  -12.163 0.5714285970
122441  29.254  7.790  -13.286 0.2857142985
115078  28.894  0.415  -12.749 0.4285714328
116160  29.376  1.261  -12.574 0.2857142985
121348  28.853  6.642  -12.275 0.1428571492
122442  28.978  7.440  -12.987 0.1428571492
115079  28.296  0.527  -12.661 0.1428571492
117228  28.914  2.420  -12.306 0.4285714328
120252  28.097  5.627  -11.611 0.1428571492
121349  28.229  6.645  -12.124 0.1428571492
123444  27.789  8.336  -13.000 0.1428571492
115080  27.754  0.567  -12.275 0.2857142985
118188  27.152  3.722  -10.306 0.1428571492
122444  27.763  7.520  -12.422 0.1428571492
120240  27.594  5.667  -11.170 0.1428571492
121335  27.732  6.631  -11.755 0.1428571492
120228  27.188  5.716  -10.572 0.1428571492
86981  26.510  -23.518  -8.839 0.4285714328
86999  25.631  -22.437  -9.013 0.2857142985
96213  34.152  -14.616  -12.898 0.1428571492
112853  30.989  -1.722  -11.110 0.2857142985
125372  30.921  10.390  -12.021 0.2857142985
123443  28.304  8.313  -13.418 0.2857142985
125387  29.506  10.380  -13.265 0.2857142985
86982  25.555  -23.239  -8.740 0.2857142985
88202  30.288  -22.110  -8.387 0.1428571492
90419  31.959  -19.914  -9.264 0.1428571492
113980  27.836  -0.386  -12.530 0.1428571492
112841  31.579  -1.639  -10.482 0.4285714328
113978  29.004  -0.620  -12.824 0.2857142985
118206  30.355  3.230  -12.180 0.5714285970
125397  27.960  10.331  -13.512 0.2857142985
125386  30.261  10.397  -12.734 0.2857142985
126385  29.069  11.348  -13.376 0.2857142985
127410  28.729  12.407  -13.523 0.1428571492
128445  28.379  13.499  -13.768 0.1428571492
129463  29.981  14.487  -14.058 0.1428571492
124416  27.825  9.266  -13.345 0.2857142985
128444  29.685  13.530  -13.443 0.1428571492
129464  29.289  14.836  -14.323 0.1428571492
128433  30.994  13.015  -12.832 0.1428571492
128435  29.924  12.737  -13.074 0.1428571492
101163  35.506  -11.721  -14.430 0.2857142985
125371  31.646  10.442  -11.431 0.4285714328
126386  28.265  11.373  -13.605 0.2857142985
126373  30.701  11.400  -12.429 0.2857142985
127397  30.214  12.181  -12.859 0.1428571492
98710  34.163  -13.443  -12.383 0.4285714328
123396  32.256  7.918  -10.572 0.4285714328
124391  31.201  9.437  -11.559 0.2857142985
126355  31.340  11.120  -11.870 0.2857142985
115048  30.869  0.014  -11.404 0.4285714328
117196  30.648  2.229  -11.549 0.5714285970
118205  30.658  3.278  -11.811 0.5714285970
123415  30.745  8.360  -11.946 0.2857142985
120264  29.291  5.530  -11.998 0.4285714328
119199  27.795  4.607  -11.288 0.2857142985
117209  29.734  1.985  -12.400 0.5714285970
122428  29.595  7.304  -12.879 0.2857142985
123441  29.506  8.076  -13.338 0.2857142985
94957  33.140  -16.690  -11.814 0.1428571492
96191  34.456  -15.285  -12.685 0.1428571492
113952  30.423  -0.845  -11.910 0.2857142985
124415  28.432  9.317  -13.617 0.2857142985
124405  29.169  9.417  -13.486 0.2857142985
123429  30.113  8.345  -12.928 0.2857142985
124392  30.551  9.400  -12.418 0.2857142985
113966  29.589  -0.343  -12.763 0.2857142985
116142  30.215  1.087  -12.208 0.4285714328
122443  28.294  7.509  -12.791 0.1428571492
116143  29.822  1.197  -12.485 0.4285714328
117197  30.370  1.639  -11.931 0.5714285970
116161  28.877  1.390  -12.535 0.4285714328
111725  30.804  -2.441  -11.514 0.2857142985
126374  29.900  11.332  -13.024 0.2857142985
127398  29.540  12.265  -13.184 0.2857142985
106031  31.481  -7.404  -12.101 0.2857142985
124393  27.082  9.969  -11.719 0.1428571492
125388  27.025  10.732  -12.158 0.1428571492
121300  27.367  6.735  -10.350 0.1428571492
124377  27.352  9.861  -11.060 0.1428571492
124406  27.191  9.573  -12.335 0.1428571492
125398  27.449  10.321  -12.911 0.1428571492
122415  27.546  7.709  -11.005 0.1428571492
123416  27.364  8.855  -11.622 0.1428571492
123398  27.694  8.780  -10.669 0.1428571492
125373  27.192  10.870  -11.366 0.1428571492
123431  27.450  8.493  -12.415 0.1428571492
123397  28.082  9.113  -10.111 0.1428571492
106022  31.697  -7.713  -11.713 0.2857142985
122398  27.623  7.733  -10.122 0.1428571492
124376  27.904  9.857  -10.407 0.1428571492
126356  27.167  11.870  -11.726 0.1428571492
124417  27.512  9.177  -12.852 0.1428571492
126387  27.660  11.440  -13.290 0.1428571492
126375  27.198  11.799  -12.654 0.1428571492
123384  27.882  8.463  -9.939 0.1428571492
88214  28.412  -22.047  -9.684 0.4285714328
89330  29.332  -21.908  -9.144 0.1428571492
89341  29.054  -21.392  -9.812 0.2857142985
88205  28.074  -22.889  -9.119 0.2857142985
117227  29.424  2.221  -12.407 0.4285714328
88215  27.762  -22.454  -9.569 0.4285714328
90422  29.677  -20.874  -9.910 0.1428571492
88204  28.722  -22.508  -9.072 0.1428571492
115049  30.394  0.148  -12.131 0.2857142985
86997  27.052  -22.922  -9.145 0.2857142985
86998  26.242  -22.744  -9.147 0.2857142985
88216  26.770  -22.198  -9.518 0.2857142985
93860  29.141  -17.052  -12.274 0.2857142985
94980  28.671  -16.256  -12.265 0.2857142985
98689  29.796  -12.958  -12.713 0.1428571492
99940  30.292  -12.132  -12.774 0.2857142985
102360  30.892  -10.449  -12.827 0.1428571492
106041  31.194  -7.460  -13.265 0.1428571492
108318  31.316  -5.640  -12.205 0.1428571492
109355  31.544  -4.721  -11.556 0.1428571492
108329  30.888  -5.656  -13.148 0.1428571492
110530  31.052  -4.060  -11.995 0.1428571492
110543  30.730  -4.234  -12.576 0.1428571492
112866  30.069  -1.783  -12.259 0.1428571492
112879  28.969  -1.761  -12.962 0.1428571492
112878  29.540  -1.822  -12.692 0.1428571492
117229  28.256  2.675  -12.031 0.1428571492
115065  27.354  0.472  -11.747 0.1428571492
117210  27.698  2.474  -11.640 0.1428571492
86996  27.664  -23.032  -9.025 0.1428571492
110504  31.894  -3.529  -10.675 0.2857142985
110531  30.685  -3.625  -12.302 0.1428571492
113965  29.949  -0.761  -12.502 0.1428571492
85745  25.150  -24.017  -8.333 0.2857142985
93861  28.429  -17.167  -12.126 0.2857142985
99941  29.702  -12.340  -13.042 0.1428571492
102371  30.549  -9.943  -13.446 0.1428571492
103585  30.850  -9.309  -13.255 0.1428571492
104793  31.236  -8.374  -12.709 0.1428571492
106071  30.768  -7.455  -15.155 0.1428571492
107256  31.001  -6.551  -13.853 0.1428571492
108344  30.748  -5.821  -13.986 0.1428571492
108330  30.548  -5.329  -13.697 0.1428571492
111737  30.929  -3.225  -11.707 0.1428571492
116144  27.640  1.549  -11.837 0.1428571492
94958  27.303  -16.861  -11.602 0.2857142985
112854  30.521  -1.761  -11.695 0.1428571492
96197  28.187  -15.497  -12.570 0.1428571492
109368  31.015  -4.851  -12.436 0.1428571492
107267  30.971  -6.774  -14.748 0.1428571492
85746  24.719  -23.994  -7.998 0.1428571492
86962  24.075  -23.449  -7.618 0.1428571492
86983  24.614  -23.275  -8.081 0.1428571492
88217  25.972  -21.995  -9.388 0.1428571492
101164  35.329  -11.183  -14.063 0.1428571492
101183  35.183  -10.952  -15.074 0.1428571492
118221  34.983  3.652  -13.197 0.1428571492
84476  25.393  -24.781  -8.207 0.1428571492
88206  25.010  -22.255  -8.583 0.1428571492
90423  26.435  -20.593  -9.971 0.1428571492
117225  35.092  2.807  -12.763 0.1428571492
119207  35.158  4.509  -12.889 0.1428571492
116141  35.191  1.964  -12.413 0.1428571492
101184  35.056  -10.643  -14.836 0.1428571492
89344  26.369  -21.303  -9.735 0.1428571492
84477  24.839  -24.457  -7.991 0.1428571492
90455  28.804  -20.024  -11.335 0.5714285970
91606  32.445  -18.907  -10.125 0.1428571492
97407  32.388  -13.882  -11.530 0.5714285970
103575  35.885  -9.141  -12.070 0.8571428657
103584  35.727  -9.586  -13.664 0.5714285970
104765  34.377  -8.339  -10.497 1.0000000000
104792  36.213  -8.582  -12.654 0.7142857313
104799  36.514  -7.626  -13.398 0.5714285970
104827  34.707  -8.509  -15.804 0.1428571492
106030  31.772  -7.002  -11.682 0.5714285970
106039  36.404  -7.182  -14.069 0.1428571492
106055  36.213  -6.780  -14.600 0.1428571492
106057  30.973  -7.518  -14.278 0.1428571492
107254  36.456  -6.291  -14.548 0.1428571492
107257  30.852  -6.132  -14.577 0.1428571492
107266  35.985  -6.292  -15.597 0.1428571492
108282  34.735  -4.575  -9.508 0.8571428657
108283  34.332  -4.709  -9.497 0.8571428657
108308  36.415  -5.281  -11.063 0.8571428657
108310  31.787  -5.612  -11.541 0.1428571492
108345  30.490  -5.445  -14.517 0.1428571492
108353  36.533  -5.468  -14.938 0.1428571492
109352  36.640  -4.385  -11.664 0.8571428657
109354  31.948  -5.123  -11.211 0.7142857313
109406  36.655  -4.979  -14.619 0.1428571492
109407  36.391  -4.510  -15.249 0.1428571492
110502  33.287  -3.898  -9.647 0.8571428657
110515  31.411  -3.728  -11.329 0.2857142985
110528  36.773  -3.960  -12.163 0.8571428657
110542  36.419  -3.111  -13.492 0.1428571492
110544  30.263  -3.863  -12.960 0.1428571492
110578  36.076  -3.745  -15.679 0.1428571492
111700  34.911  -2.043  -9.603 0.8571428657
112824  35.074  -1.547  -9.833 0.8571428657
112839  35.013  -0.612  -9.959 0.8571428657
112852  35.802  -1.289  -11.049 0.8571428657
112888  35.709  -1.732  -13.639 0.1428571492
113909  33.721  0.434  -8.675 0.8571428657
113950  35.362  -0.233  -11.670 0.5714285970
113951  30.792  -1.009  -11.394 0.4285714328
115005  34.342  0.747  -8.787 0.8571428657
115006  33.921  0.834  -8.444 0.8571428657
115020  34.991  1.081  -9.873 0.8571428657
115022  33.441  0.787  -8.746 0.7142857313
115034  34.940  0.512  -9.955 0.8571428657
115047  35.351  0.064  -11.456 0.5714285970
115063  29.961  0.293  -12.576 0.2857142985
116086  34.249  1.493  -8.561 0.8571428657
116102  34.941  1.571  -9.542 0.8571428657
116158  34.936  2.033  -13.219 0.1428571492
117155  34.491  2.116  -8.867 0.8571428657
117156  34.067  2.286  -8.615 0.8571428657
117167  34.797  2.207  -9.271 0.8571428657
117184  35.462  2.423  -10.358 0.8571428657
117198  27.447  2.267  -11.328 0.1428571492
117207  30.444  2.748  -11.970 0.5714285970
118161  34.407  2.692  -8.972 0.8571428657
118169  35.250  2.860  -10.022 0.8571428657
118186  32.380  3.335  -9.695 0.8571428657
118204  35.323  3.629  -12.400 0.1428571492
119176  35.154  4.527  -10.518 0.7142857313
119177  34.740  4.442  -9.933 0.7142857313
120212  33.763  5.102  -9.454 0.8571428657
120225  33.312  5.430  -9.595 0.8571428657
120226  32.622  5.232  -9.744 0.8571428657
120238  31.147  5.236  -10.993 0.7142857313
121282  33.602  5.657  -9.602 0.7142857313
121296  34.402  6.504  -10.190 0.7142857313
121333  29.963  6.312  -12.326 0.7142857313
122394  34.276  7.613  -10.431 0.5714285970
122411  34.968  7.361  -11.445 0.4285714328
122412  34.684  7.520  -10.858 0.5714285970
122427  35.126  7.160  -12.030 0.2857142985
123394  33.915  8.272  -10.516 0.5714285970
123413  32.370  8.643  -10.730 0.4285714328
123427  34.981  7.901  -12.382 0.2857142985
123454  35.002  7.996  -13.962 0.1428571492
124374  33.567  9.045  -10.831 0.5714285970
124389  33.104  9.814  -11.083 0.5714285970
125370  32.517  10.528  -11.348 0.4285714328
125384  33.995  10.656  -12.344 0.1428571492
125385  33.572  10.901  -12.068 0.1428571492
126370  33.316  11.514  -12.630 0.1428571492
127396  30.909  12.381  -12.611 0.1428571492
127408  32.983  13.205  -13.691 0.1428571492
127422  34.187  12.473  -15.146 0.1428571492
128434  30.376  12.904  -12.940 0.1428571492
129456  29.406  14.325  -13.976 0.1428571492
129457  28.831  14.375  -13.997 0.1428571492
129462  30.807  14.162  -13.651 0.1428571492
129469  32.697  14.176  -14.143 0.1428571492
130357  27.853  15.889  -14.210 0.1428571492
130366  27.950  15.844  -14.552 0.1428571492
130375  28.098  16.213  -14.978 0.1428571492
131159  28.314  16.555  -14.734 0.1428571492
131160  28.201  16.475  -14.653 0.1428571492
131167  28.921  16.448  -15.089 0.1428571492
131168  28.443  16.478  -14.851 0.1428571492
131169  28.216  16.196  -14.765 0.1428571492
131962  28.907  17.279  -14.563 0.1428571492
131963  28.469  17.186  -14.506 0.1428571492
131964  28.082  16.944  -14.429 0.1428571492
131969  29.552  17.286  -15.046 0.1428571492
131971  28.403  16.725  -14.763 0.1428571492
131972  28.120  16.777  -14.594 0.1428571492
131977  29.262  16.865  -15.236 0.1428571492
131978  28.697  16.729  -15.002 0.1428571492
131979  28.476  16.746  -14.985 0.1428571492
147938  32.974  13.894  -14.178 0.1428571492
147940  31.087  13.743  -13.334 0.1428571492
147942  30.664  13.409  -13.147 0.1428571492
