#!ascii label  , from subject 4139 vox2ras=TkReg
1102
63407  -33.030  -29.213  52.588 0.0000000000
58648  -20.720  -32.491  54.565 0.0000000000
55139  -27.906  -35.561  54.254 0.0000000000
89911  -41.039  -5.734  34.959 0.0000000000
89971  -47.107  -7.002  28.766 0.0000000000
55080  -14.077  -35.572  56.979 0.0000000000
87532  -37.404  -8.620  39.490 0.0000000000
64557  -35.407  -28.784  51.867 0.0000000000
56296  -32.882  -34.534  52.376 0.0000000000
56243  -17.730  -34.396  55.646 0.0000000000
52778  -18.042  -38.491  58.587 0.0000000000
62257  -28.478  -29.864  50.544 0.0000000000
65759  -29.088  -26.656  48.798 0.0000000000
57477  -23.928  -34.456  55.295 0.0000000000
58670  -29.194  -32.259  54.001 0.0000000000
70817  -41.111  -23.534  37.437 0.0000000000
78272  -42.195  -16.995  35.256 0.0000000000
85208  -41.665  -11.423  36.969 0.0000000000
48201  -11.274  -41.496  58.714 0.0000000000
46180  -7.884  -43.315  60.149 0.0000000000
64626  -33.838  -27.903  46.449 0.0000000000
70712  -35.244  -23.984  44.508 0.0000000000
67099  -37.006  -26.128  41.164 0.0000000000
50332  -14.653  -40.649  58.893 0.0000000000
55121  -21.572  -34.775  56.286 0.0000000000
58619  -22.188  -33.224  56.979 0.0000000000
59899  -33.914  -31.645  52.498 0.0000000000
59827  -18.728  -30.692  55.703 0.0000000000
57472  -19.122  -33.439  54.829 0.0000000000
53982  -20.058  -36.070  55.462 0.0000000000
64511  -26.962  -27.223  54.823 0.0000000000
61038  -29.336  -30.854  53.046 0.0000000000
73429  -38.945  -20.549  36.764 0.0000000000
74722  -42.025  -20.374  36.377 0.0000000000
78256  -39.419  -16.862  36.418 0.0000000000
86371  -38.141  -9.719  37.050 0.0000000000
86424  -39.738  -9.127  34.455 0.0000000000
85226  -42.691  -11.416  34.761 0.0000000000
86445  -42.475  -9.439  32.543 0.0000000000
85283  -44.845  -10.370  31.539 0.0000000000
68144  -30.496  -24.176  48.744 0.0000000000
64623  -31.555  -27.303  47.688 0.0000000000
66965  -32.633  -25.580  48.508 0.0000000000
70722  -31.940  -22.988  44.661 0.0000000000
72007  -33.377  -21.784  43.084 0.0000000000
68287  -35.491  -24.766  42.701 0.0000000000
70786  -34.438  -22.664  40.889 0.0000000000
69505  -36.437  -22.981  39.025 0.0000000000
55137  -26.245  -35.723  54.481 0.0000000000
51553  -12.305  -38.835  57.484 0.0000000000
51567  -14.376  -38.485  56.873 0.0000000000
43869  -9.283  -45.542  62.364 0.0000000000
43854  -7.639  -45.957  62.925 0.0000000000
82849  -37.351  -12.737  40.723 0.0000000000
64579  -38.691  -28.442  50.363 0.0000000000
55154  -30.668  -35.390  53.758 0.0000000000
55082  -15.549  -34.804  56.483 0.0000000000
52801  -15.943  -37.994  56.564 0.0000000000
53972  -18.483  -36.929  55.910 0.0000000000
88845  -47.771  -6.974  26.996 0.0000000000
62275  -31.051  -30.099  50.261 0.0000000000
64571  -30.739  -28.602  49.951 0.0000000000
65727  -27.565  -27.451  50.452 0.0000000000
61018  -20.954  -29.400  54.455 0.0000000000
59846  -22.186  -31.680  54.981 0.0000000000
61035  -23.013  -30.884  53.611 0.0000000000
58683  -25.236  -32.430  52.579 0.0000000000
57506  -26.337  -33.896  52.876 0.0000000000
58668  -27.728  -32.699  54.056 0.0000000000
56292  -28.476  -34.667  53.011 0.0000000000
57522  -29.373  -34.068  51.818 0.0000000000
58736  -30.878  -32.473  49.947 0.0000000000
68303  -41.726  -25.497  40.576 0.0000000000
82873  -38.145  -12.584  38.451 0.0000000000
81732  -42.139  -12.970  37.058 0.0000000000
86472  -47.103  -9.906  30.248 0.0000000000
47203  -9.140  -42.553  59.491 0.0000000000
46164  -10.550  -43.885  62.131 0.0000000000
64574  -33.457  -28.639  50.464 0.0000000000
63444  -34.772  -29.547  49.097 0.0000000000
64629  -37.442  -28.410  47.526 0.0000000000
68165  -33.071  -24.118  47.166 0.0000000000
67000  -33.958  -25.995  44.901 0.0000000000
68188  -37.570  -25.698  46.552 0.0000000000
69400  -37.373  -24.587  45.589 0.0000000000
65861  -38.461  -26.836  44.369 0.0000000000
65903  -40.211  -26.760  42.077 0.0000000000
68328  -38.543  -25.041  39.077 0.0000000000
70835  -38.441  -22.231  37.494 0.0000000000
56218  -24.118  -35.180  57.929 0.0000000000
50330  -10.432  -38.787  58.573 0.0000000000
49264  -12.972  -40.811  58.976 0.0000000000
50353  -16.108  -39.907  58.407 0.0000000000
43865  -6.418  -46.210  61.662 0.0000000000
57474  -21.308  -33.585  54.988 0.0000000000
57446  -21.773  -33.874  57.378 0.0000000000
58632  -21.643  -32.478  55.876 0.0000000000
61055  -33.443  -30.742  52.222 0.0000000000
59861  -20.008  -32.025  54.468 0.0000000000
59842  -18.602  -31.991  55.369 0.0000000000
57473  -20.147  -33.477  54.750 0.0000000000
56256  -20.509  -34.487  54.882 0.0000000000
75930  -38.432  -18.297  37.769 0.0000000000
75950  -39.016  -17.997  36.689 0.0000000000
78244  -38.889  -16.610  37.663 0.0000000000
89899  -39.845  -5.792  36.021 0.0000000000
88757  -38.702  -7.670  35.748 0.0000000000
88770  -40.083  -7.315  34.667 0.0000000000
86434  -40.645  -8.940  33.751 0.0000000000
88779  -41.319  -7.328  33.528 0.0000000000
87613  -42.269  -8.040  32.733 0.0000000000
66949  -31.604  -25.091  48.632 0.0000000000
73301  -32.135  -20.610  44.052 0.0000000000
72026  -33.785  -22.197  42.246 0.0000000000
73347  -33.579  -20.295  41.755 0.0000000000
73379  -34.793  -20.661  40.486 0.0000000000
55138  -27.015  -35.783  54.384 0.0000000000
55110  -27.309  -36.273  56.245 0.0000000000
55126  -28.626  -35.942  55.322 0.0000000000
53954  -13.118  -36.880  57.222 0.0000000000
53955  -13.505  -36.187  56.981 0.0000000000
87662  -48.141  -8.629  28.635 0.0000000000
43867  -7.889  -45.882  61.983 0.0000000000
64524  -35.840  -27.845  53.082 0.0000000000
64559  -37.472  -28.685  51.611 0.0000000000
56295  -31.828  -34.860  52.825 0.0000000000
56262  -33.219  -35.118  54.997 0.0000000000
57445  -17.662  -32.808  56.125 0.0000000000
57444  -16.733  -32.854  56.544 0.0000000000
57443  -15.848  -32.972  57.124 0.0000000000
56242  -16.911  -34.615  55.993 0.0000000000
53971  -17.086  -36.559  55.686 0.0000000000
55102  -17.515  -35.576  55.695 0.0000000000
55083  -20.974  -36.523  57.549 0.0000000000
53959  -20.213  -36.976  57.211 0.0000000000
62273  -29.146  -29.898  49.798 0.0000000000
63431  -29.644  -29.205  49.633 0.0000000000
63430  -28.422  -29.126  49.909 0.0000000000
62193  -21.405  -28.847  54.417 0.0000000000
61020  -22.470  -30.221  53.845 0.0000000000
62194  -22.455  -28.702  54.226 0.0000000000
59864  -25.004  -30.752  53.201 0.0000000000
58665  -26.027  -31.973  53.092 0.0000000000
57505  -25.529  -33.708  52.834 0.0000000000
58666  -26.445  -32.541  53.732 0.0000000000
58638  -29.125  -31.863  55.935 0.0000000000
58669  -28.587  -32.623  53.767 0.0000000000
57490  -27.932  -32.856  53.032 0.0000000000
58687  -28.541  -32.728  52.899 0.0000000000
57521  -29.262  -34.411  52.282 0.0000000000
58701  -29.378  -32.914  52.120 0.0000000000
61053  -28.573  -30.472  51.278 0.0000000000
59913  -29.248  -31.797  51.256 0.0000000000
61093  -29.570  -30.759  49.912 0.0000000000
61094  -30.695  -30.829  49.604 0.0000000000
68331  -41.858  -25.014  38.767 0.0000000000
69472  -43.130  -24.465  40.116 0.0000000000
69511  -42.462  -23.958  37.601 0.0000000000
75966  -41.947  -18.360  35.422 0.0000000000
73433  -43.604  -20.398  36.812 0.0000000000
85162  -37.292  -10.836  40.975 0.0000000000
82859  -37.432  -12.468  39.247 0.0000000000
84074  -37.439  -11.338  39.042 0.0000000000
86372  -39.601  -10.732  36.601 0.0000000000
85191  -39.665  -11.434  37.539 0.0000000000
85192  -40.821  -11.666  37.261 0.0000000000
81733  -43.166  -12.683  36.855 0.0000000000
86458  -45.919  -9.899  31.129 0.0000000000
87628  -45.982  -8.806  30.964 0.0000000000
87635  -46.494  -8.841  30.274 0.0000000000
49278  -9.728  -40.534  58.593 0.0000000000
49260  -8.960  -41.269  58.993 0.0000000000
47205  -10.589  -42.383  59.222 0.0000000000
47181  -10.829  -43.447  61.699 0.0000000000
46153  -10.299  -44.918  63.430 0.0000000000
64589  -30.343  -27.829  49.150 0.0000000000
64572  -31.667  -28.428  50.206 0.0000000000
64605  -30.633  -27.474  48.609 0.0000000000
64625  -32.941  -27.539  46.928 0.0000000000
63453  -33.528  -29.047  47.755 0.0000000000
63463  -34.412  -29.223  47.012 0.0000000000
63455  -36.165  -29.278  47.751 0.0000000000
64627  -35.134  -28.324  46.567 0.0000000000
70701  -31.995  -22.906  47.504 0.0000000000
69412  -32.737  -23.806  44.384 0.0000000000
68239  -32.957  -24.649  44.624 0.0000000000
68212  -34.824  -25.131  44.702 0.0000000000
67002  -35.997  -25.880  45.414 0.0000000000
69399  -35.937  -24.951  44.812 0.0000000000
69384  -37.549  -24.703  46.033 0.0000000000
70726  -36.248  -24.283  44.724 0.0000000000
68302  -35.684  -25.600  42.078 0.0000000000
68289  -36.766  -25.593  43.347 0.0000000000
65900  -37.810  -26.895  42.354 0.0000000000
65884  -39.360  -27.463  42.951 0.0000000000
67088  -38.915  -26.719  41.378 0.0000000000
67101  -39.168  -26.002  40.651 0.0000000000
68316  -38.244  -25.835  39.754 0.0000000000
72100  -36.706  -21.617  38.767 0.0000000000
70815  -37.132  -22.322  38.281 0.0000000000
72101  -37.306  -21.345  38.511 0.0000000000
58650  -23.223  -32.696  55.571 0.0000000000
58634  -23.153  -32.794  56.617 0.0000000000
57462  -23.725  -34.415  56.106 0.0000000000
51554  -13.358  -39.171  57.567 0.0000000000
50350  -13.012  -40.000  58.140 0.0000000000
50331  -13.786  -40.712  58.914 0.0000000000
51570  -17.172  -38.597  57.571 0.0000000000
51569  -16.477  -39.110  57.497 0.0000000000
51558  -17.341  -38.853  58.222 0.0000000000
55084  -21.501  -35.650  57.601 0.0000000000
57430  -21.744  -34.084  58.475 0.0000000000
58589  -22.118  -33.369  59.032 0.0000000000
57420  -23.151  -33.530  59.253 0.0000000000
57512  -33.909  -33.298  52.492 0.0000000000
56277  -34.123  -33.924  54.226 0.0000000000
59815  -17.948  -30.693  56.635 0.0000000000
58630  -18.184  -32.378  55.774 0.0000000000
57458  -18.193  -33.349  55.463 0.0000000000
55103  -18.533  -35.509  55.355 0.0000000000
55118  -19.632  -35.288  54.951 0.0000000000
55105  -21.243  -35.955  56.422 0.0000000000
63405  -27.395  -28.674  52.028 0.0000000000
64531  -27.026  -27.346  52.435 0.0000000000
59867  -29.151  -31.705  54.487 0.0000000000
61039  -29.270  -31.589  53.642 0.0000000000
62197  -27.002  -29.631  54.024 0.0000000000
72121  -39.702  -21.749  36.624 0.0000000000
70838  -41.524  -22.428  37.292 0.0000000000
73430  -40.231  -20.889  36.434 0.0000000000
75965  -40.725  -18.460  35.849 0.0000000000
78257  -40.267  -16.776  35.679 0.0000000000
86361  -37.355  -9.572  38.152 0.0000000000
87574  -38.100  -8.385  36.739 0.0000000000
86382  -38.536  -9.121  35.996 0.0000000000
86384  -40.337  -10.710  35.943 0.0000000000
86407  -42.020  -11.322  35.405 0.0000000000
85225  -41.577  -10.997  34.537 0.0000000000
85244  -42.309  -11.061  33.816 0.0000000000
84139  -44.027  -11.499  32.527 0.0000000000
86446  -43.201  -9.518  32.317 0.0000000000
88790  -43.644  -7.655  32.265 0.0000000000
48184  -12.085  -42.299  60.246 0.0000000000
47198  -11.375  -42.572  59.748 0.0000000000
47183  -12.178  -42.594  61.795 0.0000000000
66947  -29.700  -25.156  47.810 0.0000000000
65776  -30.473  -26.729  47.903 0.0000000000
66963  -31.396  -25.553  47.842 0.0000000000
65779  -32.455  -26.220  48.083 0.0000000000
65797  -33.288  -26.595  47.200 0.0000000000
71967  -31.100  -21.485  46.252 0.0000000000
73267  -31.287  -20.831  45.071 0.0000000000
71985  -31.919  -21.759  44.284 0.0000000000
70746  -34.088  -22.834  43.384 0.0000000000
70747  -35.054  -23.539  43.546 0.0000000000
70766  -34.781  -23.246  42.931 0.0000000000
69470  -34.465  -23.795  41.602 0.0000000000
69482  -35.002  -23.849  40.510 0.0000000000
68326  -36.228  -25.066  39.707 0.0000000000
69491  -35.359  -23.237  39.833 0.0000000000
56260  -25.048  -35.205  54.782 0.0000000000
55122  -24.805  -35.536  55.618 0.0000000000
55109  -26.264  -36.315  56.254 0.0000000000
51566  -13.506  -38.433  57.096 0.0000000000
51555  -14.264  -39.172  57.571 0.0000000000
46172  -8.530  -44.153  60.576 0.0000000000
46171  -7.232  -43.520  60.399 0.0000000000
45062  -8.226  -44.702  61.022 0.0000000000
43880  -7.308  -45.198  61.261 0.0000000000
45053  -6.329  -44.646  60.779 0.0000000000
64595  -39.553  -27.573  49.456 0.0000000000
55141  -29.894  -35.747  54.413 0.0000000000
55127  -29.633  -35.913  55.340 0.0000000000
56215  -14.794  -33.952  57.873 0.0000000000
55081  -14.771  -35.100  57.023 0.0000000000
52811  -14.901  -36.637  56.246 0.0000000000
53970  -15.976  -36.315  55.662 0.0000000000
52814  -17.493  -37.532  56.085 0.0000000000
52790  -18.396  -37.899  57.939 0.0000000000
52804  -18.788  -37.714  57.295 0.0000000000
52779  -18.776  -38.112  58.883 0.0000000000
89986  -47.536  -6.465  28.101 0.0000000000
62236  -32.664  -29.501  52.002 0.0000000000
63406  -32.725  -28.815  52.280 0.0000000000
63421  -31.606  -28.998  50.614 0.0000000000
64570  -28.902  -28.179  49.650 0.0000000000
65743  -28.848  -27.400  49.424 0.0000000000
64550  -27.048  -27.049  51.624 0.0000000000
65741  -27.311  -26.027  49.657 0.0000000000
66926  -27.566  -25.241  49.415 0.0000000000
68128  -28.197  -23.332  49.815 0.0000000000
59844  -20.488  -31.417  54.372 0.0000000000
59845  -21.502  -31.773  54.808 0.0000000000
61006  -21.920  -30.989  54.526 0.0000000000
59862  -22.684  -31.245  54.001 0.0000000000
59879  -23.326  -31.603  53.532 0.0000000000
62216  -24.094  -29.800  53.432 0.0000000000
59880  -24.494  -31.241  52.790 0.0000000000
57503  -23.846  -33.024  53.243 0.0000000000
56288  -25.178  -34.462  53.296 0.0000000000
56272  -26.426  -35.310  53.677 0.0000000000
56291  -27.627  -34.777  53.177 0.0000000000
58651  -26.653  -32.229  54.856 0.0000000000
58667  -27.019  -32.730  54.063 0.0000000000
57508  -27.730  -33.721  52.711 0.0000000000
55151  -28.384  -35.434  53.568 0.0000000000
56293  -29.397  -34.944  52.790 0.0000000000
56311  -29.791  -34.919  52.195 0.0000000000
56313  -31.829  -34.532  51.764 0.0000000000
58719  -29.448  -32.816  51.655 0.0000000000
57540  -31.102  -33.615  50.791 0.0000000000
56334  -32.371  -33.688  51.197 0.0000000000
58720  -32.628  -32.561  50.636 0.0000000000
61077  -32.760  -30.815  51.368 0.0000000000
61004  -20.272  -30.027  54.752 0.0000000000
72124  -42.805  -21.642  37.446 0.0000000000
79381  -38.208  -14.891  38.443 0.0000000000
80556  -38.660  -14.409  38.007 0.0000000000
80565  -40.286  -14.669  36.862 0.0000000000
84091  -38.013  -11.409  37.793 0.0000000000
82874  -39.396  -12.751  37.983 0.0000000000
79397  -41.919  -15.194  36.408 0.0000000000
80582  -43.558  -14.622  35.808 0.0000000000
86483  -47.637  -9.711  29.755 0.0000000000
87642  -46.964  -8.535  29.687 0.0000000000
88804  -46.591  -7.785  30.056 0.0000000000
48183  -8.164  -41.165  59.981 0.0000000000
47195  -8.798  -42.917  59.814 0.0000000000
47197  -10.702  -43.158  59.943 0.0000000000
46182  -9.576  -43.616  60.363 0.0000000000
46173  -9.612  -44.016  61.201 0.0000000000
45054  -9.989  -45.284  62.535 0.0000000000
64554  -32.760  -28.511  51.400 0.0000000000
64555  -33.337  -28.444  51.595 0.0000000000
64575  -34.695  -29.094  50.902 0.0000000000
64606  -31.252  -27.658  48.275 0.0000000000
64592  -33.263  -28.899  49.335 0.0000000000
63434  -35.258  -29.508  50.069 0.0000000000
63436  -37.429  -29.221  50.019 0.0000000000
64593  -38.334  -28.445  49.055 0.0000000000
65781  -38.354  -27.569  47.753 0.0000000000
68166  -33.268  -24.690  47.663 0.0000000000
66977  -33.457  -25.795  47.064 0.0000000000
68184  -32.309  -24.093  45.811 0.0000000000
66984  -33.355  -25.521  45.752 0.0000000000
65816  -34.325  -26.635  45.519 0.0000000000
65809  -36.206  -27.095  45.884 0.0000000000
65799  -37.251  -27.235  46.860 0.0000000000
69435  -36.222  -24.784  43.839 0.0000000000
68243  -37.904  -25.804  44.887 0.0000000000
67090  -41.294  -26.032  41.136 0.0000000000
68318  -40.522  -25.482  39.620 0.0000000000
69495  -40.084  -24.502  38.254 0.0000000000
69493  -37.608  -24.176  38.668 0.0000000000
69494  -38.941  -24.195  38.572 0.0000000000
69523  -39.677  -23.263  37.278 0.0000000000
72120  -38.626  -21.380  37.297 0.0000000000
74702  -37.816  -18.978  38.104 0.0000000000
59829  -22.431  -32.353  56.361 0.0000000000
58621  -23.031  -33.052  57.501 0.0000000000
55085  -24.288  -35.804  57.451 0.0000000000
49280  -10.940  -40.607  58.392 0.0000000000
51552  -11.307  -38.646  57.837 0.0000000000
49281  -11.656  -40.445  58.294 0.0000000000
48202  -11.887  -41.426  59.097 0.0000000000
48194  -12.850  -41.318  60.279 0.0000000000
51568  -15.379  -38.677  56.913 0.0000000000
50367  -15.608  -39.406  57.460 0.0000000000
50333  -15.492  -40.298  59.181 0.0000000000
43846  -7.119  -47.041  64.122 0.0000000000
43853  -6.981  -46.422  62.901 0.0000000000
45052  -6.146  -45.022  60.849 0.0000000000
63399  -33.161  -28.696  53.119 0.0000000000
58631  -21.449  -32.767  55.111 0.0000000000
57459  -21.522  -33.047  55.568 0.0000000000
62237  -33.257  -29.834  52.409 0.0000000000
58662  -19.862  -32.277  54.573 0.0000000000
77084  -38.301  -17.355  38.621 0.0000000000
77101  -38.751  -17.616  37.012 0.0000000000
78227  -38.817  -16.727  39.403 0.0000000000
89910  -40.286  -6.202  35.287 0.0000000000
88759  -39.839  -6.888  35.172 0.0000000000
89920  -40.635  -6.769  34.581 0.0000000000
88771  -40.760  -7.293  34.113 0.0000000000
89921  -41.446  -6.302  34.288 0.0000000000
89928  -41.710  -6.748  33.431 0.0000000000
72025  -33.485  -21.259  42.100 0.0000000000
55125  -27.651  -35.973  55.310 0.0000000000
55061  -13.802  -35.173  57.731 0.0000000000
88814  -47.254  -7.839  29.135 0.0000000000
88832  -47.852  -7.838  28.076 0.0000000000
64537  -36.116  -28.370  52.555 0.0000000000
64538  -37.221  -28.807  52.691 0.0000000000
64558  -36.517  -29.015  51.866 0.0000000000
56276  -33.215  -34.440  53.745 0.0000000000
57457  -17.433  -33.421  55.930 0.0000000000
56231  -16.891  -33.808  55.990 0.0000000000
61092  -28.955  -30.284  50.088 0.0000000000
63420  -27.583  -29.023  50.772 0.0000000000
63384  -21.904  -28.389  54.524 0.0000000000
59848  -25.707  -31.179  54.860 0.0000000000
59865  -25.455  -31.406  53.715 0.0000000000
59866  -25.920  -32.021  54.379 0.0000000000
58654  -29.144  -32.238  55.018 0.0000000000
58688  -28.849  -32.568  52.840 0.0000000000
61075  -29.065  -31.071  50.817 0.0000000000
61074  -28.903  -30.496  50.488 0.0000000000
69496  -41.170  -24.929  37.864 0.0000000000
69497  -42.238  -24.689  37.960 0.0000000000
69510  -41.611  -24.220  37.353 0.0000000000
77128  -41.891  -17.513  35.313 0.0000000000
75967  -42.921  -18.213  35.653 0.0000000000
78274  -43.097  -16.891  35.319 0.0000000000
86328  -37.400  -9.819  40.484 0.0000000000
85176  -37.171  -10.597  39.764 0.0000000000
86344  -37.230  -9.457  39.476 0.0000000000
86373  -40.847  -11.151  36.546 0.0000000000
85207  -40.260  -11.296  37.035 0.0000000000
85193  -42.032  -11.711  37.224 0.0000000000
84079  -42.350  -11.997  37.406 0.0000000000
88798  -45.441  -7.844  31.327 0.0000000000
48207  -10.635  -41.131  58.533 0.0000000000
48206  -10.083  -41.104  58.598 0.0000000000
48200  -10.579  -41.706  58.738 0.0000000000
65760  -30.041  -26.960  48.510 0.0000000000
63462  -33.325  -28.426  47.069 0.0000000000
64646  -34.715  -27.622  46.236 0.0000000000
69413  -33.872  -24.270  44.134 0.0000000000
69398  -34.959  -24.304  44.516 0.0000000000
70713  -35.930  -24.076  45.054 0.0000000000
67098  -36.238  -26.152  41.692 0.0000000000
67087  -37.881  -26.729  41.608 0.0000000000
67100  -38.026  -26.375  40.659 0.0000000000
68315  -37.037  -25.750  40.131 0.0000000000
57476  -23.416  -33.700  55.110 0.0000000000
50351  -14.074  -39.859  58.274 0.0000000000
50314  -14.214  -40.608  59.725 0.0000000000
52789  -17.698  -38.282  57.692 0.0000000000
51544  -17.551  -38.959  59.247 0.0000000000
47194  -8.039  -42.692  60.000 0.0000000000
47187  -7.237  -42.341  60.453 0.0000000000
65709  -34.760  -27.586  53.088 0.0000000000
55106  -21.569  -35.117  56.723 0.0000000000
56232  -21.668  -34.688  57.613 0.0000000000
58603  -21.955  -33.479  58.230 0.0000000000
58604  -22.453  -33.172  58.260 0.0000000000
58590  -22.612  -32.997  59.094 0.0000000000
58605  -22.901  -32.991  58.401 0.0000000000
58703  -33.721  -32.457  52.138 0.0000000000
60979  -18.560  -29.725  56.737 0.0000000000
59816  -18.554  -30.209  56.174 0.0000000000
58646  -18.756  -32.531  55.062 0.0000000000
56244  -18.709  -34.411  54.961 0.0000000000
56255  -19.609  -34.238  54.826 0.0000000000
56257  -21.244  -34.556  55.358 0.0000000000
55119  -20.816  -35.526  55.346 0.0000000000
55120  -21.468  -35.119  55.918 0.0000000000
63397  -26.954  -28.549  53.322 0.0000000000
64519  -26.768  -27.446  53.860 0.0000000000
61024  -28.576  -31.414  54.219 0.0000000000
63385  -26.846  -28.351  54.780 0.0000000000
62217  -27.661  -29.563  52.812 0.0000000000
73446  -39.591  -19.932  36.170 0.0000000000
77113  -39.322  -17.683  36.516 0.0000000000
75964  -39.593  -18.313  36.366 0.0000000000
77114  -40.053  -17.617  36.074 0.0000000000
79409  -39.899  -16.267  36.040 0.0000000000
88730  -37.830  -7.337  37.556 0.0000000000
88743  -38.458  -7.418  36.505 0.0000000000
87602  -39.238  -8.384  34.638 0.0000000000
86403  -38.637  -8.811  35.511 0.0000000000
86404  -39.036  -9.407  35.032 0.0000000000
86383  -39.274  -9.984  35.973 0.0000000000
86405  -39.776  -10.530  35.049 0.0000000000
86406  -40.906  -10.930  35.218 0.0000000000
85242  -40.528  -9.786  34.236 0.0000000000
86436  -41.785  -9.360  32.854 0.0000000000
85259  -41.473  -9.890  33.074 0.0000000000
85260  -42.211  -10.336  32.907 0.0000000000
85271  -43.344  -10.622  32.460 0.0000000000
89929  -42.505  -6.361  33.327 0.0000000000
88781  -42.812  -7.377  32.696 0.0000000000
68143  -29.441  -23.844  48.637 0.0000000000
66948  -30.881  -24.891  48.075 0.0000000000
66950  -32.102  -25.003  48.848 0.0000000000
66964  -32.027  -25.806  48.222 0.0000000000
65780  -33.030  -26.202  48.177 0.0000000000
73302  -32.741  -21.157  43.410 0.0000000000
73300  -31.810  -21.133  44.379 0.0000000000
71986  -32.815  -21.728  43.777 0.0000000000
70723  -33.262  -22.836  44.101 0.0000000000
70745  -33.431  -22.253  43.640 0.0000000000
72008  -33.852  -22.438  42.834 0.0000000000
72044  -33.815  -21.955  41.393 0.0000000000
70777  -34.153  -22.825  41.604 0.0000000000
69481  -34.502  -23.282  41.144 0.0000000000
69471  -34.806  -24.260  41.171 0.0000000000
70787  -34.882  -22.606  40.104 0.0000000000
72059  -35.406  -21.571  39.927 0.0000000000
56271  -25.557  -35.211  54.006 0.0000000000
55123  -25.672  -35.793  55.239 0.0000000000
55111  -28.313  -36.138  56.286 0.0000000000
52799  -13.597  -37.482  56.836 0.0000000000
52798  -12.726  -37.496  57.285 0.0000000000
45063  -9.486  -45.059  61.403 0.0000000000
43882  -8.789  -45.451  61.581 0.0000000000
43879  -6.808  -45.032  61.093 0.0000000000
43866  -6.982  -45.749  61.510 0.0000000000
64560  -38.384  -28.255  51.363 0.0000000000
64561  -39.051  -27.962  50.911 0.0000000000
64580  -39.460  -27.903  50.210 0.0000000000
55153  -30.123  -35.480  53.627 0.0000000000
55142  -30.910  -35.556  54.412 0.0000000000
56230  -16.002  -33.960  56.453 0.0000000000
56216  -15.346  -33.457  57.507 0.0000000000
56229  -15.320  -34.297  57.118 0.0000000000
55100  -15.514  -35.477  56.099 0.0000000000
52803  -18.145  -37.879  56.840 0.0000000000
53981  -19.298  -36.165  55.466 0.0000000000
53973  -19.815  -36.663  56.189 0.0000000000
52792  -19.887  -37.452  58.441 0.0000000000
53945  -19.812  -37.252  57.817 0.0000000000
52791  -19.210  -37.577  58.103 0.0000000000
62259  -32.315  -29.955  51.239 0.0000000000
62258  -31.673  -29.581  50.644 0.0000000000
63432  -30.732  -29.353  50.265 0.0000000000
65742  -27.952  -27.113  49.684 0.0000000000
65706  -26.883  -26.567  52.640 0.0000000000
64530  -27.037  -26.926  51.988 0.0000000000
65705  -27.012  -26.330  51.881 0.0000000000
68102  -27.260  -23.773  51.552 0.0000000000
66905  -27.191  -24.986  50.560 0.0000000000
66906  -27.582  -24.011  50.057 0.0000000000
66927  -27.583  -24.219  49.337 0.0000000000
61005  -21.291  -30.727  54.059 0.0000000000
59878  -22.999  -31.216  53.687 0.0000000000
59895  -24.930  -31.726  52.605 0.0000000000
58699  -24.553  -31.779  52.717 0.0000000000
58682  -24.268  -32.271  52.922 0.0000000000
57504  -24.420  -33.631  53.160 0.0000000000
56289  -25.927  -34.672  53.044 0.0000000000
56290  -26.750  -34.688  53.061 0.0000000000
58653  -28.230  -32.393  55.037 0.0000000000
58636  -27.742  -32.184  56.142 0.0000000000
58652  -27.359  -32.402  55.100 0.0000000000
55152  -29.178  -35.674  53.445 0.0000000000
56312  -30.612  -34.736  51.830 0.0000000000
59882  -29.453  -31.636  52.897 0.0000000000
59897  -29.544  -32.195  52.321 0.0000000000
59896  -29.452  -31.600  52.195 0.0000000000
58735  -30.161  -32.302  50.258 0.0000000000
57555  -29.724  -32.925  50.701 0.0000000000
57556  -30.490  -33.064  50.445 0.0000000000
57557  -31.267  -33.075  50.307 0.0000000000
57523  -32.944  -33.383  51.214 0.0000000000
58737  -31.720  -32.494  50.241 0.0000000000
61095  -31.680  -30.832  50.175 0.0000000000
61096  -32.434  -31.072  50.613 0.0000000000
61076  -32.235  -30.508  50.754 0.0000000000
62192  -20.756  -29.123  54.640 0.0000000000
60989  -19.860  -29.374  55.342 0.0000000000
67091  -42.161  -25.612  41.165 0.0000000000
70788  -43.684  -24.111  39.199 0.0000000000
69473  -44.235  -24.741  40.199 0.0000000000
73431  -41.500  -20.983  36.431 0.0000000000
72123  -42.134  -21.822  37.195 0.0000000000
73432  -42.805  -21.029  36.916 0.0000000000
80521  -37.102  -14.274  40.634 0.0000000000
79366  -37.950  -15.260  39.094 0.0000000000
80539  -36.979  -14.274  40.181 0.0000000000
82872  -37.594  -12.683  38.697 0.0000000000
81728  -37.463  -13.258  38.700 0.0000000000
81729  -38.592  -13.470  38.270 0.0000000000
80564  -39.456  -14.680  37.415 0.0000000000
81730  -39.822  -13.650  37.662 0.0000000000
86362  -37.809  -10.008  37.733 0.0000000000
85190  -37.593  -10.185  37.967 0.0000000000
85205  -37.961  -10.636  37.640 0.0000000000
84077  -40.096  -12.084  37.605 0.0000000000
82875  -40.554  -12.691  37.542 0.0000000000
81731  -41.061  -13.199  37.179 0.0000000000
81744  -40.705  -13.986  37.149 0.0000000000
81745  -41.703  -13.786  36.985 0.0000000000
80581  -42.832  -14.689  36.116 0.0000000000
81746  -42.668  -13.550  36.753 0.0000000000
80570  -44.993  -13.945  36.199 0.0000000000
85285  -46.261  -11.030  31.208 0.0000000000
86459  -46.755  -10.442  30.768 0.0000000000
86460  -47.700  -10.709  30.776 0.0000000000
86473  -48.093  -10.281  30.226 0.0000000000
88799  -46.088  -7.869  30.776 0.0000000000
87636  -47.091  -9.251  29.771 0.0000000000
48198  -9.035  -41.862  59.215 0.0000000000
49239  -8.486  -41.000  59.474 0.0000000000
48191  -8.396  -41.938  59.615 0.0000000000
47189  -11.420  -42.554  60.891 0.0000000000
47188  -10.669  -42.977  61.111 0.0000000000
46174  -10.202  -43.485  61.221 0.0000000000
46163  -10.199  -44.563  62.299 0.0000000000
64553  -32.377  -28.781  51.074 0.0000000000
64573  -32.438  -28.355  50.396 0.0000000000
64556  -34.273  -28.618  51.778 0.0000000000
65777  -31.040  -26.966  47.780 0.0000000000
64607  -31.944  -28.278  47.832 0.0000000000
63454  -34.452  -29.568  48.053 0.0000000000
63443  -33.794  -29.249  48.762 0.0000000000
63433  -34.067  -29.437  49.871 0.0000000000
63435  -36.393  -29.560  50.084 0.0000000000
63445  -35.801  -29.761  49.242 0.0000000000
63465  -36.585  -28.925  47.468 0.0000000000
63457  -37.356  -28.838  48.418 0.0000000000
64608  -38.223  -28.349  48.511 0.0000000000
69364  -32.513  -23.969  47.906 0.0000000000
66976  -33.279  -25.181  46.658 0.0000000000
70711  -31.520  -22.713  45.772 0.0000000000
69381  -31.917  -23.358  46.162 0.0000000000
69397  -31.895  -23.603  45.363 0.0000000000
67022  -33.316  -25.293  44.793 0.0000000000
66999  -33.157  -25.300  45.237 0.0000000000
66985  -33.653  -26.082  45.967 0.0000000000
65808  -34.994  -27.280  45.685 0.0000000000
65817  -35.132  -26.635  45.243 0.0000000000
66987  -37.135  -26.020  46.319 0.0000000000
65810  -36.949  -26.544  46.327 0.0000000000
66978  -37.576  -26.199  46.801 0.0000000000
66967  -38.451  -26.269  47.542 0.0000000000
70715  -37.252  -23.866  45.668 0.0000000000
69458  -35.120  -23.929  42.909 0.0000000000
69434  -35.631  -24.320  43.518 0.0000000000
68261  -36.039  -24.912  43.313 0.0000000000
67070  -37.492  -26.749  43.531 0.0000000000
67044  -37.302  -26.060  43.997 0.0000000000
67023  -37.636  -26.164  44.484 0.0000000000
65902  -39.625  -26.887  42.134 0.0000000000
65863  -40.219  -27.849  43.774 0.0000000000
65885  -40.503  -26.979  42.722 0.0000000000
67072  -41.113  -26.603  42.018 0.0000000000
68317  -39.427  -25.616  39.702 0.0000000000
67102  -40.293  -25.912  40.454 0.0000000000
68329  -39.730  -24.985  39.002 0.0000000000
68330  -40.823  -24.967  38.917 0.0000000000
69492  -36.165  -23.767  39.360 0.0000000000
68327  -37.291  -25.000  39.368 0.0000000000
69506  -36.943  -23.176  38.619 0.0000000000
70816  -37.879  -22.230  37.973 0.0000000000
69507  -38.079  -23.245  38.037 0.0000000000
69521  -38.289  -22.712  37.688 0.0000000000
69508  -39.367  -23.665  37.886 0.0000000000
69522  -38.805  -23.007  37.441 0.0000000000
70836  -39.274  -22.452  37.101 0.0000000000
74701  -37.810  -19.851  38.240 0.0000000000
59828  -21.856  -31.912  55.926 0.0000000000
57447  -23.392  -33.573  57.359 0.0000000000
57431  -23.317  -33.495  58.323 0.0000000000
57432  -23.699  -34.240  58.168 0.0000000000
55108  -25.312  -36.022  56.395 0.0000000000
55107  -24.507  -35.745  56.564 0.0000000000
55086  -24.927  -36.217  57.351 0.0000000000
55113  -30.387  -36.149  56.265 0.0000000000
50347  -10.226  -39.930  58.467 0.0000000000
50348  -10.846  -39.446  58.243 0.0000000000
52787  -11.650  -37.473  57.811 0.0000000000
52786  -11.085  -38.013  58.167 0.0000000000
49282  -12.383  -40.496  58.347 0.0000000000
50349  -11.893  -39.741  57.851 0.0000000000
49263  -12.247  -40.984  58.977 0.0000000000
48193  -12.409  -41.656  59.746 0.0000000000
49241  -12.762  -41.049  59.679 0.0000000000
52812  -15.469  -37.023  55.964 0.0000000000
52800  -14.650  -37.364  56.442 0.0000000000
50368  -15.890  -39.740  57.747 0.0000000000
50352  -15.174  -40.107  57.905 0.0000000000
42755  -5.834  -46.713  62.734 0.0000000000
43852  -6.200  -46.551  63.292 0.0000000000
45051  -5.948  -45.087  60.928 0.0000000000
56258  -21.566  -34.422  55.941 0.0000000000
56245  -21.650  -34.396  56.669 0.0000000000
57460  -21.684  -33.588  56.120 0.0000000000
61003  -19.413  -30.530  55.328 0.0000000000
59843  -19.356  -31.527  54.954 0.0000000000
58647  -19.678  -32.543  54.651 0.0000000000
74721  -38.640  -19.300  36.948 0.0000000000
74738  -39.371  -19.064  36.422 0.0000000000
75951  -38.855  -18.430  36.765 0.0000000000
89897  -38.791  -6.805  36.455 0.0000000000
89909  -39.690  -6.698  35.479 0.0000000000
88758  -39.260  -7.331  35.228 0.0000000000
87603  -39.910  -8.307  34.269 0.0000000000
86425  -40.314  -9.104  34.141 0.0000000000
87604  -40.342  -7.911  34.046 0.0000000000
87611  -40.853  -8.228  33.652 0.0000000000
87612  -41.609  -8.320  33.079 0.0000000000
87619  -42.161  -8.733  32.642 0.0000000000
88780  -41.945  -7.298  32.994 0.0000000000
68145  -31.356  -24.440  49.196 0.0000000000
68146  -31.846  -24.545  49.271 0.0000000000
66951  -32.385  -24.656  48.856 0.0000000000
72043  -33.395  -21.127  41.165 0.0000000000
72058  -34.232  -21.541  40.612 0.0000000000
72057  -33.647  -20.987  40.776 0.0000000000
55124  -26.686  -36.037  55.308 0.0000000000
87644  -48.735  -9.225  29.035 0.0000000000
43856  -8.968  -45.647  63.003 0.0000000000
43868  -8.569  -45.673  62.257 0.0000000000
43855  -8.423  -45.804  63.114 0.0000000000
43848  -8.288  -46.197  63.592 0.0000000000
64578  -37.840  -28.705  50.708 0.0000000000
56274  -31.009  -35.337  53.858 0.0000000000
55143  -31.617  -35.487  54.802 0.0000000000
56275  -31.845  -35.237  54.117 0.0000000000
58618  -17.470  -31.893  56.436 0.0000000000
58617  -16.618  -31.869  57.020 0.0000000000
57429  -16.147  -32.285  57.488 0.0000000000
55101  -16.373  -35.307  55.975 0.0000000000
53974  -20.619  -36.551  56.605 0.0000000000
53946  -20.487  -37.139  58.276 0.0000000000
62274  -30.135  -30.011  49.645 0.0000000000
64569  -27.903  -28.125  50.273 0.0000000000
61019  -21.455  -29.626  54.220 0.0000000000
61021  -23.353  -29.839  53.560 0.0000000000
61022  -24.563  -30.223  53.749 0.0000000000
61023  -24.985  -30.815  54.305 0.0000000000
59881  -25.303  -31.476  52.769 0.0000000000
58684  -26.083  -32.972  52.936 0.0000000000
58685  -26.725  -33.171  53.161 0.0000000000
58637  -28.690  -32.200  56.104 0.0000000000
57491  -28.314  -32.797  52.939 0.0000000000
57509  -28.570  -33.518  52.442 0.0000000000
57510  -29.035  -33.239  52.235 0.0000000000
61054  -29.108  -30.976  51.835 0.0000000000
59928  -29.591  -31.672  50.410 0.0000000000
59944  -30.483  -31.963  49.887 0.0000000000
59930  -31.223  -31.728  49.720 0.0000000000
68319  -41.577  -25.183  39.770 0.0000000000
68304  -42.430  -24.971  40.562 0.0000000000
68320  -42.471  -24.758  39.575 0.0000000000
69498  -42.743  -23.976  38.506 0.0000000000
70800  -43.323  -23.503  38.999 0.0000000000
74740  -41.576  -19.539  35.942 0.0000000000
74723  -42.811  -20.074  36.238 0.0000000000
74741  -42.675  -19.031  36.108 0.0000000000
84048  -37.302  -11.810  41.202 0.0000000000
81714  -36.929  -13.422  39.790 0.0000000000
84061  -37.485  -11.648  40.045 0.0000000000
84062  -37.689  -11.879  39.160 0.0000000000
82860  -37.775  -12.169  38.809 0.0000000000
85206  -39.069  -10.829  37.300 0.0000000000
84078  -41.257  -12.087  37.379 0.0000000000
82876  -41.681  -12.501  37.297 0.0000000000
82877  -42.722  -12.328  37.300 0.0000000000
82878  -43.718  -12.298  37.422 0.0000000000
87626  -44.538  -9.042  31.447 0.0000000000
86457  -45.094  -9.829  31.383 0.0000000000
87627  -45.337  -8.938  31.244 0.0000000000
86471  -46.413  -9.590  30.645 0.0000000000
48205  -9.599  -40.946  58.648 0.0000000000
48199  -9.685  -41.590  58.860 0.0000000000
47204  -9.839  -42.570  59.324 0.0000000000
64590  -31.311  -28.189  49.265 0.0000000000
64624  -32.275  -27.586  47.338 0.0000000000
63452  -32.762  -28.369  47.552 0.0000000000
63461  -32.765  -28.031  47.141 0.0000000000
62290  -35.038  -29.531  47.911 0.0000000000
62285  -36.066  -29.607  48.586 0.0000000000
62297  -35.110  -29.494  47.442 0.0000000000
63464  -35.717  -29.313  47.007 0.0000000000
64628  -36.383  -28.211  46.704 0.0000000000
69382  -32.328  -23.625  46.809 0.0000000000
69411  -32.174  -23.810  44.749 0.0000000000
68240  -33.769  -25.113  44.535 0.0000000000
67001  -35.271  -25.925  45.083 0.0000000000
68213  -35.877  -25.436  45.160 0.0000000000
68186  -36.652  -25.123  45.433 0.0000000000
69383  -36.591  -24.384  45.445 0.0000000000
70702  -36.488  -24.109  45.526 0.0000000000
70727  -37.054  -24.134  44.984 0.0000000000
68288  -36.347  -25.514  42.935 0.0000000000
67085  -36.474  -26.039  42.472 0.0000000000
65882  -37.528  -26.686  42.703 0.0000000000
65883  -38.095  -27.003  43.247 0.0000000000
65862  -39.198  -27.225  44.052 0.0000000000
65901  -38.597  -27.111  42.219 0.0000000000
67089  -40.181  -26.628  41.380 0.0000000000
70814  -36.464  -22.364  38.781 0.0000000000
72102  -37.957  -21.436  37.936 0.0000000000
59847  -22.843  -32.178  55.903 0.0000000000
57461  -23.501  -33.534  56.340 0.0000000000
57448  -23.937  -34.253  57.136 0.0000000000
52802  -17.066  -38.106  56.899 0.0000000000
51557  -16.866  -39.437  58.806 0.0000000000
64536  -35.060  -27.902  52.661 0.0000000000
55064  -21.456  -36.354  58.591 0.0000000000
56217  -21.804  -35.170  58.820 0.0000000000
57418  -21.941  -34.244  59.569 0.0000000000
58588  -21.890  -33.692  58.883 0.0000000000
57492  -33.715  -34.111  52.780 0.0000000000
59826  -18.290  -31.512  55.743 0.0000000000
55104  -20.603  -36.297  55.886 0.0000000000
62234  -27.989  -29.679  51.639 0.0000000000
59850  -29.108  -31.712  55.117 0.0000000000
59868  -29.395  -31.913  54.305 0.0000000000
59883  -29.285  -32.065  53.167 0.0000000000
61025  -29.152  -31.690  54.175 0.0000000000
62218  -28.022  -30.473  53.497 0.0000000000
62235  -28.438  -30.369  52.356 0.0000000000
70837  -40.575  -22.821  37.148 0.0000000000
72122  -40.949  -21.786  36.862 0.0000000000
73447  -40.758  -20.190  36.081 0.0000000000
74739  -40.245  -19.275  36.014 0.0000000000
77115  -41.021  -17.574  35.577 0.0000000000
78258  -41.347  -16.654  35.367 0.0000000000
87554  -37.095  -8.844  38.911 0.0000000000
88729  -37.398  -7.860  38.247 0.0000000000
87564  -37.580  -8.466  37.555 0.0000000000
86374  -41.861  -11.342  36.522 0.0000000000
86385  -41.399  -11.182  35.998 0.0000000000
85243  -41.213  -10.281  33.678 0.0000000000
85272  -44.434  -10.829  31.804 0.0000000000
86447  -43.926  -9.800  31.855 0.0000000000
87620  -42.887  -8.494  32.417 0.0000000000
87621  -43.745  -8.706  31.936 0.0000000000
48192  -11.777  -42.014  59.384 0.0000000000
47206  -11.173  -42.152  59.051 0.0000000000
65775  -29.759  -26.292  47.947 0.0000000000
66961  -30.094  -25.978  47.708 0.0000000000
66962  -30.674  -25.844  47.563 0.0000000000
66974  -31.314  -26.092  47.560 0.0000000000
66975  -31.672  -25.970  47.768 0.0000000000
65795  -31.909  -26.503  47.659 0.0000000000
65796  -32.616  -26.713  47.415 0.0000000000
71966  -31.098  -21.184  45.402 0.0000000000
71972  -31.339  -21.959  45.162 0.0000000000
73281  -31.591  -20.926  44.608 0.0000000000
70724  -34.615  -23.621  44.117 0.0000000000
70765  -34.203  -23.016  42.435 0.0000000000
68286  -34.828  -24.335  42.358 0.0000000000
68301  -34.964  -24.690  41.702 0.0000000000
68313  -35.073  -24.566  41.008 0.0000000000
68314  -35.746  -25.292  40.800 0.0000000000
69483  -35.723  -24.542  40.039 0.0000000000
70798  -35.572  -22.651  39.584 0.0000000000
72080  -35.809  -22.084  39.457 0.0000000000
72081  -36.309  -21.587  39.468 0.0000000000
72061  -36.941  -20.756  40.156 0.0000000000
56259  -24.470  -34.828  55.010 0.0000000000
52797  -12.330  -38.035  57.322 0.0000000000
51565  -12.846  -38.415  57.257 0.0000000000
52770  -18.241  -38.554  59.583 0.0000000000
45061  -7.379  -44.523  60.883 0.0000000000
43881  -8.034  -45.326  61.448 0.0000000000
46170  -6.706  -43.790  60.564 0.0000000000
45060  -6.747  -44.480  60.776 0.0000000000
82850  -36.846  -13.340  41.973 0.0000000000
85163  -37.890  -10.007  41.361 0.0000000000
86329  -37.995  -8.983  40.935 0.0000000000
87513  -38.097  -8.610  40.618 0.0000000000
65762  -39.700  -26.885  48.952 0.0000000000
55140  -28.928  -35.854  54.351 0.0000000000
55128  -30.607  -35.840  55.336 0.0000000000
53956  -14.407  -36.095  56.469 0.0000000000
53969  -15.070  -36.072  56.008 0.0000000000
52813  -16.504  -37.397  55.886 0.0000000000
53958  -19.358  -37.378  56.969 0.0000000000
53957  -18.741  -37.585  56.686 0.0000000000
89985  -47.465  -7.191  28.378 0.0000000000
63422  -32.316  -29.241  51.272 0.0000000000
64552  -31.645  -28.737  50.512 0.0000000000
64588  -29.519  -27.764  49.344 0.0000000000
64551  -27.337  -27.794  51.172 0.0000000000
65726  -27.207  -26.721  50.669 0.0000000000
65758  -27.960  -26.017  49.186 0.0000000000
66945  -27.876  -25.490  49.200 0.0000000000
66946  -28.354  -24.997  48.726 0.0000000000
68142  -28.496  -23.650  48.954 0.0000000000
69319  -28.291  -22.775  50.462 0.0000000000
58649  -21.449  -32.349  55.012 0.0000000000
59863  -22.748  -32.055  54.712 0.0000000000
58664  -23.185  -32.697  54.358 0.0000000000
62175  -22.860  -28.200  54.823 0.0000000000
62195  -23.622  -29.297  53.950 0.0000000000
62215  -23.690  -29.769  53.479 0.0000000000
61037  -24.394  -30.383  53.142 0.0000000000
61036  -23.611  -30.377  53.274 0.0000000000
58681  -23.557  -32.614  53.515 0.0000000000
57489  -23.946  -34.232  54.341 0.0000000000
56270  -24.666  -34.737  54.003 0.0000000000
56273  -27.158  -35.253  53.646 0.0000000000
58686  -27.307  -33.123  53.244 0.0000000000
57507  -27.058  -33.909  52.850 0.0000000000
56294  -30.654  -35.214  53.087 0.0000000000
58718  -29.240  -32.554  51.178 0.0000000000
57538  -29.285  -33.122  51.014 0.0000000000
57539  -29.907  -33.689  51.104 0.0000000000
56332  -31.053  -34.077  51.376 0.0000000000
56333  -31.834  -33.869  51.275 0.0000000000
56314  -32.590  -34.055  51.589 0.0000000000
57524  -33.559  -33.144  51.770 0.0000000000
58702  -33.324  -32.493  51.307 0.0000000000
59931  -32.149  -31.727  50.304 0.0000000000
59915  -32.879  -31.701  50.916 0.0000000000
59898  -33.333  -31.642  51.758 0.0000000000
62260  -32.852  -30.148  51.869 0.0000000000
60988  -19.179  -29.780  55.704 0.0000000000
68305  -43.353  -24.719  40.884 0.0000000000
72103  -42.243  -22.550  37.618 0.0000000000
72085  -43.354  -22.760  38.680 0.0000000000
79367  -38.552  -15.985  39.683 0.0000000000
79382  -38.529  -15.572  38.143 0.0000000000
80554  -37.140  -14.053  39.289 0.0000000000
79395  -39.657  -15.695  36.754 0.0000000000
79410  -40.483  -15.918  35.714 0.0000000000
79396  -40.846  -15.252  36.313 0.0000000000
85189  -37.359  -10.519  38.495 0.0000000000
84090  -37.602  -11.267  38.316 0.0000000000
84075  -37.946  -11.847  38.483 0.0000000000
84092  -38.712  -11.233  37.589 0.0000000000
84076  -38.782  -12.012  37.684 0.0000000000
80566  -41.281  -14.518  36.681 0.0000000000
79411  -41.583  -15.750  35.731 0.0000000000
79413  -44.069  -15.460  35.485 0.0000000000
80569  -44.096  -13.978  36.238 0.0000000000
86484  -48.426  -9.809  29.623 0.0000000000
87643  -47.699  -8.937  29.264 0.0000000000
89959  -46.840  -6.902  29.662 0.0000000000
48182  -7.752  -41.502  60.306 0.0000000000
48190  -8.208  -42.286  59.892 0.0000000000
47196  -9.745  -43.221  59.783 0.0000000000
46183  -10.199  -43.361  60.484 0.0000000000
46181  -8.733  -43.561  60.220 0.0000000000
45047  -9.585  -45.390  63.485 0.0000000000
64532  -32.841  -28.592  52.342 0.0000000000
64591  -32.254  -28.527  49.116 0.0000000000
63442  -32.910  -28.710  48.382 0.0000000000
64576  -35.858  -29.219  50.987 0.0000000000
64577  -36.904  -29.011  50.877 0.0000000000
63446  -36.854  -29.528  49.031 0.0000000000
63447  -37.913  -28.694  49.288 0.0000000000
63448  -38.387  -28.596  49.632 0.0000000000
64594  -38.790  -28.252  49.367 0.0000000000
65761  -39.252  -27.498  48.900 0.0000000000
66952  -32.425  -24.124  48.870 0.0000000000
68154  -32.515  -24.121  48.377 0.0000000000
66966  -33.227  -25.268  48.375 0.0000000000
65807  -33.855  -26.959  46.116 0.0000000000
68185  -32.893  -24.694  46.121 0.0000000000
68210  -32.266  -24.290  45.023 0.0000000000
64647  -35.620  -27.642  46.305 0.0000000000
65798  -36.520  -27.534  46.451 0.0000000000
65818  -35.850  -26.346  45.444 0.0000000000
65782  -39.105  -26.866  48.329 0.0000000000
66968  -39.539  -26.012  47.955 0.0000000000
69366  -37.990  -24.878  47.005 0.0000000000
70725  -35.532  -23.971  44.249 0.0000000000
69414  -36.025  -24.514  44.047 0.0000000000
69416  -37.151  -24.833  44.751 0.0000000000
68262  -36.491  -25.262  43.575 0.0000000000
68241  -36.742  -25.142  44.166 0.0000000000
67073  -42.383  -26.246  42.129 0.0000000000
67103  -41.150  -25.786  40.215 0.0000000000
69509  -40.513  -23.918  37.528 0.0000000000
73412  -37.935  -20.676  37.965 0.0000000000
73428  -38.272  -20.472  37.489 0.0000000000
74720  -38.216  -19.836  37.435 0.0000000000
59817  -22.002  -32.415  56.458 0.0000000000
59818  -22.374  -32.801  56.703 0.0000000000
59830  -22.824  -32.479  56.463 0.0000000000
58633  -22.804  -32.775  56.822 0.0000000000
58620  -22.629  -32.973  57.283 0.0000000000
56246  -24.189  -35.075  55.896 0.0000000000
56233  -24.129  -35.088  56.852 0.0000000000
55065  -24.321  -35.720  57.931 0.0000000000
53949  -25.190  -36.448  58.019 0.0000000000
55066  -24.677  -36.091  58.138 0.0000000000
56206  -24.345  -35.627  58.573 0.0000000000
55112  -29.330  -36.183  56.291 0.0000000000
50328  -9.534  -39.825  58.645 0.0000000000
49279  -10.268  -40.600  58.512 0.0000000000
51542  -10.712  -38.400  58.477 0.0000000000
49262  -11.628  -41.011  58.637 0.0000000000
49242  -13.466  -40.894  60.103 0.0000000000
51556  -14.977  -39.224  57.306 0.0000000000
51543  -17.000  -39.364  59.967 0.0000000000
43847  -7.907  -46.593  63.873 0.0000000000
43845  -6.355  -46.981  64.007 0.0000000000
42754  -6.230  -46.598  61.545 0.0000000000
43864  -5.852  -45.656  60.991 0.0000000000
50346  -9.938  -40.224  58.536 0.0000000000
53948  -25.002  -36.345  58.136 0.0000000000
53960  -25.009  -36.336  57.885 0.0000000000
53961  -25.261  -36.421  57.778 0.0000000000
55067  -25.357  -36.529  58.279 0.0000000000
56219  -24.327  -35.682  58.171 0.0000000000
57475  -21.475  -34.039  55.559 0.0000000000
57488  -23.543  -33.409  53.849 0.0000000000
57511  -33.457  -33.931  51.909 0.0000000000
57541  -32.037  -33.320  50.713 0.0000000000
57554  -29.357  -32.780  50.866 0.0000000000
58655  -29.340  -32.120  54.591 0.0000000000
58663  -20.082  -32.360  54.545 0.0000000000
58700  -24.750  -31.949  52.623 0.0000000000
58734  -29.494  -32.354  50.736 0.0000000000
58752  -30.315  -32.052  50.048 0.0000000000
58753  -30.515  -32.188  49.993 0.0000000000
59851  -29.377  -32.027  54.830 0.0000000000
59860  -19.683  -32.094  54.585 0.0000000000
59894  -24.719  -31.622  52.665 0.0000000000
59914  -29.548  -32.197  51.747 0.0000000000
59929  -30.327  -31.672  49.852 0.0000000000
59945  -30.700  -32.017  49.787 0.0000000000
62276  -31.777  -30.151  50.613 0.0000000000
62284  -35.294  -29.579  48.487 0.0000000000
62286  -36.448  -29.468  48.532 0.0000000000
62291  -35.646  -29.443  47.938 0.0000000000
62292  -36.188  -29.392  48.223 0.0000000000
62296  -34.738  -29.511  47.591 0.0000000000
63383  -21.522  -28.315  54.778 0.0000000000
63398  -32.900  -28.426  52.875 0.0000000000
63437  -38.180  -28.769  49.986 0.0000000000
63438  -38.558  -28.568  49.842 0.0000000000
63456  -36.632  -29.141  48.220 0.0000000000
63466  -36.976  -28.780  47.935 0.0000000000
64520  -32.881  -28.575  52.663 0.0000000000
64523  -35.402  -27.742  53.062 0.0000000000
64539  -37.923  -28.371  52.141 0.0000000000
64609  -38.822  -27.754  48.526 0.0000000000
64648  -36.193  -27.590  46.370 0.0000000000
65708  -34.294  -27.562  52.882 0.0000000000
65757  -27.639  -25.705  49.375 0.0000000000
65778  -32.148  -26.198  47.997 0.0000000000
65793  -30.854  -26.476  47.599 0.0000000000
65794  -31.260  -26.585  47.611 0.0000000000
66973  -31.009  -26.232  47.496 0.0000000000
66986  -36.559  -26.169  45.795 0.0000000000
67021  -32.940  -25.095  44.933 0.0000000000
67045  -37.526  -26.754  44.088 0.0000000000
67068  -36.712  -25.833  42.817 0.0000000000
67069  -37.265  -26.059  43.110 0.0000000000
67071  -40.511  -26.725  42.048 0.0000000000
67086  -37.069  -26.553  42.146 0.0000000000
68167  -37.796  -25.238  46.504 0.0000000000
68187  -37.115  -25.537  46.024 0.0000000000
68211  -32.687  -24.761  45.280 0.0000000000
68214  -36.461  -25.626  45.536 0.0000000000
68238  -32.499  -24.164  44.657 0.0000000000
68242  -37.320  -25.566  44.467 0.0000000000
68263  -36.968  -25.604  43.774 0.0000000000
68300  -34.524  -24.247  42.026 0.0000000000
68332  -42.574  -24.598  38.815 0.0000000000
69365  -37.938  -24.996  46.476 0.0000000000
69415  -36.499  -24.693  44.459 0.0000000000
69457  -34.553  -23.797  42.401 0.0000000000
69484  -43.000  -24.097  39.383 0.0000000000
69485  -43.779  -24.588  39.433 0.0000000000
70703  -36.864  -23.866  45.881 0.0000000000
70714  -36.647  -24.169  45.363 0.0000000000
70799  -36.095  -22.584  39.234 0.0000000000
70818  -41.761  -23.234  37.499 0.0000000000
70819  -42.699  -23.142  38.155 0.0000000000
71971  -31.404  -21.324  44.818 0.0000000000
71984  -31.648  -21.279  44.522 0.0000000000
72104  -42.998  -22.127  38.028 0.0000000000
73364  -33.666  -20.648  41.057 0.0000000000
73378  -34.037  -20.739  40.713 0.0000000000
73448  -41.460  -20.278  36.205 0.0000000000
75963  -39.237  -17.944  36.579 0.0000000000
75979  -42.232  -17.873  35.365 0.0000000000
75980  -42.439  -18.019  35.434 0.0000000000
77100  -38.862  -17.817  36.826 0.0000000000
77112  -39.070  -17.754  36.703 0.0000000000
77130  -43.072  -17.138  35.351 0.0000000000
78259  -42.337  -16.372  35.431 0.0000000000
78273  -42.796  -16.929  35.294 0.0000000000
79398  -42.467  -14.983  36.279 0.0000000000
80522  -37.561  -14.606  40.769 0.0000000000
80540  -37.503  -14.734  39.693 0.0000000000
80555  -37.797  -14.326  38.644 0.0000000000
80567  -42.313  -14.469  36.637 0.0000000000
80568  -43.203  -14.170  36.484 0.0000000000
81698  -36.725  -13.989  40.991 0.0000000000
81743  -40.079  -14.241  37.328 0.0000000000
81747  -43.645  -13.350  36.608 0.0000000000
85204  -37.607  -11.001  37.955 0.0000000000
85223  -39.935  -9.868  34.584 0.0000000000
85224  -40.596  -10.486  34.508 0.0000000000
85241  -40.158  -9.479  34.391 0.0000000000
85270  -42.815  -9.995  32.580 0.0000000000
85273  -44.985  -11.221  31.751 0.0000000000
86345  -37.615  -9.203  40.248 0.0000000000
86370  -37.503  -9.086  37.721 0.0000000000
86426  -40.737  -9.500  33.822 0.0000000000
86435  -41.114  -9.253  33.347 0.0000000000
86456  -44.567  -9.977  31.591 0.0000000000
87533  -37.814  -8.529  40.209 0.0000000000
87563  -37.281  -8.624  38.267 0.0000000000
87588  -38.468  -8.292  35.928 0.0000000000
87589  -38.751  -8.319  35.250 0.0000000000
87610  -40.403  -8.514  33.959 0.0000000000
88691  -37.514  -8.154  39.742 0.0000000000
88744  -38.857  -7.082  35.997 0.0000000000
88769  -39.559  -7.791  34.593 0.0000000000
88815  -47.687  -8.331  28.760 0.0000000000
88831  -47.412  -7.468  28.601 0.0000000000
