#!ascii label  , from subject 3776 vox2ras=TkReg
874
62381  30.325  -16.860  63.886 0.0000000000
85523  48.486  0.826  49.344 0.0000000000
85583  56.776  1.005  46.754 0.0000000000
75984  50.121  -5.213  56.343 0.0000000000
58869  38.571  -18.993  59.193 0.0000000000
57634  34.387  -19.343  63.351 0.0000000000
89274  52.519  2.602  47.749 0.0000000000
89154  52.082  3.115  52.951 0.0000000000
73237  47.222  -8.570  58.306 0.0000000000
61202  43.063  -16.741  60.311 0.0000000000
86993  59.022  2.753  39.727 0.0000000000
83000  55.551  -0.499  42.621 0.0000000000
78675  48.280  -3.167  53.732 0.0000000000
87937  48.417  1.302  54.848 0.0000000000
61223  34.370  -18.004  61.858 0.0000000000
59882  32.373  -18.038  63.253 0.0000000000
86844  50.373  1.501  48.925 0.0000000000
89217  52.831  3.446  50.329 0.0000000000
88014  50.452  2.558  51.010 0.0000000000
65095  46.811  -13.809  57.837 0.0000000000
58806  39.274  -19.742  61.644 0.0000000000
59948  41.014  -18.460  59.676 0.0000000000
57680  41.025  -19.595  60.992 0.0000000000
86984  57.663  1.768  39.707 0.0000000000
84394  59.461  -0.154  41.058 0.0000000000
84396  57.987  0.363  40.622 0.0000000000
85632  54.096  1.569  44.933 0.0000000000
82976  53.837  -0.268  43.256 0.0000000000
84319  56.978  0.546  44.716 0.0000000000
82955  58.073  -1.357  44.203 0.0000000000
80092  57.413  -1.810  45.984 0.0000000000
74550  48.512  -7.268  57.750 0.0000000000
75985  47.787  -5.981  56.731 0.0000000000
78641  48.103  -3.549  57.067 0.0000000000
81326  47.488  -0.620  54.466 0.0000000000
82687  49.555  -1.968  56.646 0.0000000000
84135  50.493  0.086  55.207 0.0000000000
78648  50.880  -4.336  54.972 0.0000000000
58809  36.189  -19.105  61.993 0.0000000000
85610  51.546  1.503  45.638 0.0000000000
86874  55.207  2.095  47.008 0.0000000000
86842  54.791  2.530  48.922 0.0000000000
85504  53.847  1.786  50.525 0.0000000000
67749  44.606  -12.393  60.176 0.0000000000
66381  46.770  -11.274  60.624 0.0000000000
69151  48.202  -10.345  58.368 0.0000000000
70566  49.683  -9.250  56.260 0.0000000000
72030  50.724  -8.465  54.239 0.0000000000
66386  42.859  -13.578  59.745 0.0000000000
62427  44.159  -15.997  60.423 0.0000000000
85738  59.721  1.656  38.913 0.0000000000
83045  55.713  -0.349  41.159 0.0000000000
82997  58.395  -1.087  43.063 0.0000000000
78799  59.128  -2.904  43.945 0.0000000000
88000  47.924  2.048  52.543 0.0000000000
87948  50.435  2.511  54.182 0.0000000000
84171  51.512  0.358  53.813 0.0000000000
59868  30.830  -17.602  63.945 0.0000000000
61139  31.725  -17.258  63.270 0.0000000000
58758  31.196  -17.953  63.839 0.0000000000
86845  49.345  1.087  48.631 0.0000000000
88053  50.696  2.143  49.701 0.0000000000
86800  49.406  1.821  50.588 0.0000000000
58805  39.954  -19.411  61.360 0.0000000000
86985  57.141  1.486  39.516 0.0000000000
85713  57.919  1.117  40.021 0.0000000000
84397  56.968  0.461  40.437 0.0000000000
85606  55.700  1.711  45.778 0.0000000000
84320  55.872  0.843  44.627 0.0000000000
85629  57.021  0.962  45.487 0.0000000000
84318  57.309  0.295  45.350 0.0000000000
75975  49.465  -6.194  57.104 0.0000000000
77270  48.403  -5.370  57.417 0.0000000000
78623  49.161  -4.051  56.903 0.0000000000
79938  48.386  -2.419  57.164 0.0000000000
79935  49.476  -3.701  56.611 0.0000000000
79955  50.308  -3.561  55.860 0.0000000000
77299  50.815  -4.983  55.570 0.0000000000
59920  34.847  -18.508  61.925 0.0000000000
58790  35.797  -19.468  62.497 0.0000000000
58789  36.714  -19.788  62.373 0.0000000000
86879  50.691  1.655  46.598 0.0000000000
85611  50.617  1.350  45.730 0.0000000000
86877  52.441  2.383  46.683 0.0000000000
86896  52.890  2.233  46.097 0.0000000000
88093  53.411  2.826  47.535 0.0000000000
88082  55.254  2.559  47.998 0.0000000000
88085  53.593  2.948  48.204 0.0000000000
90406  52.511  3.512  51.824 0.0000000000
88012  53.546  2.814  50.849 0.0000000000
86766  53.325  2.546  51.690 0.0000000000
85486  52.871  1.876  51.281 0.0000000000
85472  52.791  1.991  51.907 0.0000000000
66384  45.158  -12.976  60.208 0.0000000000
66383  45.561  -11.908  59.951 0.0000000000
66422  45.948  -13.360  59.588 0.0000000000
66451  47.855  -12.165  57.523 0.0000000000
69170  48.869  -9.989  57.479 0.0000000000
59930  42.550  -17.847  60.416 0.0000000000
62455  42.924  -15.543  59.779 0.0000000000
63786  42.985  -14.762  60.221 0.0000000000
63772  43.533  -14.925  60.370 0.0000000000
61200  43.512  -16.795  60.588 0.0000000000
88175  58.838  3.028  39.023 0.0000000000
86992  59.527  2.565  39.217 0.0000000000
83043  59.655  -1.056  41.626 0.0000000000
82975  54.905  -0.183  43.333 0.0000000000
83002  53.455  -0.438  42.367 0.0000000000
83001  54.495  -0.448  42.490 0.0000000000
83046  55.000  -0.487  40.860 0.0000000000
83026  56.244  -0.663  41.740 0.0000000000
83025  57.334  -0.804  42.005 0.0000000000
82999  56.611  -0.602  42.817 0.0000000000
80108  58.383  -2.183  45.067 0.0000000000
81508  58.741  -1.824  44.424 0.0000000000
71916  46.678  -9.483  58.643 0.0000000000
73248  47.057  -8.586  57.642 0.0000000000
77313  48.205  -4.788  55.648 0.0000000000
76006  47.911  -5.762  55.396 0.0000000000
84140  47.540  0.334  55.203 0.0000000000
84184  46.349  0.653  52.840 0.0000000000
86755  46.934  1.480  53.295 0.0000000000
88019  46.227  1.584  51.872 0.0000000000
87968  48.066  2.172  53.843 0.0000000000
87966  49.458  2.650  53.268 0.0000000000
87935  49.218  1.788  54.700 0.0000000000
81324  51.172  -1.756  54.236 0.0000000000
84154  50.988  0.227  54.585 0.0000000000
81364  51.329  -1.848  53.278 0.0000000000
81365  51.116  -1.456  52.856 0.0000000000
61181  33.644  -18.094  62.483 0.0000000000
58775  33.651  -18.960  63.100 0.0000000000
56439  33.656  -19.869  63.101 0.0000000000
57637  32.613  -18.826  62.909 0.0000000000
88087  51.377  2.253  47.951 0.0000000000
89249  52.660  3.123  48.917 0.0000000000
89235  51.636  2.865  49.570 0.0000000000
88031  51.486  2.909  50.460 0.0000000000
90408  51.637  3.407  51.983 0.0000000000
58845  38.362  -19.342  60.634 0.0000000000
58868  39.568  -18.813  59.356 0.0000000000
58843  40.618  -19.192  60.597 0.0000000000
58842  41.486  -18.805  60.632 0.0000000000
58821  42.162  -18.522  60.732 0.0000000000
58820  42.768  -18.192  60.744 0.0000000000
56483  42.232  -19.496  60.756 0.0000000000
86983  58.468  2.142  40.253 0.0000000000
85711  59.343  0.861  40.330 0.0000000000
85712  58.731  1.182  40.391 0.0000000000
84395  58.855  0.226  40.824 0.0000000000
84372  58.974  -0.304  41.735 0.0000000000
84323  52.611  0.593  44.582 0.0000000000
84322  53.666  0.801  44.500 0.0000000000
84342  55.381  0.354  43.983 0.0000000000
84341  56.358  0.131  44.255 0.0000000000
82973  56.996  -0.456  43.913 0.0000000000
82957  57.144  -0.078  44.472 0.0000000000
81494  57.791  -1.520  45.387 0.0000000000
74537  48.048  -7.897  58.294 0.0000000000
73257  47.497  -7.469  57.651 0.0000000000
75977  47.880  -6.176  57.220 0.0000000000
77294  47.778  -5.027  56.916 0.0000000000
78659  48.299  -3.562  55.931 0.0000000000
79992  48.048  -1.291  54.000 0.0000000000
79970  47.999  -2.431  56.300 0.0000000000
82717  48.204  -0.667  55.902 0.0000000000
84117  48.945  0.255  56.177 0.0000000000
86691  49.386  0.544  55.429 0.0000000000
82739  49.808  -0.379  55.766 0.0000000000
81306  50.345  -2.443  55.143 0.0000000000
78665  51.938  -3.792  54.091 0.0000000000
61263  34.396  -18.385  60.396 0.0000000000
59934  35.806  -18.923  60.897 0.0000000000
58846  37.492  -19.209  60.545 0.0000000000
58808  37.107  -19.542  61.834 0.0000000000
57655  37.889  -20.236  62.089 0.0000000000
85608  53.473  1.705  45.659 0.0000000000
86894  54.987  2.067  46.144 0.0000000000
86892  56.111  1.661  46.572 0.0000000000
85562  56.090  1.553  47.544 0.0000000000
85540  55.425  1.694  48.909 0.0000000000
84224  55.422  1.212  49.762 0.0000000000
88030  53.849  3.385  49.879 0.0000000000
86798  54.470  2.252  50.199 0.0000000000
69153  43.964  -12.129  58.957 0.0000000000
69120  44.928  -11.558  60.020 0.0000000000
70456  45.971  -10.508  59.390 0.0000000000
70454  47.111  -10.034  59.321 0.0000000000
66438  47.326  -12.976  58.935 0.0000000000
67777  47.553  -11.141  58.752 0.0000000000
71913  47.980  -9.186  58.597 0.0000000000
71930  48.630  -8.959  57.817 0.0000000000
71966  49.618  -8.685  57.142 0.0000000000
73276  50.273  -7.365  56.193 0.0000000000
73286  50.953  -7.506  55.072 0.0000000000
72007  50.583  -8.434  55.097 0.0000000000
66366  43.536  -13.472  60.268 0.0000000000
65039  44.519  -13.879  60.416 0.0000000000
62453  45.016  -15.086  59.902 0.0000000000
59928  44.197  -17.641  60.511 0.0000000000
61241  45.228  -17.262  60.053 0.0000000000
87004  59.579  2.751  38.327 0.0000000000
84398  55.885  0.081  40.406 0.0000000000
84374  57.153  -0.232  41.145 0.0000000000
84373  58.145  -0.343  41.367 0.0000000000
83023  58.984  -0.787  42.519 0.0000000000
82972  57.880  -0.986  43.782 0.0000000000
82970  59.124  -1.539  43.589 0.0000000000
81540  59.345  -2.017  43.050 0.0000000000
74580  47.451  -7.220  56.480 0.0000000000
86802  46.636  1.541  50.802 0.0000000000
86781  48.209  1.457  51.139 0.0000000000
87998  49.540  2.378  51.836 0.0000000000
89158  50.168  2.616  52.793 0.0000000000
89141  51.258  2.698  53.492 0.0000000000
86707  51.009  0.924  55.091 0.0000000000
86724  51.430  1.472  54.199 0.0000000000
85446  51.957  1.874  53.312 0.0000000000
84183  51.490  0.836  52.800 0.0000000000
74605  51.399  -6.338  54.871 0.0000000000
74628  51.994  -5.935  53.698 0.0000000000
61141  30.467  -17.009  64.005 0.0000000000
59869  30.179  -17.217  63.952 0.0000000000
61142  29.766  -16.877  64.199 0.0000000000
62380  31.076  -16.978  63.707 0.0000000000
61140  31.117  -17.186  63.865 0.0000000000
86822  49.379  1.427  49.635 0.0000000000
85507  48.713  1.246  50.213 0.0000000000
85714  57.098  1.165  39.880 0.0000000000
84424  56.476  0.637  39.882 0.0000000000
85605  56.456  1.430  46.122 0.0000000000
85630  56.272  1.241  45.282 0.0000000000
85604  57.044  0.825  46.103 0.0000000000
85628  57.138  0.609  45.690 0.0000000000
84290  56.877  0.306  46.621 0.0000000000
77282  49.513  -5.359  56.849 0.0000000000
77283  49.274  -4.862  57.110 0.0000000000
78622  49.587  -4.473  56.654 0.0000000000
77291  50.007  -4.948  56.428 0.0000000000
78639  50.249  -4.096  56.299 0.0000000000
77300  50.458  -4.992  56.096 0.0000000000
58774  34.337  -19.107  63.358 0.0000000000
58791  34.920  -18.928  63.209 0.0000000000
57658  34.816  -19.561  63.200 0.0000000000
56437  35.380  -20.292  62.849 0.0000000000
88095  52.033  2.383  47.449 0.0000000000
86878  51.608  2.039  46.670 0.0000000000
88094  52.795  2.690  47.272 0.0000000000
88092  53.947  2.819  47.714 0.0000000000
89260  53.112  2.942  48.242 0.0000000000
89173  52.889  3.282  52.213 0.0000000000
89172  53.368  3.218  51.961 0.0000000000
87997  53.202  2.966  52.285 0.0000000000
86753  52.509  2.362  52.630 0.0000000000
65062  45.493  -13.734  60.067 0.0000000000
66404  45.487  -13.416  59.927 0.0000000000
65075  45.835  -13.956  59.607 0.0000000000
61222  42.596  -16.675  59.513 0.0000000000
61221  42.995  -16.580  60.128 0.0000000000
62454  43.026  -15.246  60.132 0.0000000000
62430  43.202  -15.771  60.067 0.0000000000
62429  43.295  -15.844  60.185 0.0000000000
61201  43.157  -16.761  60.450 0.0000000000
85728  59.776  1.430  39.823 0.0000000000
82974  55.957  -0.258  43.531 0.0000000000
83027  55.175  -0.644  41.733 0.0000000000
78783  58.242  -2.735  44.908 0.0000000000
80128  58.727  -2.508  44.475 0.0000000000
73238  46.983  -8.828  58.131 0.0000000000
77322  48.042  -4.253  54.590 0.0000000000
77331  47.996  -4.106  53.499 0.0000000000
86712  47.859  1.063  55.095 0.0000000000
85448  47.498  1.083  54.378 0.0000000000
86743  47.616  1.399  54.141 0.0000000000
87984  47.321  1.890  53.253 0.0000000000
87951  48.203  1.591  54.459 0.0000000000
87950  48.787  2.049  54.268 0.0000000000
87936  48.711  1.504  54.784 0.0000000000
79999  52.073  -3.289  53.850 0.0000000000
81344  51.452  -2.030  53.796 0.0000000000
80000  51.839  -2.787  53.504 0.0000000000
80009  51.652  -2.687  52.929 0.0000000000
61162  32.451  -17.647  63.026 0.0000000000
61182  32.902  -17.919  62.802 0.0000000000
61137  32.615  -17.937  63.141 0.0000000000
59897  33.648  -18.614  62.890 0.0000000000
59881  33.013  -18.422  63.002 0.0000000000
58776  32.908  -18.685  63.005 0.0000000000
86864  49.926  1.315  47.816 0.0000000000
86881  49.453  0.889  47.060 0.0000000000
85563  50.289  1.502  47.749 0.0000000000
86863  50.581  1.698  47.523 0.0000000000
86843  50.859  1.748  48.290 0.0000000000
89251  51.695  2.521  48.970 0.0000000000
88072  51.358  1.845  49.010 0.0000000000
88032  51.017  2.725  50.215 0.0000000000
88013  51.280  2.650  50.973 0.0000000000
89196  51.463  3.012  51.693 0.0000000000
58824  39.405  -19.612  61.281 0.0000000000
58844  39.401  -19.378  60.701 0.0000000000
58804  40.585  -19.355  60.909 0.0000000000
58822  41.140  -19.007  60.894 0.0000000000
58841  41.733  -18.335  60.563 0.0000000000
57705  41.428  -19.028  60.800 0.0000000000
57704  41.942  -19.101  61.048 0.0000000000
86995  57.151  1.865  39.171 0.0000000000
86994  58.020  2.620  39.297 0.0000000000
84340  56.897  0.021  44.431 0.0000000000
82943  57.419  -0.518  45.724 0.0000000000
74551  48.077  -7.010  58.063 0.0000000000
75966  48.098  -6.245  57.385 0.0000000000
78625  48.231  -4.175  57.184 0.0000000000
77293  47.932  -4.556  57.143 0.0000000000
78642  47.984  -4.156  56.936 0.0000000000
78652  48.156  -4.302  56.602 0.0000000000
78651  48.107  -3.402  56.717 0.0000000000
79980  47.993  -2.171  55.482 0.0000000000
81267  48.732  -2.111  56.968 0.0000000000
81268  48.265  -1.881  56.861 0.0000000000
82689  48.655  -1.389  56.500 0.0000000000
82716  48.670  -0.451  56.246 0.0000000000
82715  49.015  -0.654  56.360 0.0000000000
84116  49.335  -0.029  56.132 0.0000000000
82714  49.465  -0.993  56.123 0.0000000000
79969  50.552  -3.814  55.633 0.0000000000
81287  50.238  -3.162  55.537 0.0000000000
79968  50.567  -3.633  55.175 0.0000000000
79978  51.171  -2.970  54.520 0.0000000000
77308  51.548  -4.326  54.243 0.0000000000
61245  33.537  -18.443  61.005 0.0000000000
61264  33.887  -17.843  60.084 0.0000000000
61244  34.237  -18.497  61.273 0.0000000000
58827  36.199  -19.016  61.604 0.0000000000
59919  35.626  -18.871  61.530 0.0000000000
59918  36.513  -19.061  61.080 0.0000000000
59933  36.713  -19.148  60.337 0.0000000000
58826  37.156  -19.245  61.285 0.0000000000
85634  52.054  0.936  45.270 0.0000000000
85609  52.488  1.674  45.614 0.0000000000
86895  53.872  2.043  46.318 0.0000000000
86873  55.836  1.758  47.021 0.0000000000
86860  55.617  2.175  47.759 0.0000000000
88069  55.029  2.527  48.403 0.0000000000
86840  55.572  2.132  48.272 0.0000000000
86841  55.290  2.127  48.842 0.0000000000
85521  55.429  1.565  49.421 0.0000000000
86818  55.425  1.639  49.795 0.0000000000
89233  52.690  3.356  49.636 0.0000000000
89248  53.213  3.245  48.857 0.0000000000
89232  53.428  3.401  49.582 0.0000000000
86779  53.416  2.455  50.968 0.0000000000
85503  54.989  1.656  50.006 0.0000000000
69121  44.487  -12.212  59.911 0.0000000000
69136  44.682  -11.528  59.421 0.0000000000
67747  46.288  -11.547  60.597 0.0000000000
69119  45.825  -11.469  59.756 0.0000000000
69118  46.454  -10.843  59.886 0.0000000000
70455  46.763  -10.155  59.343 0.0000000000
67763  46.791  -10.862  59.597 0.0000000000
65073  47.065  -13.419  59.012 0.0000000000
65085  47.295  -13.201  58.356 0.0000000000
67791  48.144  -11.207  57.965 0.0000000000
69134  47.569  -10.320  58.839 0.0000000000
70498  48.142  -9.736  58.527 0.0000000000
71912  48.259  -8.982  58.425 0.0000000000
70497  48.478  -9.668  58.188 0.0000000000
69169  49.390  -9.753  57.115 0.0000000000
70517  49.253  -9.396  57.376 0.0000000000
70542  49.688  -9.224  56.844 0.0000000000
73266  49.704  -7.752  56.791 0.0000000000
71984  50.130  -8.359  56.105 0.0000000000
70589  50.021  -9.098  55.602 0.0000000000
58867  40.186  -18.643  59.724 0.0000000000
59964  40.694  -18.140  58.928 0.0000000000
66387  42.257  -13.631  59.575 0.0000000000
67766  42.237  -12.932  59.165 0.0000000000
67765  42.859  -12.929  59.396 0.0000000000
67751  43.273  -13.047  59.786 0.0000000000
66385  43.242  -13.270  59.868 0.0000000000
65040  43.937  -13.946  60.407 0.0000000000
63771  44.028  -14.897  60.347 0.0000000000
63770  44.572  -14.886  60.189 0.0000000000
62452  44.953  -15.675  60.190 0.0000000000
58819  43.351  -17.990  60.735 0.0000000000
61261  45.323  -17.031  59.353 0.0000000000
85739  59.143  1.301  38.224 0.0000000000
84344  53.204  0.176  43.905 0.0000000000
82977  52.781  -0.353  43.199 0.0000000000
84375  56.359  -0.074  41.012 0.0000000000
83024  58.288  -0.783  42.270 0.0000000000
80127  59.305  -2.273  44.151 0.0000000000
81523  59.209  -1.590  43.982 0.0000000000
81522  59.415  -1.869  43.730 0.0000000000
82995  59.189  -1.637  43.228 0.0000000000
80147  59.390  -2.499  43.522 0.0000000000
74567  47.537  -6.862  57.012 0.0000000000
73267  47.146  -7.811  56.494 0.0000000000
74579  47.466  -6.901  56.593 0.0000000000
81346  47.646  -1.069  54.453 0.0000000000
85462  46.041  1.065  52.645 0.0000000000
88018  46.942  1.546  51.752 0.0000000000
88035  46.366  1.583  51.177 0.0000000000
86782  47.429  1.482  51.290 0.0000000000
86801  47.408  1.367  50.853 0.0000000000
88017  48.081  1.704  51.834 0.0000000000
88016  49.053  2.033  51.377 0.0000000000
87999  48.753  2.316  52.212 0.0000000000
87949  49.634  2.488  54.052 0.0000000000
89126  50.397  2.768  53.857 0.0000000000
89142  50.799  2.734  53.433 0.0000000000
89125  50.862  2.836  53.928 0.0000000000
85395  49.785  0.111  55.717 0.0000000000
85415  49.831  0.559  55.201 0.0000000000
85414  50.332  0.425  55.267 0.0000000000
85431  51.544  0.966  54.396 0.0000000000
85432  51.439  0.985  55.028 0.0000000000
85447  51.630  1.452  53.488 0.0000000000
82810  50.992  -0.886  52.587 0.0000000000
72028  51.117  -7.517  54.800 0.0000000000
73285  50.956  -7.092  54.906 0.0000000000
72029  51.155  -7.765  54.566 0.0000000000
62394  31.672  -17.147  63.094 0.0000000000
61138  32.126  -17.650  63.240 0.0000000000
58777  32.038  -18.339  63.218 0.0000000000
59883  31.769  -17.898  63.517 0.0000000000
59867  31.101  -17.992  64.048 0.0000000000
86821  50.025  1.801  50.076 0.0000000000
86799  49.834  2.031  50.450 0.0000000000
88034  49.537  2.291  50.939 0.0000000000
57682  39.015  -19.920  61.974 0.0000000000
56460  39.310  -20.352  61.813 0.0000000000
57681  40.028  -19.689  61.504 0.0000000000
85631  55.200  1.447  45.278 0.0000000000
75964  49.089  -6.258  57.455 0.0000000000
75965  48.514  -6.258  57.488 0.0000000000
77269  48.920  -5.351  57.394 0.0000000000
78601  48.687  -4.732  57.344 0.0000000000
78640  48.423  -3.406  57.166 0.0000000000
79958  48.336  -2.887  57.185 0.0000000000
79937  48.718  -2.841  57.169 0.0000000000
79936  49.086  -3.119  56.835 0.0000000000
79957  49.380  -2.565  56.798 0.0000000000
81289  49.709  -2.097  56.698 0.0000000000
79956  49.547  -3.044  56.409 0.0000000000
78638  50.545  -3.904  56.039 0.0000000000
77298  51.339  -4.856  55.219 0.0000000000
59906  34.722  -18.479  62.306 0.0000000000
59895  35.239  -18.903  62.500 0.0000000000
86899  50.113  1.336  46.181 0.0000000000
85586  50.704  1.502  46.166 0.0000000000
85585  51.192  1.644  46.160 0.0000000000
86897  51.959  2.160  46.000 0.0000000000
86876  53.268  2.622  46.759 0.0000000000
86875  54.274  2.593  47.053 0.0000000000
86861  54.950  2.494  47.609 0.0000000000
86862  54.411  2.690  47.724 0.0000000000
88084  54.145  2.849  48.173 0.0000000000
88070  54.415  2.791  48.689 0.0000000000
90443  52.475  3.381  50.994 0.0000000000
90441  53.233  3.339  50.775 0.0000000000
90423  53.123  3.355  51.175 0.0000000000
87996  53.506  2.940  51.847 0.0000000000
85485  53.193  2.285  51.389 0.0000000000
85473  52.172  1.535  52.006 0.0000000000
67726  44.945  -12.796  60.320 0.0000000000
67748  45.257  -12.129  60.259 0.0000000000
66403  45.766  -12.647  59.716 0.0000000000
66402  46.164  -11.838  59.671 0.0000000000
65084  47.662  -12.730  57.900 0.0000000000
69171  48.484  -10.415  57.845 0.0000000000
69150  48.583  -9.993  57.973 0.0000000000
69190  48.581  -10.639  57.318 0.0000000000
69189  49.105  -10.224  56.917 0.0000000000
59931  42.032  -18.137  59.877 0.0000000000
59947  41.716  -17.528  59.279 0.0000000000
62476  41.628  -15.005  58.968 0.0000000000
63803  42.128  -14.515  59.445 0.0000000000
63788  42.420  -14.215  59.734 0.0000000000
65052  42.949  -14.160  60.043 0.0000000000
65042  43.164  -14.155  60.248 0.0000000000
63773  43.223  -14.880  60.326 0.0000000000
62428  43.625  -15.987  60.348 0.0000000000
88173  59.535  3.042  38.800 0.0000000000
83028  54.193  -0.531  41.565 0.0000000000
82998  57.587  -0.848  42.999 0.0000000000
81493  58.344  -1.786  44.977 0.0000000000
70499  46.296  -9.914  58.655 0.0000000000
77302  48.142  -5.120  56.455 0.0000000000
75995  47.872  -5.907  56.160 0.0000000000
77323  47.851  -5.019  55.045 0.0000000000
76016  47.853  -5.362  54.421 0.0000000000
82743  47.326  -0.028  55.100 0.0000000000
82785  47.568  -0.032  53.963 0.0000000000
84157  47.449  0.663  54.324 0.0000000000
85461  46.646  1.079  53.264 0.0000000000
86769  46.003  1.347  52.405 0.0000000000
86783  46.173  1.501  52.267 0.0000000000
88002  46.716  1.646  52.604 0.0000000000
88001  47.164  1.780  52.579 0.0000000000
87983  47.918  2.318  53.166 0.0000000000
87982  48.642  2.576  52.921 0.0000000000
87967  48.739  2.413  53.598 0.0000000000
87934  49.928  1.832  54.514 0.0000000000
82737  50.353  -1.096  55.046 0.0000000000
84134  50.602  -0.337  54.855 0.0000000000
82761  50.864  -0.979  54.455 0.0000000000
82783  51.271  -0.948  53.888 0.0000000000
82809  51.281  -0.564  53.122 0.0000000000
61224  33.652  -17.886  61.815 0.0000000000
62431  33.022  -17.952  62.164 0.0000000000
61204  33.787  -17.768  62.164 0.0000000000
61160  33.763  -18.333  62.660 0.0000000000
58792  34.191  -18.893  63.126 0.0000000000
57635  34.086  -19.331  63.325 0.0000000000
57659  33.974  -19.647  63.330 0.0000000000
57636  33.427  -19.224  63.031 0.0000000000
56417  32.969  -19.145  62.916 0.0000000000
86880  49.988  1.362  46.849 0.0000000000
88096  51.215  2.107  47.195 0.0000000000
88086  51.809  2.408  47.823 0.0000000000
89261  52.644  2.771  48.292 0.0000000000
89262  52.034  2.522  48.151 0.0000000000
89250  52.144  2.864  48.931 0.0000000000
89234  52.104  3.146  49.622 0.0000000000
88052  51.281  2.491  49.527 0.0000000000
89219  51.608  3.069  50.074 0.0000000000
89218  51.989  3.229  50.659 0.0000000000
90444  51.862  3.383  51.079 0.0000000000
90407  52.007  3.597  51.895 0.0000000000
89155  51.911  3.109  52.675 0.0000000000
63817  46.421  -14.762  58.993 0.0000000000
58857  38.513  -19.113  59.972 0.0000000000
58856  39.378  -18.962  60.172 0.0000000000
58855  40.239  -18.820  60.273 0.0000000000
59932  40.936  -18.767  60.126 0.0000000000
58823  40.214  -19.260  61.397 0.0000000000
59917  42.753  -17.682  60.555 0.0000000000
59916  42.934  -17.552  60.656 0.0000000000
57703  43.246  -18.833  60.749 0.0000000000
56510  42.882  -19.594  60.505 0.0000000000
86982  59.377  2.020  40.266 0.0000000000
84371  59.337  -0.685  41.907 0.0000000000
84345  52.143  0.056  43.902 0.0000000000
84343  54.286  0.316  43.903 0.0000000000
84321  54.767  0.939  44.496 0.0000000000
82956  57.588  -0.584  44.707 0.0000000000
81509  58.068  -1.469  44.717 0.0000000000
74538  47.620  -7.818  58.227 0.0000000000
73247  47.270  -7.900  57.890 0.0000000000
74552  47.698  -7.155  57.920 0.0000000000
74566  47.593  -6.911  57.275 0.0000000000
75978  47.756  -6.041  57.015 0.0000000000
77285  47.971  -5.159  57.436 0.0000000000
77286  47.825  -5.350  57.167 0.0000000000
78660  48.284  -4.468  56.212 0.0000000000
77312  48.007  -3.874  55.282 0.0000000000
78667  48.319  -2.973  54.825 0.0000000000
80001  48.385  -2.062  53.880 0.0000000000
81325  47.479  -1.016  55.057 0.0000000000
81291  48.029  -1.658  56.470 0.0000000000
81308  47.967  -1.372  55.749 0.0000000000
82742  47.653  -0.392  55.348 0.0000000000
84139  48.014  0.157  55.478 0.0000000000
86693  48.727  0.768  55.385 0.0000000000
86692  49.023  0.772  55.359 0.0000000000
85397  49.205  0.465  55.869 0.0000000000
84115  49.806  -0.131  55.795 0.0000000000
82738  49.919  -0.746  55.602 0.0000000000
82713  49.606  -1.587  55.953 0.0000000000
81307  49.890  -1.672  55.481 0.0000000000
81323  50.776  -1.945  54.545 0.0000000000
78666  51.712  -3.420  54.264 0.0000000000
58870  37.739  -18.865  58.998 0.0000000000
59935  34.946  -18.675  61.438 0.0000000000
59949  36.897  -18.927  59.525 0.0000000000
58858  37.656  -19.080  59.782 0.0000000000
58825  38.224  -19.506  61.178 0.0000000000
58807  38.279  -19.756  61.605 0.0000000000
57684  37.448  -19.894  61.954 0.0000000000
57683  38.161  -19.950  61.874 0.0000000000
85633  53.067  1.173  45.148 0.0000000000
86910  54.443  1.664  45.730 0.0000000000
85607  55.259  1.755  45.728 0.0000000000
86893  55.739  1.843  46.391 0.0000000000
85584  56.340  1.443  46.894 0.0000000000
85561  56.488  1.135  47.387 0.0000000000
85538  56.250  1.257  47.802 0.0000000000
84263  56.053  0.702  48.197 0.0000000000
85539  55.782  1.523  48.351 0.0000000000
88071  53.819  3.163  48.780 0.0000000000
88050  54.467  2.836  49.322 0.0000000000
89216  53.445  3.375  50.336 0.0000000000
88029  54.239  3.154  50.161 0.0000000000
86820  54.762  2.463  49.522 0.0000000000
69173  43.933  -11.593  58.253 0.0000000000
70480  45.292  -10.810  59.354 0.0000000000
70457  45.455  -10.962  59.578 0.0000000000
70479  45.999  -10.113  59.002 0.0000000000
71902  46.381  -9.862  59.062 0.0000000000
71901  46.534  -9.972  59.216 0.0000000000
71915  47.021  -9.385  58.995 0.0000000000
65074  46.440  -13.841  59.249 0.0000000000
66421  46.739  -12.783  59.344 0.0000000000
66420  46.999  -11.742  59.372 0.0000000000
66437  47.594  -12.281  58.615 0.0000000000
67762  46.971  -11.025  59.491 0.0000000000
69135  47.160  -10.539  59.293 0.0000000000
70477  47.398  -9.892  59.034 0.0000000000
71914  47.487  -9.256  58.726 0.0000000000
73235  47.989  -8.612  58.495 0.0000000000
74536  48.265  -8.130  58.182 0.0000000000
73245  48.523  -8.231  57.813 0.0000000000
70518  48.712  -9.567  57.743 0.0000000000
73255  49.120  -8.162  57.431 0.0000000000
73256  48.914  -7.536  57.532 0.0000000000
74564  49.401  -7.133  57.281 0.0000000000
74578  49.743  -6.763  56.603 0.0000000000
74593  50.262  -6.352  56.068 0.0000000000
74606  50.329  -5.971  55.845 0.0000000000
71983  50.546  -7.690  55.735 0.0000000000
72006  50.883  -7.797  55.221 0.0000000000
70590  49.645  -9.717  55.295 0.0000000000
70611  50.230  -9.132  54.760 0.0000000000
59965  40.034  -18.607  58.697 0.0000000000
59982  41.381  -16.831  58.239 0.0000000000
69154  43.259  -12.424  58.810 0.0000000000
67750  43.864  -12.717  60.053 0.0000000000
67728  44.108  -12.903  60.336 0.0000000000
66365  44.031  -13.398  60.428 0.0000000000
66364  44.569  -13.292  60.406 0.0000000000
65051  45.123  -14.430  60.157 0.0000000000
62496  45.485  -15.270  59.498 0.0000000000
59915  43.358  -17.480  60.673 0.0000000000
61199  44.029  -16.958  60.575 0.0000000000
61220  44.705  -17.479  60.278 0.0000000000
61219  44.636  -16.809  60.431 0.0000000000
61240  45.253  -16.473  60.189 0.0000000000
85752  59.369  2.020  37.935 0.0000000000
83022  59.288  -1.336  42.539 0.0000000000
82971  58.681  -1.352  43.751 0.0000000000
82996  58.909  -1.359  43.092 0.0000000000
80166  59.471  -2.707  42.762 0.0000000000
85524  47.411  0.746  49.741 0.0000000000
73258  47.421  -7.732  57.201 0.0000000000
73268  46.720  -7.848  56.750 0.0000000000
88037  45.879  1.595  51.548 0.0000000000
85525  46.205  1.421  49.954 0.0000000000
84230  48.224  0.625  49.999 0.0000000000
85488  48.904  1.522  50.628 0.0000000000
89198  50.097  2.495  51.537 0.0000000000
87981  49.439  2.546  52.562 0.0000000000
89176  50.809  2.741  52.256 0.0000000000
89175  51.304  2.996  52.261 0.0000000000
89156  51.346  2.869  52.677 0.0000000000
89140  51.818  2.798  53.137 0.0000000000
86709  49.413  0.935  54.838 0.0000000000
86708  50.342  1.063  54.764 0.0000000000
86726  50.615  1.899  54.405 0.0000000000
84155  51.153  0.742  54.836 0.0000000000
86725  51.125  1.517  54.515 0.0000000000
87947  51.067  2.489  54.157 0.0000000000
87946  51.400  2.084  54.042 0.0000000000
87964  51.551  2.436  53.554 0.0000000000
87963  52.127  2.553  53.110 0.0000000000
85459  52.311  1.916  52.983 0.0000000000
85460  52.101  1.654  52.724 0.0000000000
84194  51.544  0.768  51.805 0.0000000000
82833  51.316  -0.078  52.382 0.0000000000
75992  50.860  -5.700  55.482 0.0000000000
75991  51.325  -5.614  55.254 0.0000000000
76003  51.617  -5.510  54.790 0.0000000000
73298  51.393  -6.969  53.946 0.0000000000
74617  51.630  -6.264  54.305 0.0000000000
76014  51.732  -5.360  54.190 0.0000000000
76024  51.865  -5.161  53.731 0.0000000000
55270  42.321  -19.876  60.555 0.0000000000
55308  42.976  -20.043  60.287 0.0000000000
56416  33.428  -19.471  62.987 0.0000000000
56457  41.322  -20.025  60.982 0.0000000000
56458  41.071  -20.011  61.146 0.0000000000
57660  33.643  -19.554  63.126 0.0000000000
57679  41.326  -19.765  60.968 0.0000000000
58818  43.489  -17.688  60.717 0.0000000000
58838  43.704  -17.795  60.659 0.0000000000
58880  39.390  -18.779  58.586 0.0000000000
59884  31.363  -17.573  63.773 0.0000000000
59905  35.444  -18.863  61.984 0.0000000000
59914  43.786  -17.464  60.654 0.0000000000
59929  44.440  -17.957  60.228 0.0000000000
59963  41.567  -17.189  58.533 0.0000000000
61115  30.458  -17.245  63.919 0.0000000000
61161  33.114  -18.120  62.855 0.0000000000
61163  32.005  -17.117  62.943 0.0000000000
61218  45.069  -16.253  60.295 0.0000000000
61242  44.833  -17.663  60.110 0.0000000000
61280  41.136  -16.405  58.135 0.0000000000
62379  31.392  -17.014  63.482 0.0000000000
62393  32.086  -17.407  62.987 0.0000000000
62408  33.107  -17.984  62.386 0.0000000000
62451  45.223  -16.069  60.199 0.0000000000
62473  45.274  -15.351  59.805 0.0000000000
62474  45.194  -14.922  59.797 0.0000000000
62497  45.375  -14.786  59.746 0.0000000000
63784  44.999  -14.928  59.999 0.0000000000
63785  45.110  -14.719  59.974 0.0000000000
63787  42.794  -14.616  59.908 0.0000000000
63800  45.634  -14.329  59.705 0.0000000000
63801  45.376  -14.511  59.876 0.0000000000
63802  42.586  -14.991  59.674 0.0000000000
63819  45.568  -14.646  59.665 0.0000000000
65041  43.535  -14.127  60.374 0.0000000000
65050  45.167  -14.078  60.290 0.0000000000
65053  42.572  -14.019  59.834 0.0000000000
65063  45.312  -14.279  60.098 0.0000000000
66367  43.208  -13.682  60.048 0.0000000000
66382  46.476  -11.385  60.541 0.0000000000
66401  46.382  -11.170  59.842 0.0000000000
66405  42.404  -13.268  59.439 0.0000000000
66423  45.636  -13.660  59.776 0.0000000000
67727  44.617  -12.792  60.321 0.0000000000
67745  46.612  -10.953  60.130 0.0000000000
67746  46.936  -11.089  60.526 0.0000000000
67764  43.611  -12.627  59.496 0.0000000000
69117  46.928  -10.567  59.460 0.0000000000
69137  44.358  -12.206  59.620 0.0000000000
69188  49.425  -9.730  56.621 0.0000000000
70476  47.825  -9.709  58.661 0.0000000000
70478  47.159  -9.701  59.156 0.0000000000
71931  48.443  -9.082  58.193 0.0000000000
71932  48.105  -9.405  58.542 0.0000000000
71948  48.852  -9.019  57.631 0.0000000000
71949  48.575  -9.338  57.927 0.0000000000
72005  51.096  -7.723  55.061 0.0000000000
72045  51.155  -7.737  53.675 0.0000000000
73234  48.261  -8.702  58.330 0.0000000000
73236  47.546  -8.614  58.454 0.0000000000
73244  48.671  -8.707  57.732 0.0000000000
73246  47.618  -7.529  58.042 0.0000000000
73259  47.181  -8.361  56.880 0.0000000000
73274  50.888  -6.774  55.247 0.0000000000
73275  50.732  -7.154  55.479 0.0000000000
73297  51.207  -7.020  54.548 0.0000000000
74539  47.403  -7.798  58.079 0.0000000000
74553  47.526  -7.602  58.053 0.0000000000
74565  49.083  -6.942  57.531 0.0000000000
74591  51.118  -6.338  55.250 0.0000000000
74592  50.654  -6.309  55.548 0.0000000000
74595  47.416  -7.039  55.934 0.0000000000
74607  50.261  -5.851  56.053 0.0000000000
74618  51.597  -6.517  53.779 0.0000000000
74627  52.017  -5.589  53.612 0.0000000000
75963  49.307  -5.957  57.273 0.0000000000
75976  49.278  -6.623  57.372 0.0000000000
75983  49.841  -5.744  56.461 0.0000000000
75993  50.250  -5.476  56.192 0.0000000000
75994  50.310  -5.124  56.230 0.0000000000
76004  50.521  -5.709  55.707 0.0000000000
76005  50.384  -5.576  55.995 0.0000000000
76013  51.592  -5.024  54.017 0.0000000000
76025  51.909  -5.539  53.817 0.0000000000
77267  49.389  -5.772  57.139 0.0000000000
77268  49.262  -5.584  57.244 0.0000000000
77284  48.995  -4.534  57.263 0.0000000000
77292  50.247  -4.916  56.337 0.0000000000
77301  50.510  -5.235  56.032 0.0000000000
77309  51.561  -4.704  54.574 0.0000000000
77310  50.652  -5.304  55.690 0.0000000000
77311  50.502  -5.404  55.860 0.0000000000
77320  51.647  -4.510  54.131 0.0000000000
77321  51.632  -4.848  54.325 0.0000000000
78602  48.365  -4.634  57.354 0.0000000000
78624  48.698  -3.888  57.126 0.0000000000
78649  50.669  -4.193  55.651 0.0000000000
78650  50.594  -4.523  55.954 0.0000000000
78657  51.695  -4.107  54.131 0.0000000000
78658  51.321  -3.972  54.315 0.0000000000
79954  50.385  -3.478  55.578 0.0000000000
79959  47.989  -2.542  56.998 0.0000000000
79979  51.309  -2.354  54.264 0.0000000000
79989  51.915  -2.869  54.102 0.0000000000
79990  51.455  -2.169  54.063 0.0000000000
79991  48.063  -1.715  54.682 0.0000000000
81265  49.602  -2.243  56.858 0.0000000000
81266  49.196  -2.380  56.879 0.0000000000
81288  49.727  -2.531  55.823 0.0000000000
81290  49.441  -2.368  56.849 0.0000000000
81345  51.392  -1.764  54.029 0.0000000000
81507  59.306  -1.852  44.122 0.0000000000
82688  49.091  -1.639  56.565 0.0000000000
82690  48.345  -1.258  56.334 0.0000000000
82740  48.924  -0.291  56.337 0.0000000000
82741  48.872  -0.078  56.277 0.0000000000
82762  51.277  -1.369  54.128 0.0000000000
82763  47.363  -0.378  55.085 0.0000000000
82764  47.332  -0.193  54.801 0.0000000000
82784  51.397  -1.521  53.942 0.0000000000
84118  48.527  0.150  55.890 0.0000000000
84136  50.144  -0.004  55.643 0.0000000000
84137  49.014  -0.050  56.302 0.0000000000
84138  48.885  0.138  56.372 0.0000000000
84156  47.360  0.411  54.843 0.0000000000
84172  47.478  0.327  54.399 0.0000000000
84173  47.275  0.623  53.679 0.0000000000
84231  47.842  0.629  50.112 0.0000000000
84249  48.045  0.591  49.644 0.0000000000
84250  47.867  0.567  49.843 0.0000000000
84262  56.425  0.968  47.862 0.0000000000
84302  57.038  0.175  45.946 0.0000000000
85396  49.704  0.302  55.655 0.0000000000
85398  48.814  0.559  55.780 0.0000000000
85413  50.758  0.760  55.079 0.0000000000
85416  48.397  0.618  55.517 0.0000000000
85417  47.887  0.741  55.301 0.0000000000
85433  47.500  0.858  54.957 0.0000000000
85434  47.455  0.802  54.550 0.0000000000
85449  47.339  0.993  53.870 0.0000000000
85471  53.148  2.413  51.848 0.0000000000
85489  48.545  1.360  50.709 0.0000000000
85502  55.489  1.703  49.882 0.0000000000
85508  47.927  0.963  50.506 0.0000000000
85509  47.067  1.253  50.376 0.0000000000
85522  55.358  1.811  49.384 0.0000000000
85541  50.415  1.528  48.096 0.0000000000
85542  50.204  1.424  48.195 0.0000000000
85564  50.179  1.423  47.948 0.0000000000
86710  48.890  1.098  55.027 0.0000000000
86711  48.382  1.045  55.164 0.0000000000
86727  48.125  1.218  54.885 0.0000000000
86728  47.755  1.240  54.657 0.0000000000
86741  52.206  2.107  53.176 0.0000000000
86742  51.751  1.950  53.553 0.0000000000
86744  47.423  1.286  53.824 0.0000000000
86754  47.431  1.581  53.651 0.0000000000
86756  46.441  1.293  52.905 0.0000000000
86767  53.110  2.597  52.160 0.0000000000
86768  46.507  1.501  52.710 0.0000000000
86780  48.884  1.581  50.959 0.0000000000
86796  55.676  1.859  49.840 0.0000000000
86797  55.235  1.784  49.881 0.0000000000
86819  55.178  2.026  49.673 0.0000000000
86898  50.463  1.449  46.164 0.0000000000
86909  54.997  1.749  45.707 0.0000000000
87952  47.808  1.498  54.326 0.0000000000
87965  51.324  2.482  53.888 0.0000000000
87969  47.738  1.754  53.956 0.0000000000
87980  52.670  2.787  52.505 0.0000000000
87985  46.809  1.786  52.998 0.0000000000
88015  49.718  2.493  51.169 0.0000000000
88020  45.712  1.541  51.699 0.0000000000
88033  50.065  2.307  50.552 0.0000000000
88036  46.120  1.614  51.389 0.0000000000
88051  54.104  3.243  49.396 0.0000000000
88068  55.413  2.367  48.212 0.0000000000
88073  50.871  1.768  49.301 0.0000000000
88083  54.743  2.681  48.077 0.0000000000
89124  51.066  2.823  53.917 0.0000000000
89139  52.054  2.816  53.062 0.0000000000
89143  50.219  2.710  53.432 0.0000000000
89157  50.805  2.698  52.828 0.0000000000
89174  52.201  3.458  52.162 0.0000000000
89177  50.169  2.465  52.137 0.0000000000
89194  53.328  3.207  51.574 0.0000000000
89195  53.241  3.455  51.813 0.0000000000
89197  50.734  2.627  51.633 0.0000000000
89215  53.424  3.167  50.792 0.0000000000
89263  51.601  2.353  48.526 0.0000000000
89273  52.956  2.797  47.762 0.0000000000
89275  52.231  2.502  47.758 0.0000000000
90390  51.746  3.337  52.208 0.0000000000
90391  51.525  3.191  52.183 0.0000000000
90424  52.721  3.454  51.343 0.0000000000
90425  52.265  3.491  51.500 0.0000000000
90426  51.916  3.406  51.562 0.0000000000
90442  52.976  3.431  50.824 0.0000000000
