#!ascii label  , from subject 3954 vox2ras=TkReg
2287
38724  19.425  -25.483  81.598 0.5555559993
36846  19.962  -27.621  79.719 0.4444440007
36820  19.915  -26.764  81.290 0.4444440007
36830  19.394  -27.304  80.635 0.4444440007
36821  18.927  -26.730  81.401 0.5555559993
37752  20.581  -26.266  81.327 0.5555559993
37753  19.807  -26.203  81.588 0.5555559993
36865  19.377  -27.958  78.314 0.4444440007
36831  18.192  -27.623  80.667 0.4444440007
38723  20.332  -25.763  81.501 0.4444440007
38716  18.553  -25.529  81.955 0.4444440007
37760  20.461  -26.554  81.290 0.4444440007
37754  18.888  -26.102  81.750 0.5555559993
36813  18.178  -26.382  81.884 0.5555559993
36848  17.423  -27.877  79.318 0.4444440007
36832  16.822  -27.534  80.769 0.4444440007
36822  17.697  -27.055  81.696 0.5555559993
36868  16.048  -28.071  78.126 0.2222220004
38736  19.125  -24.878  80.741 0.3333329856
38725  18.255  -24.901  81.590 0.4444440007
38735  20.298  -25.000  81.078 0.4444440007
36828  21.010  -27.039  80.765 0.4444440007
37759  21.206  -26.678  80.927 0.4444440007
38734  21.126  -25.798  81.061 0.4444440007
36814  17.304  -26.542  82.557 0.5555559993
36849  15.956  -27.909  79.141 0.4444440007
36844  22.191  -27.438  80.112 0.4444440007
36827  22.558  -27.041  80.414 0.4444440007
38733  21.945  -26.254  80.697 0.4444440007
38753  19.793  -25.007  79.768 0.3333329856
36863  21.664  -27.794  78.855 0.3333329856
37772  21.617  -27.011  80.653 0.4444440007
38752  20.883  -25.233  80.065 0.4444440007
38754  18.639  -24.964  79.415 0.3333329856
36864  20.553  -27.896  78.618 0.3333329856
38773  19.269  -25.106  78.402 0.3333329856
37770  23.169  -26.612  80.174 0.4444440007
38750  22.769  -26.076  80.257 0.4444440007
36842  23.510  -27.128  79.843 0.3333329856
36843  23.041  -27.112  80.084 0.4444440007
38732  22.386  -26.448  80.579 0.4444440007
36862  22.707  -27.634  79.014 0.3333329856
38770  22.406  -25.631  79.099 0.5555559993
38751  21.850  -25.633  80.201 0.4444440007
36882  21.146  -27.928  77.342 0.2222220004
38774  18.177  -24.945  78.140 0.2222220004
37769  23.789  -26.870  79.812 0.4444440007
38749  23.615  -26.267  79.760 0.5555559993
38769  23.362  -25.623  79.177 0.5555559993
36861  23.834  -27.409  79.273 0.3333329856
36899  22.881  -27.634  76.185 0.2222220004
36880  23.325  -27.685  77.699 0.2222220004
36881  22.228  -27.812  77.533 0.2222220004
38793  21.953  -25.462  77.742 0.4444440007
37768  24.769  -27.008  79.493 0.4444440007
38768  24.248  -25.554  79.230 0.5555559993
36860  24.900  -27.693  78.926 0.3333329856
37781  24.415  -27.300  79.391 0.3333329856
38791  23.918  -25.218  78.079 0.5555559993
38792  22.958  -25.395  77.914 0.5555559993
36878  25.485  -28.034  77.624 0.3333329856
38810  23.545  -25.064  76.779 0.4444440007
36897  25.096  -27.902  76.279 0.1111110002
36879  24.434  -27.789  77.731 0.2222220004
38811  22.554  -25.192  76.630 0.3333329856
36898  23.995  -27.697  76.261 0.1111110002
36916  24.723  -27.574  74.882 0.1111110002
36917  23.599  -27.522  74.838 0.1111110002
36918  22.500  -27.567  74.792 0.1111110002
36919  21.445  -27.575  74.736 0.1111110002
36936  22.179  -27.446  73.561 0.1111110002
36937  21.184  -27.377  73.561 0.1111110002
36957  20.100  -27.069  72.710 0.1111110002
38748  24.512  -26.315  79.660 0.5555559993
36841  25.417  -27.365  79.078 0.4444440007
38767  25.138  -25.659  79.223 0.5555559993
38790  24.813  -25.155  78.259 0.6666669846
36859  25.841  -27.717  78.526 0.4444440007
36840  26.006  -27.262  78.775 0.5555559993
37767  25.627  -26.889  79.190 0.4444440007
38809  24.605  -24.916  76.911 0.6666669846
36877  26.484  -27.956  77.550 0.4444440007
36858  26.628  -27.557  78.319 0.4444440007
36913  27.828  -27.318  75.424 0.3333329856
36895  27.167  -27.676  76.438 0.3333329856
36914  26.907  -27.326  75.141 0.3333329856
36915  25.837  -27.457  74.975 0.3333329856
36935  23.225  -27.530  73.542 0.1111110002
36955  21.936  -27.155  72.511 0.1111110002
38746  26.128  -26.474  79.167 0.6666669846
38747  25.398  -26.379  79.541 0.6666669846
38766  26.019  -25.876  79.105 0.6666669846
36839  26.647  -27.142  78.589 0.5555559993
38745  26.652  -26.600  78.814 0.5555559993
36876  27.378  -27.695  77.571 0.3333329856
36894  28.066  -27.487  76.557 0.3333329856
38789  25.717  -25.162  78.299 0.6666669846
39713  25.744  -24.845  77.447 0.7777780294
36857  27.371  -27.118  78.310 0.5555559993
37780  27.384  -26.645  78.590 0.5555559993
38765  26.964  -26.180  78.838 0.6666669846
38788  26.694  -25.317  78.496 0.6666669846
39712  26.313  -24.814  77.537 0.7777780294
36875  28.267  -27.045  77.626 0.4444440007
38764  28.144  -26.239  78.557 0.5555559993
36912  28.643  -27.238  75.674 0.3333329856
37790  28.883  -26.540  77.751 0.4444440007
38763  29.175  -26.253  78.329 0.6666669846
37806  29.190  -26.923  74.926 0.4444440007
37799  29.348  -27.115  75.732 0.4444440007
36893  29.010  -27.202  76.596 0.4444440007
38787  27.749  -25.503  78.467 0.6666669846
39711  27.272  -24.757  77.741 0.7777780294
37778  29.397  -26.206  78.164 0.6666669846
38786  28.887  -25.695  78.247 0.6666669846
36892  29.533  -26.976  77.017 0.4444440007
36873  29.567  -26.818  77.261 0.4444440007
37805  29.991  -27.018  75.195 0.5555559993
37798  29.873  -26.913  76.341 0.4444440007
37812  30.436  -26.331  74.682 0.5555559993
38785  29.970  -25.942  78.299 0.6666669846
39710  28.317  -24.718  77.929 0.6666669846
39727  26.800  -24.481  76.572 0.7777780294
37788  30.517  -26.508  77.133 0.5555559993
37804  30.546  -26.509  75.678 0.5555559993
37797  30.606  -26.599  76.694 0.5555559993
38807  31.210  -26.092  76.081 0.5555559993
38823  31.912  -25.568  75.416 0.5555559993
39709  29.532  -24.511  78.014 0.6666669846
39708  30.694  -24.939  77.778 0.6666669846
38783  31.606  -25.601  76.930 0.5555559993
38784  30.994  -26.023  77.169 0.5555559993
39725  28.646  -24.009  76.913 0.5555559993
38806  31.876  -25.573  76.409 0.5555559993
39741  32.246  -25.154  74.709 0.5555559993
38837  31.669  -25.457  74.465 0.5555559993
39762  32.719  -24.719  74.484 0.5555559993
40650  30.493  -23.755  78.154 0.7777780294
40651  29.680  -23.068  77.607 0.6666669846
39707  31.889  -25.201  77.211 0.6666669846
40649  31.580  -24.146  78.022 0.6666669846
39724  29.216  -23.700  77.256 0.6666669846
38822  32.136  -25.321  75.871 0.5555559993
39723  32.109  -25.188  76.597 0.6666669846
39740  32.538  -24.994  75.354 0.5555559993
40657  32.920  -24.404  76.100 0.6666669846
40664  33.232  -24.255  74.946 0.5555559993
40642  30.272  -22.722  78.340 0.7777780294
40643  29.868  -22.411  78.023 0.6666669846
40641  31.234  -23.074  78.262 0.6666669846
41548  32.210  -23.317  78.090 0.6666669846
40648  32.557  -24.079  77.223 0.6666669846
41558  34.191  -22.627  75.264 0.6666669846
40663  33.739  -23.361  74.594 0.6666669846
40656  33.542  -23.463  75.641 0.6666669846
41542  29.984  -21.857  78.274 0.6666669846
41549  29.740  -21.957  77.460 0.6666669846
41541  30.934  -22.063  78.382 0.6666669846
43392  34.383  -20.895  75.139 0.7777780294
41547  33.059  -22.570  77.518 0.7777780294
41539  32.669  -22.159  78.064 0.7777780294
42468  34.532  -21.818  75.972 0.7777780294
41546  33.582  -22.324  77.014 0.6666669846
42458  29.833  -21.015  77.683 0.6666669846
43374  31.121  -20.196  78.399 0.8888890147
43375  29.982  -20.012  78.086 0.8888890147
42457  30.503  -21.064  78.340 0.8888890147
42464  29.723  -21.135  76.601 0.6666669846
43373  32.345  -20.267  78.460 0.8888890147
44398  34.009  -19.994  74.555 0.7777780294
44388  33.723  -19.764  76.119 0.7777780294
43371  33.317  -20.774  77.756 0.8888890147
42455  32.744  -21.534  78.145 0.8888890147
41540  32.130  -22.324  78.371 0.7777780294
43391  34.456  -20.611  74.148 0.7777780294
43385  33.957  -20.820  76.424 0.7777780294
42462  33.674  -21.709  77.027 0.7777780294
42463  33.208  -21.747  77.611 0.7777780294
41553  33.746  -22.590  76.409 0.6666669846
43399  34.411  -20.381  73.413 0.6666669846
44377  29.978  -18.924  77.294 0.7777780294
45352  30.858  -18.506  77.498 0.8888890147
45369  32.463  -18.243  77.424 0.8888890147
45351  31.550  -18.542  78.031 0.8888890147
44361  30.803  -19.224  78.048 0.8888890147
44406  34.078  -19.377  74.071 0.7777780294
45388  33.612  -19.304  75.426 0.8888890147
44389  33.412  -19.027  76.746 0.8888890147
45368  33.219  -18.684  77.039 0.8888890147
43379  33.093  -19.923  78.104 0.8888890147
45350  32.195  -18.923  78.171 0.8888890147
44374  33.756  -20.092  76.896 0.7777780294
43378  33.502  -20.545  77.454 0.8888890147
45427  34.173  -18.637  73.669 0.7777780294
44405  34.359  -19.690  73.508 0.6666669846
43405  34.389  -20.161  72.544 0.6666669846
45391  29.971  -18.166  76.343 0.7777780294
45370  31.367  -17.784  77.288 0.8888890147
45371  30.406  -17.876  77.038 0.7777780294
45409  33.622  -18.828  74.755 0.8888890147
45410  33.138  -17.775  75.244 0.8888890147
45389  33.216  -18.363  76.253 0.8888890147
45390  32.531  -17.117  76.859 0.8888890147
46318  31.808  -16.486  77.253 0.8888890147
47276  30.008  -16.405  76.467 0.8888890147
46320  29.965  -17.215  76.417 0.7777780294
46339  33.487  -17.813  74.297 0.8888890147
47274  31.495  -15.676  76.797 0.8888890147
47275  30.922  -16.100  76.382 0.8888890147
45426  34.612  -18.860  72.896 0.7777780294
44412  34.526  -19.443  72.697 0.6666669846
47289  29.844  -16.522  75.619 0.6666669846
46340  32.766  -16.976  74.783 0.8888890147
46327  32.618  -16.854  75.982 0.8888890147
49080  30.213  -14.584  74.689 0.8888890147
48162  29.909  -15.804  75.815 0.7777780294
48174  29.919  -15.429  75.034 0.6666669846
47298  32.392  -16.013  75.272 0.8888890147
47286  32.318  -15.809  76.147 0.8888890147
48161  30.434  -15.412  75.884 0.8888890147
46354  34.714  -17.947  72.945 0.8888890147
46356  33.152  -17.005  73.881 0.8888890147
47309  32.428  -16.093  74.136 0.8888890147
49089  29.877  -14.622  74.170 0.5555559993
48185  29.913  -15.593  73.860 0.6666669846
47310  32.227  -15.487  74.856 0.8888890147
48172  31.734  -15.122  74.948 0.8888890147
49991  29.923  -14.089  74.350 0.5555559993
47320  34.471  -16.289  72.886 0.8888890147
47307  34.613  -16.967  73.012 0.8888890147
46374  35.344  -17.252  72.549 0.8888890147
45440  35.194  -18.196  72.261 0.7777780294
50989  30.104  -12.990  72.561 0.5555559993
47308  33.563  -16.255  73.179 0.8888890147
48183  31.868  -15.060  74.397 0.8888890147
48184  31.154  -15.105  74.128 0.8888890147
50971  30.514  -13.204  73.095 0.7777780294
50008  29.922  -13.668  73.582 0.5555559993
50007  30.680  -13.654  73.464 0.7777780294
51000  29.812  -13.044  71.455 0.2222220004
47319  35.152  -16.356  72.759 0.8888890147
46373  35.851  -17.179  72.145 0.6666669846
46391  35.740  -17.147  71.605 0.6666669846
47318  35.877  -16.479  72.335 0.7777780294
46390  36.037  -16.823  71.800 0.7777780294
48181  33.475  -15.054  73.043 0.8888890147
48182  32.624  -15.175  73.514 0.7777780294
50999  30.570  -12.649  71.688 0.2222220004
49087  32.086  -14.238  73.704 0.7777780294
50006  31.577  -13.488  73.432 0.6666669846
48194  34.471  -15.363  72.818 0.8888890147
48193  35.528  -15.502  72.586 0.8888890147
48191  36.446  -15.674  71.855 0.7777780294
47345  36.177  -16.202  71.171 0.6666669846
48198  36.445  -15.664  71.595 0.7777780294
48205  36.197  -15.851  70.809 0.6666669846
48204  36.400  -15.710  71.143 0.6666669846
49107  36.394  -14.903  70.581 0.5555559993
49085  34.117  -14.256  73.113 0.8888890147
49086  33.016  -14.179  73.434 0.7777780294
50005  32.483  -13.270  73.461 0.7777780294
50969  32.102  -12.637  73.263 0.7777780294
50988  30.990  -12.724  72.602 0.6666669846
51009  30.090  -12.749  70.569 0.1111110002
49096  34.968  -14.333  72.961 0.8888890147
50003  34.528  -13.414  73.336 0.8888890147
50004  33.476  -13.240  73.411 0.8888890147
49095  35.971  -14.578  72.504 0.8888890147
49094  36.700  -14.625  71.993 0.7777780294
49101  37.010  -14.040  71.830 0.7777780294
49108  36.108  -15.378  70.459 0.5555559993
48213  35.911  -15.637  70.423 0.4444440007
50032  36.841  -13.998  70.958 0.6666669846
49115  35.736  -14.957  69.849 0.4444440007
49124  35.386  -14.556  69.207 0.2222220004
50050  35.247  -14.391  68.855 0.2222220004
49114  36.214  -14.516  70.047 0.4444440007
50049  35.752  -14.081  69.077 0.3333329856
50056  35.036  -14.124  68.171 0.2222220004
50063  35.411  -13.631  67.468 0.2222220004
51054  35.002  -13.642  66.103 0.2222220004
51053  35.571  -13.100  66.459 0.2222220004
51066  34.647  -13.281  65.366 0.2222220004
51079  34.621  -12.473  64.131 0.2222220004
52054  32.162  -12.100  72.647 0.3333329856
50998  31.720  -12.156  71.986 0.3333329856
51008  31.220  -12.692  70.682 0.2222220004
51007  32.364  -12.412  70.794 0.2222220004
52038  32.444  -12.012  72.916 0.6666669846
50017  35.611  -13.651  72.950 0.8888890147
50967  33.972  -12.406  73.413 0.8888890147
52018  33.150  -11.753  73.154 0.7777780294
50986  32.583  -12.064  73.136 0.7777780294
50016  36.450  -13.602  72.633 0.8888890147
49093  37.026  -14.034  72.058 0.7777780294
50025  36.901  -14.035  71.370 0.7777780294
50031  37.409  -13.190  70.658 0.6666669846
50039  37.376  -13.034  70.046 0.5555559993
50040  36.598  -13.760  69.868 0.5555559993
51028  36.625  -13.097  68.650 0.3333329856
51040  36.767  -12.423  67.293 0.3333329856
51052  36.446  -12.319  65.870 0.3333329856
51065  35.620  -12.382  65.004 0.2222220004
51018  32.900  -12.175  70.004 0.4444440007
52053  32.595  -11.845  72.498 0.5555559993
52034  35.736  -11.470  73.139 0.8888890147
52016  34.625  -11.799  73.368 0.7777780294
52035  34.490  -11.074  73.238 0.7777780294
52036  33.634  -11.185  73.075 0.6666669846
52037  32.985  -11.672  72.941 0.7777780294
52033  37.155  -11.468  73.072 0.8888890147
50984  36.762  -12.505  72.885 0.8888890147
50015  37.245  -13.424  72.220 0.8888890147
50983  37.615  -12.348  72.657 0.8888890147
50995  38.034  -12.441  72.062 0.7777780294
52032  38.226  -11.708  72.701 0.8888890147
51005  38.111  -12.578  71.182 0.7777780294
51017  37.277  -12.899  69.455 0.4444440007
51027  37.613  -12.327  68.533 0.3333329856
50997  32.772  -11.854  71.690 0.4444440007
51006  33.199  -11.947  70.848 0.4444440007
53069  33.778  -10.898  72.866 0.6666669846
52052  33.533  -11.194  72.290 0.5555559993
52062  33.739  -11.444  71.153 0.4444440007
52072  33.658  -11.502  69.904 0.5555559993
53065  37.668  -10.445  72.957 0.8888890147
53064  38.475  -11.060  72.606 0.8888890147
52050  38.392  -11.995  72.310 0.8888890147
50994  38.395  -12.009  72.060 0.8888890147
51015  38.817  -11.926  70.866 0.6666669846
52070  39.141  -12.002  69.519 0.6666669846
52087  39.369  -11.540  68.091 0.5555559993
52106  39.841  -11.094  66.510 0.5555559993
51016  38.281  -12.426  69.960 0.6666669846
52079  38.775  -12.032  68.814 0.5555559993
52088  38.294  -11.778  67.681 0.4444440007
52061  34.054  -10.920  71.622 0.6666669846
53067  35.298  -10.304  72.933 0.7777780294
53084  34.357  -10.668  72.281 0.6666669846
54031  36.345  -9.743  72.873 0.8888890147
53085  33.936  -10.809  72.687 0.6666669846
52051  33.953  -10.862  72.108 0.5555559993
53066  36.528  -10.415  73.137 0.8888890147
53081  38.912  -10.415  72.052 0.7777780294
52069  39.563  -11.643  70.108 0.7777780294
52077  40.569  -11.151  69.478 0.7777780294
52049  38.618  -11.548  72.143 0.7777780294
52078  39.688  -11.699  69.100 0.5555559993
53125  40.795  -10.810  67.796 0.6666669846
53133  40.543  -10.719  66.748 0.5555559993
53148  41.756  -10.136  65.506 0.4444440007
53096  34.598  -10.510  71.117 0.5555559993
53083  35.111  -9.923  71.854 0.5555559993
52071  34.146  -10.991  70.662 0.5555559993
54030  37.092  -9.688  73.026 0.8888890147
53082  38.300  -10.318  72.674 0.8888890147
52060  39.414  -11.165  71.128 0.7777780294
52059  39.903  -10.872  70.641 0.7777780294
52068  40.374  -10.793  70.299 0.7777780294
53115  41.030  -10.980  68.679 0.7777780294
53124  41.493  -10.482  68.193 0.7777780294
53131  42.032  -10.045  67.558 0.6666669846
53139  41.882  -10.009  66.568 0.5555559993
54109  42.645  -9.799  66.103 0.6666669846
54047  35.907  -9.388  72.411 0.5555559993
54046  36.810  -8.949  72.674 0.8888890147
54045  37.953  -9.366  72.694 0.8888890147
53094  39.542  -10.539  71.408 0.7777780294
53093  40.022  -10.430  70.841 0.7777780294
53105  40.579  -10.464  70.364 0.7777780294
53104  40.976  -10.334  70.014 0.7777780294
53103  41.643  -9.802  69.463 0.7777780294
53123  42.003  -9.945  68.479 0.6666669846
54090  42.653  -9.517  67.810 0.6666669846
54077  42.843  -8.647  68.339 0.7777780294
54100  42.596  -9.778  67.012 0.7777780294
54089  43.063  -8.738  67.934 0.7777780294
55092  44.132  -8.187  66.703 0.8888890147
54108  43.449  -9.349  65.566 0.7777780294
55036  37.431  -8.419  72.221 0.8888890147
55035  38.437  -8.138  72.172 0.8888890147
54043  39.629  -9.401  71.699 0.7777780294
53092  40.663  -9.948  70.529 0.7777780294
54057  39.971  -9.185  71.231 0.8888890147
54067  41.263  -9.298  70.110 0.7777780294
54066  41.815  -9.299  69.468 0.8888890147
55057  41.796  -8.606  69.532 0.8888890147
54078  42.399  -9.116  68.797 0.7777780294
54058  39.342  -8.198  71.722 0.8888890147
55046  40.611  -8.519  70.693 0.8888890147
54056  40.669  -9.282  70.639 0.7777780294
55058  41.026  -7.902  70.037 0.7777780294
55067  42.100  -7.972  68.922 0.7777780294
55048  38.750  -7.535  71.073 0.6666669846
56116  39.814  -7.334  70.796 0.8888890147
56127  40.010  -7.167  70.352 0.6666669846
55059  40.449  -7.753  70.641 0.8888890147
56126  40.656  -7.151  69.778 0.6666669846
38726  17.677  -24.754  80.995 0.4444440007
37748  18.035  -25.897  82.193 0.4444440007
37747  19.002  -25.836  81.779 0.5555559993
38796  18.862  -25.020  77.162 0.2222220004
38755  17.540  -24.905  79.110 0.2222220004
36829  20.503  -27.055  80.823 0.4444440007
35976  16.013  -28.093  77.130 0.1111110002
38737  17.951  -24.806  80.326 0.3333329856
36845  21.204  -27.383  80.219 0.4444440007
37771  21.796  -27.190  80.457 0.4444440007
37758  22.080  -26.815  80.587 0.4444440007
37757  22.701  -26.747  80.446 0.4444440007
38772  20.349  -25.301  78.683 0.3333329856
36883  20.042  -27.979  77.127 0.2222220004
36884  18.912  -27.919  76.912 0.2222220004
38771  21.401  -25.479  78.922 0.4444440007
37782  24.221  -27.113  79.594 0.3333329856
37766  26.263  -26.836  78.861 0.5555559993
36896  26.178  -27.796  76.333 0.3333329856
36956  21.032  -26.950  72.524 0.1111110002
36856  27.952  -26.917  78.117 0.5555559993
37779  28.334  -26.604  78.163 0.5555559993
36874  29.199  -26.851  77.276 0.4444440007
37789  29.854  -26.554  77.510 0.6666669846
41555  29.532  -22.176  76.359 0.6666669846
41554  33.294  -23.505  76.617 0.6666669846
44360  31.716  -19.411  78.367 0.8888890147
42456  31.623  -21.250  78.498 0.8888890147
44376  32.751  -19.222  78.067 0.8888890147
44375  33.333  -19.392  77.316 0.8888890147
46319  30.802  -16.992  76.737 0.8888890147
47287  32.005  -15.361  76.615 0.8888890147
44419  34.683  -19.170  72.028 0.6666669846
47301  29.973  -16.459  74.448 0.6666669846
46355  33.962  -17.484  73.468 0.8888890147
48173  31.122  -15.405  74.940 0.8888890147
49079  30.681  -14.748  74.296 0.8888890147
47299  32.066  -15.158  75.458 0.8888890147
49990  30.367  -13.970  74.291 0.7777780294
45439  35.579  -17.717  72.063 0.7777780294
45451  35.198  -18.144  71.653 0.6666669846
49088  31.093  -14.463  73.680 0.7777780294
48192  36.253  -15.633  72.175 0.7777780294
47317  36.269  -16.455  71.866 0.7777780294
47331  36.081  -16.468  71.463 0.6666669846
49097  34.530  -14.639  72.899 0.8888890147
50970  31.269  -12.979  73.123 0.6666669846
49102  36.700  -14.582  71.395 0.7777780294
49084  34.556  -13.990  73.171 0.8888890147
50987  31.905  -12.347  72.869 0.4444440007
50018  35.103  -13.623  73.211 0.8888890147
50968  32.996  -12.317  73.343 0.7777780294
50024  37.284  -13.518  71.509 0.7777780294
50041  36.087  -14.348  69.734 0.3333329856
49125  34.876  -14.898  68.928 0.3333329856
49130  34.298  -14.912  67.549 0.2222220004
50048  36.277  -13.650  69.016 0.3333329856
51029  36.056  -13.559  68.526 0.3333329856
50055  35.618  -13.690  68.202 0.2222220004
50064  34.872  -14.057  66.813 0.2222220004
51041  35.969  -13.211  67.770 0.2222220004
50065  34.337  -14.324  66.281 0.2222220004
51078  35.318  -12.181  64.224 0.2222220004
51094  33.790  -12.936  63.538 0.2222220004
50002  35.212  -13.086  73.340 0.8888890147
50985  35.794  -12.706  73.124 0.8888890147
50966  34.795  -12.535  73.423 0.7777780294
52017  33.730  -11.660  73.292 0.7777780294
51039  37.532  -12.087  67.643 0.3333329856
52015  35.244  -12.172  73.340 0.7777780294
53068  34.188  -10.698  72.987 0.7777780294
51004  38.543  -11.920  71.622 0.8888890147
52086  40.286  -11.269  68.453 0.7777780294
52096  40.000  -11.126  67.427 0.6666669846
52097  39.145  -11.369  67.006 0.4444440007
52089  37.597  -11.930  67.063 0.3333329856
53114  41.376  -10.448  69.244 0.7777780294
53132  41.308  -10.345  67.160 0.6666669846
53149  41.044  -10.652  65.011 0.4444440007
54044  39.204  -9.163  72.032 0.7777780294
53140  41.147  -10.470  66.075 0.5555559993
54099  43.515  -9.143  66.897 0.7777780294
54117  42.486  -9.836  64.955 0.6666669846
53113  41.852  -9.852  69.033 0.6666669846
55080  43.901  -7.981  67.490 0.8888890147
55066  42.988  -7.940  68.220 0.8888890147
39687  17.671  -24.917  82.016 0.4444440007
39680  17.306  -24.939  82.277 0.4444440007
38717  17.697  -25.318  82.358 0.4444440007
37741  17.292  -25.697  82.681 0.4444440007
36823  16.554  -27.228  82.413 0.4444440007
30018  3.956  -35.735  82.182 0.1111110002
30007  4.075  -35.429  82.830 0.1111110002
30027  4.339  -36.469  80.886 0.1111110002
30006  4.536  -36.056  83.287 0.1111110002
30038  4.444  -36.924  79.650 0.1111110002
30017  4.421  -36.447  81.998 0.1111110002
30887  4.183  -35.008  83.620 0.1111110002
29237  4.507  -36.988  75.269 0.1111110002
39728  25.699  -24.686  76.489 0.5555559993
30069  7.724  -36.767  78.448 0.1111110002
29203  4.920  -37.897  78.128 0.1111110002
29174  4.865  -37.525  80.515 0.1111110002
29162  4.840  -37.320  81.566 0.1111110002
28424  4.813  -37.389  75.593 0.1111110002
29216  4.559  -37.358  76.925 0.1111110002
29153  4.835  -37.224  82.782 0.1111110002
29236  4.877  -37.326  74.981 0.1111110002
30070  4.562  -37.384  77.189 0.1111110002
29252  4.980  -37.140  73.465 0.1111110002
29246  4.460  -37.013  74.281 0.1111110002
30130  5.687  -35.813  72.210 0.1111110002
30122  5.152  -36.674  72.755 0.1111110002
30036  8.621  -36.545  80.201 0.2222220004
30051  7.912  -37.016  79.353 0.1111110002
29214  7.319  -37.248  77.627 0.1111110002
29189  5.030  -37.835  79.681 0.1111110002
29215  4.765  -37.786  77.040 0.1111110002
29143  4.961  -37.092  83.933 0.1111110002
30926  9.054  -35.510  79.679 0.3333329856
28431  5.407  -37.466  75.045 0.1111110002
30879  6.083  -34.772  85.099 0.1111110002
29998  4.958  -36.160  84.877 0.1111110002
30121  5.805  -36.219  73.355 0.1111110002
29245  5.177  -37.324  74.393 0.1111110002
30129  6.636  -35.438  72.824 0.1111110002
39729  24.926  -24.703  75.762 0.5555559993
38825  24.135  -24.902  75.703 0.3333329856
38826  23.189  -24.925  75.603 0.3333329856
38827  22.212  -24.939  75.507 0.2222220004
29201  7.081  -37.542  78.783 0.1111110002
29213  7.833  -36.781  76.809 0.1111110002
28398  5.761  -38.329  78.649 0.1111110002
28389  5.722  -38.398  79.849 0.1111110002
29188  5.265  -38.010  79.007 0.1111110002
28368  5.423  -37.896  82.228 0.1111110002
28356  5.329  -37.783  83.042 0.1111110002
28343  5.633  -37.657  83.741 0.1111110002
30913  9.187  -35.505  80.888 0.3333329856
28406  6.143  -38.194  77.824 0.1111110002
28407  5.473  -38.160  77.454 0.1111110002
28415  5.312  -37.950  76.464 0.1111110002
29997  6.099  -36.064  84.959 0.1111110002
29142  5.808  -37.142  84.614 0.1111110002
30912  9.525  -34.838  80.340 0.3333329856
29225  6.277  -37.942  76.241 0.1111110002
28430  5.800  -37.687  75.435 0.1111110002
29244  6.345  -37.181  74.863 0.1111110002
30900  9.484  -34.903  81.406 0.3333329856
29243  7.696  -36.735  75.107 0.1111110002
30120  7.239  -35.656  73.638 0.1111110002
30982  7.542  -34.945  72.873 0.1111110002
30992  7.142  -34.825  71.884 0.1111110002
105823  12.254  -26.039  81.206 0.2222220004
39747  23.850  -24.839  74.657 0.2222220004
105816  12.566  -25.919  80.164 0.2222220004
39748  22.907  -24.738  74.586 0.2222220004
39749  21.926  -24.677  74.535 0.1111110002
39750  20.889  -24.565  74.559 0.1111110002
28387  7.037  -38.242  80.131 0.1111110002
27587  6.773  -38.782  81.647 0.1111110002
27580  6.850  -38.949  82.431 0.1111110002
27572  7.079  -38.836  83.597 0.1111110002
30024  9.190  -36.012  81.694 0.3333329856
28397  6.527  -38.101  78.821 0.1111110002
27588  6.449  -38.584  81.465 0.1111110002
28355  6.098  -37.985  82.965 0.1111110002
30110  6.465  -36.476  74.098 0.1111110002
36816  11.062  -27.190  83.350 0.2222220004
35953  10.666  -27.801  81.715 0.2222220004
35958  10.953  -27.641  80.023 0.2222220004
39726  27.763  -24.335  76.792 0.6666669846
105817  12.280  -26.224  79.635 0.2222220004
105818  12.698  -25.816  79.572 0.2222220004
37761  12.481  -25.937  78.833 0.2222220004
37773  12.755  -25.673  78.192 0.1111110002
29185  8.231  -37.292  80.240 0.2222220004
28352  8.693  -38.019  83.643 0.2222220004
28341  8.574  -38.042  84.708 0.1111110002
28334  8.153  -38.153  85.206 0.1111110002
29140  8.117  -37.083  84.902 0.1111110002
28377  7.360  -38.537  81.025 0.1111110002
28365  7.717  -38.572  82.527 0.1111110002
27579  7.422  -38.894  82.981 0.1111110002
28336  7.404  -38.154  85.280 0.1111110002
28342  6.508  -38.202  84.287 0.1111110002
29141  7.011  -37.287  84.965 0.1111110002
30892  9.404  -35.064  82.131 0.3333329856
30893  9.314  -34.383  82.175 0.3333329856
31779  8.705  -34.478  82.465 0.3333329856
31801  7.997  -33.471  80.283 0.1111110002
32632  8.408  -33.545  81.034 0.1111110002
32638  8.311  -33.037  79.936 0.1111110002
39745  25.543  -24.457  75.099 0.4444440007
39746  24.710  -24.626  74.822 0.4444440007
33516  9.158  -31.796  79.620 0.1111110002
34329  9.498  -30.741  80.306 0.1111110002
34335  9.580  -30.680  79.032 0.1111110002
36834  11.610  -26.881  79.390 0.2222220004
39742  28.107  -23.978  75.997 0.6666669846
35127  10.260  -28.698  79.123 0.1111110002
36852  11.919  -26.446  78.645 0.2222220004
39751  19.649  -24.480  74.770 0.1111110002
38759  13.287  -25.234  77.852 0.1111110002
39772  19.512  -24.034  73.655 0.1111110002
39752  18.529  -24.263  74.545 0.1111110002
39753  17.523  -24.031  74.509 0.1111110002
38779  13.309  -25.193  76.836 0.1111110002
39774  17.423  -23.657  73.718 0.1111110002
38778  13.989  -24.756  77.263 0.1111110002
38801  13.888  -24.706  76.261 0.1111110002
30013  9.251  -35.835  83.053 0.2222220004
29150  9.155  -36.516  83.963 0.1111110002
29151  8.433  -36.454  84.403 0.1111110002
30026  7.913  -34.976  81.990 0.2222220004
30014  8.673  -35.177  82.910 0.1111110002
30003  8.521  -35.786  83.575 0.1111110002
30902  8.038  -34.394  81.451 0.1111110002
30914  7.691  -34.124  80.901 0.1111110002
31789  8.203  -34.071  81.328 0.1111110002
32637  8.679  -32.534  79.476 0.1111110002
39769  22.680  -24.449  73.690 0.2222220004
39770  21.695  -24.318  73.670 0.1111110002
35128  9.749  -29.610  79.661 0.1111110002
39733  16.639  -24.186  75.246 0.1111110002
36853  11.458  -27.052  78.335 0.1111110002
35966  10.834  -27.785  78.486 0.1111110002
39734  15.834  -24.083  75.085 0.1111110002
37774  12.196  -26.030  77.959 0.1111110002
39775  16.509  -23.663  73.700 0.1111110002
38817  14.499  -24.437  75.545 0.1111110002
30915  7.459  -34.190  80.846 0.1111110002
30015  7.521  -35.404  82.583 0.1111110002
31802  7.572  -33.814  80.425 0.1111110002
30894  6.924  -35.027  81.853 0.1111110002
39743  27.363  -24.093  75.554 0.4444440007
39768  23.615  -24.563  73.750 0.2222220004
39717  15.173  -24.199  75.589 0.1111110002
39754  16.611  -23.896  74.449 0.1111110002
39735  15.122  -24.202  74.908 0.1111110002
37783  12.712  -25.675  77.352 0.1111110002
39755  15.791  -23.908  74.354 0.1111110002
39756  15.119  -24.026  74.244 0.1111110002
30903  7.235  -34.631  81.346 0.1111110002
39744  26.419  -24.328  75.406 0.5555559993
39767  24.503  -24.491  73.881 0.2222220004
35133  10.180  -28.843  77.884 0.1111110002
35134  9.753  -29.679  78.469 0.1111110002
40665  28.856  -22.887  74.453 0.4444440007
40666  28.148  -23.661  74.928 0.3333329856
39765  26.206  -24.117  74.278 0.4444440007
39766  25.325  -24.294  74.098 0.4444440007
39788  23.435  -24.305  72.902 0.1111110002
36870  11.152  -27.359  77.462 0.1111110002
39786  25.190  -24.147  73.161 0.2222220004
39787  24.313  -24.353  73.031 0.2222220004
39789  22.501  -24.168  72.838 0.1111110002
36869  11.733  -26.670  77.674 0.1111110002
39785  25.832  -24.049  73.535 0.3333329856
39806  24.204  -24.100  72.260 0.2222220004
39808  22.347  -24.054  71.995 0.1111110002
40690  25.331  -23.889  72.542 0.2222220004
39805  24.847  -24.032  72.536 0.2222220004
39807  23.305  -24.069  72.033 0.1111110002
39716  15.784  -24.239  75.894 0.1111110002
40706  25.164  -23.655  71.808 0.1111110002
40707  24.085  -23.894  71.466 0.2222220004
40708  23.503  -23.966  71.398 0.1111110002
39822  23.017  -24.008  71.431 0.1111110002
40724  24.667  -23.478  70.773 0.1111110002
40725  23.550  -23.844  70.732 0.1111110002
39823  22.336  -24.002  71.084 0.1111110002
40742  25.051  -22.914  70.176 0.1111110002
40743  24.304  -23.220  69.871 0.1111110002
41612  24.344  -22.942  69.216 0.1111110002
31813  8.022  -33.123  79.593 0.1111110002
35973  10.634  -28.187  77.188 0.1111110002
41565  29.044  -22.122  73.856 0.4444440007
40667  27.383  -23.874  74.712 0.4444440007
42482  29.013  -21.249  73.280 0.3333329856
39764  26.891  -24.010  74.716 0.5555559993
39790  21.520  -24.023  72.797 0.1111110002
37784  11.982  -26.071  76.985 0.1111110002
40677  27.098  -23.706  73.804 0.4444440007
40689  26.081  -23.683  72.765 0.3333329856
38800  14.806  -24.319  76.458 0.1111110002
40723  25.572  -22.874  70.883 0.1111110002
40722  26.012  -22.602  71.051 0.1111110002
41600  25.561  -22.482  70.149 0.1111110002
41611  25.040  -22.406  69.274 0.1111110002
40675  28.741  -22.629  73.747 0.3333329856
40676  28.225  -22.969  73.446 0.4444440007
39771  20.634  -24.160  73.696 0.1111110002
43400  29.441  -20.366  73.416 0.2222220004
44414  29.643  -19.316  72.601 0.2222220004
40688  27.229  -22.848  72.497 0.3333329856
39791  20.472  -23.892  72.714 0.1111110002
38802  13.338  -25.114  76.015 0.1111110002
40705  26.238  -22.805  71.606 0.2222220004
40704  26.887  -22.445  71.819 0.1111110002
41599  26.195  -22.111  70.683 0.1111110002
36887  11.509  -26.877  76.643 0.1111110002
37792  12.736  -25.680  76.242 0.1111110002
44421  29.686  -18.881  71.912 0.2222220004
44413  29.783  -18.713  72.269 0.3333329856
40687  27.935  -22.600  72.714 0.3333329856
41589  26.720  -22.179  71.392 0.1111110002
41598  26.914  -21.581  71.057 0.1111110002
41610  25.754  -21.960  69.817 0.1111110002
46410  29.884  -17.833  71.580 0.3333329856
41566  28.666  -22.378  73.356 0.2222220004
41577  27.781  -22.277  72.358 0.1111110002
41576  28.356  -22.122  72.714 0.2222220004
41588  27.350  -21.918  71.796 0.1111110002
41575  28.771  -21.874  73.170 0.3333329856
47334  30.026  -16.729  71.623 0.2222220004
46411  29.843  -17.507  71.077 0.2222220004
41587  27.942  -21.761  72.182 0.1111110002
45453  29.582  -18.603  71.454 0.2222220004
49117  29.542  -15.053  69.796 0.1111110002
47348  29.848  -16.559  70.638 0.1111110002
43407  28.793  -20.410  72.273 0.1111110002
50033  29.135  -13.760  70.040 0.1111110002
49109  29.654  -14.592  70.316 0.1111110002
44422  29.235  -19.299  71.498 0.1111110002
42489  28.644  -21.391  72.740 0.2222220004
48207  29.909  -15.622  71.062 0.1111110002
49110  29.237  -14.194  69.883 0.1111110002
48215  29.741  -15.630  70.135 0.1111110002
51021  29.556  -12.877  69.535 0.1111110002
51022  28.925  -13.294  69.488 0.1111110002
47359  29.618  -16.484  69.798 0.1111110002
48216  29.405  -15.577  69.466 0.1111110002
48224  28.910  -15.456  68.833 0.1111110002
51032  29.843  -12.809  68.486 0.1111110002
51033  28.935  -12.984  68.626 0.1111110002
49118  29.100  -14.547  69.453 0.1111110002
51031  31.013  -12.824  68.217 0.1111110002
50034  29.015  -14.049  69.755 0.1111110002
51034  28.740  -13.476  68.669 0.1111110002
51030  32.001  -12.421  67.878 0.1111110002
51044  30.089  -12.613  67.324 0.1111110002
52091  32.509  -11.766  67.366 0.2222220004
53117  33.806  -10.755  68.432 0.3333329856
55061  37.690  -7.836  70.272 0.5555559993
55071  37.004  -8.347  69.437 0.5555559993
54081  34.865  -9.786  68.577 0.4444440007
54080  35.613  -9.311  68.940 0.4444440007
53116  34.370  -10.273  68.357 0.4444440007
51045  29.076  -12.917  67.573 0.1111110002
52090  33.205  -11.310  67.901 0.3333329856
53126  34.080  -10.411  67.760 0.4444440007
55060  38.367  -7.468  69.860 0.5555559993
54079  36.297  -8.784  69.674 0.4444440007
56140  39.078  -7.159  69.447 0.6666669846
56139  40.035  -6.929  69.183 0.6666669846
55102  44.280  -8.592  65.965 0.7777780294
55110  44.089  -8.726  64.887 0.7777780294
55120  43.770  -8.644  63.685 0.6666669846
55140  42.835  -8.991  62.079 0.6666669846
51042  31.960  -12.126  67.246 0.1111110002
53127  33.603  -10.730  67.478 0.3333329856
54093  35.468  -9.492  67.780 0.4444440007
54091  36.868  -8.714  67.980 0.5555559993
55069  38.204  -7.750  68.730 0.5555559993
55083  37.085  -8.418  68.738 0.5555559993
55068  41.643  -7.855  69.495 0.7777780294
59887  44.624  -4.286  61.023 0.6666669846
58161  45.253  -5.144  61.422 0.6666669846
57234  45.181  -6.241  61.336 0.5555559993
59064  43.392  -4.110  60.690 0.5555559993
56208  43.695  -7.227  61.136 0.5555559993
56218  42.580  -8.430  61.438 0.5555559993
59899  42.975  -3.387  60.507 0.5555559993
56209  43.423  -8.256  62.196 0.5555559993
60852  42.262  -2.605  60.571 0.6666669846
59901  41.062  -3.529  59.783 0.3333329856
63409  45.160  0.702  62.225 0.4444440007
62519  44.492  -0.015  62.123 0.5555559993
61712  41.728  -0.982  61.158 0.3333329856
61718  41.775  -2.099  60.549 0.6666669846
60853  41.263  -2.645  60.025 0.3333329856
60854  40.879  -3.091  59.528 0.3333329856
59912  40.551  -3.542  59.196 0.3333329856
52100  33.060  -11.096  67.026 0.1111110002
52092  31.980  -11.890  66.810 0.1111110002
51043  31.282  -12.343  66.961 0.1111110002
54092  36.506  -8.843  68.311 0.5555559993
56138  41.315  -7.092  69.103 0.6666669846
56137  42.462  -7.074  68.509 0.7777780294
105993  43.169  -4.797  61.120 0.6666669846
56197  45.151  -6.682  62.075 0.6666669846
56198  44.387  -7.556  62.879 0.5555559993
55109  44.469  -8.071  64.369 0.7777780294
56186  45.427  -6.440  63.074 0.7777780294
56199  43.733  -8.360  62.881 0.6666669846
59065  42.452  -4.074  60.262 0.5555559993
59066  41.566  -4.189  59.944 0.3333329856
63411  43.230  0.414  61.467 0.3333329856
62537  42.542  -0.380  61.526 0.2222220004
59074  40.746  -4.219  59.493 0.3333329856
59075  39.981  -4.260  58.899 0.2222220004
58223  39.449  -5.071  58.438 0.2222220004
65254  46.260  2.940  60.379 0.3333329856
63429  42.571  0.487  60.603 0.2222220004
62538  41.648  -0.367  60.611 0.3333329856
61719  41.236  -1.510  60.151 0.4444440007
61728  40.867  -1.979  59.476 0.3333329856
60864  40.626  -2.631  59.174 0.3333329856
59913  39.924  -3.438  58.556 0.1111110002
58224  38.858  -5.091  57.628 0.1111110002
57295  37.908  -6.528  57.572 0.1111110002
60877  38.927  -2.525  57.594 0.1111110002
59084  38.749  -4.213  57.308 0.1111110002
59925  38.467  -3.322  57.127 0.1111110002
51055  31.064  -12.138  66.213 0.1111110002
56152  39.021  -7.498  68.131 0.5555559993
56151  40.231  -6.961  67.983 0.6666669846
56136  43.137  -7.048  68.190 0.7777780294
56148  43.842  -6.836  67.737 0.7777780294
105986  43.087  -5.215  61.554 0.7777780294
58162  44.307  -4.921  62.685 0.7777780294
58150  45.451  -5.257  62.941 0.7777780294
105990  42.856  -4.963  61.032 0.5555559993
57200  45.729  -5.779  63.079 0.7777780294
56187  44.992  -7.238  64.134 0.7777780294
55119  44.473  -7.880  63.786 0.7777780294
105994  42.733  -4.890  60.854 0.4444440007
58202  42.187  -5.020  60.455 0.4444440007
58203  40.604  -5.527  59.784 0.3333329856
64306  44.668  1.654  61.027 0.3333329856
63428  43.611  1.119  60.883 0.2222220004
58212  41.118  -4.624  59.911 0.3333329856
58213  40.378  -5.048  59.346 0.3333329856
57293  39.461  -5.531  58.793 0.1111110002
57281  38.900  -6.480  59.032 0.1111110002
56249  38.285  -6.846  58.630 0.1111110002
64312  45.327  2.520  60.254 0.3333329856
64313  44.195  1.889  59.967 0.3333329856
62545  41.106  -0.478  59.565 0.4444440007
61720  40.758  -1.104  59.465 0.2222220004
61729  40.394  -1.639  58.970 0.2222220004
60865  39.779  -2.550  58.316 0.1111110002
57294  38.614  -6.120  58.119 0.1111110002
56261  36.968  -7.664  58.054 0.1111110002
63439  42.572  0.859  59.331 0.4444440007
63430  41.777  0.240  59.867 0.4444440007
62546  40.536  -0.839  58.987 0.1111110002
61730  39.499  -1.780  57.984 0.1111110002
66219  47.402  3.606  58.620 0.3333329856
62568  39.901  -0.913  57.054 0.1111110002
62555  39.505  -1.397  57.451 0.1111110002
62567  40.790  -0.364  57.358 0.1111110002
55082  37.309  -8.471  68.125 0.5555559993
52102  31.636  -11.828  66.093 0.1111110002
57235  42.487  -5.705  63.288 0.7777780294
57219  42.790  -5.571  64.117 0.7777780294
55079  44.158  -7.532  66.794 0.7777780294
56147  44.057  -7.162  67.123 0.7777780294
105988  42.051  -5.830  62.408 0.7777780294
58163  43.534  -5.355  63.495 0.7777780294
58152  43.658  -5.410  64.253 0.7777780294
58135  44.515  -5.732  64.820 0.7777780294
55101  44.641  -7.850  65.183 0.7777780294
58193  42.032  -5.601  60.929 0.5555559993
105989  41.932  -5.863  61.705 0.6666669846
58151  44.540  -5.248  63.900 0.7777780294
57201  45.039  -6.013  64.073 0.7777780294
56176  44.725  -6.872  65.307 0.7777780294
57268  41.380  -5.932  60.576 0.3333329856
57259  40.747  -6.399  60.584 0.3333329856
57269  40.422  -6.144  60.032 0.2222220004
55143  37.483  -8.228  62.116 0.2222220004
56240  39.621  -6.697  59.887 0.1111110002
56241  38.805  -7.121  59.602 0.1111110002
56231  38.790  -7.596  60.671 0.1111110002
56223  37.741  -8.027  61.531 0.2222220004
57280  39.647  -5.912  59.225 0.1111110002
56242  37.900  -7.818  60.009 0.1111110002
65261  45.987  3.665  59.275 0.3333329856
64321  44.995  2.735  59.399 0.2222220004
64314  43.528  1.492  59.269 0.3333329856
63440  41.612  0.268  58.923 0.3333329856
62554  40.020  -0.886  58.135 0.1111110002
63448  42.348  0.718  58.179 0.3333329856
63449  41.517  0.183  57.921 0.2222220004
62553  40.859  -0.300  58.515 0.2222220004
66220  47.019  4.169  58.792 0.3333329856
53134  34.024  -10.346  67.082 0.4444440007
54094  34.579  -9.974  67.541 0.3333329856
55081  38.048  -8.167  67.744 0.5555559993
52101  32.476  -11.387  66.379 0.1111110002
56149  42.952  -6.474  67.979 0.7777780294
57236  41.691  -6.118  63.137 0.7777780294
57220  41.833  -5.922  63.875 0.7777780294
57202  43.178  -5.448  64.934 0.7777780294
57183  43.830  -5.759  65.692 0.7777780294
57160  44.158  -6.221  66.847 0.7777780294
56163  44.104  -6.742  67.061 0.7777780294
57139  43.560  -6.136  67.506 0.7777780294
58136  44.022  -5.537  64.724 0.7777780294
57182  44.508  -6.212  65.668 0.7777780294
56162  44.306  -6.810  66.422 0.7777780294
57248  41.295  -6.479  61.826 0.4444440007
56229  40.658  -6.628  60.830 0.4444440007
56210  40.400  -6.968  62.071 0.4444440007
56220  40.554  -6.814  61.255 0.4444440007
56230  39.900  -6.907  60.494 0.2222220004
56232  37.860  -7.907  60.948 0.2222220004
65262  45.119  3.216  58.680 0.3333329856
64322  44.282  2.352  58.735 0.3333329856
64323  43.300  1.512  58.334 0.3333329856
63459  41.476  0.268  57.013 0.1111110002
106052  47.726  3.545  56.841 0.3333329856
106060  47.201  3.077  55.742 0.3333329856
62579  41.038  -0.036  56.640 0.1111110002
106056  46.336  3.032  54.079 0.3333329856
63470  42.060  0.767  56.715 0.1111110002
63471  41.481  0.370  55.999 0.1111110002
106058  47.046  4.036  54.699 0.3333329856
67213  47.454  5.327  54.992 0.3333329856
56164  41.024  -6.538  66.189 0.7777780294
57162  42.095  -5.928  66.610 0.7777780294
56150  41.629  -6.495  67.652 0.7777780294
57221  41.120  -6.528  63.504 0.6666669846
57204  41.307  -6.383  64.439 0.7777780294
57203  42.170  -5.779  64.782 0.7777780294
57185  41.616  -6.133  65.483 0.7777780294
57161  43.213  -5.818  66.724 0.7777780294
57140  42.716  -6.015  67.416 0.7777780294
57237  41.158  -6.563  62.642 0.5555559993
56200  40.365  -6.985  62.995 0.6666669846
55142  38.127  -8.078  62.692 0.4444440007
55131  38.320  -8.139  63.517 0.4444440007
56221  39.642  -7.376  61.417 0.2222220004
56211  39.563  -7.435  62.431 0.2222220004
65273  44.752  3.104  58.150 0.3333329856
66235  46.671  4.560  58.178 0.3333329856
65272  45.514  4.150  57.754 0.3333329856
64331  44.121  2.690  57.406 0.1111110002
64332  42.790  1.401  57.177 0.2222220004
63458  42.074  0.602  57.403 0.2222220004
64342  43.366  2.215  56.218 0.2222220004
106051  47.287  4.512  57.517 0.3333329856
106062  47.502  4.211  56.306 0.3333329856
64343  42.437  1.321  55.948 0.1111110002
56178  40.108  -7.251  65.520 0.7777780294
56165  40.274  -7.072  66.703 0.7777780294
56177  40.708  -6.773  65.009 0.7777780294
56190  39.278  -7.718  64.895 0.6666669846
55122  38.540  -8.108  64.436 0.5555559993
55112  38.085  -8.377  65.054 0.4444440007
55104  37.756  -8.560  65.891 0.5555559993
56189  39.880  -7.348  64.451 0.6666669846
55123  37.750  -8.443  64.086 0.3333329856
56188  40.458  -6.890  63.966 0.6666669846
56201  39.693  -7.417  63.442 0.6666669846
56212  38.860  -7.786  62.959 0.4444440007
55132  37.554  -8.377  63.116 0.4444440007
106063  47.267  5.291  57.017 0.3333329856
54102  36.195  -9.202  66.781 0.5555559993
54101  36.837  -8.825  67.590 0.5555559993
56166  39.326  -7.618  66.931 0.5555559993
55103  38.583  -8.051  65.965 0.4444440007
106042  44.659  3.736  56.927 0.3333329856
69089  47.194  7.214  51.568 0.2222220004
55093  38.370  -8.189  66.915 0.4444440007
55094  37.313  -8.755  66.872 0.5555559993
56179  39.376  -7.642  65.866 0.5555559993
55111  38.748  -7.978  65.228 0.4444440007
68183  45.983  7.013  51.930 0.2222220004
68194  46.801  6.715  51.192 0.3333329856
29161  9.045  -37.010  82.555 0.3333329856
29224  6.943  -37.494  76.509 0.1111110002
30901  8.922  -34.557  81.543 0.3333329856
29242  8.185  -36.572  75.189 0.1111110002
29172  8.359  -37.392  81.043 0.2222220004
28405  6.679  -37.854  78.130 0.1111110002
28414  6.074  -38.157  76.787 0.1111110002
30109  7.473  -36.333  74.493 0.1111110002
31778  9.421  -34.361  82.938 0.3333329856
30025  8.881  -34.817  82.051 0.2222220004
31790  7.877  -34.105  81.043 0.2222220004
33522  9.373  -31.533  78.368 0.1111110002
69036  47.673  6.358  56.171 0.3333329856
68151  47.540  5.400  56.289 0.3333329856
106053  47.231  5.616  56.920 0.3333329856
106049  44.134  3.350  56.029 0.1111110002
106044  43.606  2.616  55.494 0.2222220004
106045  47.029  5.041  57.741 0.3333329856
106046  47.039  5.214  57.177 0.3333329856
106043  46.655  5.087  57.577 0.3333329856
69037  46.500  5.852  56.544 0.3333329856
106047  45.004  4.636  56.399 0.1111110002
29204  4.861  -37.523  78.936 0.1111110002
30052  4.601  -37.417  77.584 0.1111110002
28416  4.959  -37.622  76.056 0.1111110002
29227  4.621  -37.291  76.292 0.1111110002
30037  8.157  -37.225  79.888 0.1111110002
30050  8.317  -36.130  78.983 0.2222220004
28396  6.703  -37.878  78.553 0.1111110002
28390  5.367  -38.148  80.388 0.1111110002
28380  5.427  -38.058  81.213 0.1111110002
29251  5.674  -36.935  74.023 0.1111110002
29202  6.922  -37.881  79.358 0.1111110002
29186  7.604  -37.818  79.985 0.1111110002
28413  6.577  -37.826  77.348 0.1111110002
28379  5.932  -38.454  80.911 0.1111110002
28367  6.222  -38.427  81.923 0.1111110002
28422  5.830  -38.052  75.992 0.1111110002
31800  9.916  -34.251  80.899 0.3333329856
29235  6.400  -37.684  75.753 0.1111110002
29234  7.291  -37.187  75.610 0.1111110002
28388  6.516  -38.413  79.810 0.1111110002
27586  7.208  -38.960  82.089 0.1111110002
28366  6.610  -38.745  82.201 0.1111110002
28354  6.525  -38.678  82.897 0.1111110002
27571  7.852  -38.724  84.041 0.1111110002
31788  9.724  -34.435  81.927 0.3333329856
28364  8.101  -37.928  82.004 0.1111110002
29173  7.815  -38.031  80.752 0.1111110002
28351  9.142  -37.220  84.116 0.1111110002
28353  7.861  -38.594  83.317 0.1111110002
29131  9.022  -37.011  85.046 0.1111110002
29134  7.309  -37.916  85.523 0.1111110002
32624  8.545  -34.001  81.807 0.1111110002
30002  9.126  -35.566  83.505 0.1111110002
38818  13.787  -24.832  75.388 0.1111110002
40678  26.311  -23.894  73.563 0.4444440007
57218  45.871  -5.886  62.230 0.7777780294
58173  44.657  -6.058  60.201 0.5555559993
60845  43.425  -2.578  60.859 0.5555559993
59900  41.939  -3.399  60.067 0.5555559993
63410  44.254  0.714  61.689 0.4444440007
62536  43.634  -0.780  61.865 0.4444440007
62520  43.543  0.017  62.011 0.4444440007
61711  42.458  -1.642  61.247 0.4444440007
60863  40.952  -2.191  59.752 0.3333329856
55091  44.479  -7.620  66.126 0.7777780294
59083  39.438  -4.264  58.025 0.1111110002
59924  39.262  -3.376  57.760 0.1111110002
57306  38.365  -5.633  57.352 0.1111110002
56259  38.215  -6.668  58.219 0.1111110002
58174  43.137  -5.419  62.692 0.7777780294
63438  43.239  1.188  60.034 0.2222220004
57270  39.458  -6.501  59.522 0.1111110002
56260  37.791  -6.999  57.950 0.1111110002
56250  37.547  -7.641  58.913 0.2222220004
61741  38.710  -1.824  57.160 0.1111110002
57258  41.511  -6.223  61.099 0.4444440007
57184  42.659  -5.678  65.755 0.7777780294
56222  38.487  -7.806  61.829 0.3333329856
106059  47.323  4.838  54.318 0.3333329856
66270  46.804  3.956  53.776 0.2222220004
56202  39.084  -7.783  63.935 0.5555559993
68163  48.029  6.257  55.305 0.3333329856
36933  25.445  -27.380  73.584 0.1111110002
36952  24.996  -27.155  72.322 0.1111110002
36973  24.465  -26.999  71.246 0.1111110002
36932  26.535  -27.186  73.698 0.2222220004
36951  26.049  -26.973  72.420 0.2222220004
36930  28.404  -26.934  74.797 0.2222220004
36931  27.698  -26.848  73.907 0.2222220004
36950  27.051  -26.778  72.469 0.1111110002
36970  26.987  -26.642  71.688 0.2222220004
36971  26.486  -26.742  71.584 0.1111110002
36972  25.577  -26.872  71.088 0.1111110002
37814  28.846  -26.503  73.880 0.3333329856
37824  28.823  -26.255  72.827 0.2222220004
37838  27.567  -26.402  71.608 0.2222220004
37825  27.977  -26.508  72.613 0.2222220004
38848  29.904  -25.673  72.487 0.3333329856
37823  29.749  -26.178  73.165 0.3333329856
37813  29.775  -26.463  74.265 0.3333329856
37836  29.346  -25.827  72.393 0.2222220004
38856  29.488  -25.337  71.651 0.2222220004
37837  28.557  -25.915  71.865 0.2222220004
38857  28.702  -25.631  71.111 0.2222220004
38865  28.958  -25.287  70.860 0.2222220004
37822  30.293  -26.067  73.819 0.3333329856
38847  30.673  -25.602  73.075 0.3333329856
38838  30.990  -25.878  74.078 0.4444440007
38824  31.092  -25.912  75.079 0.4444440007
38846  31.426  -25.358  73.708 0.3333329856
38855  30.233  -25.238  72.285 0.3333329856
39804  29.781  -24.814  71.457 0.2222220004
40674  32.190  -24.433  73.250 0.4444440007
39784  30.962  -24.821  72.446 0.4444440007
39763  32.165  -24.892  73.892 0.4444440007
42473  34.624  -21.079  74.049 0.6666669846
42481  34.503  -21.758  73.650 0.6666669846
40686  30.946  -24.279  72.134 0.3333329856
39783  31.590  -24.892  73.101 0.3333329856
42480  34.476  -20.922  73.189 0.5555559993
39819  30.017  -24.333  71.380 0.2222220004
39803  30.300  -24.688  71.855 0.2222220004
42487  33.935  -21.482  72.532 0.4444440007
40703  30.870  -23.776  71.561 0.2222220004
42497  32.885  -21.823  71.624 0.3333329856
40673  33.008  -23.852  73.644 0.4444440007
42474  34.609  -21.846  74.726 0.6666669846
40685  31.873  -23.902  72.482 0.4444440007
40672  33.765  -23.233  73.973 0.5555559993
41564  33.742  -22.990  73.581 0.5555559993
40684  32.733  -23.442  72.790 0.5555559993
41572  34.078  -22.377  73.318 0.5555559993
41585  32.183  -22.876  71.758 0.4444440007
42488  33.262  -22.167  72.296 0.4444440007
42498  32.206  -22.237  71.280 0.3333329856
46329  29.941  -17.518  75.709 0.6666669846
48206  35.846  -16.120  70.659 0.5555559993
49098  29.929  -14.780  72.975 0.3333329856
55049  37.660  -7.923  71.407 0.6666669846
55037  36.936  -8.622  72.136 0.5555559993
53108  33.792  -10.996  69.174 0.3333329856
52080  33.397  -11.448  68.817 0.2222220004
55050  36.949  -8.404  71.574 0.5555559993
56128  39.134  -7.198  70.362 0.5555559993
54060  35.737  -9.334  71.314 0.5555559993
53095  35.054  -9.851  70.637 0.3333329856
53106  35.023  -9.809  69.899 0.3333329856
53107  34.495  -10.462  69.584 0.3333329856
54059  36.422  -8.823  71.892 0.3333329856
54068  36.320  -8.798  70.860 0.3333329856
54069  35.587  -9.364  70.082 0.3333329856
55095  36.709  -8.990  66.208 0.4444440007
55113  37.064  -8.738  64.825 0.2222220004
55124  36.924  -8.639  63.682 0.2222220004
54125  43.190  -9.448  63.747 0.6666669846
54126  42.470  -9.984  63.644 0.4444440007
55130  42.575  -9.558  62.612 0.5555559993
106050  44.508  4.677  55.272 0.1111110002
67214  44.532  5.383  54.245 0.1111110002
68175  45.269  6.793  53.326 0.1111110002
67223  44.397  5.445  53.149 0.1111110002
66260  43.940  4.407  53.715 0.1111110002
68184  45.358  6.467  52.128 0.1111110002
68196  45.586  6.114  51.548 0.1111110002
68195  46.197  6.325  51.329 0.1111110002
71805  43.884  9.116  39.864 0.1111110002
40720  30.040  -23.760  70.825 0.2222220004
41584  32.857  -22.576  72.170 0.4444440007
41574  32.612  -23.140  72.382 0.4444440007
40702  31.592  -23.422  71.793 0.2222220004
38808  25.300  -24.903  77.477 0.5555559993
41563  34.226  -22.641  74.154 0.5555559993
50019  29.904  -13.736  72.234 0.1111110002
50026  29.674  -13.751  70.988 0.1111110002
52073  32.970  -11.978  69.266 0.3333329856
54116  43.250  -9.388  64.428 0.6666669846
53141  40.260  -10.890  65.662 0.4444440007
55062  36.971  -8.300  70.554 0.4444440007
55129  43.298  -8.945  62.755 0.5555559993
55121  43.141  -9.442  63.253 0.4444440007
37815  28.295  -26.543  73.278 0.3333329856
41573  33.324  -22.775  72.820 0.5555559993
41595  31.732  -22.543  71.118 0.3333329856
34286  11.920  -29.933  87.379 0.2222220004
34289  12.406  -30.498  86.981 0.3333329856
33470  13.020  -31.530  86.613 0.3333329856
35919  11.735  -28.571  87.500 0.2222220004
35089  12.254  -29.206  87.810 0.2222220004
32588  13.923  -32.499  86.161 0.2222220004
31753  13.772  -33.830  85.523 0.2222220004
36796  11.384  -27.210  86.049 0.2222220004
36783  12.487  -27.819  88.195 0.2222220004
34288  13.465  -30.817  87.413 0.2222220004
32587  14.981  -32.503  86.756 0.1111110002
36790  12.652  -26.591  86.701 0.2222220004
36785  13.265  -26.872  87.677 0.1111110002
35085  12.768  -28.791  88.381 0.2222220004
34287  14.199  -30.324  87.223 0.1111110002
33469  14.358  -31.585  86.756 0.2222220004
35916  13.577  -28.190  87.948 0.2222220004
34295  14.234  -30.006  86.135 0.1111110002
36789  13.639  -27.064  86.472 0.2222220004
35097  13.708  -29.280  85.393 0.1111110002
35928  13.455  -28.087  85.478 0.1111110002
33471  11.705  -30.949  86.203 0.3333329856
34290  11.099  -30.198  86.683 0.3333329856
35090  11.340  -29.387  87.184 0.3333329856
35092  10.394  -29.554  86.586 0.3333329856
36791  11.505  -27.637  86.870 0.2222220004
35922  10.968  -28.667  86.881 0.2222220004
37727  12.898  -25.863  86.143 0.2222220004
37726  14.031  -26.085  86.154 0.2222220004
105829  14.180  -26.378  84.646 0.2222220004
105828  13.642  -25.717  85.152 0.2222220004
35934  13.254  -28.314  84.342 0.2222220004
34291  9.901  -30.290  86.068 0.3333329856
33472  10.430  -30.757  85.782 0.3333329856
35093  9.526  -29.675  86.018 0.3333329856
33479  12.333  -31.631  85.612 0.3333329856
35923  10.073  -28.991  86.375 0.3333329856
36809  11.210  -27.037  84.347 0.1111110002
36801  11.930  -25.947  85.093 0.2222220004
36795  12.099  -26.174  85.884 0.2222220004
36802  11.284  -27.080  85.177 0.2222220004
105832  12.610  -25.588  84.685 0.2222220004
37731  12.963  -25.576  85.587 0.2222220004
37737  13.559  -26.017  84.673 0.1111110002
105836  14.922  -26.046  85.672 0.2222220004
105822  15.333  -26.335  85.139 0.2222220004
105815  14.364  -27.221  83.631 0.2222220004
33480  10.976  -31.230  85.283 0.3333329856
35930  9.747  -28.865  85.696 0.2222220004
35099  9.103  -29.697  85.196 0.3333329856
35936  9.626  -28.749  84.780 0.2222220004
35929  10.610  -28.227  86.217 0.2222220004
35935  10.429  -27.980  85.385 0.2222220004
35948  10.423  -27.804  83.739 0.2222220004
36808  11.941  -25.950  84.329 0.1111110002
105824  11.921  -25.888  83.093 0.2222220004
105841  13.413  -25.165  84.625 0.1111110002
105825  12.781  -25.495  84.297 0.1111110002
105837  14.162  -25.429  85.905 0.1111110002
36800  15.423  -26.949  83.997 0.2222220004
105812  14.981  -27.256  82.885 0.2222220004
36847  18.743  -27.831  79.477 0.3333329856
36867  16.750  -27.987  77.797 0.3333329856
33482  8.898  -31.686  85.058 0.3333329856
33481  9.769  -31.388  85.082 0.3333329856
34296  9.100  -30.559  85.539 0.3333329856
33473  9.527  -30.914  85.476 0.3333329856
35106  9.086  -29.699  84.206 0.2222220004
105839  14.178  -25.073  85.229 0.1111110002
39670  13.249  -25.251  83.358 0.1111110002
38707  14.958  -24.960  84.494 0.1111110002
39676  13.796  -25.171  82.125 0.3333329856
37736  15.462  -25.765  85.110 0.2222220004
37735  15.778  -25.708  83.942 0.2222220004
36807  16.197  -26.391  83.535 0.4444440007
36833  15.155  -27.400  81.306 0.3333329856
34303  8.767  -30.796  84.683 0.2222220004
33491  8.653  -31.537  84.644 0.3333329856
38706  15.605  -25.382  84.190 0.2222220004
39683  14.562  -24.897  81.702 0.3333329856
37743  15.820  -26.095  84.012 0.3333329856
36806  16.798  -26.371  83.168 0.3333329856
38712  15.602  -24.983  83.742 0.3333329856
39674  15.826  -24.862  83.004 0.3333329856
39682  15.507  -24.776  82.083 0.3333329856
38711  16.295  -25.292  83.340 0.3333329856
39681  16.530  -24.856  82.381 0.3333329856
39690  15.124  -24.739  81.022 0.2222220004
37742  16.536  -25.872  83.283 0.4444440007
39695  15.542  -24.662  80.243 0.2222220004
37749  17.215  -26.078  82.808 0.3333329856
42518  31.830  -21.650  69.474 0.2222220004
38718  17.050  -25.152  82.747 0.3333329856
38794  20.930  -25.343  77.560 0.2222220004
39700  15.748  -24.638  79.762 0.2222220004
38812  21.551  -25.199  76.493 0.2222220004
38795  19.899  -25.162  77.358 0.1111110002
38813  20.550  -25.070  76.370 0.1111110002
38814  19.562  -24.915  76.184 0.2222220004
43427  32.319  -21.329  69.773 0.1111110002
43426  33.024  -20.775  70.100 0.1111110002
39689  16.052  -24.680  81.233 0.3333329856
39688  17.169  -24.789  81.431 0.3333329856
42486  34.326  -20.770  72.707 0.3333329856
43406  34.203  -20.669  72.370 0.2222220004
43416  33.198  -21.007  71.208 0.2222220004
40658  29.034  -23.223  76.044 0.5555559993
41559  29.356  -22.228  75.017 0.5555559993
40659  28.512  -23.736  75.940 0.3333329856
43393  29.586  -20.321  74.555 0.3333329856
45442  29.854  -18.845  73.225 0.2222220004
43415  33.938  -20.383  71.527 0.3333329856
42469  29.495  -21.245  75.414 0.5555559993
44399  29.679  -19.292  74.878 0.5555559993
44407  29.717  -19.418  73.742 0.4444440007
45428  30.001  -18.081  73.243 0.3333329856
46357  30.139  -17.639  73.191 0.3333329856
45441  29.927  -18.283  72.747 0.2222220004
44397  34.377  -20.301  73.845 0.5555559993
46393  30.050  -17.718  72.053 0.2222220004
45462  29.733  -18.139  71.320 0.1111110002
43414  34.411  -19.801  71.943 0.4444440007
43381  29.841  -20.086  76.931 0.5555559993
43386  29.676  -20.225  75.745 0.5555559993
44390  29.920  -19.188  76.088 0.5555559993
46358  30.088  -17.294  73.935 0.4444440007
45429  29.952  -18.302  73.880 0.3333329856
47311  30.274  -17.134  72.744 0.3333329856
47312  30.212  -16.631  73.378 0.2222220004
47322  30.198  -16.525  72.482 0.2222220004
47346  35.883  -16.562  71.215 0.4444440007
61806  43.840  -1.439  50.299 0.1111110002
62674  45.354  -0.803  48.588 0.1111110002
51020  30.604  -12.853  69.488 0.1111110002
61746  42.666  -1.717  57.098 0.2222220004
61757  42.283  -2.263  56.541 0.2222220004
60889  42.651  -3.191  57.263 0.2222220004
61756  42.651  -1.379  55.903 0.2222220004
61767  41.966  -2.076  55.365 0.2222220004
62607  44.248  -0.825  53.811 0.1111110002
61765  43.393  -1.210  54.186 0.2222220004
61766  42.566  -1.491  54.692 0.2222220004
62618  44.278  -0.940  52.830 0.1111110002
61774  43.479  -1.267  53.190 0.1111110002
62636  45.041  -0.372  50.675 0.1111110002
62637  44.415  -1.025  50.979 0.1111110002
61785  43.569  -1.365  52.224 0.1111110002
62654  45.098  -0.719  49.601 0.1111110002
62655  44.535  -1.060  50.087 0.1111110002
62653  45.931  -0.197  49.335 0.1111110002
51019  32.071  -12.670  69.324 0.1111110002
59063  44.925  -5.068  59.824 0.4444440007
105991  44.714  -5.660  59.673 0.4444440007
105992  44.180  -5.768  59.128 0.4444440007
59910  44.636  -3.685  59.166 0.4444440007
58210  44.143  -4.977  58.615 0.4444440007
60861  44.611  -3.050  59.265 0.4444440007
59922  44.347  -4.028  58.752 0.4444440007
57279  43.198  -6.930  59.344 0.4444440007
61726  44.371  -2.092  59.213 0.4444440007
61727  44.130  -2.661  58.875 0.3333329856
59911  44.055  -3.542  58.588 0.3333329856
62564  45.085  -0.283  58.197 0.3333329856
61738  43.735  -1.611  58.449 0.3333329856
61740  43.049  -2.694  57.861 0.3333329856
62563  45.596  -0.056  57.717 0.2222220004
62577  43.517  -0.816  57.212 0.2222220004
63479  46.607  0.733  56.220 0.1111110002
62587  44.891  -0.541  55.766 0.2222220004
62588  43.660  -0.780  56.022 0.2222220004
63496  45.655  -0.043  53.995 0.1111110002
63488  45.811  -0.118  54.500 0.1111110002
63507  45.642  0.935  52.766 0.1111110002
63508  45.446  0.025  53.099 0.1111110002
62606  45.010  -0.517  53.443 0.1111110002
64411  46.072  1.181  51.549 0.2222220004
63516  45.667  0.798  51.824 0.1111110002
52081  32.723  -11.970  68.405 0.1111110002
59897  45.226  -3.644  59.904 0.4444440007
59073  44.633  -4.273  59.127 0.4444440007
61717  45.027  -2.638  59.811 0.4444440007
60851  44.966  -2.930  59.668 0.4444440007
56238  41.924  -8.216  60.238 0.4444440007
56219  41.893  -8.757  61.099 0.3333329856
61716  45.004  -2.042  60.035 0.4444440007
56247  41.843  -7.595  58.576 0.3333329856
55160  41.402  -9.169  60.450 0.3333329856
62551  45.071  -0.832  59.518 0.4444440007
63455  46.948  0.841  58.988 0.2222220004
63457  45.527  -0.071  58.398 0.2222220004
63478  47.001  1.307  57.124 0.1111110002
64349  46.773  1.411  55.611 0.1111110002
64366  46.175  1.442  54.383 0.2222220004
64356  46.540  1.575  54.997 0.2222220004
64392  46.162  2.109  52.237 0.2222220004
53150  40.282  -10.853  64.585 0.3333329856
59062  45.051  -4.178  59.792 0.4444440007
53172  41.539  -10.552  63.449 0.3333329856
53160  40.979  -10.789  63.975 0.3333329856
60843  45.031  -3.068  60.463 0.4444440007
59888  44.738  -3.470  60.926 0.4444440007
54133  41.563  -10.169  62.419 0.3333329856
55141  41.903  -9.220  61.767 0.3333329856
60850  45.244  -2.969  59.936 0.4444440007
63436  46.048  0.104  60.637 0.4444440007
62544  45.431  -0.874  60.625 0.4444440007
63445  46.799  0.761  60.081 0.3333329856
65271  47.470  2.687  58.275 0.3333329856
64341  47.333  1.981  57.709 0.2222220004
64348  47.330  2.237  56.676 0.2222220004
53159  41.702  -10.399  64.412 0.3333329856
61709  44.846  -1.854  60.777 0.4444440007
60844  44.520  -2.755  61.008 0.4444440007
62543  45.813  -0.346  61.450 0.4444440007
62535  44.978  -0.692  61.642 0.4444440007
61710  44.017  -1.732  61.322 0.4444440007
63427  46.200  0.256  61.632 0.4444440007
64330  47.338  1.826  58.653 0.3333329856
67316  49.161  5.393  43.789 0.1111110002
68264  49.490  6.145  43.225 0.1111110002
32595  13.734  -33.100  85.842 0.2222220004
31754  12.886  -33.162  85.006 0.2222220004
32596  12.881  -32.769  85.640 0.3333329856
30872  14.634  -34.767  85.221 0.2222220004
45411  29.946  -18.320  75.285 0.4444440007
46341  29.852  -17.387  74.801 0.5555559993
36815  16.524  -26.770  83.276 0.4444440007
42475  29.410  -21.294  74.228 0.2222220004
47321  30.183  -17.177  72.205 0.2222220004
59889  44.083  -3.493  61.030 0.4444440007
105987  42.893  -7.373  60.257 0.4444440007
62518  45.399  0.067  62.318 0.4444440007
42496  33.499  -21.128  71.765 0.2222220004
42507  32.774  -21.284  70.878 0.2222220004
48195  30.018  -15.838  72.961 0.2222220004
34285  12.726  -30.166  87.816 0.1111110002
34284  13.716  -30.192  88.095 0.2222220004
32589  12.922  -32.283  86.241 0.3333329856
31747  14.142  -33.164  85.875 0.2222220004
36784  13.463  -27.479  87.386 0.2222220004
35087  13.789  -29.316  87.717 0.1111110002
35091  13.910  -29.305  86.631 0.1111110002
35927  13.633  -28.554  86.172 0.1111110002
105819  14.032  -27.195  84.895 0.2222220004
35942  10.382  -27.862  84.497 0.2222220004
105826  12.617  -25.530  83.640 0.1111110002
105833  13.619  -25.178  84.959 0.1111110002
105835  14.808  -25.630  86.104 0.2222220004
35943  9.690  -28.621  83.836 0.2222220004
105834  12.432  -25.675  82.574 0.1111110002
105831  14.920  -25.257  85.364 0.2222220004
39675  14.808  -24.819  82.998 0.3333329856
38710  16.998  -25.422  82.900 0.4444440007
43437  32.283  -21.145  69.091 0.1111110002
61797  43.669  -1.404  51.263 0.1111110002
62635  45.582  -0.068  50.118 0.1111110002
62589  43.000  -1.077  56.709 0.2222220004
62578  43.070  -1.335  57.465 0.2222220004
61747  42.716  -2.480  57.461 0.2222220004
62576  44.458  -0.493  57.011 0.2222220004
61755  43.282  -1.151  55.099 0.2222220004
62598  45.232  -0.445  54.544 0.1111110002
62599  44.122  -0.811  54.865 0.2222220004
61776  41.862  -2.027  54.168 0.2222220004
61786  42.787  -1.689  52.602 0.1111110002
62626  44.830  -0.460  51.625 0.1111110002
63534  45.256  0.127  51.439 0.1111110002
62627  44.330  -1.030  51.902 0.1111110002
61798  42.839  -1.778  51.627 0.1111110002
61819  44.608  -1.147  49.501 0.1111110002
59072  44.873  -3.992  59.389 0.4444440007
59898  45.050  -3.317  59.663 0.4444440007
59081  44.051  -4.365  58.476 0.4444440007
60862  44.073  -3.126  58.721 0.4444440007
59923  43.867  -3.890  58.274 0.3333329856
58220  43.776  -4.734  58.112 0.4444440007
57278  43.341  -6.061  58.174 0.4444440007
61739  43.336  -2.220  58.224 0.3333329856
61725  44.745  -1.509  59.509 0.4444440007
62552  44.544  -1.067  59.004 0.4444440007
60875  43.408  -3.190  58.063 0.3333329856
59932  43.081  -3.963  57.530 0.3333329856
62565  44.035  -0.931  58.217 0.2222220004
63447  45.504  -0.099  58.935 0.4444440007
63456  45.999  0.243  58.166 0.2222220004
62575  45.712  -0.123  56.936 0.2222220004
62586  45.912  -0.200  55.468 0.1111110002
62597  45.859  -0.149  54.786 0.1111110002
63469  46.495  0.611  57.236 0.1111110002
63487  46.173  0.530  54.824 0.1111110002
64378  46.001  2.025  53.591 0.1111110002
63495  45.847  0.753  53.757 0.1111110002
63517  45.252  0.106  52.215 0.1111110002
62617  44.879  -0.510  52.516 0.1111110002
63533  45.874  0.528  50.925 0.1111110002
55150  41.530  -9.290  60.867 0.3333329856
56239  41.167  -8.833  59.705 0.2222220004
63437  45.644  -0.289  59.863 0.4444440007
63446  46.120  0.311  59.450 0.3333329856
63468  46.995  1.051  57.945 0.1111110002
63435  46.493  0.804  61.000 0.4444440007
44427  34.675  -18.925  71.374 0.4444440007
45460  34.809  -18.234  70.919 0.3333329856
53274  45.539  -10.875  56.693 0.1111110002
53255  46.213  -11.104  57.358 0.1111110002
46392  35.421  -17.518  71.354 0.3333329856
53346  41.932  -9.805  53.017 0.1111110002
54266  40.905  -9.613  52.412 0.1111110002
53315  44.097  -10.289  54.794 0.1111110002
53316  43.380  -10.602  54.472 0.1111110002
53331  43.127  -10.121  53.852 0.1111110002
53332  42.243  -10.306  53.624 0.1111110002
53347  41.375  -9.977  52.995 0.1111110002
53348  40.494  -10.059  52.926 0.1111110002
53294  44.431  -10.683  55.486 0.1111110002
54212  45.029  -9.988  55.321 0.1111110002
52311  41.504  -11.120  53.755 0.1111110002
46408  35.707  -16.951  71.372 0.3333329856
47347  35.351  -16.633  70.606 0.3333329856
54265  41.689  -9.579  52.541 0.1111110002
54274  40.589  -9.136  51.824 0.1111110002
54275  39.956  -8.866  51.840 0.1111110002
54267  39.957  -9.455  52.435 0.1111110002
54268  38.932  -9.540  52.959 0.1111110002
56341  39.232  -7.679  52.077 0.1111110002
57344  39.160  -7.148  52.583 0.1111110002
55287  39.284  -8.289  52.112 0.1111110002
54232  43.979  -10.100  54.475 0.1111110002
54247  43.034  -9.767  53.443 0.1111110002
56325  38.757  -7.839  52.950 0.1111110002
56311  38.641  -7.792  53.622 0.1111110002
56298  39.196  -7.403  55.061 0.1111110002
54264  42.491  -9.479  52.776 0.1111110002
54273  41.425  -9.251  51.902 0.1111110002
55294  40.661  -8.181  50.865 0.1111110002
56299  38.673  -7.800  54.385 0.1111110002
54246  43.832  -9.726  53.888 0.1111110002
57343  39.434  -6.611  52.154 0.1111110002
57335  39.410  -6.555  53.009 0.1111110002
58255  40.006  -6.129  54.004 0.1111110002
58244  41.265  -5.761  55.359 0.1111110002
48229  34.329  -15.575  68.399 0.2222220004
56340  39.574  -7.578  51.456 0.1111110002
57336  38.980  -7.191  53.351 0.1111110002
57316  40.335  -6.363  54.976 0.1111110002
57304  40.855  -6.882  56.466 0.1111110002
55295  40.138  -8.144  51.125 0.1111110002
57328  38.876  -7.336  53.872 0.1111110002
56351  40.028  -7.549  50.845 0.1111110002
56286  39.427  -7.618  55.874 0.1111110002
58232  42.119  -5.575  56.480 0.1111110002
58222  42.637  -5.851  57.261 0.1111110002
59122  40.237  -5.425  53.245 0.1111110002
58254  40.419  -5.693  54.167 0.1111110002
57303  41.724  -6.322  56.611 0.1111110002
57291  42.204  -6.598  57.512 0.2222220004
58272  39.713  -5.953  52.435 0.1111110002
58264  40.287  -5.484  53.534 0.1111110002
58233  41.544  -6.154  56.178 0.1111110002
57292  41.334  -7.138  57.375 0.1111110002
57356  39.493  -6.914  51.394 0.1111110002
59121  40.449  -4.929  53.364 0.1111110002
56257  40.743  -7.858  57.759 0.2222220004
59142  39.824  -5.281  51.834 0.1111110002
57305  39.976  -7.302  56.173 0.1111110002
56258  40.144  -8.423  57.490 0.1111110002
57290  42.897  -5.960  57.587 0.2222220004
58243  41.629  -5.256  55.681 0.1111110002
59103  41.741  -4.795  55.762 0.1111110002
56248  41.112  -8.404  59.063 0.2222220004
59114  40.924  -4.902  54.429 0.1111110002
59967  40.759  -4.043  53.811 0.1111110002
59959  41.347  -3.579  54.962 0.1111110002
60921  41.114  -3.374  54.156 0.1111110002
59975  40.604  -3.951  52.774 0.1111110002
59991  40.539  -3.855  51.739 0.1111110002
60931  41.006  -3.288  53.218 0.1111110002
60946  41.005  -3.199  52.235 0.1111110002
60930  41.326  -2.671  52.754 0.1111110002
58211  43.764  -5.516  58.342 0.3333329856
58221  43.193  -5.262  57.624 0.2222220004
59092  42.242  -4.629  56.386 0.1111110002
59933  42.409  -3.884  56.631 0.1111110002
55161  41.027  -9.380  60.134 0.2222220004
54152  40.854  -10.166  60.689 0.1111110002
60903  41.974  -3.023  56.044 0.1111110002
60911  41.466  -2.956  54.831 0.1111110002
60920  41.340  -2.645  53.669 0.1111110002
61787  41.969  -2.137  52.944 0.1111110002
54143  40.922  -10.382  61.611 0.2222220004
54134  40.945  -10.500  62.213 0.1111110002
54151  41.199  -9.786  60.834 0.2222220004
53187  40.500  -10.598  62.023 0.1111110002
53220  40.416  -10.849  60.408 0.1111110002
53188  39.941  -10.807  61.731 0.1111110002
53176  38.440  -10.629  62.242 0.1111110002
53178  36.638  -10.609  61.729 0.1111110002
52155  35.736  -10.899  62.028 0.1111110002
53191  37.388  -10.429  61.126 0.1111110002
51064  36.364  -12.143  65.169 0.2222220004
52110  36.362  -11.949  64.688 0.2222220004
52121  36.901  -11.427  64.165 0.2222220004
53175  39.311  -10.701  62.442 0.1111110002
52138  36.604  -11.095  63.027 0.1111110002
53164  37.671  -10.744  62.873 0.1111110002
52099  37.360  -11.951  66.215 0.2222220004
52109  37.099  -11.846  65.121 0.2222220004
53151  39.384  -10.967  64.264 0.1111110002
52120  38.162  -11.209  64.351 0.1111110002
53173  40.869  -10.757  62.873 0.2222220004
53162  39.430  -10.791  63.354 0.1111110002
53163  38.500  -10.790  63.262 0.1111110002
52137  37.545  -11.022  63.561 0.1111110002
53174  40.070  -10.747  62.660 0.2222220004
63408  46.024  0.607  62.287 0.3333329856
64285  46.370  1.126  61.728 0.3333329856
64311  46.999  1.420  60.578 0.3333329856
52107  39.173  -11.266  65.876 0.1111110002
52108  38.132  -11.482  65.513 0.2222220004
53142  39.620  -11.032  65.069 0.1111110002
52119  38.897  -11.188  65.014 0.1111110002
64304  46.304  1.872  61.498 0.2222220004
65244  47.016  1.809  60.857 0.2222220004
65246  46.459  2.458  60.988 0.2222220004
64320  47.253  1.615  59.684 0.2222220004
65253  46.964  2.744  60.353 0.2222220004
65259  47.342  2.706  59.283 0.2222220004
66218  47.488  3.149  58.511 0.2222220004
66278  50.947  3.399  51.869 0.2222220004
68229  52.258  6.552  47.948 0.2222220004
64288  45.072  1.385  61.781 0.2222220004
65282  47.528  2.608  57.636 0.2222220004
66234  47.671  3.269  57.793 0.2222220004
106057  46.939  2.206  55.492 0.2222220004
67238  50.732  4.597  52.043 0.2222220004
66295  51.244  3.867  51.303 0.2222220004
67270  51.955  5.241  49.151 0.2222220004
68221  52.016  6.154  48.592 0.2222220004
69171  52.545  7.423  46.237 0.2222220004
69178  52.594  7.477  45.040 0.1111110002
70084  52.172  8.085  45.700 0.2222220004
65260  46.890  3.344  59.474 0.2222220004
106048  46.562  2.504  54.797 0.1111110002
64410  46.579  1.518  51.247 0.1111110002
67253  50.869  5.020  51.436 0.2222220004
65315  50.433  2.770  51.861 0.1111110002
63555  46.170  0.325  50.109 0.1111110002
65316  49.350  3.195  51.892 0.1111110002
64409  47.742  1.996  50.894 0.1111110002
63531  47.368  1.132  50.184 0.1111110002
68205  50.898  5.341  50.753 0.2222220004
67252  51.199  4.555  50.868 0.2222220004
67262  51.312  5.196  50.086 0.2222220004
69135  51.181  6.846  48.706 0.2222220004
69149  51.340  7.314  47.741 0.2222220004
69148  51.820  7.150  47.927 0.2222220004
69134  51.826  6.671  48.469 0.2222220004
70050  51.768  7.451  47.258 0.2222220004
69161  52.187  7.241  47.183 0.2222220004
70068  51.537  8.055  46.116 0.2222220004
70067  52.037  7.867  46.620 0.2222220004
70085  51.490  8.087  45.305 0.1111110002
67297  49.818  4.721  45.121 0.1111110002
70094  51.980  8.085  44.877 0.1111110002
65306  46.489  3.329  53.277 0.1111110002
65319  46.441  2.954  52.619 0.1111110002
64391  47.083  2.478  51.545 0.1111110002
67239  50.216  5.357  52.528 0.2222220004
66279  50.128  4.205  52.403 0.1111110002
66280  48.967  4.181  52.516 0.1111110002
63532  46.741  0.964  50.500 0.1111110002
65336  48.128  2.547  51.244 0.1111110002
68214  50.770  5.899  50.116 0.2222220004
69120  50.761  6.392  49.560 0.2222220004
69150  50.825  7.238  47.099 0.1111110002
68230  50.135  6.373  47.555 0.1111110002
67279  49.901  5.495  47.293 0.1111110002
70069  50.978  7.854  45.666 0.1111110002
69162  50.689  7.244  46.052 0.1111110002
67288  50.114  5.393  46.626 0.1111110002
70086  50.962  7.801  44.905 0.1111110002
68244  50.361  6.462  45.527 0.1111110002
66338  50.087  4.826  46.091 0.1111110002
68253  50.021  6.566  44.833 0.1111110002
67307  50.041  5.956  45.152 0.1111110002
65305  46.821  3.686  53.032 0.1111110002
66269  47.256  4.323  53.449 0.2222220004
65318  46.936  3.405  52.513 0.1111110002
68193  49.968  6.283  52.413 0.2222220004
66266  50.002  4.675  52.611 0.2222220004
66267  49.698  4.691  52.659 0.1111110002
65317  47.998  3.097  51.645 0.1111110002
68192  50.462  5.671  52.012 0.2222220004
69086  50.101  6.380  51.837 0.2222220004
69087  49.441  6.775  52.027 0.2222220004
64390  47.585  2.500  51.343 0.1111110002
68206  50.449  5.943  51.140 0.2222220004
69105  49.944  6.515  51.091 0.2222220004
69121  50.233  6.519  49.821 0.2222220004
66313  47.776  4.046  48.301 0.1111110002
68223  49.909  6.806  48.152 0.1111110002
68231  49.791  5.830  47.739 0.1111110002
67281  49.026  4.540  47.949 0.1111110002
67280  49.583  5.033  47.631 0.1111110002
68182  48.087  6.166  53.600 0.2222220004
67221  47.752  5.857  53.874 0.2222220004
67222  47.594  5.595  54.179 0.2222220004
68181  48.442  6.355  53.366 0.2222220004
67229  47.932  5.334  53.369 0.2222220004
66282  47.304  3.979  52.880 0.1111110002
67227  49.859  5.066  52.705 0.2222220004
67228  49.026  5.241  52.910 0.2222220004
67240  48.384  4.762  52.895 0.1111110002
66281  47.810  4.283  52.770 0.1111110002
69122  49.496  6.562  49.612 0.2222220004
69106  49.318  6.698  50.953 0.2222220004
67273  47.572  4.493  48.909 0.1111110002
66305  46.656  3.901  49.260 0.1111110002
68217  48.818  6.097  49.503 0.1111110002
68224  49.621  6.275  48.552 0.1111110002
67271  49.174  5.276  48.322 0.1111110002
67272  48.469  4.875  48.632 0.1111110002
106054  44.871  4.907  55.899 0.1111110002
69048  48.170  7.084  54.894 0.2222220004
69049  47.643  7.115  55.464 0.2222220004
69050  46.263  7.135  55.126 0.2222220004
106055  45.166  5.338  55.950 0.1111110002
68172  48.125  6.870  53.806 0.2222220004
68180  49.441  6.062  52.764 0.2222220004
69063  48.278  6.984  53.566 0.2222220004
69072  47.724  7.648  53.040 0.2222220004
69065  47.038  7.960  54.285 0.2222220004
69070  49.402  6.579  52.513 0.2222220004
69071  48.592  6.893  52.897 0.2222220004
69088  48.516  7.260  51.935 0.2222220004
69123  48.936  6.578  50.012 0.2222220004
69107  48.291  6.887  50.561 0.2222220004
67264  46.884  4.554  49.568 0.1111110002
68207  47.856  5.967  50.125 0.1111110002
67255  47.235  5.523  50.053 0.1111110002
68164  45.449  6.850  54.331 0.1111110002
69066  45.918  7.476  53.886 0.1111110002
69073  46.356  7.515  52.721 0.2222220004
69108  47.496  7.002  50.916 0.2222220004
69074  45.626  7.223  53.010 0.1111110002
48214  35.337  -15.857  70.107 0.2222220004
52098  38.250  -11.580  66.544 0.2222220004
64287  45.765  1.408  62.008 0.2222220004
64305  45.681  2.156  61.267 0.2222220004
68174  47.878  6.204  54.655 0.2222220004
46409  35.305  -17.128  70.876 0.3333329856
61775  42.637  -1.596  53.608 0.1111110002
53161  40.211  -10.821  63.615 0.2222220004
54142  41.317  -9.893  61.329 0.2222220004
62534  45.827  -0.118  62.147 0.3333329856
59082  43.531  -4.459  57.835 0.2222220004
59091  42.788  -4.540  57.205 0.1111110002
53333  41.070  -10.598  53.317 0.1111110002
54272  42.062  -9.284  52.141 0.1111110002
55270  39.439  -8.793  52.251 0.1111110002
53349  39.614  -10.110  53.016 0.1111110002
55271  38.904  -8.503  52.624 0.1111110002
55286  39.680  -8.205  51.577 0.1111110002
55285  40.329  -8.576  51.377 0.1111110002
57357  39.315  -7.080  52.042 0.1111110002
55284  41.118  -8.774  51.278 0.1111110002
58282  39.551  -6.031  51.545 0.1111110002
58265  39.986  -5.919  53.399 0.1111110002
57327  39.464  -6.716  54.191 0.1111110002
57326  40.083  -6.224  54.314 0.1111110002
57317  39.844  -6.998  55.460 0.1111110002
58231  42.601  -5.009  56.896 0.1111110002
56256  41.549  -7.303  57.782 0.2222220004
59129  40.088  -5.354  52.747 0.1111110002
59128  40.228  -4.628  52.284 0.1111110002
56270  40.493  -7.525  57.019 0.1111110002
59141  40.102  -4.558  51.259 0.1111110002
59104  41.437  -4.895  55.165 0.1111110002
59949  41.462  -4.438  55.327 0.1111110002
59960  41.151  -4.064  54.789 0.1111110002
60912  41.259  -3.471  54.661 0.1111110002
59948  41.624  -3.912  55.621 0.1111110002
53202  40.434  -10.720  61.176 0.2222220004
53203  39.955  -11.123  60.848 0.1111110002
53189  39.257  -10.833  61.479 0.1111110002
53190  38.382  -10.635  61.285 0.1111110002
53177  37.367  -10.634  62.099 0.1111110002
52154  36.555  -10.805  62.237 0.1111110002
52169  35.533  -10.611  61.266 0.1111110002
53152  38.887  -10.930  63.826 0.1111110002
67269  52.323  5.834  48.365 0.2222220004
68222  51.419  6.127  49.182 0.2222220004
68236  52.621  6.600  46.969 0.2222220004
69136  50.320  6.960  48.494 0.2222220004
70051  51.512  7.618  46.864 0.2222220004
67296  50.161  5.368  45.631 0.1111110002
66349  49.461  4.097  44.598 0.1111110002
70096  50.962  7.739  44.566 0.1111110002
65335  48.661  2.513  51.366 0.1111110002
68215  50.330  6.268  50.320 0.2222220004
68237  50.441  6.357  46.419 0.1111110002
67230  47.599  5.062  53.667 0.2222220004
69137  49.801  6.824  48.895 0.2222220004
66268  47.666  4.618  53.184 0.1111110002
67254  47.679  5.537  50.014 0.1111110002
67263  47.833  5.259  49.591 0.1111110002
68216  49.352  6.379  49.232 0.1111110002
68152  45.233  6.077  55.164 0.2222220004
69064  48.052  7.294  54.158 0.2222220004
30944  10.327  -35.447  76.756 0.1111110002
30048  12.700  -35.675  78.794 0.2222220004
30049  12.058  -35.336  78.273 0.2222220004
30066  11.195  -35.357  77.220 0.1111110002
30083  9.800  -35.781  76.380 0.1111110002
30934  11.302  -35.237  77.512 0.1111110002
30106  11.282  -35.601  75.424 0.1111110002
30107  10.084  -35.932  74.952 0.1111110002
30935  10.652  -35.124  77.329 0.1111110002
30945  9.870  -35.362  76.940 0.1111110002
30067  9.185  -35.651  76.940 0.1111110002
30923  11.515  -34.902  78.100 0.1111110002
30096  10.438  -35.865  75.833 0.1111110002
30922  12.257  -34.971  78.726 0.2222220004
30084  8.722  -36.286  76.518 0.1111110002
30924  10.522  -34.506  78.298 0.1111110002
30936  9.486  -35.079  77.734 0.1111110002
31809  11.905  -34.574  78.755 0.2222220004
30937  8.875  -35.390  78.596 0.1111110002
31810  11.433  -34.217  78.873 0.1111110002
31797  12.382  -34.324  79.496 0.2222220004
30068  8.306  -36.052  77.637 0.1111110002
31799  10.598  -33.715  80.309 0.2222220004
31811  10.574  -34.011  79.316 0.2222220004
30925  9.616  -34.649  79.093 0.2222220004
31785  12.562  -33.590  80.866 0.2222220004
31798  11.528  -33.665  79.826 0.2222220004
32621  11.397  -32.628  82.391 0.2222220004
31812  10.052  -34.278  79.972 0.2222220004
32629  11.349  -32.938  81.563 0.2222220004
31786  11.406  -33.272  80.773 0.2222220004
32612  12.355  -32.660  83.154 0.2222220004
32628  11.996  -33.046  81.198 0.2222220004
32620  12.391  -32.985  81.990 0.2222220004
31787  10.401  -33.532  81.397 0.2222220004
31768  13.019  -33.599  83.201 0.2222220004
32630  10.597  -33.077  82.083 0.2222220004
32613  11.192  -32.323  83.266 0.2222220004
32604  12.286  -32.287  84.300 0.2222220004
33488  12.359  -31.993  85.036 0.2222220004
31770  8.917  -34.406  83.409 0.2222220004
31769  9.499  -33.837  83.219 0.2222220004
31777  9.957  -33.838  82.454 0.2222220004
32606  9.515  -32.717  84.362 0.2222220004
32614  9.909  -32.934  83.590 0.2222220004
32622  10.308  -33.034  82.804 0.2222220004
33490  10.196  -31.806  84.636 0.2222220004
38713  13.192  -25.461  81.385 0.2222220004
39671  13.114  -25.474  82.023 0.1111110002
33489  11.547  -31.640  84.710 0.2222220004
35949  9.973  -28.323  82.930 0.1111110002
32615  8.800  -33.402  83.845 0.2222220004
32623  8.723  -33.584  82.255 0.2222220004
32597  9.235  -32.353  84.911 0.2222220004
32607  8.787  -33.091  84.704 0.2222220004
32598  8.736  -32.550  84.863 0.2222220004
33498  8.640  -32.622  84.173 0.2222220004
105827  12.934  -25.590  80.916 0.1111110002
38729  13.061  -25.537  80.246 0.1111110002
33504  8.804  -32.160  82.518 0.1111110002
34311  8.561  -31.851  84.018 0.2222220004
35117  9.606  -29.452  82.137 0.1111110002
35111  9.322  -29.633  83.218 0.1111110002
34317  8.929  -30.810  82.732 0.1111110002
34310  8.713  -30.881  83.759 0.1111110002
38727  14.315  -24.923  80.729 0.1111110002
38741  13.170  -25.430  78.985 0.1111110002
36850  14.916  -27.791  79.339 0.2222220004
38739  14.813  -24.735  80.173 0.1111110002
36900  21.796  -27.750  76.063 0.1111110002
36901  20.728  -27.723  75.939 0.1111110002
36920  20.419  -27.572  74.671 0.1111110002
38757  15.234  -24.636  79.170 0.1111110002
36902  19.659  -27.692  75.799 0.1111110002
35969  16.060  -28.090  77.721 0.1111110002
36921  19.395  -27.573  74.584 0.1111110002
36886  16.712  -28.070  76.400 0.1111110002
35983  15.910  -28.143  76.239 0.1111110002
39694  16.390  -24.682  80.190 0.2222220004
36903  18.588  -27.858  75.616 0.1111110002
36922  18.336  -27.619  74.437 0.1111110002
36923  17.250  -27.736  74.293 0.1111110002
36905  16.386  -28.116  75.255 0.1111110002
39693  17.254  -24.755  80.546 0.2222220004
38738  17.099  -24.772  79.829 0.2222220004
36866  18.146  -27.970  78.065 0.1111110002
36885  17.759  -27.986  76.679 0.1111110002
36904  17.512  -28.030  75.417 0.1111110002
36924  16.327  -27.952  74.138 0.1111110002
43425  33.679  -20.120  70.519 0.2222220004
44429  33.525  -19.965  69.898 0.2222220004
44420  34.412  -19.537  71.516 0.3333329856
44428  34.150  -19.363  70.553 0.1111110002
44437  33.438  -19.374  69.199 0.1111110002
45461  34.340  -18.672  70.373 0.2222220004
45470  33.977  -18.611  69.656 0.1111110002
44447  33.158  -19.193  68.473 0.1111110002
45477  33.406  -18.613  68.454 0.1111110002
45486  32.964  -18.672  67.529 0.1111110002
46425  34.239  -17.918  69.795 0.1111110002
46440  33.900  -17.737  68.974 0.1111110002
45485  33.306  -18.267  67.803 0.1111110002
47384  33.475  -17.026  67.255 0.1111110002
46453  33.288  -17.898  67.339 0.1111110002
45499  32.452  -18.558  66.723 0.1111110002
46466  32.943  -17.937  66.748 0.1111110002
47406  32.661  -16.918  65.743 0.1111110002
46484  32.176  -17.719  65.517 0.1111110002
46439  34.310  -17.323  69.654 0.1111110002
47371  33.851  -16.949  68.240 0.1111110002
46452  33.548  -17.777  67.982 0.1111110002
47398  33.168  -17.048  66.504 0.1111110002
47385  33.252  -17.505  66.929 0.1111110002
48240  33.065  -16.341  65.998 0.1111110002
46483  32.687  -17.563  66.159 0.1111110002
47407  32.212  -16.820  65.015 0.1111110002
48253  32.165  -16.129  64.764 0.1111110002
47412  31.976  -16.602  64.430 0.1111110002
47423  31.635  -16.625  63.934 0.1111110002
47358  34.661  -16.612  69.952 0.1111110002
47370  34.211  -16.788  69.106 0.1111110002
48239  33.376  -16.129  66.734 0.1111110002
48252  32.620  -15.920  65.315 0.1111110002
48263  31.904  -15.798  64.249 0.1111110002
48273  31.415  -15.773  63.534 0.1111110002
49166  31.886  -15.270  63.811 0.1111110002
49178  31.821  -14.769  63.210 0.1111110002
50114  32.065  -14.049  62.423 0.1111110002
52156  34.487  -11.660  62.393 0.1111110002
51106  33.361  -12.604  62.409 0.1111110002
50128  32.367  -13.414  62.034 0.1111110002
49116  35.133  -15.371  69.576 0.1111110002
48222  34.591  -15.859  69.285 0.1111110002
48223  34.143  -16.238  68.539 0.1111110002
48230  33.799  -16.013  67.723 0.1111110002
49131  33.779  -15.476  67.109 0.1111110002
48251  33.226  -15.651  65.902 0.1111110002
49150  33.211  -14.938  65.156 0.1111110002
49151  32.664  -15.303  64.838 0.1111110002
48262  32.353  -15.577  64.682 0.1111110002
49165  32.482  -14.842  64.201 0.1111110002
49177  32.376  -14.446  63.499 0.1111110002
50098  33.456  -13.683  63.906 0.1111110002
50087  33.133  -14.267  64.139 0.1111110002
52122  35.914  -11.854  63.980 0.1111110002
50112  33.260  -13.378  63.190 0.1111110002
52140  34.769  -12.016  63.284 0.1111110002
50099  32.856  -14.066  63.504 0.1111110002
52123  35.194  -12.027  63.747 0.1111110002
51093  34.183  -12.334  63.031 0.1111110002
50113  32.726  -13.538  62.672 0.1111110002
49139  34.310  -14.538  66.752 0.1111110002
49140  33.787  -14.978  66.387 0.1111110002
50075  34.063  -14.184  65.530 0.1111110002
50086  33.617  -14.112  64.649 0.1111110002
49164  33.114  -14.534  64.533 0.1111110002
51080  34.004  -13.326  64.454 0.1111110002
54110  36.293  -9.034  65.422 0.2222220004
38720  13.336  -25.410  80.854 0.1111110002
38719  13.816  -25.184  81.217 0.2222220004
38728  13.694  -25.202  80.551 0.1111110002
50074  34.637  -13.933  65.977 0.1111110002
55105  37.027  -8.846  65.826 0.2222220004
33492  8.591  -32.129  84.530 0.2222220004
45469  34.399  -18.235  70.261 0.1111110002
46424  34.692  -17.460  70.391 0.1111110002
52139  35.438  -11.614  63.075 0.1111110002
30097  9.173  -36.367  75.703 0.1111110002
31761  12.888  -33.369  84.270 0.2222220004
32605  10.727  -32.055  84.005 0.2222220004
45478  33.065  -19.054  68.133 0.1111110002
51107  32.764  -13.085  62.116 0.1111110002
51067  34.099  -13.725  64.988 0.1111110002
54118  36.302  -8.908  64.640 0.2222220004
39699  15.928  -24.636  79.528 0.1111110002
38775  17.082  -24.834  78.004 0.1111110002
38756  16.444  -24.715  79.085 0.1111110002
48199  29.939  -15.689  72.121 0.1111110002
54112  34.208  -9.956  65.748 0.1111110002
54104  34.355  -10.043  66.677 0.1111110002
54103  34.996  -9.655  66.666 0.1111110002
54111  35.272  -9.443  65.551 0.1111110002
54120  34.401  -9.645  64.551 0.1111110002
54119  35.548  -9.123  64.214 0.1111110002
55114  36.371  -8.818  64.129 0.1111110002
55125  36.089  -8.734  63.322 0.1111110002
55134  35.818  -8.579  62.306 0.1111110002
55133  36.738  -8.534  62.704 0.1111110002
55172  37.144  -8.108  59.666 0.1111110002
55144  36.577  -8.393  61.771 0.1111110002
55145  35.807  -8.506  61.378 0.1111110002
55152  37.210  -8.184  61.272 0.1111110002
55162  37.180  -8.161  60.448 0.1111110002
55153  36.490  -8.357  60.883 0.1111110002
53144  33.482  -10.447  65.922 0.1111110002
65333  51.515  2.693  51.445 0.1111110002
65332  52.044  1.983  51.269 0.1111110002
65346  51.769  2.670  50.835 0.1111110002
64438  52.316  1.903  49.659 0.1111110002
64449  52.257  1.945  48.485 0.1111110002
64460  52.209  1.902  47.193 0.1111110002
63578  53.306  0.323  47.861 0.1111110002
66303  51.509  3.895  50.426 0.1111110002
65355  51.896  2.835  49.861 0.1111110002
65363  52.343  3.178  48.624 0.1111110002
64448  52.657  0.983  48.204 0.1111110002
63621  54.322  0.481  41.619 0.1111110002
67278  52.513  5.085  48.375 0.1111110002
66319  52.637  4.289  48.245 0.1111110002
65370  52.362  3.069  47.383 0.1111110002
66348  52.628  4.019  44.942 0.1111110002
66337  52.778  4.129  46.216 0.1111110002
65388  52.149  2.896  44.804 0.1111110002
66357  52.434  3.918  43.811 0.1111110002
65397  52.505  2.373  42.897 0.1111110002
64516  53.382  1.779  41.892 0.1111110002
64527  54.254  1.429  40.835 0.1111110002
64528  53.789  1.855  41.189 0.1111110002
63631  54.542  0.535  40.671 0.1111110002
67287  52.805  4.995  47.573 0.1111110002
67295  52.937  4.860  46.752 0.1111110002
66336  53.012  4.604  45.201 0.1111110002
67294  53.051  5.359  45.706 0.1111110002
66367  52.451  3.671  43.009 0.1111110002
65411  52.917  2.766  42.048 0.1111110002
65427  53.680  2.805  41.157 0.1111110002
63640  54.567  0.352  39.898 0.1111110002
63651  54.410  0.483  39.061 0.1111110002
64543  54.166  1.232  38.434 0.1111110002
67277  52.647  5.844  47.710 0.1111110002
68243  52.967  6.591  45.906 0.1111110002
67315  52.820  4.506  44.201 0.1111110002
67314  52.825  4.971  43.416 0.1111110002
67322  52.604  5.010  42.455 0.1111110002
66356  52.640  4.364  42.948 0.1111110002
67333  52.871  4.457  41.666 0.1111110002
66366  52.863  3.949  42.297 0.1111110002
66379  53.304  3.767  41.505 0.1111110002
66398  53.465  3.838  40.846 0.1111110002
65426  53.961  2.229  40.658 0.1111110002
65439  54.170  2.056  40.273 0.1111110002
65440  53.745  2.867  39.978 0.1111110002
64534  54.327  1.517  39.674 0.1111110002
62793  53.944  -0.231  38.802 0.1111110002
63659  54.176  0.387  38.136 0.1111110002
63665  53.738  0.247  37.299 0.1111110002
63666  53.328  -0.049  36.815 0.1111110002
62809  51.940  -0.422  37.398 0.1111110002
62821  50.909  -0.072  36.411 0.1111110002
68252  52.949  6.351  44.739 0.1111110002
68261  52.571  6.037  43.580 0.1111110002
68271  52.086  5.818  42.752 0.1111110002
67334  52.321  5.097  41.764 0.1111110002
67323  52.338  5.339  42.284 0.1111110002
67348  53.210  4.217  41.233 0.1111110002
66399  52.740  4.013  40.446 0.1111110002
65441  52.118  3.134  39.905 0.1111110002
64535  53.901  2.237  39.422 0.1111110002
65455  53.524  2.342  39.431 0.1111110002
64552  54.039  1.007  37.456 0.1111110002
64571  53.429  0.769  36.318 0.1111110002
63674  52.962  0.316  36.192 0.1111110002
62822  50.262  -0.019  36.218 0.1111110002
63667  48.958  -0.345  36.364 0.1111110002
64561  53.690  0.892  36.703 0.1111110002
62820  51.916  -0.166  36.592 0.1111110002
63676  50.895  0.306  35.900 0.1111110002
65456  52.766  2.401  39.350 0.1111110002
64544  53.486  1.969  38.793 0.1111110002
64553  53.490  1.538  37.749 0.1111110002
64574  48.976  0.718  35.750 0.1111110002
64575  48.259  0.717  35.680 0.1111110002
64587  48.112  1.441  35.370 0.1111110002
64563  52.712  1.825  37.060 0.1111110002
64562  53.471  1.436  36.857 0.1111110002
63682  52.555  0.813  35.637 0.1111110002
63684  50.832  0.765  35.523 0.1111110002
63685  50.277  0.862  35.491 0.1111110002
64586  48.858  1.405  35.364 0.1111110002
64573  53.081  1.778  36.460 0.1111110002
64572  53.188  1.536  35.902 0.1111110002
64582  52.333  1.462  35.308 0.1111110002
64583  51.522  1.247  35.267 0.1111110002
65487  52.685  2.561  36.210 0.1111110002
64546  51.606  2.115  38.460 0.1111110002
64564  52.241  1.887  37.572 0.1111110002
65479  51.679  2.189  37.286 0.1111110002
64584  50.805  1.325  35.240 0.1111110002
64585  49.811  1.219  35.353 0.1111110002
65478  52.225  2.260  36.737 0.1111110002
65498  51.671  1.964  34.921 0.1111110002
65499  50.574  1.966  34.982 0.1111110002
65486  52.854  2.855  35.380 0.1111110002
65497  52.745  2.522  35.001 0.1111110002
66457  52.596  3.725  35.494 0.1111110002
66456  52.826  3.368  35.137 0.1111110002
65468  51.083  2.191  38.091 0.1111110002
65480  50.677  2.649  37.424 0.1111110002
66436  49.397  3.368  37.895 0.1111110002
65488  51.743  2.690  36.644 0.1111110002
66459  50.913  3.180  36.760 0.1111110002
67401  49.886  4.282  37.073 0.1111110002
65510  51.098  2.632  34.683 0.1111110002
66458  51.861  3.583  36.306 0.1111110002
66479  52.434  3.422  34.724 0.1111110002
66449  49.283  3.757  37.745 0.1111110002
67418  50.706  4.390  36.605 0.1111110002
67419  49.948  4.669  36.962 0.1111110002
67417  51.943  4.724  35.974 0.1111110002
67435  52.217  4.257  34.660 0.1111110002
68331  51.948  5.681  35.619 0.1111110002
68344  52.343  5.233  34.971 0.1111110002
68330  52.183  5.671  35.266 0.1111110002
69260  51.547  6.594  35.822 0.1111110002
68332  51.275  5.624  36.221 0.1111110002
69261  50.776  6.543  36.396 0.1111110002
70153  51.056  7.400  36.176 0.1111110002
69190  52.491  6.974  44.096 0.1111110002
65347  51.482  3.281  51.062 0.1111110002
64424  52.260  1.881  50.635 0.1111110002
66312  52.200  4.090  49.120 0.1111110002
66327  52.824  4.067  47.483 0.1111110002
65379  52.162  3.005  46.086 0.1111110002
65398  52.214  2.790  43.582 0.1111110002
65412  52.491  3.123  42.683 0.1111110002
64501  52.512  1.848  43.638 0.1111110002
64515  53.968  1.136  41.838 0.1111110002
67286  52.890  5.741  46.778 0.1111110002
67305  53.065  5.125  44.466 0.1111110002
68270  52.501  5.502  43.010 0.1111110002
62807  53.738  -0.210  38.022 0.1111110002
62819  52.736  -0.303  36.800 0.1111110002
63675  51.884  0.309  35.993 0.1111110002
68262  52.160  6.246  43.228 0.1111110002
68280  51.804  5.557  42.171 0.1111110002
68279  52.155  5.462  42.231 0.1111110002
67349  52.895  4.485  41.108 0.1111110002
62811  49.622  -0.480  36.659 0.1111110002
63677  49.645  0.229  35.925 0.1111110002
63668  48.588  -0.388  36.155 0.1111110002
63683  51.730  0.775  35.523 0.1111110002
64545  52.287  2.064  38.627 0.1111110002
64554  52.699  1.808  37.974 0.1111110002
65501  48.519  2.106  34.974 0.1111110002
64576  47.596  1.128  36.057 0.1111110002
64555  51.886  1.906  38.006 0.1111110002
65489  51.180  2.614  36.979 0.1111110002
65509  52.113  2.828  34.685 0.1111110002
66467  53.028  3.270  35.026 0.1111110002
67434  52.698  3.680  34.924 0.1111110002
66468  52.780  3.605  35.079 0.1111110002
66448  49.884  3.545  37.338 0.1111110002
67384  48.510  4.278  37.991 0.1111110002
67416  52.346  4.895  35.348 0.1111110002
67427  52.647  4.010  35.061 0.1111110002
68333  50.139  5.431  36.760 0.1111110002
30081  11.894  -35.788  76.864 0.1111110002
30911  12.754  -35.107  79.379 0.1111110002
31784  13.117  -34.567  80.524 0.1111110002
31776  13.115  -33.781  82.204 0.1111110002
30878  14.031  -35.106  84.540 0.1111110002
31767  13.601  -34.689  83.360 0.1111110002
31775  13.479  -34.507  81.877 0.1111110002
31760  13.407  -34.345  84.380 0.1111110002
30873  13.895  -34.667  85.036 0.1111110002
31752  15.225  -34.121  85.927 0.1111110002
105813  13.130  -27.954  83.304 0.1111110002
30877  15.018  -35.403  84.564 0.1111110002
105811  13.743  -27.620  81.097 0.1111110002
105808  14.404  -27.380  82.518 0.1111110002
105814  13.111  -27.981  82.694 0.1111110002
105806  13.260  -27.921  81.606 0.1111110002
35121  13.082  -28.461  82.069 0.1111110002
34323  9.288  -30.786  81.598 0.1111110002
33497  8.666  -32.016  83.500 0.1111110002
105809  15.045  -27.250  83.056 0.1111110002
105820  14.170  -27.194  84.159 0.1111110002
105821  13.709  -27.475  83.025 0.1111110002
37839  26.903  -26.562  71.108 0.1111110002
37853  28.108  -25.963  71.066 0.1111110002
37854  27.413  -26.131  70.627 0.1111110002
39821  28.839  -24.963  70.384 0.1111110002
39820  29.452  -24.674  70.881 0.1111110002
40721  29.497  -24.015  70.299 0.1111110002
41586  31.436  -23.096  71.360 0.1111110002
41596  31.022  -22.926  70.466 0.1111110002
41597  29.894  -23.307  69.945 0.1111110002
41609  29.657  -23.251  69.109 0.1111110002
42509  31.320  -22.172  69.725 0.1111110002
41608  30.521  -22.616  69.116 0.1111110002
42508  32.069  -21.785  70.521 0.1111110002
38866  28.124  -25.484  70.296 0.1111110002
30065  11.784  -35.538  77.616 0.1111110002
31796  12.881  -34.783  79.826 0.1111110002
30035  13.051  -35.581  79.603 0.1111110002
30899  13.639  -35.423  81.425 0.1111110002
30884  14.202  -35.662  83.953 0.1111110002
30871  15.689  -34.620  85.031 0.1111110002
39833  29.099  -24.473  70.163 0.1111110002
27555  7.997  -38.501  85.402 0.1111110002
27556  7.959  -38.676  85.533 0.1111110002
27557  7.704  -38.620  85.430 0.1111110002
27561  8.043  -38.498  85.123 0.1111110002
27562  7.939  -38.763  84.999 0.1111110002
27563  7.484  -38.521  84.729 0.1111110002
27570  8.210  -38.483  84.577 0.1111110002
27581  6.605  -38.733  81.907 0.1111110002
28333  8.845  -37.460  84.929 0.1111110002
28335  7.667  -38.363  85.615 0.1111110002
28340  9.057  -37.442  84.450 0.1111110002
28344  5.085  -37.536  83.422 0.1111110002
28376  7.896  -38.032  81.146 0.1111110002
28378  6.445  -38.552  80.788 0.1111110002
28423  5.261  -37.648  75.630 0.1111110002
29132  8.541  -37.357  85.015 0.1111110002
29133  7.741  -37.819  85.229 0.1111110002
29138  9.118  -36.916  84.683 0.1111110002
29139  8.978  -36.581  85.022 0.1111110002
29149  9.155  -36.952  84.331 0.1111110002
29152  7.755  -36.747  84.708 0.1111110002
29187  6.855  -38.112  79.644 0.1111110002
29226  4.888  -37.706  76.446 0.1111110002
32599  8.595  -32.489  84.668 0.2222220004
32608  8.626  -32.742  84.573 0.2222220004
32616  8.700  -33.039  84.370 0.2222220004
33468  15.070  -31.940  86.806 0.2222220004
33483  8.663  -32.278  84.799 0.2222220004
34283  14.164  -29.991  87.894 0.2222220004
34304  8.608  -31.447  84.294 0.3333329856
35084  13.351  -28.709  88.217 0.2222220004
35086  12.406  -28.678  88.149 0.2222220004
35088  13.097  -29.469  88.174 0.2222220004
35913  13.388  -28.304  88.211 0.2222220004
35914  13.231  -28.102  88.399 0.2222220004
35915  12.627  -28.170  88.415 0.2222220004
35917  13.422  -27.489  88.089 0.1111110002
35918  12.240  -28.351  87.994 0.2222220004
35920  13.468  -28.307  87.012 0.2222220004
35921  13.497  -27.829  86.401 0.2222220004
36782  12.899  -27.461  88.346 0.2222220004
36786  12.284  -27.563  87.670 0.2222220004
36787  11.582  -28.101  87.271 0.2222220004
36788  13.444  -27.526  86.838 0.2222220004
36826  22.795  -26.985  80.377 0.4444440007
36838  26.964  -27.084  78.537 0.5555559993
37765  26.854  -26.886  78.643 0.5555559993
37777  29.930  -26.258  78.216 0.6666669846
37791  28.458  -26.697  77.869 0.4444440007
38762  29.649  -26.279  78.264 0.6666669846
38805  32.069  -25.345  76.123 0.6666669846
39706  32.377  -24.843  76.665 0.6666669846
39722  32.279  -25.111  76.146 0.6666669846
42454  33.277  -21.155  77.693 0.8888890147
43372  33.106  -20.685  78.022 0.8888890147
43380  32.682  -19.697  78.345 0.8888890147
44359  32.361  -19.475  78.375 0.8888890147
45450  35.525  -17.745  71.854 0.7777780294
45452  29.849  -18.331  71.883 0.3333329856
46328  32.438  -16.133  76.810 0.8888890147
46372  36.129  -16.850  72.028 0.7777780294
46375  30.125  -17.605  72.572 0.3333329856
46394  29.970  -17.415  71.632 0.2222220004
47288  31.234  -15.337  76.174 0.8888890147
47300  31.624  -15.077  75.849 0.8888890147
47332  35.850  -16.764  71.420 0.3333329856
47333  30.080  -17.270  71.862 0.2222220004
47397  33.373  -16.745  66.805 0.1111110002
48146  30.066  -15.852  76.273 0.7777780294
48147  29.852  -16.158  76.073 0.7777780294
50042  28.922  -13.564  69.692 0.1111110002
50043  28.906  -13.778  69.499 0.1111110002
50100  32.381  -14.179  63.052 0.1111110002
50965  35.267  -12.601  73.348 0.8888890147
50996  33.325  -11.630  71.514 0.4444440007
52031  38.530  -11.529  72.551 0.8888890147
52067  40.717  -10.510  70.101 0.7777780294
52076  40.842  -10.617  69.904 0.7777780294
53080  39.607  -9.878  71.608 0.7777780294
53143  33.928  -10.279  66.417 0.1111110002
54029  37.543  -9.762  72.958 0.8888890147
54070  35.078  -9.704  69.389 0.3333329856
55047  39.871  -7.762  71.050 0.8888890147
55070  37.579  -8.006  69.176 0.5555559993
55151  41.191  -9.607  60.578 0.3333329856
56117  39.526  -7.316  70.791 0.8888890147
57138  43.970  -6.318  67.489 0.7777780294
57159  44.238  -6.380  66.287 0.7777780294
59909  45.020  -3.840  59.597 0.4444440007
60876  42.897  -2.893  57.674 0.3333329856
60888  43.279  -3.609  57.782 0.3333329856
62517  45.775  0.175  62.341 0.3333329856
62566  43.453  -1.320  57.933 0.3333329856
63407  46.322  0.962  61.979 0.3333329856
63426  46.353  0.853  61.695 0.3333329856
63673  53.487  0.426  36.650 0.1111110002
64286  46.236  1.265  61.881 0.3333329856
64303  46.574  1.426  61.281 0.2222220004
65245  46.885  2.153  61.010 0.2222220004
65252  47.240  2.129  60.366 0.2222220004
65508  52.621  3.014  34.806 0.1111110002
66294  51.330  4.072  50.924 0.1111110002
66304  51.421  3.627  51.000 0.1111110002
66347  52.980  4.541  44.769 0.1111110002
66478  52.817  3.244  34.938 0.1111110002
67241  48.050  4.791  52.970 0.1111110002
67306  52.927  4.528  44.535 0.1111110002
67426  52.979  3.522  35.069 0.1111110002
68162  48.131  6.830  55.122 0.2222220004
68173  47.901  6.474  54.209 0.2222220004
68185  44.898  6.123  52.264 0.1111110002
68225  49.063  5.649  48.791 0.1111110002
69090  46.402  7.128  51.862 0.2222220004
69172  50.602  7.265  45.186 0.1111110002
69203  51.960  6.311  43.134 0.1111110002
69259  51.926  6.177  35.384 0.1111110002
70052  51.095  7.730  46.376 0.2222220004
70095  51.308  7.889  44.628 0.1111110002
105807  13.041  -28.211  82.615 0.1111110002
105810  15.135  -27.169  83.409 0.1111110002
105830  15.096  -25.725  85.912 0.2222220004
105838  14.867  -25.389  85.841 0.2222220004
105840  14.023  -25.147  85.607 0.1111110002
106061  46.937  2.582  55.312 0.1111110002
