#!ascii label  , from subject 3954 vox2ras=TkReg
2136
31780  6.120  -33.982  82.496 0.1111110002
31771  6.144  -33.826  83.792 0.2222220004
31762  5.996  -33.561  84.979 0.4444440007
31802  7.572  -33.814  80.425 0.1111110002
31791  6.687  -34.113  80.879 0.1111110002
31792  6.306  -33.899  81.282 0.1111110002
31814  7.666  -33.238  79.473 0.1111110002
31816  6.616  -33.261  79.586 0.1111110002
31804  6.450  -33.484  80.283 0.1111110002
32644  8.177  -32.778  78.819 0.2222220004
31815  7.064  -33.404  79.393 0.1111110002
32625  6.023  -32.885  82.486 0.3333329856
32617  5.850  -32.692  83.622 0.4444440007
30874  5.487  -34.380  85.910 0.4444440007
31755  5.313  -33.291  85.665 0.4444440007
30869  4.861  -33.865  86.223 0.4444440007
31757  3.777  -33.308  85.214 0.2222220004
32633  6.050  -32.999  81.391 0.1111110002
32645  7.326  -32.900  78.547 0.2222220004
32639  6.111  -32.942  80.423 0.1111110002
32653  8.586  -32.260  77.631 0.2222220004
33505  5.721  -31.772  82.376 0.4444440007
33535  8.490  -31.936  76.475 0.2222220004
32609  5.534  -32.478  84.640 0.4444440007
32600  5.153  -32.223  85.449 0.4444440007
31749  4.215  -33.289  86.000 0.3333329856
32610  3.383  -32.758  84.231 0.3333329856
33506  2.722  -32.106  81.659 0.2222220004
33511  5.822  -32.065  81.416 0.4444440007
32655  6.887  -32.431  77.623 0.2222220004
32646  6.509  -32.715  78.662 0.2222220004
33524  6.072  -32.229  79.830 0.2222220004
34351  9.433  -30.736  75.724 0.2222220004
33534  9.194  -31.395  76.213 0.2222220004
32661  8.506  -32.189  77.000 0.2222220004
33530  6.350  -31.719  77.782 0.3333329856
33523  6.148  -31.758  78.966 0.3333329856
33499  5.528  -31.535  83.440 0.5555559993
34358  9.117  -30.503  74.974 0.2222220004
33543  8.536  -31.448  75.701 0.2222220004
33536  7.542  -31.953  76.447 0.2222220004
33537  6.763  -31.712  76.716 0.3333329856
33493  5.311  -31.402  84.495 0.4444440007
32591  4.256  -32.269  86.040 0.4444440007
35151  10.155  -29.335  74.564 0.2222220004
33494  3.075  -31.839  84.718 0.4444440007
33513  2.311  -31.291  80.772 0.1111110002
33518  5.945  -32.196  80.551 0.4444440007
34331  5.773  -31.464  80.644 0.5555559993
34342  6.241  -30.716  78.178 0.3333329856
34330  5.827  -30.545  80.318 0.5555559993
34324  5.543  -30.144  81.183 0.5555559993
33544  7.672  -31.569  75.819 0.3333329856
33545  7.132  -31.531  76.120 0.2222220004
34347  6.312  -30.765  76.995 0.3333329856
35129  6.085  -29.631  79.651 0.5555559993
34319  5.406  -30.377  82.145 0.6666669846
34353  7.906  -30.997  75.283 0.3333329856
34354  6.828  -30.790  75.697 0.3333329856
35146  6.390  -29.713  76.454 0.5555559993
35141  6.320  -29.739  77.575 0.6666669846
35113  4.979  -29.408  82.670 0.6666669846
33484  5.063  -31.261  85.367 0.6666669846
33476  3.784  -31.547  85.952 0.5555559993
35158  9.814  -29.141  73.642 0.3333329856
35167  8.220  -29.128  73.597 0.4444440007
34305  5.151  -30.411  84.538 0.7777780294
33474  4.673  -31.079  85.796 0.5555559993
36001  10.057  -28.498  73.096 0.6666669846
35165  9.575  -28.784  73.250 0.3333329856
34313  2.780  -31.090  84.402 0.2222220004
34320  2.212  -30.250  82.445 0.2222220004
35135  6.251  -29.706  78.637 0.5555559993
35118  5.457  -29.415  81.475 0.5555559993
35161  7.330  -29.660  74.465 0.5555559993
35153  6.628  -29.512  75.457 0.6666669846
35981  6.392  -28.746  77.148 0.6666669846
35967  6.202  -28.776  79.114 0.5555559993
35959  6.056  -28.647  80.080 0.7777780294
35119  5.218  -29.529  82.041 0.7777780294
35946  4.862  -28.694  82.847 0.6666669846
34293  4.390  -30.606  85.857 0.5555559993
35169  7.213  -29.184  74.345 0.5555559993
35996  6.884  -28.532  75.216 0.7777780294
35989  6.547  -28.648  76.136 0.8888890147
33475  4.228  -31.368  85.921 0.5555559993
34306  2.940  -31.079  85.331 0.4444440007
36009  10.325  -27.838  72.725 0.6666669846
36003  8.443  -28.056  73.151 0.7777780294
36004  7.613  -28.383  73.730 0.7777780294
34314  2.478  -30.453  83.647 0.2222220004
36889  6.521  -27.757  76.836 0.8888890147
36871  6.419  -27.868  77.811 0.7777780294
36854  6.397  -27.965  78.728 0.8888890147
36927  7.512  -27.006  74.570 0.8888890147
36909  6.844  -27.665  75.884 0.8888890147
37785  6.550  -26.925  77.562 0.8888890147
37775  6.582  -27.115  78.492 0.8888890147
36011  9.014  -27.788  72.779 0.6666669846
36946  8.323  -27.028  73.383 0.7777780294
36947  7.721  -27.353  73.968 0.8888890147
37794  6.720  -26.809  76.600 0.8888890147
36964  10.960  -27.229  72.422 0.6666669846
36983  9.899  -26.942  72.289 0.6666669846
36966  9.372  -27.091  72.506 0.7777780294
38820  7.226  -25.837  75.514 0.8888890147
37802  7.086  -26.730  75.713 0.8888890147
37810  7.391  -26.590  75.000 0.8888890147
38803  6.917  -25.888  76.382 0.8888890147
38780  6.748  -26.006  77.347 0.7777780294
37833  8.752  -26.502  72.992 0.7777780294
37847  11.668  -26.298  71.741 0.7777780294
37849  10.475  -26.280  71.923 0.7777780294
37832  9.281  -26.270  72.593 0.7777780294
38850  12.658  -25.748  72.342 0.7777780294
38859  12.208  -25.766  71.439 0.7777780294
37848  11.078  -26.429  71.783 0.7777780294
38843  8.504  -25.873  74.147 0.8888890147
39759  8.044  -25.524  74.896 0.8888890147
39718  7.680  -24.690  75.729 0.7777780294
39719  7.233  -24.947  76.090 0.6666669846
38851  9.553  -25.645  72.483 0.7777780294
38852  9.053  -25.666  73.043 0.8888890147
39798  14.002  -24.343  72.626 0.5555559993
38849  13.239  -24.881  72.503 0.5555559993
38858  12.963  -24.923  71.428 0.7777780294
38869  12.411  -24.927  70.824 0.7777780294
38870  11.705  -25.239  70.949 0.7777780294
38861  10.791  -25.507  71.504 0.7777780294
39814  13.762  -24.289  71.678 0.6666669846
38868  12.909  -24.594  70.742 0.7777780294
39828  12.662  -24.148  70.388 0.7777780294
39773  18.425  -23.820  73.657 0.3333329856
39793  18.216  -23.480  72.884 0.4444440007
40680  9.236  -24.196  73.585 0.8888890147
39757  8.696  -24.684  74.297 0.8888890147
39758  8.383  -24.978  74.654 0.8888890147
39797  14.697  -23.963  72.773 0.4444440007
39778  14.217  -24.375  73.302 0.3333329856
39816  10.289  -24.792  71.861 0.7777780294
39799  9.835  -25.030  72.360 0.8888890147
40668  8.801  -24.096  74.329 0.8888890147
39829  11.876  -24.424  70.628 0.7777780294
39830  11.150  -24.752  71.050 0.8888890147
39827  13.445  -24.071  70.662 0.7777780294
39813  14.616  -23.747  71.889 0.7777780294
39826  14.250  -23.666  71.046 0.7777780294
40735  14.104  -23.439  70.396 0.7777780294
39774  17.423  -23.657  73.718 0.3333329856
39754  16.611  -23.896  74.449 0.2222220004
39811  19.531  -23.554  71.733 0.4444440007
40691  18.823  -23.389  72.061 0.4444440007
39776  15.659  -23.786  73.635 0.3333329856
41561  8.965  -22.851  74.448 0.7777780294
40660  8.479  -23.526  75.027 0.7777780294
40652  8.139  -23.379  75.839 0.6666669846
40710  19.215  -23.377  71.287 0.5555559993
39777  14.788  -24.094  73.628 0.5555559993
39796  15.491  -23.684  72.836 0.5555559993
40717  10.291  -24.173  72.042 0.8888890147
41579  9.909  -23.360  72.917 0.8888890147
41569  9.207  -23.474  73.840 0.7777780294
40695  15.621  -23.487  72.251 0.6666669846
40738  11.357  -23.669  70.867 0.8888890147
40716  10.681  -24.098  71.502 0.8888890147
39812  15.204  -23.619  72.281 0.6666669846
39838  13.078  -23.782  70.109 0.7777780294
40754  12.796  -23.312  69.932 0.8888890147
40737  12.183  -23.581  70.384 0.7777780294
40715  14.919  -23.316  71.147 0.7777780294
40753  13.630  -23.306  69.914 0.7777780294
39794  17.257  -23.398  72.984 0.3333329856
39775  16.509  -23.663  73.700 0.5555559993
41568  9.559  -22.707  73.533 0.7777780294
40711  18.521  -23.299  71.554 0.5555559993
40693  17.051  -23.231  72.257 0.5555559993
40694  16.155  -23.363  72.248 0.5555559993
41578  10.242  -22.715  72.776 0.8888890147
41567  9.925  -22.461  73.190 0.7777780294
40729  19.649  -23.368  70.475 0.5555559993
40730  18.646  -23.123  70.682 0.5555559993
40712  17.767  -23.195  71.459 0.5555559993
40713  16.767  -23.081  71.499 0.5555559993
41590  11.440  -22.638  71.204 0.8888890147
41591  11.057  -22.911  71.579 0.8888890147
40696  10.342  -23.575  72.241 0.8888890147
40747  20.316  -23.435  69.653 0.5555559993
40748  19.306  -22.969  69.611 0.6666669846
40749  18.334  -22.662  69.825 0.6666669846
40750  17.661  -22.356  69.867 0.6666669846
40731  17.511  -22.861  70.556 0.7777780294
40732  16.399  -22.762  70.763 0.7777780294
40714  15.640  -23.270  71.598 0.7777780294
40755  12.308  -22.948  70.172 0.8888890147
41604  11.755  -22.771  70.737 0.8888890147
41605  11.327  -23.105  70.994 0.8888890147
40765  20.172  -22.995  68.733 0.6666669846
40766  19.345  -22.664  68.814 0.6666669846
41613  18.768  -22.337  69.133 0.6666669846
41614  18.075  -22.034  69.379 0.6666669846
41603  15.482  -22.532  70.053 0.7777780294
40752  14.514  -22.938  69.909 0.7777780294
41618  14.166  -22.594  69.347 0.7777780294
41619  13.331  -22.698  69.492 0.7777780294
41657  24.030  -21.729  66.677 0.5555559993
41658  23.446  -22.029  66.401 0.5555559993
41668  22.719  -22.049  65.738 0.7777780294
41659  22.375  -22.501  66.490 0.6666669846
41660  21.342  -22.531  66.544 0.6666669846
41649  20.045  -22.516  67.383 0.6666669846
41630  19.668  -22.590  68.150 0.6666669846
41631  19.026  -22.222  68.420 0.6666669846
41632  18.382  -21.787  68.578 0.7777780294
41661  20.492  -22.418  66.675 0.6666669846
41662  19.806  -22.118  66.782 0.7777780294
42564  19.170  -21.731  66.997 0.7777780294
43411  10.680  -21.451  73.049 0.8888890147
42483  10.067  -22.077  73.247 0.7777780294
42501  11.560  -22.241  71.376 0.8888890147
42502  11.230  -22.273  71.859 0.8888890147
41601  16.946  -22.243  70.123 0.7777780294
42526  12.256  -22.257  70.285 0.8888890147
42513  12.162  -21.812  70.750 0.8888890147
42571  24.834  -20.878  66.470 0.5555559993
42572  24.457  -21.081  65.957 0.5555559993
41633  17.683  -21.551  69.066 0.7777780294
41616  16.572  -21.731  69.508 0.7777780294
41617  15.338  -22.136  69.443 0.7777780294
41636  14.500  -21.911  68.910 0.7777780294
41637  13.682  -22.133  69.056 0.8888890147
42542  13.182  -21.632  69.298 0.8888890147
42563  24.020  -21.522  66.286 0.5555559993
42574  23.122  -21.624  65.239 0.8888890147
41669  21.772  -22.166  65.781 0.8888890147
41650  19.233  -22.061  67.621 0.6666669846
42552  18.947  -21.790  67.435 0.7777780294
42537  17.973  -21.294  68.479 0.8888890147
42524  16.220  -21.498  69.192 0.8888890147
42540  14.822  -21.226  68.650 0.8888890147
42541  13.979  -21.448  68.762 0.8888890147
42575  22.270  -21.667  65.139 0.8888890147
42576  21.190  -21.550  65.248 0.8888890147
41670  20.783  -22.139  66.002 0.8888890147
41671  20.223  -22.091  66.312 0.8888890147
43469  18.172  -20.686  67.209 0.8888890147
42577  19.861  -21.559  65.928 0.8888890147
43410  11.405  -21.208  72.540 0.8888890147
43421  11.933  -21.437  71.620 0.8888890147
43441  12.918  -21.084  69.743 0.8888890147
43431  12.282  -21.325  71.064 0.8888890147
43490  25.074  -20.421  65.881 0.6666669846
43491  24.598  -20.697  65.483 0.6666669846
42538  16.918  -21.155  68.861 0.8888890147
41634  17.156  -21.543  69.276 0.8888890147
43440  13.375  -20.631  69.458 0.8888890147
43502  25.342  -19.767  65.299 0.8888890147
42584  23.739  -21.086  64.928 0.8888890147
42554  17.709  -20.827  68.034 0.8888890147
42555  17.038  -20.561  68.154 0.8888890147
43452  16.358  -20.563  68.393 0.8888890147
43453  15.432  -20.347  68.433 0.7777780294
43454  14.363  -20.683  68.656 0.7777780294
43503  24.592  -20.272  64.801 0.8888890147
43504  23.584  -20.481  64.386 0.8888890147
42585  22.898  -21.154  64.618 0.8888890147
42587  21.300  -20.878  64.760 0.8888890147
43493  19.832  -20.525  65.449 0.7777780294
42578  19.204  -20.807  65.982 0.7777780294
43482  18.594  -20.369  66.416 0.8888890147
43483  18.025  -20.095  66.944 0.8888890147
43492  20.564  -20.907  65.081 0.7777780294
43409  12.098  -20.644  72.135 0.7777780294
44410  11.831  -19.970  73.364 0.4444440007
44434  12.809  -20.489  70.919 0.7777780294
43420  12.401  -20.858  71.339 0.8888890147
45501  26.946  -18.338  66.451 0.4444440007
45502  26.413  -18.832  66.393 0.5555559993
43489  25.579  -19.744  65.937 0.5555559993
44443  13.056  -20.493  70.178 0.8888890147
45521  26.163  -18.727  65.798 0.5555559993
44453  14.635  -19.872  68.639 0.7777780294
44441  14.195  -19.536  69.248 0.7777780294
44506  25.695  -19.168  65.250 0.7777780294
44508  24.816  -19.670  64.366 0.8888890147
43470  17.422  -20.129  67.538 0.8888890147
44466  16.804  -19.508  67.776 0.8888890147
44467  16.023  -19.679  68.209 0.7777780294
44507  25.280  -19.311  64.531 0.8888890147
44526  23.853  -19.193  63.678 0.8888890147
43505  22.679  -20.321  64.281 0.8888890147
43506  21.817  -20.360  64.483 0.7777780294
43507  21.093  -20.313  64.747 0.7777780294
44492  20.407  -19.621  65.378 0.7777780294
44493  19.704  -19.747  65.614 0.7777780294
44494  18.832  -19.673  66.109 0.7777780294
44495  18.271  -19.397  66.426 0.7777780294
44482  17.684  -19.465  66.939 0.7777780294
44465  17.293  -19.621  67.410 0.8888890147
44425  12.721  -20.205  71.681 0.5555559993
44416  12.473  -19.939  72.695 0.4444440007
46469  27.788  -17.325  66.818 0.2222220004
45475  13.986  -19.358  70.098 0.4444440007
44442  13.588  -19.971  69.752 0.6666669846
45520  26.531  -17.899  65.421 0.6666669846
45482  14.869  -19.120  68.844 0.6666669846
45543  25.888  -18.315  64.616 0.7777780294
45559  25.366  -18.365  63.834 0.8888890147
45490  16.722  -18.597  67.742 0.7777780294
45491  16.122  -19.055  68.137 0.7777780294
44452  15.434  -19.466  68.443 0.6666669846
45560  24.432  -18.256  63.271 0.8888890147
45561  23.533  -18.319  63.471 0.8888890147
44528  22.382  -19.281  64.232 0.7777780294
44510  21.722  -19.658  64.537 0.7777780294
45547  20.918  -19.381  65.332 0.7777780294
45524  20.366  -19.201  65.748 0.7777780294
45525  19.424  -19.157  66.062 0.7777780294
45526  18.649  -19.046  66.278 0.7777780294
45527  18.013  -19.020  66.407 0.7777780294
45508  17.221  -18.977  67.290 0.6666669846
47325  20.301  -17.054  71.585 0.3333329856
47326  19.034  -16.818  72.001 0.2222220004
47328  17.326  -17.388  72.216 0.1111110002
46400  16.301  -17.616  71.858 0.1111110002
46385  15.456  -17.944  72.564 0.1111110002
45444  14.502  -18.492  72.828 0.2222220004
46415  21.444  -17.467  69.836 0.1111110002
47337  20.555  -17.137  70.438 0.3333329856
47338  19.458  -16.875  70.932 0.3333329856
47352  18.646  -16.851  70.328 0.2222220004
47353  17.618  -17.088  70.585 0.2222220004
46416  16.120  -17.536  71.032 0.2222220004
46417  15.513  -17.797  70.646 0.1111110002
46402  14.917  -18.171  71.145 0.2222220004
45454  14.340  -18.587  71.749 0.2222220004
44424  13.221  -19.595  72.040 0.3333329856
47399  28.121  -16.334  66.991 0.2222220004
46414  22.248  -17.617  70.171 0.1111110002
47351  19.752  -16.841  69.948 0.3333329856
47354  16.763  -17.323  70.743 0.2222220004
45455  13.831  -19.175  71.416 0.3333329856
48242  27.857  -15.355  66.800 0.3333329856
46485  27.204  -17.115  65.781 0.4444440007
46443  23.090  -17.487  68.448 0.1111110002
46430  22.228  -17.569  69.174 0.2222220004
47362  20.716  -17.372  68.605 0.2222220004
47363  19.915  -16.957  68.993 0.3333329856
47364  18.880  -16.800  69.404 0.2222220004
47379  17.214  -17.116  68.984 0.2222220004
46447  16.373  -17.449  69.215 0.2222220004
46433  15.518  -17.895  69.697 0.2222220004
46434  14.894  -18.393  69.845 0.3333329856
45466  13.905  -19.276  70.732 0.3333329856
47413  26.855  -16.346  65.233 0.4444440007
45542  26.279  -17.672  64.912 0.6666669846
47401  23.700  -17.481  66.056 0.5555559993
47388  24.021  -17.275  67.015 0.4444440007
46471  21.760  -18.553  66.644 0.4444440007
46457  22.017  -18.036  67.426 0.4444440007
46446  20.658  -17.727  67.756 0.4444440007
47376  19.985  -17.389  68.072 0.5555559993
47391  18.033  -17.171  68.104 0.4444440007
47392  17.501  -17.163  68.469 0.4444440007
46448  15.906  -18.032  68.760 0.5555559993
45473  15.186  -18.482  69.164 0.5555559993
45474  14.558  -18.911  69.589 0.6666669846
47414  26.435  -16.490  64.629 0.6666669846
45558  25.734  -18.113  64.074 0.7777780294
46502  23.150  -17.597  64.746 0.7777780294
46486  22.776  -18.075  65.781 0.6666669846
46487  21.834  -18.748  65.908 0.6666669846
46458  21.065  -18.144  67.330 0.6666669846
46473  19.609  -18.162  66.725 0.6666669846
46461  18.077  -17.571  67.280 0.5555559993
45489  17.363  -18.220  67.277 0.5555559993
47425  26.119  -16.738  64.079 0.7777780294
46515  25.799  -17.571  63.899 0.8888890147
45578  23.971  -17.810  62.955 0.8888890147
46518  23.299  -17.789  63.586 0.8888890147
46519  23.170  -17.507  63.956 0.7777780294
45545  22.614  -18.469  64.559 0.7777780294
45503  20.966  -18.799  66.148 0.6666669846
45504  19.993  -18.678  66.256 0.6666669846
45505  19.100  -18.606  66.418 0.7777780294
45506  18.317  -18.568  66.511 0.7777780294
46475  17.938  -18.134  66.781 0.5555559993
46530  24.769  -16.778  62.800 0.8888890147
48241  28.345  -15.681  67.277 0.1111110002
47408  27.249  -16.128  65.722 0.4444440007
48265  26.536  -15.593  64.922 0.5555559993
48275  26.157  -15.668  64.100 0.5555559993
47409  23.699  -17.012  65.216 0.7777780294
47426  25.714  -16.531  63.487 0.7777780294
47427  23.283  -16.482  64.081 0.7777780294
48276  25.575  -15.427  63.282 0.8888890147
47435  25.171  -16.296  62.856 0.8888890147
47437  23.770  -16.313  62.653 0.8888890147
47438  23.238  -16.328  63.280 0.8888890147
48277  22.708  -15.529  63.702 0.7777780294
49133  27.957  -14.430  67.129 0.2222220004
49141  27.492  -14.451  66.461 0.4444440007
48254  27.328  -15.355  66.070 0.4444440007
49135  23.787  -14.665  66.893 0.3333329856
49152  26.877  -14.432  65.672 0.4444440007
49142  22.990  -15.115  65.837 0.5555559993
49168  26.319  -14.463  64.869 0.5555559993
48255  23.210  -15.807  65.146 0.6666669846
48256  22.596  -15.223  64.855 0.5555559993
49179  25.818  -14.437  63.893 0.6666669846
48266  22.985  -15.688  64.418 0.6666669846
48267  22.183  -15.107  64.298 0.6666669846
48286  24.884  -15.309  62.732 0.8888890147
48287  24.100  -15.296  62.437 0.8888890147
48278  21.941  -14.806  63.493 0.7777780294
49190  24.491  -14.270  62.688 0.8888890147
49191  23.689  -14.270  62.435 1.0000000000
48289  22.460  -15.039  62.901 1.0000000000
50052  23.615  -13.903  68.380 0.2222220004
51047  27.994  -13.452  67.220 0.2222220004
50059  23.542  -14.003  67.756 0.3333329856
50066  27.778  -13.757  66.871 0.2222220004
49136  22.823  -14.116  66.867 0.4444440007
50076  27.301  -13.598  66.184 0.3333329856
49143  22.609  -14.301  66.311 0.4444440007
50077  26.812  -13.425  65.589 0.4444440007
49154  22.684  -15.129  65.247 0.5555559993
49155  21.906  -14.477  65.225 0.6666669846
50088  26.452  -13.418  65.107 0.5555559993
49169  21.414  -14.523  64.080 0.8888890147
49181  21.345  -14.026  63.234 1.0000000000
50101  26.031  -13.455  64.411 0.7777780294
49180  25.174  -14.354  63.224 0.8888890147
48290  21.850  -14.422  62.963 1.0000000000
49194  21.686  -13.969  62.823 1.0000000000
50103  21.126  -13.570  63.008 1.0000000000
50115  24.876  -13.362  63.091 1.0000000000
50116  24.151  -13.214  62.611 1.0000000000
49192  22.860  -14.262  62.500 1.0000000000
49193  22.139  -14.068  62.679 1.0000000000
50036  23.250  -13.344  69.798 0.1111110002
50045  23.661  -13.861  69.189 0.2222220004
51035  23.024  -13.636  68.763 0.2222220004
50060  22.698  -13.811  67.527 0.3333329856
50067  22.109  -13.616  66.789 0.4444440007
50078  21.868  -13.818  66.117 0.6666669846
50068  21.580  -13.254  66.382 0.6666669846
51059  27.831  -13.253  66.705 0.2222220004
50079  21.218  -13.346  65.650 0.6666669846
51071  27.260  -12.729  65.687 0.3333329856
49156  21.111  -13.776  65.037 0.6666669846
49170  20.990  -13.949  64.414 0.7777780294
50089  20.689  -13.124  64.668 0.8888890147
51072  26.750  -13.008  65.324 0.5555559993
49182  21.000  -14.009  63.782 0.8888890147
50104  20.790  -13.244  63.468 1.0000000000
51084  26.525  -12.829  64.864 0.8888890147
50120  20.894  -12.676  62.626 1.0000000000
50102  25.507  -13.442  63.639 1.0000000000
50119  21.566  -13.300  62.565 1.0000000000
51097  25.324  -12.888  63.312 1.0000000000
50117  23.342  -13.392  62.398 1.0000000000
50118  22.564  -13.403  62.378 1.0000000000
51024  22.803  -13.214  69.420 0.1111110002
51036  22.160  -13.124  68.602 0.3333329856
51058  28.243  -12.839  66.716 0.2222220004
50090  20.483  -12.667  64.031 1.0000000000
51070  28.257  -12.486  65.864 0.2222220004
52116  27.755  -12.377  65.346 0.3333329856
52129  27.282  -12.230  65.055 0.6666669846
52146  27.260  -11.980  64.383 0.7777780294
50105  20.530  -12.469  63.605 1.0000000000
51083  26.728  -12.319  64.668 0.7777780294
51095  26.568  -12.145  63.741 1.0000000000
51096  25.953  -12.673  63.801 1.0000000000
51111  25.816  -12.326  62.926 1.0000000000
51114  21.275  -12.416  62.053 1.0000000000
51112  24.887  -12.573  62.821 1.0000000000
50131  23.754  -12.733  62.371 1.0000000000
50132  23.180  -12.763  62.136 1.0000000000
50133  22.404  -12.734  62.025 1.0000000000
50134  21.812  -12.558  61.875 1.0000000000
51012  22.724  -12.691  70.468 0.1111110002
51025  22.050  -12.571  69.739 0.2222220004
52082  21.280  -12.056  69.188 0.2222220004
52083  20.876  -11.684  68.494 0.1111110002
52093  21.301  -12.375  68.315 0.2222220004
52094  20.840  -11.791  67.770 0.2222220004
51060  21.609  -13.040  66.775 0.6666669846
51061  20.994  -12.562  66.524 0.6666669846
51049  20.941  -12.238  67.227 0.5555559993
52104  20.561  -11.595  66.972 0.5555559993
52117  20.388  -11.545  66.025 0.5555559993
51073  20.586  -12.390  65.410 0.6666669846
51085  20.467  -12.233  64.520 0.6666669846
52128  27.916  -12.105  64.874 0.3333329856
51086  20.439  -12.159  63.911 0.7777780294
51099  20.478  -12.140  63.549 1.0000000000
52147  20.402  -11.313  63.228 1.0000000000
51128  25.040  -12.177  62.154 1.0000000000
51147  24.559  -12.208  61.395 1.0000000000
51129  23.995  -12.256  62.091 1.0000000000
51098  20.500  -12.151  63.068 1.0000000000
52163  20.573  -11.349  62.455 1.0000000000
51130  23.067  -12.354  61.554 1.0000000000
51131  22.283  -12.279  61.358 1.0000000000
51132  21.571  -12.070  61.306 1.0000000000
51133  21.089  -11.916  61.653 1.0000000000
53182  20.500  -10.603  62.789 1.0000000000
52176  20.921  -11.337  61.636 1.0000000000
53197  20.764  -10.622  61.926 1.0000000000
53128  20.565  -10.728  67.428 0.3333329856
52130  20.397  -11.432  64.935 0.5555559993
52145  28.173  -11.985  64.065 0.5555559993
52131  20.407  -11.668  64.165 1.0000000000
53156  20.368  -11.116  64.243 0.8888890147
52162  27.425  -12.015  63.443 0.5555559993
51110  26.705  -12.146  62.767 0.6666669846
51146  25.392  -12.336  61.206 0.8888890147
51148  23.814  -12.188  60.974 1.0000000000
51149  22.880  -12.122  60.567 1.0000000000
51150  22.085  -11.964  60.732 1.0000000000
52189  21.192  -11.217  61.088 1.0000000000
53137  20.432  -10.643  66.544 0.4444440007
54105  20.570  -9.811  66.087 0.4444440007
53146  20.390  -10.603  65.563 0.4444440007
53155  20.427  -10.558  64.628 0.6666669846
53168  20.414  -10.645  63.719 0.8888890147
52161  28.388  -12.114  63.070 0.5555559993
52160  29.394  -12.113  62.476 0.2222220004
51108  28.483  -12.326  62.229 0.3333329856
51109  27.660  -12.192  62.479 0.5555559993
51126  27.009  -12.280  61.761 0.6666669846
51124  28.909  -12.510  61.507 0.3333329856
51125  27.978  -12.464  61.575 0.3333329856
51144  27.378  -12.669  60.786 0.6666669846
51145  26.359  -12.523  60.985 0.7777780294
52186  29.609  -11.854  60.351 0.3333329856
51142  29.155  -12.390  60.619 0.3333329856
51143  28.364  -12.664  60.701 0.3333329856
51164  24.814  -12.591  60.242 1.0000000000
51160  28.743  -12.511  59.857 0.3333329856
51161  27.848  -12.804  59.879 0.4444440007
51162  26.665  -12.847  59.781 0.8888890147
51163  25.771  -12.679  60.259 0.8888890147
50167  25.159  -12.857  59.519 1.0000000000
51165  23.786  -12.481  59.793 1.0000000000
51166  22.939  -12.081  59.468 1.0000000000
52204  22.093  -11.223  59.888 1.0000000000
53213  21.515  -10.589  60.357 1.0000000000
54148  20.942  -9.951  61.442 0.8888890147
52202  28.721  -12.288  59.306 0.3333329856
51175  28.263  -12.554  59.209 0.5555559993
50165  26.157  -12.914  59.263 1.0000000000
50166  25.592  -12.925  59.261 1.0000000000
54157  21.435  -9.805  60.286 1.0000000000
54158  21.135  -9.956  60.904 0.8888890147
55158  21.160  -9.459  60.959 0.8888890147
51194  27.992  -12.434  58.574 0.7777780294
51196  26.507  -12.679  58.037 1.0000000000
51177  26.687  -12.846  58.793 0.8888890147
51179  24.858  -12.879  58.921 1.0000000000
51180  23.781  -12.260  58.629 1.0000000000
52221  22.976  -11.160  58.503 1.0000000000
53248  22.557  -10.516  58.852 1.0000000000
53249  22.229  -10.051  59.171 1.0000000000
52237  28.167  -11.981  57.838 0.8888890147
51195  27.342  -12.514  58.171 0.8888890147
51198  24.756  -12.344  57.735 1.0000000000
52220  23.472  -11.580  58.204 1.0000000000
54176  22.587  -9.646  58.799 1.0000000000
54114  20.615  -9.811  65.139 0.5555559993
54122  20.620  -9.831  64.184 0.7777780294
54131  20.600  -9.851  63.214 0.8888890147
53212  30.840  -10.862  60.253 0.2222220004
52173  30.299  -11.361  60.863 0.2222220004
52174  29.635  -11.906  61.323 0.2222220004
54139  20.737  -9.886  62.276 0.8888890147
52185  30.062  -11.377  59.849 0.3333329856
55148  21.025  -9.195  61.661 0.8888890147
53230  30.581  -11.007  59.286 0.2222220004
53247  30.368  -11.142  58.529 0.3333329856
52201  29.242  -11.923  59.437 0.3333329856
55168  21.877  -9.061  59.776 1.0000000000
52200  29.915  -11.485  58.918 0.4444440007
52218  29.147  -11.729  58.417 0.4444440007
52219  28.593  -12.141  58.783 0.6666669846
52236  29.147  -11.582  57.486 0.6666669846
52238  27.473  -12.243  57.589 1.0000000000
51216  26.429  -12.349  57.358 1.0000000000
51218  25.170  -11.848  57.040 1.0000000000
52240  23.809  -11.083  57.564 1.0000000000
52241  23.353  -11.115  58.067 1.0000000000
54189  22.899  -9.920  58.261 1.0000000000
52258  27.328  -11.988  56.912 1.0000000000
52259  26.392  -11.955  56.738 1.0000000000
52239  24.525  -11.614  57.251 1.0000000000
52262  24.406  -11.005  56.921 1.0000000000
54188  23.506  -9.621  57.768 1.0000000000
55115  21.690  -8.668  64.880 0.5555559993
55127  21.025  -9.189  63.687 0.7777780294
53229  31.370  -10.580  59.568 0.1111110002
55137  20.953  -9.158  62.678 0.8888890147
55147  21.350  -8.436  62.072 0.7777780294
53246  30.938  -10.706  58.601 0.3333329856
55157  21.679  -8.488  60.675 0.8888890147
52217  29.868  -11.455  58.049 0.6666669846
55167  22.680  -8.325  59.646 0.8888890147
55156  22.294  -8.186  60.217 0.8888890147
53265  30.438  -10.991  57.814 0.4444440007
55190  23.956  -8.503  58.065 1.0000000000
55191  23.111  -9.270  58.270 1.0000000000
55166  23.237  -8.093  59.346 1.0000000000
52235  29.903  -11.340  57.217 0.6666669846
52257  28.475  -11.692  56.765 0.8888890147
52260  25.800  -11.667  56.535 1.0000000000
53281  24.757  -10.487  56.513 1.0000000000
52277  27.935  -11.568  55.893 1.0000000000
52279  25.735  -11.119  55.956 1.0000000000
53303  25.144  -10.390  56.137 1.0000000000
55126  21.554  -8.628  64.143 0.5555559993
53228  32.049  -10.130  59.887 0.1111110002
56205  22.016  -8.044  63.687 0.6666669846
55136  21.431  -8.546  63.170 0.7777780294
53245  31.841  -10.243  58.712 0.2222220004
56215  21.968  -7.961  62.665 0.7777780294
56235  22.641  -7.790  60.401 0.7777780294
56236  22.181  -7.854  60.961 0.8888890147
56226  22.001  -7.886  61.627 0.7777780294
56254  24.106  -7.770  58.693 0.7777780294
56244  23.594  -7.699  59.412 0.7777780294
56245  23.084  -7.772  59.863 0.6666669846
53264  31.132  -10.527  57.672 0.2222220004
54199  24.474  -9.611  56.794 1.0000000000
55176  23.416  -8.195  58.973 1.0000000000
53280  30.443  -10.898  56.820 0.4444440007
52255  29.912  -11.216  56.570 0.5555559993
52256  29.338  -11.424  56.649 0.7777780294
54220  25.027  -9.916  56.209 1.0000000000
52276  28.880  -11.424  55.951 0.8888890147
52299  26.861  -10.867  55.028 1.0000000000
53302  25.550  -10.351  55.688 1.0000000000
56193  22.146  -8.250  64.601 0.4444440007
56191  23.521  -7.399  63.569 0.3333329856
54164  32.658  -9.797  59.426 0.1111110002
56214  22.680  -7.541  62.160 0.3333329856
56225  22.674  -7.497  61.245 0.3333329856
54175  32.707  -9.805  58.303 0.2222220004
56233  24.346  -7.164  59.795 0.4444440007
57265  24.150  -7.125  60.392 0.3333329856
56224  23.434  -7.261  60.779 0.3333329856
56263  24.852  -7.992  57.887 0.7777780294
56264  24.470  -7.942  58.314 0.5555559993
52274  30.100  -11.033  56.249 0.3333329856
55224  25.062  -9.209  56.502 1.0000000000
55204  24.832  -8.534  57.209 0.8888890147
52296  29.232  -11.138  55.433 0.8888890147
52297  28.553  -11.175  55.210 0.8888890147
52298  27.608  -11.102  55.064 1.0000000000
55223  25.392  -8.532  56.312 1.0000000000
54163  33.483  -9.506  58.989 0.1111110002
57243  25.220  -6.749  62.177 0.2222220004
57253  25.196  -6.811  61.220 0.3333329856
57244  24.341  -6.976  61.918 0.3333329856
56213  23.477  -7.239  61.617 0.3333329856
57254  24.306  -7.082  61.034 0.3333329856
53263  31.964  -10.104  57.488 0.3333329856
53279  31.267  -10.439  56.564 0.3333329856
56253  24.896  -7.630  58.627 0.5555559993
57287  25.094  -7.299  59.089 0.4444440007
53299  30.350  -10.780  55.663 0.5555559993
56252  25.347  -7.568  58.209 0.6666669846
53300  29.659  -10.984  55.435 0.7777780294
53322  28.247  -10.686  54.523 0.8888890147
53323  27.348  -10.305  54.422 1.0000000000
53324  26.489  -10.313  54.847 1.0000000000
55243  25.974  -8.789  55.254 0.8888890147
55203  25.239  -8.331  56.834 0.7777780294
53340  28.616  -10.176  54.036 0.8888890147
53341  27.981  -10.207  54.143 0.8888890147
54239  26.738  -9.504  54.443 1.0000000000
57263  26.000  -6.717  60.486 0.2222220004
57275  25.821  -6.780  59.623 0.4444440007
56262  25.445  -7.664  57.560 0.7777780294
57286  25.531  -7.159  58.877 0.4444440007
30870  4.530  -34.057  86.001 0.4444440007
31748  4.788  -32.852  86.083 0.4444440007
31750  3.804  -32.929  85.669 0.4444440007
32654  7.735  -32.580  77.703 0.2222220004
33529  8.761  -32.052  77.057 0.2222220004
32647  6.234  -32.758  79.559 0.2222220004
33528  9.270  -31.689  77.242 0.2222220004
32601  3.547  -32.514  85.250 0.4444440007
33500  2.915  -31.629  83.234 0.2222220004
33501  2.517  -30.832  82.790 0.2222220004
33507  2.447  -31.061  81.990 0.1111110002
32662  8.059  -32.365  76.953 0.2222220004
32663  7.350  -32.301  77.002 0.2222220004
34325  5.630  -31.060  81.308 0.5555559993
33542  9.040  -31.199  75.680 0.2222220004
34352  8.739  -30.927  75.302 0.2222220004
34336  6.117  -30.634  79.243 0.5555559993
33517  6.008  -31.461  79.890 0.5555559993
35159  9.092  -29.812  74.167 0.2222220004
34359  8.375  -30.499  74.718 0.3333329856
35160  7.952  -29.869  74.167 0.4444440007
32590  4.738  -31.866  85.948 0.5555559993
32592  3.823  -32.416  85.823 0.5555559993
35166  9.066  -28.956  73.375 0.3333329856
35152  9.694  -29.979  75.213 0.2222220004
34318  5.380  -29.980  81.558 0.5555559993
34312  5.249  -30.429  83.459 0.6666669846
34361  6.937  -29.984  74.924 0.4444440007
34360  7.481  -30.374  74.775 0.4444440007
35974  6.307  -28.791  78.155 0.5555559993
35107  4.996  -29.368  83.586 0.5555559993
34297  4.896  -30.510  85.502 0.5555559993
35168  7.495  -29.180  73.994 0.5555559993
34326  2.088  -30.319  81.275 0.1111110002
36002  9.302  -28.380  72.986 0.5555559993
36010  9.690  -27.882  72.653 0.6666669846
35124  5.821  -29.509  80.587 0.5555559993
35954  5.920  -28.715  80.960 0.6666669846
35162  6.978  -29.256  74.744 0.7777780294
35960  6.222  -27.925  80.150 0.7777780294
35112  5.327  -28.843  82.127 0.7777780294
34298  4.594  -29.978  85.604 0.4444440007
36005  7.190  -28.578  74.379 0.7777780294
36928  7.280  -27.560  74.868 0.7777780294
34300  2.947  -30.441  85.775 0.5555559993
33485  3.428  -31.697  85.552 0.5555559993
36982  10.328  -26.848  72.176 0.6666669846
36000  10.714  -27.996  73.244 0.4444440007
36965  10.099  -27.345  72.408 0.6666669846
36012  8.726  -27.756  72.928 0.7777780294
36948  7.346  -27.949  74.165 0.7777780294
36835  6.312  -27.993  79.548 0.7777780294
37762  6.593  -27.314  79.304 0.8888890147
36967  8.735  -27.387  72.893 0.7777780294
37818  8.518  -26.366  73.647 0.8888890147
36981  10.714  -26.728  72.037 0.6666669846
37850  9.851  -26.403  72.250 0.7777780294
39737  7.736  -25.197  75.304 0.7777780294
38835  7.700  -25.913  74.935 0.8888890147
38842  8.720  -25.810  73.625 0.8888890147
37809  7.769  -26.542  74.499 0.8888890147
37819  8.225  -26.545  74.068 0.8888890147
38860  11.454  -25.798  71.384 0.7777780294
38862  10.114  -25.630  72.010 0.7777780294
38871  11.266  -25.338  71.186 0.7777780294
38834  8.166  -25.922  74.575 0.8888890147
39780  8.629  -25.422  74.078 0.8888890147
40653  7.752  -24.103  76.136 0.6666669846
39736  7.992  -24.632  75.455 0.7777780294
39800  9.391  -24.832  72.983 0.8888890147
39779  8.844  -24.958  73.822 0.8888890147
39815  10.703  -24.807  71.418 0.8888890147
40736  12.606  -23.704  70.203 0.7777780294
40669  8.470  -24.180  74.838 0.8888890147
40661  8.195  -24.130  75.325 0.8888890147
40697  9.908  -24.213  72.622 0.8888890147
40698  9.522  -24.213  73.133 0.8888890147
40679  9.540  -23.667  73.286 0.8888890147
39839  12.831  -23.766  70.117 0.7777780294
39795  16.350  -23.490  72.962 0.5555559993
41551  7.797  -23.266  76.531 0.6666669846
41620  12.667  -22.430  69.767 0.8888890147
40734  14.713  -23.159  70.530 0.7777780294
40692  17.964  -23.309  72.218 0.5555559993
41560  9.216  -22.580  74.010 0.5555559993
42477  9.280  -22.178  74.107 0.5555559993
42484  9.627  -22.138  73.644 0.6666669846
42492  10.864  -22.071  72.457 0.8888890147
41602  16.019  -22.320  70.123 0.7777780294
40733  15.458  -22.856  70.624 0.7777780294
41621  12.257  -22.602  70.239 0.8888890147
40774  20.361  -22.791  67.919 0.6666669846
40751  15.097  -22.739  70.094 0.7777780294
41638  13.188  -22.235  69.344 0.8888890147
41667  23.254  -21.806  65.745 0.7777780294
41648  20.851  -22.735  67.286 0.6666669846
41651  18.760  -21.924  68.080 0.6666669846
42536  18.260  -21.536  68.257 0.7777780294
43402  10.226  -21.296  73.537 0.5555559993
42491  11.409  -21.854  71.985 0.8888890147
41615  17.378  -21.866  69.575 0.7777780294
42525  12.494  -21.678  70.038 0.8888890147
42583  24.252  -20.964  65.338 0.7777780294
42523  16.577  -21.451  69.192 0.8888890147
41635  15.086  -21.647  68.886 0.8888890147
42539  15.725  -21.217  68.817 0.8888890147
43456  13.262  -21.075  69.329 0.8888890147
42573  23.748  -21.449  65.687 0.8888890147
42565  18.869  -21.144  66.663 0.8888890147
42553  18.498  -21.514  67.712 0.7777780294
42586  21.991  -21.066  64.625 0.8888890147
43401  10.970  -20.555  73.442 0.7777780294
44417  11.757  -20.444  72.864 0.7777780294
43430  12.544  -21.152  70.535 0.8888890147
43480  25.579  -20.074  66.518 0.7777780294
44454  13.868  -20.227  68.986 0.7777780294
43455  13.613  -20.945  68.962 0.8888890147
43471  16.782  -20.155  67.993 0.8888890147
43472  16.278  -20.042  68.153 0.7777780294
43518  24.149  -19.867  64.098 0.8888890147
43519  23.419  -19.872  64.010 0.8888890147
43494  19.187  -20.233  65.851 0.7777780294
44481  18.250  -19.807  66.531 0.8888890147
44433  13.361  -19.798  70.845 0.5555559993
44480  26.088  -19.397  66.584 0.4444440007
44491  25.780  -19.283  65.831 0.6666669846
44524  25.252  -18.944  64.102 0.7777780294
43517  24.584  -19.779  64.281 0.8888890147
44483  17.256  -19.379  67.364 0.7777780294
44525  24.755  -19.227  63.944 0.8888890147
44509  22.284  -19.803  64.273 0.8888890147
44527  22.951  -19.341  63.934 0.8888890147
44511  20.881  -19.738  64.969 0.7777780294
43508  20.484  -20.291  65.038 0.7777780294
44512  20.221  -19.970  65.230 0.7777780294
46500  26.594  -17.156  65.071 0.6666669846
46463  16.219  -18.376  68.219 0.6666669846
45481  15.594  -18.738  68.550 0.5555559993
45562  22.821  -18.530  63.972 0.7777780294
45563  22.224  -19.024  64.440 0.7777780294
45546  21.684  -19.147  64.946 0.7777780294
45523  21.324  -19.037  65.568 0.7777780294
45507  17.688  -18.713  66.800 0.6666669846
47339  18.299  -16.940  71.273 0.2222220004
47327  17.901  -17.089  72.183 0.1111110002
47341  16.597  -17.474  71.278 0.1111110002
47340  17.212  -17.333  71.540 0.1111110002
46401  15.511  -17.823  71.538 0.1111110002
46386  14.889  -18.129  71.979 0.1111110002
46398  21.386  -17.406  70.933 0.1111110002
47365  17.883  -16.988  69.681 0.2222220004
47366  16.963  -17.165  69.883 0.2222220004
46432  16.158  -17.446  70.183 0.2222220004
46418  15.017  -18.161  70.366 0.2222220004
45465  14.410  -18.738  70.602 0.3333329856
47400  27.652  -16.279  66.318 0.3333329856
46431  21.446  -17.474  68.892 0.2222220004
47350  20.696  -17.200  69.463 0.3333329856
46444  22.162  -17.650  68.248 0.3333329856
46445  21.278  -17.678  68.022 0.2222220004
47375  20.700  -17.539  68.119 0.5555559993
47377  18.991  -16.922  68.491 0.3333329856
47390  18.982  -17.239  67.708 0.3333329856
47378  18.058  -17.004  68.854 0.4444440007
46501  26.206  -17.339  64.514 0.6666669846
46470  22.919  -18.006  66.749 0.4444440007
46456  22.989  -17.767  67.605 0.3333329856
46459  20.107  -17.854  67.315 0.6666669846
47389  19.584  -17.510  67.546 0.5555559993
46460  19.177  -17.655  67.155 0.5555559993
46462  16.897  -17.564  68.075 0.4444440007
47415  23.386  -16.483  64.661 0.7777780294
45522  22.271  -18.617  65.258 0.7777780294
46472  20.577  -18.406  66.741 0.5555559993
46474  18.681  -18.057  66.731 0.6666669846
46516  25.075  -17.372  63.118 0.8888890147
46517  24.530  -17.655  62.965 0.8888890147
46532  23.611  -17.301  63.117 0.8888890147
46533  23.406  -17.234  63.503 0.7777780294
46531  24.297  -17.171  62.809 0.8888890147
47436  24.503  -16.217  62.610 0.8888890147
48264  26.898  -15.491  65.475 0.5555559993
48243  24.030  -16.139  65.971 0.4444440007
49153  26.576  -13.877  65.332 0.5555559993
48288  23.290  -15.289  62.594 1.0000000000
50053  22.976  -13.839  68.228 0.3333329856
51048  21.576  -12.848  67.453 0.4444440007
51113  24.179  -12.566  62.485 1.0000000000
51115  20.771  -12.015  62.202 1.0000000000
51127  26.010  -12.170  62.005 0.7777780294
52188  21.631  -11.307  60.561 1.0000000000
53214  21.130  -10.607  60.995 1.0000000000
52187  22.319  -11.689  60.067 1.0000000000
52203  22.477  -11.266  59.277 1.0000000000
53232  21.987  -10.605  59.661 1.0000000000
51176  27.491  -12.772  59.032 0.6666669846
51178  25.903  -12.901  58.665 1.0000000000
51181  23.065  -11.744  58.774 1.0000000000
53231  22.336  -10.804  59.263 1.0000000000
54166  21.967  -9.742  59.515 1.0000000000
51215  27.017  -12.390  57.575 1.0000000000
51197  25.671  -12.676  57.920 1.0000000000
51199  24.018  -11.857  57.824 1.0000000000
53267  23.209  -10.549  58.031 1.0000000000
54165  22.349  -9.214  59.254 0.8888890147
53266  23.681  -10.296  57.494 1.0000000000
55177  22.965  -8.838  58.789 1.0000000000
52261  25.084  -11.248  56.595 1.0000000000
54200  23.917  -9.802  57.233 1.0000000000
55205  24.093  -9.172  57.375 1.0000000000
52278  26.719  -11.478  55.852 1.0000000000
53301  26.203  -10.804  55.361 1.0000000000
56234  23.519  -7.398  60.082 0.5555559993
55189  24.547  -8.307  57.730 1.0000000000
54219  25.430  -9.430  55.805 1.0000000000
56204  22.723  -7.672  63.149 0.3333329856
57264  25.002  -6.773  60.289 0.4444440007
57276  25.095  -6.995  59.478 0.4444440007
56243  24.568  -7.400  59.183 0.4444440007
56277  25.164  -8.005  57.408 0.8888890147
54240  25.954  -9.808  55.115 1.0000000000
57252  26.068  -6.689  61.411 0.2222220004
53321  29.364  -10.751  54.746 0.8888890147
54238  27.274  -9.786  54.214 1.0000000000
56276  25.408  -7.932  56.872 0.7777780294
34299  3.368  -30.705  85.930 0.4444440007
34294  3.754  -30.642  86.050 0.4444440007
35100  4.929  -29.470  84.736 0.3333329856
35095  3.242  -29.861  86.497 0.2222220004
35925  3.418  -29.042  85.929 0.2222220004
35094  3.990  -29.719  85.905 0.2222220004
35944  5.945  -28.461  82.632 0.6666669846
35938  5.573  -28.533  83.539 0.3333329856
35951  6.052  -28.170  81.226 0.6666669846
35955  6.103  -28.085  80.683 0.6666669846
35932  4.654  -28.765  85.170 0.2222220004
35937  6.032  -28.271  83.023 0.3333329856
36817  6.107  -28.006  81.581 0.6666669846
36824  6.313  -27.583  80.528 0.6666669846
35931  5.143  -28.611  84.433 0.3333329856
36804  6.107  -27.862  83.556 0.3333329856
36810  6.164  -27.819  82.090 0.6666669846
37755  6.532  -26.954  80.616 0.6666669846
37750  6.408  -26.876  81.479 0.6666669846
36836  6.487  -27.437  79.998 0.6666669846
38730  6.633  -26.299  81.038 0.6666669846
37763  6.734  -26.872  79.870 0.6666669846
38743  6.791  -26.097  80.187 0.5555559993
38760  6.788  -26.199  78.333 0.6666669846
39696  6.933  -25.428  79.255 0.5555559993
39697  6.911  -25.210  80.242 0.5555559993
39703  6.879  -25.076  77.072 0.5555559993
39701  6.899  -25.229  78.089 0.4444440007
40634  7.073  -24.365  79.956 0.3333329856
40646  7.032  -24.287  77.711 0.3333329856
40639  7.049  -24.382  78.765 0.3333329856
40654  7.158  -24.289  76.812 0.4444440007
41537  7.447  -22.926  78.785 0.2222220004
40638  7.181  -23.484  78.284 0.2222220004
40637  7.464  -22.831  78.013 0.2222220004
40645  7.368  -23.423  77.209 0.3333329856
41543  7.768  -22.336  77.560 0.1111110002
42460  8.243  -21.743  77.092 0.1111110002
41550  8.037  -22.564  76.492 0.1111110002
41544  7.687  -22.859  77.037 0.2222220004
41556  8.448  -22.717  75.496 0.4444440007
41645  24.222  -22.040  67.303 0.2222220004
41646  23.053  -22.833  67.530 0.5555559993
42465  8.978  -21.423  75.712 0.2222220004
42470  9.020  -21.699  74.821 0.3333329856
42471  8.715  -22.131  75.174 0.5555559993
41627  24.804  -21.945  68.135 0.3333329856
41644  24.759  -21.664  67.585 0.4444440007
42476  9.723  -21.657  73.808 0.4444440007
43396  9.416  -21.430  74.375 0.3333329856
46362  22.136  -17.677  73.270 0.1111110002
46380  21.301  -17.415  72.470 0.1111110002
43388  9.369  -20.966  75.139 0.2222220004
43395  10.079  -20.658  74.280 0.3333329856
42562  24.482  -21.404  66.699 0.4444440007
43387  9.974  -20.342  75.442 0.2222220004
44393  10.623  -19.821  74.877 0.3333329856
43394  10.726  -20.172  73.991 0.3333329856
49112  24.818  -14.015  69.884 0.1111110002
49119  25.139  -15.279  69.461 0.2222220004
48218  25.098  -16.004  69.304 0.1111110002
48225  24.533  -15.944  68.422 0.2222220004
49120  24.739  -14.657  68.902 0.2222220004
49121  24.028  -14.183  68.590 0.2222220004
49127  24.282  -15.154  67.837 0.2222220004
49134  24.202  -15.419  67.296 0.2222220004
48234  24.149  -16.017  66.994 0.2222220004
49128  24.114  -14.334  67.994 0.2222220004
47373  23.878  -16.788  68.030 0.2222220004
47374  23.537  -17.406  67.741 0.3333329856
47387  24.149  -16.586  67.388 0.2222220004
55242  26.560  -8.519  54.598 0.8888890147
55260  27.581  -8.263  53.547 0.7777780294
56316  27.079  -7.492  53.899 0.7777780294
55261  26.930  -8.157  54.130 0.7777780294
56315  27.533  -7.550  53.430 0.7777780294
54095  20.736  -9.827  67.021 0.3333329856
58260  26.911  -6.202  55.006 0.7777780294
56302  26.590  -7.665  54.873 0.6666669846
56303  26.279  -8.166  55.120 0.6666669846
59972  27.631  -4.237  53.971 0.6666669846
59118  27.502  -4.887  54.749 0.6666669846
58259  27.188  -5.642  54.381 0.7777780294
57331  26.841  -6.930  54.522 0.7777780294
60927  28.224  -2.663  53.565 0.7777780294
58268  27.432  -5.972  53.493 0.7777780294
57340  27.062  -6.933  53.913 0.7777780294
60938  28.706  -3.085  52.644 0.7777780294
55097  21.042  -9.252  66.516 0.3333329856
55107  21.003  -9.218  65.660 0.3333329856
55106  21.494  -8.846  65.378 0.4444440007
59953  28.642  -3.636  56.340 0.3333329856
59954  28.331  -4.104  56.260 0.4444440007
58248  27.276  -5.497  55.520 0.4444440007
58249  27.106  -6.126  56.053 0.7777780294
56290  26.396  -7.425  55.431 0.5555559993
56291  26.010  -7.669  55.807 0.7777780294
61772  28.679  -1.692  55.287 0.4444440007
60907  28.720  -2.902  56.136 0.5555559993
60928  27.889  -3.383  54.332 0.6666669846
62622  29.456  -0.791  52.635 0.7777780294
61791  28.811  -1.934  52.808 0.7777780294
62630  30.609  -0.684  51.370 0.7777780294
62631  30.082  -1.210  51.721 0.7777780294
55096  21.534  -8.814  66.111 0.3333329856
59927  30.749  -3.816  57.734 0.1111110002
57311  26.046  -7.206  56.982 0.4444440007
59938  29.802  -3.949  57.268 0.2222220004
59095  29.471  -4.486  57.321 0.3333329856
58236  28.716  -5.403  57.182 0.2222220004
58237  28.093  -5.848  56.703 0.3333329856
57310  26.971  -6.655  56.687 0.3333329856
63460  31.994  0.856  58.035 0.1111110002
63462  31.248  0.163  56.952 0.1111110002
62571  31.194  -0.665  57.292 0.3333329856
62583  30.133  -1.488  56.624 0.5555559993
60894  29.561  -2.833  56.692 0.3333329856
59939  29.028  -4.024  56.827 0.3333329856
59108  27.807  -4.849  55.939 0.4444440007
57321  26.578  -6.913  55.569 0.5555559993
64335  31.834  1.416  56.733 0.1111110002
63474  31.010  0.076  56.446 0.2222220004
62592  30.025  -0.386  55.614 0.4444440007
61771  29.109  -1.295  55.348 0.5555559993
61762  28.862  -2.077  56.019 0.4444440007
63491  31.246  0.860  54.425 0.3333329856
63493  29.781  -0.206  54.834 0.6666669846
62610  29.308  -0.624  53.863 0.6666669846
63512  30.240  0.250  52.614 0.7777780294
63513  29.699  -0.060  53.395 0.7777780294
62621  30.095  -0.387  51.908 0.7777780294
56192  22.772  -7.793  64.142 0.2222220004
59928  30.222  -4.368  57.721 0.1111110002
57298  26.780  -6.907  57.805 0.3333329856
57299  25.915  -7.246  58.056 0.4444440007
59096  29.128  -4.941  57.322 0.2222220004
58228  28.481  -6.123  57.425 0.2222220004
57309  27.674  -6.377  56.827 0.3333329856
56203  23.505  -7.303  62.562 0.2222220004
58226  29.838  -5.273  58.156 0.1111110002
59086  29.843  -4.799  57.740 0.1111110002
57297  27.910  -6.541  57.525 0.2222220004
59087  29.501  -5.241  57.757 0.1111110002
57285  26.374  -6.859  58.821 0.3333329856
58227  29.053  -5.744  57.797 0.1111110002
57296  28.570  -6.212  57.808 0.1111110002
57284  27.385  -6.681  58.706 0.2222220004
57274  26.731  -6.672  59.682 0.3333329856
57283  28.571  -6.322  58.580 0.2222220004
35945  5.288  -28.571  82.755 0.5555559993
42478  8.958  -22.229  74.592 0.6666669846
42561  24.937  -20.995  67.039 0.4444440007
55116  21.132  -9.158  64.726 0.5555559993
35950  6.002  -28.533  81.747 0.6666669846
35101  4.561  -29.490  85.453 0.3333329856
35102  3.190  -30.167  86.172 0.4444440007
36803  6.080  -27.980  82.898 0.3333329856
36818  6.207  -27.577  81.237 0.6666669846
36798  4.948  -27.738  84.866 0.2222220004
38742  6.800  -26.508  79.234 0.6666669846
48233  24.143  -15.990  67.656 0.2222220004
57339  27.467  -6.895  53.405 0.7777780294
58269  27.052  -6.409  54.054 0.7777780294
59964  27.899  -4.142  55.100 0.6666669846
60937  29.348  -2.657  52.265 0.7777780294
56182  22.107  -8.452  65.533 0.3333329856
60908  28.466  -3.502  56.060 0.4444440007
60895  29.316  -3.461  56.723 0.3333329856
59940  28.736  -4.527  56.876 0.4444440007
59097  28.456  -4.957  56.792 0.4444440007
57322  26.334  -7.035  56.251 0.3333329856
61761  29.236  -1.688  56.020 0.4444440007
60916  28.142  -2.525  54.829 0.5555559993
62604  29.063  -1.198  55.019 0.6666669846
60917  28.187  -3.400  55.464 0.5555559993
60906  29.099  -2.351  56.255 0.3333329856
61780  28.525  -1.779  54.032 0.7777780294
61790  29.629  -1.885  52.066 0.7777780294
62623  28.970  -1.213  53.510 0.7777780294
59937  30.060  -3.377  57.283 0.2222220004
58238  27.488  -6.265  56.545 0.4444440007
63461  31.603  0.463  57.451 0.1111110002
62582  30.524  -0.896  56.555 0.5555559993
62593  29.814  -1.153  56.147 0.5555559993
61751  30.382  -1.929  57.089 0.5555559993
61752  29.842  -1.964  56.688 0.5555559993
63473  31.421  0.766  56.520 0.2222220004
63483  30.670  0.172  55.612 0.2222220004
63482  31.328  0.836  55.618 0.2222220004
62602  29.842  -0.262  55.108 0.5555559993
63492  30.190  0.179  54.836 0.5555559993
62603  29.465  -0.778  55.072 0.5555559993
63500  30.330  0.418  53.772 0.5555559993
63501  29.722  -0.098  54.294 0.6666669846
62611  28.974  -1.164  54.442 0.6666669846
63511  31.041  0.821  52.115 0.7777780294
63522  30.638  0.150  51.659 0.7777780294
63540  30.992  -0.140  51.050 0.7777780294
32618  3.244  -33.170  82.704 0.1111110002
33512  2.504  -32.323  80.345 0.1111110002
30875  4.725  -34.761  85.854 0.3333329856
35115  2.155  -29.448  83.214 0.1111110002
35109  2.310  -29.573  84.532 0.2222220004
35103  2.934  -29.685  85.819 0.3333329856
32638  8.311  -33.037  79.936 0.1111110002
32637  8.679  -32.534  79.476 0.1111110002
34329  9.498  -30.741  80.306 0.1111110002
33516  9.158  -31.796  79.620 0.1111110002
33522  9.373  -31.533  78.368 0.1111110002
32643  8.894  -32.181  78.609 0.1111110002
34341  9.678  -30.706  77.859 0.1111110002
38714  6.260  -26.117  82.907 0.4444440007
36811  6.266  -27.302  81.788 0.6666669846
34335  9.580  -30.680  79.032 0.1111110002
39685  6.635  -25.157  82.200 0.2222220004
39678  6.237  -25.225  83.331 0.2222220004
38721  6.524  -26.152  81.847 0.3333329856
34346  9.678  -30.754  76.749 0.1111110002
35127  10.260  -28.698  79.123 0.1111110002
35128  9.749  -29.610  79.661 0.1111110002
35134  9.753  -29.679  78.469 0.1111110002
40627  6.779  -24.604  81.988 0.1111110002
35133  10.180  -28.843  77.884 0.1111110002
35140  9.793  -29.792  77.322 0.1111110002
35139  10.122  -29.026  76.735 0.1111110002
35145  9.805  -29.909  76.242 0.1111110002
36853  11.458  -27.052  78.335 0.1111110002
35966  10.834  -27.785  78.486 0.1111110002
36870  11.152  -27.359  77.462 0.1111110002
36888  10.938  -27.628  76.412 0.1111110002
35973  10.634  -28.187  77.188 0.1111110002
35980  10.575  -28.388  76.121 0.1111110002
36908  10.846  -27.885  75.712 0.1111110002
35988  10.750  -28.346  75.002 0.1111110002
35144  10.234  -29.209  75.654 0.1111110002
35987  11.117  -27.770  74.656 0.1111110002
35995  10.534  -28.665  73.892 0.2222220004
35994  10.961  -27.970  74.065 0.1111110002
36852  11.919  -26.446  78.645 0.1111110002
39734  15.834  -24.083  75.085 0.2222220004
36869  11.733  -26.670  77.674 0.1111110002
37784  11.982  -26.071  76.985 0.1111110002
39836  21.934  -23.990  70.359 0.2222220004
37793  11.876  -26.246  75.910 0.1111110002
36887  11.509  -26.877  76.643 0.1111110002
39824  21.254  -23.985  70.967 0.3333329856
36907  11.423  -27.318  75.334 0.1111110002
40709  19.943  -23.610  71.097 0.4444440007
37817  11.689  -27.073  73.591 0.2222220004
37808  11.813  -26.777  74.281 0.2222220004
40728  20.425  -23.730  70.422 0.4444440007
36945  11.297  -27.541  73.372 0.4444440007
39716  15.784  -24.239  75.894 0.2222220004
38800  14.806  -24.319  76.458 0.1111110002
38778  13.989  -24.756  77.263 0.1111110002
39717  15.173  -24.199  75.589 0.2222220004
38779  13.309  -25.193  76.836 0.1111110002
39735  15.122  -24.202  74.908 0.2222220004
38801  13.888  -24.706  76.261 0.1111110002
38802  13.338  -25.114  76.015 0.1111110002
37783  12.712  -25.675  77.352 0.1111110002
39822  23.017  -24.008  71.431 0.1111110002
39823  22.336  -24.002  71.084 0.2222220004
39755  15.791  -23.908  74.354 0.2222220004
38817  14.499  -24.437  75.545 0.2222220004
38818  13.787  -24.832  75.388 0.1111110002
39756  15.119  -24.026  74.244 0.2222220004
38831  14.426  -24.483  74.594 0.2222220004
37800  12.533  -25.840  75.203 0.1111110002
39837  21.363  -23.984  70.412 0.3333329856
39825  20.558  -23.837  70.934 0.3333329856
37801  11.983  -26.413  75.017 0.1111110002
37816  12.184  -26.427  73.268 0.2222220004
36944  11.669  -27.028  72.848 0.5555559993
40707  24.085  -23.894  71.466 0.1111110002
40724  24.667  -23.478  70.773 0.1111110002
40725  23.550  -23.844  70.732 0.1111110002
38832  13.624  -24.877  74.529 0.1111110002
38819  13.124  -25.244  75.308 0.1111110002
37807  12.287  -25.970  74.264 0.2222220004
40726  22.779  -23.944  70.298 0.2222220004
38839  14.095  -24.535  73.919 0.3333329856
38840  13.535  -24.801  73.537 0.3333329856
38841  12.800  -25.503  73.385 0.4444440007
40746  21.344  -23.823  69.826 0.4444440007
37830  12.013  -26.532  72.236 0.6666669846
36963  11.532  -26.886  72.390 0.5555559993
40744  23.430  -23.655  69.758 0.2222220004
40745  22.509  -23.808  69.652 0.4444440007
40763  22.198  -23.523  68.939 0.4444440007
40764  21.190  -23.363  68.878 0.4444440007
40706  25.164  -23.655  71.808 0.1111110002
40723  25.572  -22.874  70.883 0.1111110002
40743  24.304  -23.220  69.871 0.1111110002
40772  22.037  -23.133  68.167 0.4444440007
40704  26.887  -22.445  71.819 0.1111110002
40722  26.012  -22.602  71.051 0.1111110002
40742  25.051  -22.914  70.176 0.1111110002
40762  23.216  -23.436  68.925 0.1111110002
40771  22.784  -23.244  68.350 0.4444440007
40773  21.083  -22.974  68.051 0.5555559993
40687  27.935  -22.600  72.714 0.1111110002
44402  10.656  -20.020  74.298 0.2222220004
41577  27.781  -22.277  72.358 0.1111110002
44401  11.408  -19.703  74.144 0.2222220004
41599  26.195  -22.111  70.683 0.1111110002
41611  25.040  -22.406  69.274 0.1111110002
45445  13.747  -19.007  72.455 0.1111110002
40761  23.893  -23.224  69.248 0.1111110002
41612  24.344  -22.942  69.216 0.1111110002
41629  23.297  -23.085  68.304 0.2222220004
41647  21.803  -22.819  67.320 0.4444440007
43407  28.793  -20.410  72.273 0.1111110002
42482  29.013  -21.249  73.280 0.1111110002
41575  28.771  -21.874  73.170 0.1111110002
44392  11.655  -19.206  75.227 0.2222220004
44422  29.235  -19.299  71.498 0.1111110002
42490  28.332  -21.285  72.245 0.1111110002
41576  28.356  -22.122  72.714 0.1111110002
44400  12.367  -19.172  74.535 0.2222220004
44430  28.884  -19.059  70.785 0.1111110002
43417  28.655  -19.850  71.533 0.1111110002
43408  28.285  -20.791  71.861 0.1111110002
42499  27.906  -21.182  71.758 0.1111110002
41587  27.942  -21.761  72.182 0.1111110002
41589  26.720  -22.179  71.392 0.1111110002
45434  13.165  -19.239  73.774 0.1111110002
45472  28.779  -18.266  69.695 0.1111110002
44431  28.324  -19.370  70.279 0.1111110002
43428  27.952  -19.941  70.477 0.1111110002
43419  27.547  -20.637  70.855 0.1111110002
41598  26.914  -21.581  71.057 0.1111110002
45433  13.617  -18.948  73.556 0.1111110002
44415  13.139  -19.366  73.011 0.1111110002
44408  13.164  -19.284  73.528 0.1111110002
45464  28.823  -18.746  70.378 0.1111110002
43429  27.519  -20.302  70.279 0.1111110002
42511  26.712  -21.351  70.426 0.1111110002
41610  25.754  -21.960  69.817 0.1111110002
47372  28.786  -16.363  68.383 0.1111110002
45479  28.281  -18.223  68.505 0.1111110002
44439  28.087  -18.935  69.197 0.1111110002
44451  27.442  -19.225  68.504 0.1111110002
42521  26.325  -21.266  69.670 0.1111110002
46454  28.508  -17.271  67.981 0.1111110002
45487  28.195  -17.884  67.890 0.1111110002
42535  25.435  -21.540  68.561 0.1111110002
41628  24.040  -22.798  68.456 0.1111110002
46468  28.301  -16.996  67.343 0.1111110002
45488  27.707  -18.342  67.646 0.1111110002
44440  27.679  -19.649  69.615 0.1111110002
44432  27.861  -19.806  70.170 0.1111110002
43438  26.890  -20.310  69.220 0.1111110002
43439  26.366  -20.804  69.060 0.1111110002
44463  26.751  -19.192  67.342 0.2222220004
43450  26.603  -19.881  68.087 0.1111110002
43451  26.266  -20.559  68.471 0.1111110002
42549  25.752  -20.920  68.208 0.1111110002
43466  26.372  -19.739  67.531 0.2222220004
43467  25.870  -20.260  67.437 0.1111110002
43481  25.264  -20.547  66.767 0.3333329856
52159  30.585  -11.426  62.135 0.1111110002
53196  30.997  -10.722  61.298 0.1111110002
53320  30.522  -10.185  54.411 0.6666669846
54252  30.592  -9.458  53.618 0.6666669846
54253  29.716  -9.434  53.470 0.7777780294
55256  30.981  -8.662  53.155 0.6666669846
55257  30.041  -8.799  53.071 0.6666669846
54254  28.846  -9.493  53.555 0.6666669846
55259  28.346  -8.751  53.328 0.6666669846
54256  27.075  -8.805  54.052 0.6666669846
55273  31.197  -7.896  52.774 0.6666669846
56330  29.697  -7.370  52.479 0.6666669846
56331  28.869  -7.466  52.665 0.6666669846
55277  28.141  -8.187  53.166 0.6666669846
57350  28.376  -6.828  52.740 0.6666669846
56332  28.027  -7.545  53.014 0.6666669846
57347  30.774  -6.378  52.374 0.6666669846
57349  29.100  -6.670  52.477 0.6666669846
59136  27.930  -5.520  52.966 0.6666669846
58279  27.893  -6.354  52.943 0.6666669846
59123  34.418  -4.413  53.778 0.5555559993
58266  34.115  -5.301  53.696 0.5555559993
57338  33.115  -6.210  53.069 0.6666669846
59971  28.095  -3.650  53.265 0.6666669846
59969  34.560  -3.664  53.528 0.5555559993
59970  33.955  -4.060  53.515 0.5555559993
58273  32.643  -5.340  52.876 0.6666669846
58274  31.859  -5.378  52.559 0.6666669846
58276  30.152  -5.553  52.262 0.6666669846
59135  28.638  -5.136  52.626 0.6666669846
59125  27.519  -5.115  53.698 0.6666669846
59130  32.979  -4.535  53.026 0.5555559993
59131  32.161  -4.327  52.568 0.6666669846
59132  31.329  -4.591  52.347 0.6666669846
59133  30.448  -4.414  52.208 0.6666669846
60893  30.209  -2.789  57.232 0.1111110002
60936  34.938  -3.201  53.207 0.5555559993
59979  33.499  -3.853  52.906 0.5555559993
59980  32.751  -3.975  52.704 0.5555559993
59134  29.463  -4.771  52.336 0.6666669846
59983  28.711  -4.134  52.604 0.6666669846
59144  31.470  -3.907  52.254 0.6666669846
59982  29.624  -3.625  52.201 0.6666669846
60953  30.114  -2.808  51.909 0.6666669846
59997  31.645  -3.311  51.956 0.6666669846
59998  30.772  -3.515  52.051 0.6666669846
59999  30.174  -3.414  52.041 0.6666669846
60935  35.702  -2.999  52.956 0.4444440007
59976  35.934  -3.524  51.990 0.4444440007
59994  34.373  -3.460  51.714 0.5555559993
59995  33.567  -3.502  51.965 0.6666669846
59978  34.327  -3.540  52.626 0.5555559993
59996  32.565  -3.428  51.972 0.6666669846
59143  31.950  -3.703  52.245 0.6666669846
60952  31.095  -2.543  51.622 0.6666669846
61744  30.995  -1.795  57.419 0.3333329856
60934  36.803  -2.968  52.558 0.3333329856
59977  35.061  -3.395  52.343 0.5555559993
61803  30.342  -2.010  51.681 0.6666669846
60010  33.650  -3.265  51.146 0.6666669846
60950  32.423  -2.966  51.455 0.6666669846
60951  32.017  -2.863  51.503 0.6666669846
60965  31.245  -2.053  51.266 0.6666669846
60922  38.147  -2.122  53.336 0.3333329856
60932  38.373  -2.108  52.595 0.3333329856
60933  37.836  -2.612  52.605 0.3333329856
60948  37.578  -2.874  51.670 0.3333329856
61802  30.849  -1.604  51.343 0.6666669846
61801  38.763  -1.727  52.141 0.3333329856
60947  38.271  -2.360  51.822 0.3333329856
59992  35.906  -3.452  51.012 0.4444440007
60008  35.293  -3.267  50.634 0.6666669846
60963  32.691  -2.642  50.865 0.6666669846
61812  31.890  -1.707  50.681 0.6666669846
61813  31.371  -1.738  51.025 0.6666669846
60961  34.782  -2.884  50.158 0.6666669846
60962  33.862  -2.827  50.386 0.6666669846
60976  32.904  -2.018  50.212 0.6666669846
63499  31.066  0.910  53.130 0.5555559993
63520  32.039  0.598  50.845 0.5555559993
63521  31.428  0.564  51.330 0.6666669846
61827  34.839  -1.406  49.387 0.6666669846
62661  33.439  -0.749  49.724 0.6666669846
62639  39.442  -0.379  51.064 0.2222220004
61809  38.533  -1.854  50.899 0.4444440007
61824  37.698  -2.004  49.832 0.5555559993
61826  35.738  -1.799  49.261 0.6666669846
61828  33.870  -1.474  49.667 0.6666669846
62640  32.729  -0.771  49.947 0.6666669846
62642  31.243  -0.973  50.804 0.6666669846
60957  38.023  -2.527  51.080 0.3333329856
60960  35.583  -2.923  50.120 0.6666669846
60974  34.301  -2.244  49.769 0.6666669846
60975  33.423  -2.168  50.045 0.6666669846
62641  31.999  -0.819  50.294 0.6666669846
61811  32.525  -1.601  50.271 0.6666669846
64418  32.527  0.788  50.783 0.5555559993
64417  33.286  1.047  50.652 0.4444440007
64381  41.582  1.757  51.516 0.2222220004
63519  40.426  0.713  51.309 0.2222220004
62628  39.903  0.205  51.626 0.2222220004
62659  34.862  -0.564  49.280 0.6666669846
63559  33.720  0.081  49.749 0.5555559993
64434  34.184  0.899  50.012 0.5555559993
62638  39.879  0.187  50.658 0.2222220004
61808  38.975  -0.986  50.557 0.4444440007
61844  35.492  -1.098  49.035 0.6666669846
63536  40.480  0.713  50.363 0.2222220004
62656  40.008  0.159  49.655 0.3333329856
62657  39.305  -0.524  49.908 0.4444440007
61841  37.974  -1.269  49.186 0.5555559993
61843  36.254  -1.243  48.829 0.5555559993
65321  42.632  2.740  50.713 0.1111110002
64393  41.998  2.491  51.063 0.1111110002
65337  43.880  3.018  50.036 0.1111110002
64413  42.264  2.429  50.112 0.1111110002
63535  40.906  1.343  50.055 0.1111110002
62680  35.790  -0.497  48.698 0.5555559993
63575  35.208  0.126  48.990 0.5555559993
65359  44.532  2.079  48.583 0.2222220004
65351  43.444  2.450  49.582 0.1111110002
63557  40.606  0.696  49.478 0.2222220004
62676  39.493  -0.219  48.858 0.5555559993
62678  37.709  -0.786  48.546 0.5555559993
62679  36.783  -0.403  48.325 0.5555559993
63574  35.962  0.398  48.431 0.5555559993
65357  46.324  2.979  48.746 0.2222220004
65358  45.269  2.172  48.370 0.2222220004
64429  43.510  2.132  49.096 0.1111110002
64442  42.327  1.565  48.563 0.2222220004
63556  41.029  1.193  49.285 0.2222220004
62675  40.220  0.296  48.688 0.4444440007
62695  38.951  -0.159  48.044 0.5555559993
62696  38.105  -0.299  48.042 0.5555559993
62697  37.500  -0.323  48.126 0.5555559993
63573  36.641  0.602  47.958 0.5555559993
63586  38.389  0.492  47.402 0.5555559993
64433  34.991  1.622  49.880 0.4444440007
64446  34.859  0.803  49.445 0.5555559993
65365  46.949  2.848  47.778 0.1111110002
65367  45.535  1.784  47.615 0.2222220004
64453  43.359  1.480  47.534 0.2222220004
63582  41.361  1.043  47.962 0.3333329856
63584  39.978  0.527  47.563 0.5555559993
63585  39.264  0.439  47.462 0.5555559993
63587  37.431  0.327  47.734 0.5555559993
66340  49.646  3.321  46.133 0.1111110002
64461  47.781  2.002  46.190 0.1111110002
65366  46.142  2.057  47.606 0.1111110002
64452  44.172  1.504  47.389 0.2222220004
64468  41.812  1.363  46.909 0.3333329856
63592  41.136  1.047  47.313 0.4444440007
63594  39.656  0.942  46.928 0.5555559993
64456  37.757  1.081  47.260 0.4444440007
64457  37.068  1.419  47.568 0.4444440007
64477  48.397  1.977  45.698 0.1111110002
64450  45.661  1.575  47.088 0.2222220004
64466  43.632  1.398  46.517 0.2222220004
64469  40.947  1.423  46.591 0.4444440007
64491  48.834  2.152  45.189 0.1111110002
65360  36.266  2.459  49.147 0.3333329856
65353  35.497  2.314  50.045 0.3333329856
65368  36.730  2.377  47.914 0.4444440007
65361  35.576  1.888  49.504 0.4444440007
65377  37.335  2.432  47.248 0.4444440007
64444  36.253  1.424  48.221 0.4444440007
64445  35.526  1.258  49.016 0.4444440007
64473  37.692  1.779  47.097 0.5555559993
64486  40.758  1.989  46.057 0.5555559993
64470  40.114  1.606  46.390 0.5555559993
64471  39.246  1.577  46.534 0.5555559993
64472  38.389  1.514  46.823 0.5555559993
67316  49.161  5.393  43.789 0.1111110002
66350  49.033  3.581  44.229 0.1111110002
64502  48.192  2.259  44.105 0.1111110002
64479  46.721  1.313  45.438 0.2222220004
64465  44.489  1.310  46.440 0.2222220004
64485  41.438  1.894  45.998 0.5555559993
66349  49.461  4.097  44.598 0.1111110002
66316  37.025  3.307  49.120 0.3333329856
66324  37.005  3.327  48.274 0.3333329856
66332  37.692  3.424  46.979 0.4444440007
66333  37.135  3.083  47.540 0.4444440007
66343  40.032  3.424  45.718 0.4444440007
65375  38.913  2.451  46.311 0.5555559993
65376  38.046  2.485  46.750 0.5555559993
65385  40.267  2.553  45.873 0.5555559993
65374  39.603  2.183  46.176 0.5555559993
65399  48.794  3.340  44.057 0.1111110002
64493  47.273  1.430  44.555 0.2222220004
64481  44.854  1.242  45.451 0.2222220004
64482  43.987  1.398  45.530 0.2222220004
64484  42.241  1.814  45.874 0.4444440007
65383  41.898  2.530  45.189 0.5555559993
68265  48.946  5.526  42.952 0.1111110002
66360  47.623  4.045  43.041 0.1111110002
65400  48.305  2.897  43.740 0.2222220004
64504  46.786  1.840  43.762 0.2222220004
64495  45.300  1.590  44.431 0.2222220004
64496  44.408  1.701  44.661 0.3333329856
64483  43.118  1.734  45.537 0.4444440007
67326  48.632  5.051  42.592 0.2222220004
65401  47.233  2.765  43.329 0.2222220004
65402  46.296  2.658  43.414 0.2222220004
64505  45.957  1.860  43.819 0.2222220004
67338  47.780  4.696  41.845 0.4444440007
67339  46.646  4.699  41.438 0.3333329856
67327  47.495  4.726  42.291 0.3333329856
66368  47.405  4.500  42.599 0.4444440007
66341  41.559  3.390  45.084 0.4444440007
66342  40.844  3.405  45.538 0.4444440007
65394  43.237  2.555  44.555 0.4444440007
65395  42.575  2.814  44.668 0.4444440007
66361  46.669  3.561  42.930 0.3333329856
65403  45.417  2.616  43.680 0.3333329856
65392  44.784  2.256  44.115 0.3333329856
65393  44.151  2.613  44.184 0.3333329856
67328  46.444  4.830  42.141 0.4444440007
66370  46.179  4.241  42.603 0.3333329856
66362  45.865  3.517  43.129 0.3333329856
66363  45.150  3.765  43.337 0.4444440007
65404  44.782  2.950  43.779 0.4444440007
67298  43.812  5.181  44.712 0.4444440007
67310  43.103  4.496  44.715 0.4444440007
66364  44.527  3.633  43.733 0.4444440007
66351  43.873  3.570  44.097 0.4444440007
66352  43.149  3.559  44.427 0.4444440007
67329  45.690  4.854  42.244 0.4444440007
66371  45.563  4.253  42.766 0.4444440007
67340  45.791  4.982  41.532 0.4444440007
67352  45.790  4.737  40.754 0.4444440007
67353  45.172  5.073  40.818 0.4444440007
70087  44.911  7.213  45.696 0.1111110002
69183  44.407  6.499  44.593 0.2222220004
68245  44.711  5.986  45.173 0.3333329856
69194  44.005  6.028  44.132 0.2222220004
68256  44.287  5.680  44.630 0.4444440007
68246  44.101  5.637  45.176 0.4444440007
68266  43.902  5.617  43.576 0.4444440007
67299  43.572  5.131  44.955 0.4444440007
67320  44.338  4.593  43.590 0.4444440007
67309  43.825  4.639  44.253 0.4444440007
67330  44.963  4.805  42.540 0.4444440007
67319  44.712  4.330  43.234 0.4444440007
69222  44.311  6.404  39.614 0.3333329856
68293  44.784  5.473  39.844 0.4444440007
67341  45.149  5.251  41.645 0.4444440007
70088  44.846  7.604  45.368 0.1111110002
70107  41.996  7.196  43.668 0.1111110002
69195  43.011  6.550  43.639 0.2222220004
70111  40.773  7.264  42.779 0.2222220004
69205  42.606  6.317  42.718 0.2222220004
70117  42.161  6.922  41.738 0.2222220004
68277  43.266  5.890  42.680 0.2222220004
69219  42.836  6.541  41.171 0.2222220004
69213  43.155  6.110  41.521 0.3333329856
68283  43.332  5.845  42.084 0.3333329856
68276  43.943  5.396  42.700 0.4444440007
69234  44.992  6.421  39.092 0.3333329856
69223  43.743  6.401  40.180 0.2222220004
69218  43.313  6.318  40.877 0.2222220004
68281  44.490  5.462  41.689 0.4444440007
68275  44.373  5.323  42.342 0.4444440007
67331  44.472  4.871  42.882 0.4444440007
70955  43.869  8.148  44.920 0.1111110002
70100  42.236  7.744  44.146 0.1111110002
70099  43.327  7.703  44.506 0.1111110002
70098  44.380  7.494  44.817 0.1111110002
70958  40.957  7.956  43.583 0.1111110002
70106  42.819  7.234  44.094 0.1111110002
69197  40.740  7.073  43.091 0.1111110002
69215  42.129  6.752  42.202 0.2222220004
70121  42.369  7.272  41.007 0.2222220004
70125  43.200  7.306  40.171 0.2222220004
70120  42.893  6.830  40.760 0.2222220004
70944  43.828  8.705  45.252 0.1111110002
70943  44.527  8.273  45.431 0.1111110002
70957  41.582  8.387  44.079 0.1111110002
70956  42.873  8.489  44.738 0.1111110002
71791  41.581  9.158  42.311 0.1111110002
71787  41.490  9.184  43.103 0.1111110002
70968  40.940  8.180  43.402 0.1111110002
71794  42.009  9.330  41.642 0.1111110002
70972  41.035  7.848  42.850 0.1111110002
71788  39.876  7.094  42.667 0.1111110002
71798  42.792  9.393  40.903 0.1111110002
70976  41.496  8.450  41.788 0.1111110002
70118  41.544  7.370  41.973 0.2222220004
71805  43.884  9.116  39.864 0.1111110002
70126  42.651  7.975  40.300 0.2222220004
70124  43.966  7.146  39.637 0.2222220004
68263  50.338  6.547  42.958 0.1111110002
69192  51.115  6.905  43.344 0.1111110002
67324  50.317  5.593  42.235 0.1111110002
68273  49.942  6.044  42.633 0.1111110002
32652  9.075  -31.947  77.938 0.1111110002
43468  25.312  -20.728  67.240 0.2222220004
44464  26.262  -19.637  67.233 0.2222220004
54255  27.734  -9.510  53.882 0.6666669846
53339  29.534  -10.039  53.930 0.7777780294
37745  6.254  -27.044  82.417 0.4444440007
42551  24.738  -21.465  67.253 0.2222220004
57351  27.914  -6.905  52.961 0.6666669846
57273  27.709  -6.469  59.707 0.1111110002
42550  25.202  -21.179  67.685 0.1111110002
44409  12.607  -19.474  73.671 0.1111110002
60880  30.851  -2.742  57.539 0.1111110002
39691  6.788  -25.470  81.103 0.2222220004
37774  12.196  -26.030  77.959 0.1111110002
37792  12.736  -25.680  76.242 0.1111110002
40727  20.952  -23.955  70.509 0.4444440007
36926  11.451  -27.475  74.218 0.1111110002
38833  12.934  -25.309  74.388 0.2222220004
41600  25.561  -22.482  70.149 0.1111110002
41566  28.666  -22.378  73.356 0.1111110002
41588  27.350  -21.918  71.796 0.1111110002
42489  28.644  -21.391  72.740 0.1111110002
44423  28.625  -19.551  71.071 0.1111110002
43418  28.106  -20.303  71.168 0.1111110002
42500  27.462  -21.064  71.251 0.1111110002
45421  13.110  -19.081  74.197 0.1111110002
42510  27.160  -20.943  70.670 0.1111110002
42520  26.911  -20.821  70.062 0.1111110002
42522  25.721  -21.657  69.235 0.1111110002
45480  27.840  -18.650  68.319 0.1111110002
42534  25.974  -21.110  68.873 0.1111110002
53338  30.099  -9.822  53.806 0.7777780294
55258  29.172  -8.813  53.146 0.6666669846
55274  30.325  -8.065  52.677 0.6666669846
55275  29.450  -8.145  52.743 0.6666669846
55276  28.653  -8.168  52.945 0.6666669846
56329  30.548  -7.246  52.475 0.6666669846
58278  28.524  -6.041  52.646 0.6666669846
57348  29.923  -6.508  52.343 0.6666669846
58277  29.291  -5.778  52.410 0.6666669846
58258  34.856  -5.183  54.130 0.5555559993
58267  33.401  -5.358  53.250 0.6666669846
59984  28.019  -4.611  53.092 0.5555559993
59124  33.709  -4.565  53.383 0.5555559993
57346  31.604  -6.311  52.513 0.6666669846
58275  31.033  -5.442  52.345 0.6666669846
59145  31.003  -4.100  52.209 0.6666669846
59981  30.241  -3.736  52.111 0.6666669846
59993  35.176  -3.453  51.410 0.5555559993
60011  33.097  -3.243  51.459 0.6666669846
60009  34.511  -3.296  50.848 0.5555559993
60964  31.716  -2.268  51.154 0.6666669846
60949  36.722  -3.254  51.363 0.3333329856
60958  37.385  -2.782  50.622 0.4444440007
60959  36.354  -3.030  50.408 0.4444440007
60007  35.795  -3.215  50.508 0.5555559993
64398  31.642  0.983  51.830 0.6666669846
61845  35.122  -0.925  49.189 0.6666669846
62660  34.194  -0.669  49.518 0.6666669846
61829  33.123  -1.485  49.918 0.6666669846
63560  33.088  -0.152  49.862 0.5555559993
63539  31.580  -0.019  50.602 0.5555559993
63538  32.491  0.201  50.248 0.5555559993
61800  39.198  -1.013  51.701 0.2222220004
61810  37.964  -2.341  50.565 0.4444440007
61825  36.648  -1.972  49.325 0.6666669846
60971  36.876  -2.582  49.866 0.5555559993
60972  36.068  -2.514  49.687 0.6666669846
60973  35.205  -2.352  49.642 0.6666669846
64435  33.605  0.603  50.116 0.5555559993
63537  33.224  0.380  50.079 0.5555559993
63518  40.883  1.355  50.975 0.2222220004
64394  41.495  1.880  50.573 0.1111110002
63509  40.973  1.196  51.932 0.2222220004
63558  34.480  0.117  49.455 0.6666669846
61823  38.537  -1.274  49.835 0.4444440007
61822  38.889  -0.902  49.981 0.4444440007
61842  37.196  -1.346  48.929 0.6666669846
62681  35.290  -0.602  49.034 0.5555559993
62677  38.637  -0.747  48.963 0.5555559993
62658  38.829  -0.864  49.659 0.5555559993
66285  43.589  3.672  50.853 0.1111110002
65339  42.699  2.629  50.375 0.1111110002
65308  42.635  2.731  51.405 0.1111110002
65338  43.231  2.885  50.230 0.1111110002
64414  41.511  1.692  49.728 0.1111110002
65350  44.288  2.640  49.487 0.2222220004
64430  42.810  2.139  49.458 0.1111110002
64412  42.731  2.508  49.963 0.1111110002
64431  41.973  1.811  49.240 0.2222220004
63572  40.762  0.738  48.804 0.4444440007
64439  44.594  1.791  48.026 0.2222220004
64440  43.945  1.836  48.399 0.2222220004
64441  43.087  1.685  48.483 0.2222220004
64443  41.694  1.339  48.559 0.2222220004
64432  41.481  1.393  49.098 0.2222220004
63571  41.161  1.050  48.611 0.3333329856
62693  40.144  0.357  48.058 0.5555559993
62694  39.683  0.142  48.078 0.5555559993
63595  38.964  0.932  46.947 0.5555559993
65373  46.741  2.139  46.948 0.1111110002
65372  47.431  2.382  46.842 0.1111110002
64451  45.016  1.545  47.350 0.2222220004
64454  42.542  1.398  47.675 0.2222220004
64455  41.875  1.294  47.858 0.3333329856
63583  40.690  0.643  47.978 0.4444440007
63591  41.537  1.184  47.505 0.4444440007
63593  40.432  0.933  47.059 0.5555559993
66330  49.189  3.265  46.790 0.1111110002
65380  49.563  3.165  45.453 0.1111110002
66339  49.860  4.128  45.679 0.1111110002
65371  48.371  2.560  46.681 0.1111110002
64462  47.059  1.835  46.194 0.1111110002
64463  46.228  1.513  46.459 0.1111110002
64467  42.774  1.492  46.670 0.3333329856
65381  49.236  2.499  45.846 0.1111110002
64478  47.603  1.616  45.466 0.1111110002
64492  48.248  1.947  44.683 0.1111110002
64464  45.337  1.293  46.377 0.2222220004
65391  48.478  2.413  44.249 0.1111110002
65389  49.553  3.496  45.057 0.1111110002
66359  48.753  4.165  43.769 0.1111110002
66358  49.251  4.778  44.174 0.1111110002
64503  47.706  2.060  43.922 0.2222220004
64480  45.779  1.204  45.431 0.2222220004
64494  46.282  1.329  44.500 0.2222220004
65386  39.590  2.784  45.968 0.5555559993
66344  39.276  3.375  46.023 0.4444440007
66331  38.528  3.365  46.437 0.3333329856
65384  41.117  2.627  45.644 0.4444440007
65382  42.563  2.215  45.100 0.4444440007
67317  48.377  5.119  43.012 0.1111110002
68264  49.490  6.145  43.225 0.1111110002
68274  49.285  5.678  42.807 0.1111110002
64497  43.697  1.871  44.777 0.4444440007
67325  49.474  5.408  42.406 0.1111110002
67318  47.703  4.656  42.665 0.3333329856
66369  46.956  4.310  42.512 0.3333329856
66353  42.328  3.471  44.623 0.4444440007
67311  42.120  4.209  44.706 0.4444440007
68257  42.609  4.664  44.869 0.4444440007
68285  44.558  5.386  40.854 0.4444440007
69182  44.905  6.442  45.227 0.1111110002
70097  44.983  7.029  45.061 0.1111110002
69184  43.635  7.080  44.331 0.1111110002
68255  44.809  6.049  44.925 0.2222220004
68247  42.985  5.169  45.226 0.4444440007
68294  44.173  5.795  40.228 0.4444440007
68286  43.929  5.739  40.895 0.4444440007
70942  44.843  8.155  45.873 0.1111110002
68267  43.219  6.080  43.143 0.2222220004
69214  42.640  6.347  41.848 0.3333329856
68282  43.770  5.693  41.719 0.4444440007
70122  41.814  8.059  41.223 0.1111110002
70980  41.955  8.715  41.246 0.1111110002
70967  41.210  8.452  43.451 0.1111110002
71799  42.285  9.144  41.120 0.1111110002
70978  42.914  9.023  40.451 0.1111110002
70979  42.418  8.521  40.641 0.1111110002
70984  43.122  8.528  40.091 0.1111110002
34307  2.656  -30.404  84.979 0.2222220004
31756  4.206  -34.063  85.492 0.1111110002
37744  6.171  -27.599  82.604 0.2222220004
37739  6.129  -27.129  83.628 0.1111110002
38708  5.984  -26.143  84.082 0.1111110002
45384  13.209  -18.400  75.994 0.1111110002
45385  12.302  -18.706  75.740 0.1111110002
44383  11.437  -19.029  76.383 0.1111110002
45405  12.329  -18.893  75.244 0.1111110002
39792  19.339  -23.672  72.614 0.3333329856
39677  6.501  -24.496  82.733 0.1111110002
45346  12.485  -18.598  77.890 0.1111110002
45364  12.349  -18.547  76.745 0.1111110002
45363  13.388  -18.419  77.066 0.1111110002
44384  10.518  -19.799  76.024 0.1111110002
44385  10.080  -20.312  76.281 0.1111110002
43382  10.086  -20.347  76.026 0.1111110002
45404  12.947  -18.760  75.055 0.1111110002
44354  11.636  -18.884  78.749 0.1111110002
44369  11.474  -18.899  77.542 0.1111110002
44370  10.601  -19.483  77.155 0.1111110002
44371  10.023  -20.201  76.816 0.1111110002
42466  8.501  -21.942  76.103 0.1111110002
43383  9.612  -20.718  76.206 0.1111110002
54186  33.528  -9.329  56.913 0.3333329856
54198  32.843  -9.635  56.220 0.3333329856
54217  32.766  -9.540  55.211 0.3333329856
54218  32.133  -9.826  55.172 0.4444440007
53298  31.521  -10.168  55.344 0.5555559993
54197  33.573  -9.264  55.909 0.3333329856
54215  34.197  -8.659  55.155 0.2222220004
54234  33.257  -8.743  54.340 0.4444440007
54235  32.722  -9.040  54.277 0.5555559993
54236  31.924  -9.620  54.526 0.5555559993
54250  32.098  -9.094  53.943 0.5555559993
55221  34.745  -8.311  55.286 0.2222220004
56301  34.899  -6.880  54.493 0.2222220004
55253  33.804  -7.701  53.897 0.3333329856
55241  33.016  -8.540  53.933 0.4444440007
55255  32.177  -8.364  53.324 0.5555559993
57330  34.510  -6.101  54.099 0.2222220004
56312  34.150  -6.994  53.982 0.4444440007
55254  33.200  -8.016  53.571 0.5555559993
56314  32.781  -7.563  53.150 0.5555559993
57329  35.328  -5.954  54.608 0.2222220004
58257  35.611  -4.990  54.590 0.3333329856
56326  32.810  -6.900  52.953 0.5555559993
59116  35.743  -4.151  54.481 0.2222220004
59117  35.095  -4.339  54.161 0.2222220004
59962  35.223  -3.537  54.153 0.4444440007
60925  35.422  -2.967  53.895 0.4444440007
59968  34.947  -3.245  53.871 0.4444440007
60924  36.430  -2.780  53.708 0.3333329856
60923  37.389  -2.557  53.514 0.2222220004
62609  39.696  -0.745  53.477 0.1111110002
61789  38.760  -1.722  53.094 0.2222220004
62608  40.169  -0.250  53.241 0.1111110002
62620  39.638  -0.561  52.607 0.1111110002
62629  39.577  -0.292  51.911 0.1111110002
64369  41.740  1.470  52.486 0.1111110002
64372  31.982  1.296  53.415 0.4444440007
64383  32.637  1.637  52.649 0.4444440007
64397  32.359  1.143  51.525 0.4444440007
64396  33.622  2.095  51.825 0.3333329856
64415  35.019  2.160  50.448 0.2222220004
64416  34.405  2.020  50.906 0.2222220004
31764  3.802  -34.020  84.231 0.1111110002
37738  6.151  -27.481  83.062 0.2222220004
44391  12.351  -19.001  75.005 0.1111110002
54237  31.173  -9.710  54.153 0.5555559993
56328  31.345  -7.141  52.574 0.5555559993
59963  34.782  -3.949  53.953 0.4444440007
57337  33.809  -6.202  53.552 0.4444440007
57345  32.389  -6.239  52.729 0.5555559993
64384  31.786  1.179  52.439 0.4444440007
61788  39.247  -1.200  52.789 0.1111110002
63510  40.502  0.565  52.226 0.1111110002
55272  31.733  -7.684  52.821 0.5555559993
56313  33.438  -7.126  53.376 0.5555559993
53297  32.274  -9.839  55.665 0.3333329856
53319  31.293  -9.952  54.589 0.5555559993
54216  33.610  -8.937  54.916 0.3333329856
55222  34.157  -8.465  54.785 0.2222220004
54251  31.509  -9.202  53.738 0.6666669846
55239  34.442  -7.807  54.468 0.2222220004
55238  35.223  -7.475  55.100 0.2222220004
56300  35.483  -6.706  55.014 0.1111110002
55240  33.665  -8.365  54.243 0.3333329856
56327  32.149  -7.209  52.784 0.5555559993
59115  36.306  -4.122  55.017 0.1111110002
59961  36.050  -3.484  54.616 0.2222220004
60915  35.742  -3.170  54.315 0.3333329856
61779  37.832  -1.990  54.201 0.1111110002
61777  39.221  -1.295  53.733 0.1111110002
62619  40.034  0.027  52.468 0.1111110002
105808  14.404  -27.380  82.518 0.1111110002
39808  22.347  -24.054  71.995 0.1111110002
39790  21.520  -24.023  72.797 0.1111110002
39750  20.889  -24.565  74.559 0.1111110002
39687  17.671  -24.917  82.016 0.1111110002
39809  21.383  -23.982  71.863 0.1111110002
39791  20.472  -23.892  72.714 0.2222220004
39751  19.649  -24.480  74.770 0.2222220004
39731  18.566  -24.632  75.384 0.1111110002
38797  17.778  -24.919  76.925 0.1111110002
38774  18.177  -24.945  78.140 0.1111110002
38737  17.951  -24.806  80.326 0.1111110002
39752  18.529  -24.263  74.545 0.2222220004
38816  17.928  -24.820  75.986 0.1111110002
39810  20.346  -23.789  71.685 0.2222220004
37736  15.462  -25.765  85.110 0.1111110002
37743  15.820  -26.095  84.012 0.1111110002
37742  16.536  -25.872  83.283 0.1111110002
39680  17.306  -24.939  82.277 0.1111110002
38775  17.082  -24.834  78.004 0.1111110002
38738  17.099  -24.772  79.829 0.1111110002
39753  17.523  -24.031  74.509 0.1111110002
39714  17.301  -24.662  76.272 0.1111110002
38798  16.733  -24.659  76.997 0.1111110002
39733  16.639  -24.186  75.246 0.1111110002
40635  7.003  -24.759  80.766 0.1111110002
39675  14.808  -24.819  82.998 0.1111110002
38707  14.958  -24.960  84.494 0.1111110002
38706  15.605  -25.382  84.190 0.1111110002
38712  15.602  -24.983  83.742 0.1111110002
38711  16.295  -25.292  83.340 0.1111110002
39681  16.530  -24.856  82.381 0.1111110002
39689  16.052  -24.680  81.233 0.1111110002
39694  16.390  -24.682  80.190 0.1111110002
38756  16.444  -24.715  79.085 0.1111110002
38776  16.010  -24.591  77.951 0.1111110002
39682  15.507  -24.776  82.083 0.1111110002
39695  15.542  -24.662  80.243 0.1111110002
39700  15.748  -24.638  79.762 0.1111110002
38757  15.234  -24.636  79.170 0.1111110002
39699  15.928  -24.636  79.528 0.1111110002
38799  15.788  -24.388  76.852 0.1111110002
50035  23.732  -13.778  70.238 0.1111110002
50044  24.188  -14.178  69.585 0.1111110002
54187  32.762  -9.692  57.221 0.2222220004
53278  32.099  -9.972  56.417 0.2222220004
54196  34.241  -8.804  55.676 0.1111110002
53119  20.709  -10.838  68.209 0.1111110002
55084  21.501  -8.861  66.992 0.2222220004
49105  24.479  -13.999  70.536 0.1111110002
39772  19.512  -24.034  73.655 0.2222220004
105812  14.981  -27.256  82.885 0.1111110002
39770  21.695  -24.318  73.670 0.1111110002
39771  20.634  -24.160  73.696 0.2222220004
38829  20.245  -24.774  75.433 0.1111110002
38717  17.697  -25.318  82.358 0.1111110002
38726  17.677  -24.754  80.995 0.1111110002
39730  19.200  -24.729  75.569 0.1111110002
38815  18.628  -24.874  76.169 0.1111110002
38755  17.540  -24.905  79.110 0.1111110002
39732  17.561  -24.471  75.412 0.1111110002
37735  15.778  -25.708  83.942 0.1111110002
105822  15.333  -26.335  85.139 0.1111110002
36806  16.798  -26.371  83.168 0.1111110002
36807  16.197  -26.391  83.535 0.1111110002
38710  16.998  -25.422  82.900 0.1111110002
39688  17.169  -24.789  81.431 0.1111110002
38718  17.050  -25.152  82.747 0.1111110002
39715  16.613  -24.434  76.106 0.1111110002
39674  15.826  -24.862  83.004 0.1111110002
39693  17.254  -24.755  80.546 0.1111110002
39690  15.124  -24.739  81.022 0.1111110002
38777  14.931  -24.502  77.694 0.1111110002
52115  28.429  -12.247  65.289 0.1111110002
52114  28.810  -12.190  65.226 0.1111110002
52144  29.191  -12.100  63.704 0.2222220004
62570  31.613  -0.795  58.081 0.1111110002
64395  34.188  2.282  51.492 0.2222220004
65352  36.044  2.935  50.482 0.1111110002
66323  37.350  3.724  47.601 0.2222220004
67284  37.271  3.866  48.774 0.1111110002
67303  39.027  4.023  46.213 0.3333329856
67292  37.749  4.208  47.337 0.2222220004
68241  38.650  5.229  47.364 0.2222220004
68240  39.426  5.467  46.849 0.2222220004
67302  39.758  4.270  45.856 0.2222220004
67301  40.677  4.248  45.539 0.2222220004
68239  40.485  5.666  46.362 0.1111110002
68238  41.187  5.582  45.931 0.1111110002
68249  40.555  5.021  45.809 0.2222220004
68248  41.604  5.140  45.409 0.2222220004
67337  48.849  4.793  41.992 0.2222220004
70055  42.040  7.710  47.366 0.1111110002
69166  41.658  6.312  46.324 0.1111110002
69175  42.512  5.861  45.708 0.2222220004
66382  48.192  4.142  41.402 0.2222220004
66403  47.604  3.596  40.517 0.3333329856
66421  47.062  3.795  40.061 0.3333329856
69165  43.228  6.586  46.139 0.1111110002
69174  43.750  6.030  45.674 0.2222220004
66383  47.245  4.295  41.143 0.2222220004
66384  46.738  4.415  40.927 0.3333329856
66404  46.889  4.096  40.499 0.3333329856
67351  46.354  4.405  40.553 0.3333329856
67366  45.897  4.652  39.816 0.3333329856
66420  47.453  3.668  39.507 0.2222220004
69173  44.641  6.412  45.682 0.3333329856
67367  45.341  4.946  40.150 0.3333329856
67387  46.368  4.728  39.370 0.3333329856
68292  45.471  5.200  39.576 0.3333329856
68307  46.126  5.351  38.971 0.2222220004
68308  45.383  5.725  39.177 0.2222220004
69233  45.759  6.367  38.668 0.1111110002
70131  45.503  7.349  38.678 0.1111110002
70130  46.287  7.220  38.287 0.1111110002
70148  46.995  7.246  37.931 0.1111110002
70147  47.861  7.391  37.566 0.1111110002
69232  46.549  6.308  38.271 0.1111110002
71815  46.158  9.061  38.890 0.1111110002
70993  45.230  8.354  38.995 0.1111110002
70132  44.660  7.421  39.171 0.1111110002
71814  46.972  9.273  38.680 0.1111110002
71010  46.766  7.790  38.118 0.1111110002
70992  46.423  8.303  38.451 0.1111110002
71009  47.474  8.366  37.919 0.1111110002
67300  41.437  4.209  45.163 0.3333329856
68258  42.107  4.760  44.932 0.2222220004
67283  37.482  4.447  48.127 0.2222220004
67282  38.097  4.800  47.535 0.2222220004
67291  38.490  4.437  46.789 0.2222220004
67290  39.303  4.639  46.354 0.2222220004
68250  39.872  5.030  46.195 0.2222220004
69176  41.725  5.745  45.808 0.2222220004
70072  42.603  7.195  46.698 0.1111110002
65445  47.777  3.254  39.950 0.2222220004
67365  46.683  4.223  39.723 0.3333329856
67364  47.164  4.244  39.154 0.2222220004
70994  44.677  8.015  39.162 0.1111110002
29141  7.011  -37.287  84.965 0.1111110002
29142  5.808  -37.142  84.614 0.1111110002
29996  6.721  -36.381  84.613 0.1111110002
29997  6.099  -36.064  84.959 0.1111110002
30885  6.353  -34.930  83.845 0.1111110002
29143  4.961  -37.092  83.933 0.1111110002
30879  6.083  -34.772  85.099 0.1111110002
29995  4.853  -35.494  85.544 0.1111110002
30886  4.569  -35.612  84.201 0.1111110002
30880  4.563  -35.218  84.884 0.1111110002
30881  4.234  -34.710  84.458 0.1111110002
52074  21.505  -11.769  70.128 0.1111110002
52127  28.930  -12.138  64.807 0.1111110002
57194  24.380  -7.176  64.924 0.1111110002
57193  25.289  -6.783  65.225 0.1111110002
56180  23.565  -7.549  64.559 0.1111110002
57213  24.364  -7.149  63.926 0.1111110002
57229  24.352  -7.028  62.907 0.1111110002
57261  27.620  -6.137  60.769 0.1111110002
64362  32.218  1.469  54.152 0.1111110002
64371  32.784  1.784  53.616 0.1111110002
64370  33.440  2.199  53.886 0.1111110002
64382  33.424  2.198  53.029 0.1111110002
66400  51.343  4.090  40.660 0.1111110002
66381  49.317  4.239  41.431 0.1111110002
65442  50.635  2.894  40.205 0.1111110002
65443  49.318  2.927  40.276 0.1111110002
66402  48.741  3.500  40.865 0.1111110002
52063  22.061  -11.771  70.863 0.1111110002
53109  21.031  -10.937  69.654 0.1111110002
57262  26.862  -6.571  60.610 0.1111110002
65444  48.325  3.097  40.169 0.1111110002
28343  5.633  -37.657  83.741 0.1111110002
29998  4.958  -36.160  84.877 0.1111110002
30006  4.536  -36.056  83.287 0.1111110002
29994  5.395  -35.492  85.811 0.1111110002
57211  26.139  -6.785  64.488 0.1111110002
57228  25.217  -6.795  63.208 0.1111110002
66401  49.963  3.576  40.899 0.1111110002
65457  51.230  2.307  39.121 0.1111110002
37728  4.229  -27.020  85.759 0.1111110002
37729  3.612  -26.948  85.868 0.1111110002
36793  3.493  -28.038  85.769 0.1111110002
36792  4.201  -28.068  85.592 0.1111110002
35924  4.042  -28.909  85.795 0.1111110002
55073  20.992  -9.516  67.486 0.1111110002
55072  21.161  -9.049  67.945 0.1111110002
56143  21.732  -8.250  68.620 0.1111110002
54082  20.925  -10.031  68.791 0.1111110002
56155  21.967  -8.385  67.591 0.1111110002
55085  21.115  -9.293  67.188 0.1111110002
54174  33.518  -9.468  57.931 0.1111110002
56169  22.137  -8.443  66.588 0.1111110002
54173  34.246  -9.019  57.562 0.1111110002
54185  34.262  -8.931  56.587 0.1111110002
35926  3.114  -29.001  86.289 0.1111110002
36797  5.917  -28.145  84.520 0.1111110002
54083  20.782  -9.935  67.820 0.1111110002
60914  36.345  -2.842  54.679 0.1111110002
65499  50.574  1.966  34.982 0.1111110002
65510  51.098  2.632  34.683 0.1111110002
65511  50.351  2.493  34.791 0.1111110002
65469  49.833  2.674  38.263 0.1111110002
66437  48.817  3.609  38.198 0.1111110002
66458  51.861  3.583  36.306 0.1111110002
66448  49.884  3.545  37.338 0.1111110002
67384  48.510  4.278  37.991 0.1111110002
66457  52.596  3.725  35.494 0.1111110002
65497  52.745  2.522  35.001 0.1111110002
65509  52.113  2.828  34.685 0.1111110002
65500  49.600  2.227  34.937 0.1111110002
66471  48.079  2.896  34.691 0.1111110002
67417  51.943  4.724  35.974 0.1111110002
66456  52.826  3.368  35.137 0.1111110002
67434  52.698  3.680  34.924 0.1111110002
66479  52.434  3.422  34.724 0.1111110002
66480  51.571  3.462  34.540 0.1111110002
65459  48.760  2.888  39.620 0.1111110002
65470  48.871  2.874  38.941 0.1111110002
66438  48.154  3.350  38.942 0.1111110002
66459  50.913  3.180  36.760 0.1111110002
67401  49.886  4.282  37.073 0.1111110002
66449  49.283  3.757  37.745 0.1111110002
67385  47.770  4.398  38.410 0.1111110002
66472  46.897  3.250  35.105 0.1111110002
67418  50.706  4.390  36.605 0.1111110002
67402  49.194  4.513  37.447 0.1111110002
67403  48.402  4.622  37.858 0.1111110002
66470  49.107  2.802  34.779 0.1111110002
66468  52.780  3.605  35.079 0.1111110002
67435  52.217  4.257  34.660 0.1111110002
67416  52.346  4.895  35.348 0.1111110002
69164  44.365  6.598  46.122 0.1111110002
67386  46.836  4.710  38.976 0.1111110002
67419  49.948  4.669  36.962 0.1111110002
68317  49.253  5.637  37.082 0.1111110002
68332  51.275  5.624  36.221 0.1111110002
65460  48.107  3.156  39.573 0.1111110002
66436  49.397  3.368  37.895 0.1111110002
65480  50.677  2.649  37.424 0.1111110002
65487  52.685  2.561  36.210 0.1111110002
66467  53.028  3.270  35.026 0.1111110002
65486  52.854  2.855  35.380 0.1111110002
66482  48.899  3.648  34.618 0.1111110002
67427  52.647  4.010  35.061 0.1111110002
68305  47.665  5.210  38.011 0.1111110002
68306  47.094  5.428  38.304 0.1111110002
68333  50.139  5.431  36.760 0.1111110002
28344  5.085  -37.536  83.422 0.1111110002
31763  4.322  -34.584  85.050 0.1111110002
34292  4.686  -30.751  85.797 0.5555559993
35108  4.827  -28.902  83.394 0.6666669846
35114  4.819  -29.123  83.062 0.6666669846
35939  5.102  -28.566  83.313 0.3333329856
37831  11.467  -26.705  72.094 0.5555559993
39684  6.702  -24.567  82.229 0.1111110002
40644  7.538  -22.838  77.462 0.2222220004
41565  29.044  -22.122  73.856 0.1111110002
42512  12.413  -21.560  70.426 0.8888890147
43501  25.580  -19.485  65.570 0.6666669846
44450  27.914  -18.766  68.630 0.1111110002
44479  26.536  -18.929  66.702 0.5555559993
45544  25.467  -18.752  64.245 0.7777780294
45577  24.294  -17.739  62.937 0.8888890147
46455  28.144  -17.596  67.514 0.1111110002
49167  26.597  -15.010  65.264 0.5555559993
50153  26.274  -12.876  59.472 0.8888890147
50154  26.001  -12.860  59.580 1.0000000000
50155  25.454  -12.800  59.751 0.8888890147
51159  29.227  -12.215  60.046 0.3333329856
51217  25.695  -12.185  57.188 1.0000000000
52148  20.429  -11.790  63.615 1.0000000000
52175  21.247  -11.579  61.238 1.0000000000
52275  29.657  -11.185  55.972 0.6666669846
52280  25.241  -10.746  56.151 1.0000000000
53169  20.388  -11.307  63.789 0.8888890147
53282  24.098  -10.392  57.005 1.0000000000
53325  26.028  -10.346  55.209 1.0000000000
54177  22.280  -9.679  59.187 1.0000000000
60926  34.926  -3.208  53.629 0.5555559993
65390  49.053  2.852  44.640 0.1111110002
65471  48.443  3.037  39.273 0.1111110002
65508  52.621  3.014  34.806 0.1111110002
66478  52.817  3.244  34.938 0.1111110002
67426  52.979  3.522  35.069 0.1111110002
69185  40.452  6.979  43.577 0.1111110002
69186  39.777  6.511  44.027 0.1111110002
69187  38.830  6.361  43.815 0.1111110002
69188  38.420  6.360  43.727 0.1111110002
69196  41.632  7.003  43.249 0.1111110002
69198  40.110  6.661  43.310 0.1111110002
69199  39.111  6.137  43.219 0.1111110002
69200  38.442  6.256  43.336 0.1111110002
69206  41.782  6.915  42.800 0.2222220004
69207  41.070  7.377  43.060 0.1111110002
69208  40.468  6.835  42.943 0.1111110002
69209  39.302  6.115  43.001 0.1111110002
69210  38.841  6.183  42.845 0.1111110002
70101  41.203  7.544  43.432 0.1111110002
70102  40.037  7.168  44.097 0.1111110002
70103  39.353  6.823  44.107 0.1111110002
70104  38.675  6.321  43.631 0.1111110002
70108  41.400  7.255  43.289 0.1111110002
70109  38.510  6.306  43.472 0.1111110002
70112  40.536  7.081  42.882 0.1111110002
70113  40.029  6.800  42.763 0.1111110002
70114  39.191  6.495  42.546 0.1111110002
70115  38.447  6.407  42.752 0.1111110002
70959  39.968  7.102  43.403 0.1111110002
70960  39.074  6.993  43.735 0.1111110002
70961  38.738  6.619  43.451 0.1111110002
70969  39.047  7.013  43.029 0.1111110002
70970  38.771  6.315  42.956 0.1111110002
70973  38.928  6.813  42.504 0.1111110002
70974  38.613  6.485  42.583 0.1111110002
70985  42.706  8.343  40.302 0.1111110002
105810  15.135  -27.169  83.409 0.1111110002
106141  39.964  7.035  42.602 0.1111110002
