#!ascii label  , from subject 3620 vox2ras=TkReg
885
112240  48.342  27.590  45.445 0.0000000000
114768  49.456  31.842  51.789 0.0000000000
109428  48.777  23.133  47.758 0.0000000000
110857  42.481  25.262  46.879 0.0000000000
109471  43.748  24.115  42.546 0.0000000000
116062  51.247  33.715  45.656 0.0000000000
114758  44.642  31.574  52.148 0.0000000000
117802  46.554  37.199  53.821 0.0000000000
107139  52.778  20.908  48.955 0.0000000000
107209  51.611  20.465  42.316 0.0000000000
113587  52.567  29.693  46.526 0.0000000000
110875  50.402  25.866  43.839 0.0000000000
112187  51.941  27.427  49.679 0.0000000000
110050  48.973  24.460  51.353 0.0000000000
119178  46.301  38.621  48.749 0.0000000000
117258  49.539  35.607  48.471 0.0000000000
108036  45.789  21.102  41.328 0.0000000000
111551  45.832  26.806  45.638 0.0000000000
110105  43.343  24.752  45.036 0.0000000000
110887  45.686  26.173  43.564 0.0000000000
114192  50.330  30.771  46.077 0.0000000000
112911  47.255  28.951  47.311 0.0000000000
115996  41.133  33.658  52.282 0.0000000000
107126  55.235  20.820  50.272 0.0000000000
106352  54.202  19.668  46.406 0.0000000000
104813  54.861  17.691  47.607 0.0000000000
120387  47.692  41.339  44.645 0.0000000000
114158  51.408  30.810  48.516 0.0000000000
112909  53.356  28.546  47.596 0.0000000000
113504  52.836  29.482  51.727 0.0000000000
110799  46.828  25.543  53.983 0.0000000000
111478  48.000  26.323  52.368 0.0000000000
110042  48.403  24.647  53.422 0.0000000000
109395  50.797  22.866  53.093 0.0000000000
116600  47.944  34.308  52.515 0.0000000000
117842  47.259  36.918  51.038 0.0000000000
116018  49.151  33.281  49.433 0.0000000000
115411  52.089  32.821  47.658 0.0000000000
110852  49.385  24.926  46.428 0.0000000000
110115  45.671  23.892  44.478 0.0000000000
108726  47.113  22.299  45.224 0.0000000000
108739  41.591  22.274  44.345 0.0000000000
107202  42.832  21.166  43.959 0.0000000000
118566  51.983  36.629  46.066 0.0000000000
117272  49.363  34.937  45.966 0.0000000000
115372  47.415  32.656  52.745 0.0000000000
114110  49.412  30.434  53.850 0.0000000000
118471  40.163  37.352  54.394 0.0000000000
119738  43.683  39.194  54.323 0.0000000000
116603  45.252  34.834  52.424 0.0000000000
107969  50.021  21.421  48.545 0.0000000000
107180  48.864  20.690  46.321 0.0000000000
106355  51.531  19.850  46.039 0.0000000000
106382  53.345  19.259  43.576 0.0000000000
112935  51.350  28.774  44.686 0.0000000000
112258  49.452  27.216  43.156 0.0000000000
112238  52.960  27.243  44.903 0.0000000000
111532  52.073  26.458  46.325 0.0000000000
110841  50.523  25.763  47.765 0.0000000000
112852  50.576  28.305  51.652 0.0000000000
111486  49.730  26.383  50.302 0.0000000000
109404  49.426  23.356  49.712 0.0000000000
108685  50.624  22.071  50.459 0.0000000000
107940  53.288  21.634  51.408 0.0000000000
119800  45.548  39.223  45.798 0.0000000000
120354  48.297  40.621  47.436 0.0000000000
119176  47.959  39.033  48.788 0.0000000000
118544  49.988  37.808  47.493 0.0000000000
116679  52.079  35.197  47.003 0.0000000000
114820  52.311  31.739  45.811 0.0000000000
110140  46.679  25.504  43.420 0.0000000000
108759  44.296  22.675  42.441 0.0000000000
106388  44.576  20.218  43.243 0.0000000000
107227  48.322  20.796  42.026 0.0000000000
112242  46.782  27.303  45.945 0.0000000000
111566  45.797  26.423  44.554 0.0000000000
129327  47.147  26.650  44.623 0.0000000000
112925  49.262  28.894  46.315 0.0000000000
113590  48.821  29.672  46.778 0.0000000000
112939  48.067  28.087  46.103 0.0000000000
112227  46.552  27.555  46.627 0.0000000000
106325  55.325  19.449  50.217 0.0000000000
106342  55.410  19.203  48.482 0.0000000000
105559  54.679  18.170  50.047 0.0000000000
105587  42.861  18.651  46.607 0.0000000000
114145  50.608  30.887  50.916 0.0000000000
113513  52.079  30.311  50.275 0.0000000000
114139  51.137  30.858  52.112 0.0000000000
110044  47.094  24.801  54.072 0.0000000000
110043  47.556  24.848  53.773 0.0000000000
115384  48.989  32.562  51.998 0.0000000000
116629  47.968  34.151  51.164 0.0000000000
115389  49.112  32.187  51.199 0.0000000000
114776  49.948  31.791  49.656 0.0000000000
110081  48.860  24.055  47.124 0.0000000000
109440  47.358  23.387  46.203 0.0000000000
108711  47.752  22.386  46.898 0.0000000000
110858  41.770  24.904  46.848 0.0000000000
110107  41.792  24.157  46.106 0.0000000000
110128  43.421  24.296  43.463 0.0000000000
109461  42.041  23.022  44.599 0.0000000000
108749  42.447  22.478  43.660 0.0000000000
108004  41.963  21.628  44.469 0.0000000000
108016  42.800  21.708  43.248 0.0000000000
117281  51.687  35.393  45.776 0.0000000000
117898  51.366  36.180  45.527 0.0000000000
116680  50.314  34.167  45.919 0.0000000000
111523  43.697  26.479  47.641 0.0000000000
110844  42.901  25.828  47.759 0.0000000000
114757  45.784  31.660  52.273 0.0000000000
114125  47.215  30.636  52.938 0.0000000000
114127  45.276  30.712  52.458 0.0000000000
115376  42.960  32.532  51.722 0.0000000000
115994  43.410  34.066  52.105 0.0000000000
115385  44.302  33.028  51.558 0.0000000000
115991  46.913  33.672  52.628 0.0000000000
107967  51.413  20.999  48.960 0.0000000000
107169  51.031  20.310  47.453 0.0000000000
107168  51.974  20.101  47.441 0.0000000000
105592  54.353  18.401  45.607 0.0000000000
106371  53.653  19.235  44.449 0.0000000000
105607  53.743  18.466  43.857 0.0000000000
113597  51.838  29.592  45.005 0.0000000000
113607  51.910  28.909  44.118 0.0000000000
112934  52.597  28.316  45.099 0.0000000000
112185  53.331  27.678  49.303 0.0000000000
111518  53.296  27.006  47.299 0.0000000000
111508  52.481  26.917  48.161 0.0000000000
111521  51.232  26.409  47.038 0.0000000000
111509  51.259  26.793  48.420 0.0000000000
113474  48.715  29.598  53.728 0.0000000000
112810  50.806  29.023  53.585 0.0000000000
112812  49.030  28.872  53.409 0.0000000000
110806  48.502  25.447  51.838 0.0000000000
111482  48.914  26.061  51.056 0.0000000000
110810  49.191  25.365  50.576 0.0000000000
110056  49.234  24.400  50.158 0.0000000000
109402  49.477  23.438  50.768 0.0000000000
108686  49.844  22.622  50.187 0.0000000000
108682  50.032  22.620  51.120 0.0000000000
109381  51.735  23.085  54.104 0.0000000000
108669  52.407  22.366  52.950 0.0000000000
119187  46.255  38.616  47.703 0.0000000000
119799  46.708  40.022  46.266 0.0000000000
119790  47.544  40.139  47.819 0.0000000000
119117  45.234  39.082  54.909 0.0000000000
119749  45.391  39.431  53.345 0.0000000000
119128  46.670  39.100  54.087 0.0000000000
117260  47.880  35.959  49.042 0.0000000000
118518  47.282  38.020  50.501 0.0000000000
117868  47.863  36.878  48.821 0.0000000000
119175  48.495  38.903  47.983 0.0000000000
118532  49.577  37.298  47.888 0.0000000000
117878  51.243  36.526  47.894 0.0000000000
117257  50.748  35.631  48.259 0.0000000000
114794  52.333  31.780  47.233 0.0000000000
115410  52.455  32.707  46.781 0.0000000000
114191  52.554  30.719  45.998 0.0000000000
114208  51.548  30.616  45.503 0.0000000000
112267  50.256  26.543  42.769 0.0000000000
112272  47.749  26.200  43.115 0.0000000000
129320  48.111  25.610  43.499 0.0000000000
108748  45.808  22.598  43.839 0.0000000000
109480  45.299  23.467  43.051 0.0000000000
108026  45.490  21.792  42.325 0.0000000000
107231  44.416  20.733  41.854 0.0000000000
106403  45.124  20.457  41.432 0.0000000000
107196  49.978  20.537  43.865 0.0000000000
107197  48.873  20.832  44.084 0.0000000000
107226  49.528  20.583  41.697 0.0000000000
110855  44.233  25.855  46.169 0.0000000000
110095  43.019  24.884  46.112 0.0000000000
110867  44.636  25.928  45.445 0.0000000000
110878  44.915  26.034  44.291 0.0000000000
110126  44.925  25.540  42.897 0.0000000000
115427  51.140  32.501  45.858 0.0000000000
112229  44.982  27.194  46.977 0.0000000000
107137  54.318  20.959  49.094 0.0000000000
107153  53.308  20.431  48.184 0.0000000000
107165  54.743  20.316  47.778 0.0000000000
105585  55.026  18.513  47.195 0.0000000000
113572  51.794  30.251  48.136 0.0000000000
112910  52.931  29.145  47.010 0.0000000000
113549  52.439  29.410  48.896 0.0000000000
113525  53.260  28.882  49.613 0.0000000000
112864  52.871  27.868  51.015 0.0000000000
112135  46.774  27.119  54.088 0.0000000000
112157  47.842  27.503  53.064 0.0000000000
110802  47.653  26.119  52.943 0.0000000000
110801  48.128  25.434  52.796 0.0000000000
110046  48.970  24.151  52.378 0.0000000000
109400  49.654  23.188  52.050 0.0000000000
109396  49.483  23.764  53.335 0.0000000000
109382  50.628  23.310  54.257 0.0000000000
109363  51.584  23.302  55.070 0.0000000000
118519  45.481  38.149  50.136 0.0000000000
117186  47.237  36.235  53.202 0.0000000000
117816  47.564  36.902  53.058 0.0000000000
117223  47.403  35.823  51.507 0.0000000000
116638  47.855  34.340  49.935 0.0000000000
116653  48.723  34.507  48.828 0.0000000000
116651  50.966  34.520  48.283 0.0000000000
115399  50.378  32.481  48.966 0.0000000000
114780  50.989  31.677  48.609 0.0000000000
111547  49.844  25.663  45.131 0.0000000000
110113  48.070  25.202  44.760 0.0000000000
110865  47.696  24.791  45.413 0.0000000000
109442  46.398  23.169  45.405 0.0000000000
108003  46.626  22.220  44.264 0.0000000000
106396  51.608  19.402  41.122 0.0000000000
106410  50.293  19.858  40.726 0.0000000000
107997  40.520  21.975  45.811 0.0000000000
109451  42.236  23.678  45.041 0.0000000000
108740  40.844  22.419  44.925 0.0000000000
107996  40.949  21.754  45.415 0.0000000000
107995  41.781  21.273  45.793 0.0000000000
107192  42.687  20.693  45.292 0.0000000000
106367  43.690  19.712  45.358 0.0000000000
117904  51.574  36.874  45.393 0.0000000000
117900  49.586  36.300  45.372 0.0000000000
114754  48.997  31.990  52.882 0.0000000000
114123  50.596  31.195  53.035 0.0000000000
114744  48.867  31.113  53.426 0.0000000000
114112  47.645  30.167  53.363 0.0000000000
112814  47.032  28.925  53.717 0.0000000000
112117  46.374  27.646  54.482 0.0000000000
111442  46.127  26.457  54.518 0.0000000000
119132  41.767  38.818  54.226 0.0000000000
118458  43.151  38.091  55.527 0.0000000000
117804  44.509  37.363  54.605 0.0000000000
117188  45.800  36.617  53.467 0.0000000000
116602  46.444  34.689  52.591 0.0000000000
115990  47.801  33.598  52.871 0.0000000000
108702  49.454  22.258  48.497 0.0000000000
107978  48.616  21.391  47.278 0.0000000000
107170  50.061  20.553  47.526 0.0000000000
107178  50.820  20.096  46.411 0.0000000000
107186  51.500  20.198  44.378 0.0000000000
106353  53.333  19.620  46.270 0.0000000000
106372  52.853  19.767  44.151 0.0000000000
106383  52.756  19.940  42.755 0.0000000000
112947  49.805  28.069  44.756 0.0000000000
112260  48.548  27.229  44.414 0.0000000000
112946  50.571  28.242  44.216 0.0000000000
112955  51.402  27.547  43.201 0.0000000000
111573  51.690  26.368  43.470 0.0000000000
112224  53.215  27.405  46.213 0.0000000000
111544  52.840  26.446  45.587 0.0000000000
111562  51.231  26.019  44.286 0.0000000000
110851  50.422  25.665  46.541 0.0000000000
110842  49.868  24.804  47.377 0.0000000000
110073  49.433  23.882  48.111 0.0000000000
114108  51.752  29.971  53.732 0.0000000000
112832  52.068  28.592  52.881 0.0000000000
112166  51.645  27.962  51.207 0.0000000000
112155  49.062  27.766  52.047 0.0000000000
112167  50.116  27.513  51.085 0.0000000000
112174  50.450  27.059  50.351 0.0000000000
110820  50.031  26.002  49.292 0.0000000000
110066  49.413  24.240  49.112 0.0000000000
109413  49.461  23.185  48.822 0.0000000000
108693  49.847  22.406  49.233 0.0000000000
108692  50.266  22.055  49.751 0.0000000000
107948  51.392  21.671  50.191 0.0000000000
108676  51.184  22.522  52.110 0.0000000000
108680  51.874  22.168  51.352 0.0000000000
107946  53.072  21.422  50.537 0.0000000000
107939  54.136  21.680  51.328 0.0000000000
119810  46.442  40.378  45.411 0.0000000000
120365  48.198  40.969  46.502 0.0000000000
120374  49.297  40.768  46.267 0.0000000000
119148  47.481  38.940  52.063 0.0000000000
119772  47.255  39.506  50.019 0.0000000000
119779  48.147  40.251  48.711 0.0000000000
119788  49.205  39.917  47.412 0.0000000000
119194  50.064  38.851  46.474 0.0000000000
118555  51.483  37.564  46.936 0.0000000000
117887  52.183  36.350  46.793 0.0000000000
116700  52.042  34.510  45.859 0.0000000000
116032  52.106  33.660  47.666 0.0000000000
116043  52.459  33.434  46.435 0.0000000000
115440  51.585  32.810  45.522 0.0000000000
114822  51.359  31.195  45.661 0.0000000000
113598  50.941  29.701  45.398 0.0000000000
112273  47.457  26.423  43.731 0.0000000000
110134  45.699  25.539  42.945 0.0000000000
110135  44.951  25.043  42.382 0.0000000000
110133  45.598  24.414  43.344 0.0000000000
109492  45.318  24.357  42.724 0.0000000000
109482  44.244  23.916  42.275 0.0000000000
108028  43.740  21.689  42.456 0.0000000000
107200  44.014  20.367  44.064 0.0000000000
107993  47.883  21.367  45.731 0.0000000000
108001  47.495  21.520  43.731 0.0000000000
107228  47.246  20.718  41.687 0.0000000000
107241  48.847  20.178  41.372 0.0000000000
106414  46.082  19.974  41.084 0.0000000000
104794  54.070  17.650  48.886 0.0000000000
104806  53.111  17.248  47.679 0.0000000000
112241  47.622  27.438  45.735 0.0000000000
111550  47.142  26.899  45.226 0.0000000000
111549  47.916  27.087  45.260 0.0000000000
112938  48.887  28.182  45.959 0.0000000000
105558  55.153  18.792  50.644 0.0000000000
114146  49.861  31.330  51.196 0.0000000000
114140  50.184  31.214  51.999 0.0000000000
115383  49.205  32.212  51.705 0.0000000000
114773  49.490  31.756  50.779 0.0000000000
114772  49.940  31.385  50.409 0.0000000000
109429  48.176  23.202  47.167 0.0000000000
108710  48.319  22.332  47.441 0.0000000000
110097  41.614  24.380  46.619 0.0000000000
110096  42.073  24.763  46.242 0.0000000000
109472  43.259  23.644  43.114 0.0000000000
109483  43.613  23.412  42.635 0.0000000000
116701  51.474  34.512  45.686 0.0000000000
116044  50.461  33.713  45.974 0.0000000000
110856  43.596  25.813  46.819 0.0000000000
110843  43.440  25.991  47.443 0.0000000000
110845  41.724  25.303  47.623 0.0000000000
115375  44.030  32.335  51.781 0.0000000000
116008  43.997  33.393  51.631 0.0000000000
115374  45.089  32.667  51.923 0.0000000000
107957  51.969  21.324  49.436 0.0000000000
107154  52.213  20.626  48.440 0.0000000000
105599  54.158  18.495  44.717 0.0000000000
113596  52.335  29.481  45.537 0.0000000000
113606  52.253  28.904  44.613 0.0000000000
112186  52.757  27.339  49.563 0.0000000000
112199  53.048  27.072  48.557 0.0000000000
112200  52.176  27.284  48.859 0.0000000000
112201  51.581  27.321  49.091 0.0000000000
112813  47.664  28.586  53.788 0.0000000000
112133  48.180  28.026  53.236 0.0000000000
110051  48.715  24.692  52.026 0.0000000000
110805  48.821  25.320  51.164 0.0000000000
109380  52.800  22.931  53.900 0.0000000000
118526  45.558  37.998  49.118 0.0000000000
118535  45.683  37.807  48.057 0.0000000000
119186  46.900  39.353  48.385 0.0000000000
118466  45.776  38.657  54.591 0.0000000000
119116  45.825  39.120  54.346 0.0000000000
118476  46.361  38.030  54.381 0.0000000000
117259  48.438  35.783  48.716 0.0000000000
117867  49.014  36.641  48.305 0.0000000000
117866  50.232  36.467  48.183 0.0000000000
117865  50.793  36.240  48.200 0.0000000000
114176  52.510  30.751  46.899 0.0000000000
114807  52.517  31.755  46.406 0.0000000000
111575  50.137  25.992  43.240 0.0000000000
111586  49.110  25.812  42.952 0.0000000000
110886  49.805  25.790  43.524 0.0000000000
108014  45.727  22.208  43.162 0.0000000000
108757  45.441  22.640  43.078 0.0000000000
108037  45.037  21.290  41.305 0.0000000000
108043  45.580  20.825  40.995 0.0000000000
107210  50.381  20.600  42.547 0.0000000000
111552  45.102  26.385  45.657 0.0000000000
111567  45.410  26.265  44.188 0.0000000000
111578  45.354  26.184  43.841 0.0000000000
110116  44.462  25.399  43.620 0.0000000000
110888  45.109  26.001  43.458 0.0000000000
114810  49.900  31.645  46.393 0.0000000000
114193  49.470  30.657  46.588 0.0000000000
113591  48.259  29.149  46.864 0.0000000000
113573  48.325  30.148  47.083 0.0000000000
112243  46.187  27.228  46.180 0.0000000000
112228  45.620  27.228  46.599 0.0000000000
111534  45.365  26.864  46.256 0.0000000000
111535  44.655  26.552  46.576 0.0000000000
107136  54.993  20.872  49.534 0.0000000000
107151  54.985  20.460  48.476 0.0000000000
105579  55.339  18.402  48.190 0.0000000000
104824  54.666  17.846  46.855 0.0000000000
120388  46.845  40.810  44.474 0.0000000000
120399  46.516  40.446  43.817 0.0000000000
113571  52.336  29.628  47.720 0.0000000000
113550  51.792  29.994  48.761 0.0000000000
113512  52.669  29.804  50.701 0.0000000000
113526  52.869  29.400  49.715 0.0000000000
113511  53.202  29.006  50.354 0.0000000000
112863  53.181  28.407  50.880 0.0000000000
112849  53.083  28.611  51.326 0.0000000000
111464  46.697  26.414  54.049 0.0000000000
111463  47.145  26.457  53.506 0.0000000000
110797  48.084  25.199  53.182 0.0000000000
110047  48.609  24.800  52.564 0.0000000000
110041  48.907  24.378  52.930 0.0000000000
109364  50.590  23.453  55.332 0.0000000000
117205  47.399  35.610  52.541 0.0000000000
116619  47.670  34.775  51.817 0.0000000000
116015  48.388  33.568  50.543 0.0000000000
116019  48.589  33.701  49.609 0.0000000000
116026  48.949  33.758  49.101 0.0000000000
116025  49.475  33.774  48.847 0.0000000000
115400  49.758  33.105  49.156 0.0000000000
114159  50.827  31.062  49.099 0.0000000000
114177  52.013  30.823  47.700 0.0000000000
110863  49.083  25.205  45.462 0.0000000000
110864  48.246  25.015  45.568 0.0000000000
110853  48.554  24.816  46.128 0.0000000000
109441  46.829  23.390  45.602 0.0000000000
108719  47.027  22.849  45.602 0.0000000000
108737  46.465  22.526  44.678 0.0000000000
108736  46.837  22.314  44.725 0.0000000000
108730  40.330  22.413  45.940 0.0000000000
108741  40.539  22.784  45.350 0.0000000000
110106  42.395  24.254  45.495 0.0000000000
108005  41.169  21.953  44.623 0.0000000000
106368  43.140  20.128  45.551 0.0000000000
107191  43.305  20.335  45.181 0.0000000000
118567  51.798  37.196  45.723 0.0000000000
117283  50.020  35.411  45.690 0.0000000000
117899  50.580  36.193  45.368 0.0000000000
117284  48.997  35.717  45.811 0.0000000000
115371  48.232  32.656  52.736 0.0000000000
114755  48.051  31.525  52.907 0.0000000000
114124  47.972  30.719  53.232 0.0000000000
113475  47.716  29.550  53.642 0.0000000000
112800  45.943  28.270  54.526 0.0000000000
119133  40.690  38.334  53.904 0.0000000000
118459  42.340  37.754  55.229 0.0000000000
118470  42.957  37.545  55.290 0.0000000000
117792  44.041  37.573  55.165 0.0000000000
116604  43.996  34.931  52.333 0.0000000000
117208  44.674  36.016  53.032 0.0000000000
117207  46.013  35.701  52.923 0.0000000000
107977  49.318  21.349  47.949 0.0000000000
107177  51.506  19.940  46.748 0.0000000000
106364  51.238  19.982  45.645 0.0000000000
107187  50.726  20.189  45.043 0.0000000000
106363  51.909  19.911  45.076 0.0000000000
106345  53.566  20.047  47.176 0.0000000000
106362  53.023  19.554  45.266 0.0000000000
106395  52.194  19.459  41.806 0.0000000000
105618  52.594  18.897  42.176 0.0000000000
112936  50.587  28.643  45.144 0.0000000000
112944  52.255  27.983  43.909 0.0000000000
112954  52.057  27.349  43.140 0.0000000000
112256  51.395  26.832  42.862 0.0000000000
112249  52.364  26.969  43.600 0.0000000000
112924  52.909  28.519  46.289 0.0000000000
112923  53.378  27.962  46.841 0.0000000000
111531  52.881  26.548  46.670 0.0000000000
111543  53.144  26.794  46.205 0.0000000000
111545  51.777  26.285  45.324 0.0000000000
111546  50.678  25.946  45.368 0.0000000000
111533  51.270  26.156  46.102 0.0000000000
110832  49.882  25.020  48.439 0.0000000000
114743  49.750  31.186  53.413 0.0000000000
114122  51.488  30.638  53.146 0.0000000000
114109  50.664  30.493  53.977 0.0000000000
113491  51.471  29.006  53.496 0.0000000000
112833  51.047  28.866  52.979 0.0000000000
112851  51.664  28.356  51.833 0.0000000000
112156  48.287  27.367  52.460 0.0000000000
112169  48.700  27.276  51.785 0.0000000000
112168  49.246  27.139  51.192 0.0000000000
112175  49.881  27.031  50.712 0.0000000000
111485  50.139  26.638  50.062 0.0000000000
111496  50.259  26.439  49.558 0.0000000000
111497  49.888  26.124  49.799 0.0000000000
108684  51.391  21.998  50.770 0.0000000000
109399  50.462  22.738  52.284 0.0000000000
108674  52.974  21.836  52.402 0.0000000000
108675  52.132  22.286  52.210 0.0000000000
108679  52.558  21.910  51.712 0.0000000000
107941  52.572  21.717  51.113 0.0000000000
107945  53.890  21.451  50.577 0.0000000000
119198  45.037  38.603  46.121 0.0000000000
119199  44.319  38.155  46.026 0.0000000000
119801  44.954  38.984  45.723 0.0000000000
120355  47.690  40.536  46.842 0.0000000000
120366  47.525  40.789  46.130 0.0000000000
120375  48.723  41.178  45.950 0.0000000000
120364  48.929  41.321  46.998 0.0000000000
117828  47.624  36.849  52.105 0.0000000000
118488  47.420  37.938  52.594 0.0000000000
118502  47.365  37.965  51.582 0.0000000000
118525  47.476  38.027  49.404 0.0000000000
119160  47.477  38.969  51.059 0.0000000000
119169  47.480  38.970  49.996 0.0000000000
119771  47.523  39.578  49.508 0.0000000000
118545  49.251  37.879  47.558 0.0000000000
119185  49.158  38.705  47.230 0.0000000000
119195  49.464  39.496  46.935 0.0000000000
119184  50.415  38.176  47.058 0.0000000000
119193  51.160  37.982  46.588 0.0000000000
119183  50.889  37.921  47.005 0.0000000000
117265  51.832  35.667  47.429 0.0000000000
117877  52.025  36.455  47.234 0.0000000000
117270  52.198  35.645  46.699 0.0000000000
117280  52.033  35.441  46.182 0.0000000000
116678  52.294  34.474  46.599 0.0000000000
116023  51.476  33.588  48.233 0.0000000000
116650  51.505  34.426  47.968 0.0000000000
115426  52.493  32.674  46.061 0.0000000000
116060  52.345  33.581  45.893 0.0000000000
115439  52.178  32.718  45.571 0.0000000000
114808  51.442  32.195  45.740 0.0000000000
114821  51.734  31.729  45.637 0.0000000000
113599  50.329  29.164  45.563 0.0000000000
112259  48.638  27.152  43.850 0.0000000000
112269  48.488  26.710  43.223 0.0000000000
110898  46.573  25.987  43.287 0.0000000000
110141  45.634  25.223  42.747 0.0000000000
110114  46.567  24.678  44.239 0.0000000000
129321  47.689  25.322  43.902 0.0000000000
108758  44.965  22.632  42.490 0.0000000000
109491  45.295  23.920  42.787 0.0000000000
109481  44.895  23.489  42.539 0.0000000000
108029  43.207  21.908  42.693 0.0000000000
107213  44.598  20.327  42.670 0.0000000000
107232  43.771  20.980  42.575 0.0000000000
107214  44.048  20.529  43.223 0.0000000000
106376  44.440  19.955  44.128 0.0000000000
107985  48.195  21.266  46.373 0.0000000000
107189  48.344  20.893  45.309 0.0000000000
107212  48.364  21.070  43.124 0.0000000000
107198  47.907  21.274  44.218 0.0000000000
108023  47.996  21.135  42.625 0.0000000000
108012  47.116  21.499  43.184 0.0000000000
108024  47.502  21.141  42.404 0.0000000000
106411  49.341  19.476  41.235 0.0000000000
106399  48.547  19.278  41.532 0.0000000000
111565  46.548  26.605  44.679 0.0000000000
129324  46.504  26.386  44.113 0.0000000000
113589  50.004  29.678  46.107 0.0000000000
112926  48.527  28.730  46.514 0.0000000000
112927  47.778  28.632  46.795 0.0000000000
112213  47.045  28.146  47.166 0.0000000000
112226  47.357  27.795  46.429 0.0000000000
107135  55.287  20.211  49.825 0.0000000000
107150  55.257  20.221  49.075 0.0000000000
105570  55.285  18.685  49.714 0.0000000000
104804  54.875  17.596  48.548 0.0000000000
114149  51.336  30.503  49.755 0.0000000000
114144  51.819  30.534  51.087 0.0000000000
114138  52.062  30.526  52.274 0.0000000000
109384  48.584  24.077  54.555 0.0000000000
116599  48.253  33.953  52.413 0.0000000000
116618  48.272  34.093  52.077 0.0000000000
116007  48.471  33.441  51.571 0.0000000000
115390  48.704  32.779  50.882 0.0000000000
115394  49.357  32.359  49.906 0.0000000000
115393  49.867  32.189  49.481 0.0000000000
114777  49.634  31.780  50.175 0.0000000000
114150  50.456  31.144  49.806 0.0000000000
110091  48.734  24.506  46.572 0.0000000000
110092  48.003  24.238  46.554 0.0000000000
110082  48.247  23.769  46.919 0.0000000000
109430  47.689  22.995  46.660 0.0000000000
108718  47.384  22.464  46.094 0.0000000000
110117  43.716  24.736  43.951 0.0000000000
110118  42.904  24.046  44.346 0.0000000000
107216  42.963  21.346  43.437 0.0000000000
117897  51.849  36.292  45.865 0.0000000000
117282  51.005  35.363  45.590 0.0000000000
116703  49.949  34.776  45.817 0.0000000000
111524  43.199  26.167  48.001 0.0000000000
114756  46.872  31.669  52.683 0.0000000000
114126  46.299  30.784  52.599 0.0000000000
115995  42.456  33.729  52.037 0.0000000000
116605  42.794  34.949  52.280 0.0000000000
116010  43.149  33.677  51.922 0.0000000000
115993  44.449  33.801  51.917 0.0000000000
115992  45.803  33.737  52.201 0.0000000000
115373  46.361  32.680  52.365 0.0000000000
107968  50.731  21.112  48.852 0.0000000000
107156  50.600  20.738  48.188 0.0000000000
107155  51.319  20.641  48.243 0.0000000000
106360  54.512  19.052  46.053 0.0000000000
106361  54.055  19.290  45.440 0.0000000000
112198  53.498  27.657  48.315 0.0000000000
112211  53.405  27.389  47.354 0.0000000000
112212  53.322  27.191  47.979 0.0000000000
111519  53.075  26.836  47.628 0.0000000000
111520  52.188  26.700  47.357 0.0000000000
113473  49.874  29.588  54.110 0.0000000000
112811  50.279  29.042  53.529 0.0000000000
112834  49.758  28.533  52.554 0.0000000000
111483  48.472  26.636  51.675 0.0000000000
110821  49.693  25.566  49.533 0.0000000000
109394  51.994  22.698  53.433 0.0000000000
108670  51.693  22.531  52.782 0.0000000000
118547  44.680  37.566  47.407 0.0000000000
118546  45.468  38.127  47.124 0.0000000000
119197  45.925  38.834  46.654 0.0000000000
119196  46.794  39.317  47.341 0.0000000000
119789  48.114  40.461  48.055 0.0000000000
119723  44.458  39.339  54.868 0.0000000000
119737  44.773  39.378  53.834 0.0000000000
119722  45.374  39.327  54.299 0.0000000000
119721  46.060  39.410  53.960 0.0000000000
117245  47.513  36.010  49.522 0.0000000000
117854  47.289  36.958  49.915 0.0000000000
118534  47.820  37.984  48.652 0.0000000000
118533  48.487  37.883  47.975 0.0000000000
118543  50.979  37.584  47.309 0.0000000000
117879  50.444  37.175  47.832 0.0000000000
114207  52.081  30.669  45.558 0.0000000000
112268  49.080  26.532  42.693 0.0000000000
111592  48.159  25.995  42.877 0.0000000000
109460  45.636  23.181  44.518 0.0000000000
110125  45.548  23.999  43.798 0.0000000000
109470  45.472  23.272  43.799 0.0000000000
108027  44.578  21.850  41.911 0.0000000000
107230  44.824  20.222  42.238 0.0000000000
107188  49.431  20.560  45.163 0.0000000000
107211  49.233  20.702  42.836 0.0000000000
110868  43.848  25.398  45.713 0.0000000000
110879  44.156  25.366  44.659 0.0000000000
110866  45.271  26.299  44.996 0.0000000000
110127  43.977  24.680  42.826 0.0000000000
115441  51.013  33.092  45.807 0.0000000000
112214  46.162  27.893  47.316 0.0000000000
112215  45.289  27.677  47.395 0.0000000000
111522  44.291  26.725  47.248 0.0000000000
111536  43.985  26.271  47.011 0.0000000000
115377  41.815  32.579  52.004 0.0000000000
107138  53.536  20.924  48.963 0.0000000000
106335  54.244  20.433  47.616 0.0000000000
106344  54.473  20.133  47.234 0.0000000000
106334  55.360  19.842  48.533 0.0000000000
106343  55.234  19.587  47.708 0.0000000000
106351  54.731  19.250  46.788 0.0000000000
105591  54.632  18.428  46.406 0.0000000000
104825  54.255  17.525  46.150 0.0000000000
113570  53.005  29.068  48.445 0.0000000000
113527  52.239  29.971  49.652 0.0000000000
113548  53.082  29.103  49.110 0.0000000000
112894  53.411  28.476  48.916 0.0000000000
112877  53.360  28.339  49.918 0.0000000000
112171  53.151  27.717  50.266 0.0000000000
112172  52.446  27.612  50.403 0.0000000000
112134  47.443  27.541  53.580 0.0000000000
111479  47.620  26.926  52.929 0.0000000000
110798  47.641  25.442  53.317 0.0000000000
109362  52.532  23.235  54.795 0.0000000000
119171  46.241  38.718  49.769 0.0000000000
117801  47.186  36.895  53.566 0.0000000000
118475  47.174  38.002  53.622 0.0000000000
116630  47.401  34.960  50.815 0.0000000000
117233  47.263  35.952  50.447 0.0000000000
116639  47.368  35.225  49.922 0.0000000000
117244  47.842  35.243  49.219 0.0000000000
116652  49.984  34.609  48.502 0.0000000000
116024  50.373  33.682  48.663 0.0000000000
115398  51.389  32.472  48.308 0.0000000000
114795  51.696  31.741  47.954 0.0000000000
111563  50.229  25.809  44.510 0.0000000000
129326  49.350  25.544  44.094 0.0000000000
111564  49.338  25.517  44.524 0.0000000000
110102  47.199  24.566  45.021 0.0000000000
110854  47.860  24.745  45.963 0.0000000000
110093  47.233  24.137  45.686 0.0000000000
110103  46.373  24.007  45.114 0.0000000000
108738  46.011  22.742  44.622 0.0000000000
108747  46.252  22.414  44.168 0.0000000000
108013  46.308  21.927  43.426 0.0000000000
107224  51.580  20.102  41.409 0.0000000000
107225  50.574  20.315  41.341 0.0000000000
106409  50.905  19.368  40.695 0.0000000000
107989  40.282  21.646  46.586 0.0000000000
109452  41.487  23.515  45.677 0.0000000000
109462  40.824  23.104  45.042 0.0000000000
108729  40.635  22.066  45.502 0.0000000000
107988  41.123  21.357  46.311 0.0000000000
107987  41.590  21.068  46.439 0.0000000000
106357  42.805  19.671  46.267 0.0000000000
117905  51.107  36.846  44.948 0.0000000000
116045  49.578  33.501  46.311 0.0000000000
114769  49.302  32.017  52.395 0.0000000000
114753  49.743  31.621  52.671 0.0000000000
114745  48.378  30.918  53.275 0.0000000000
114111  48.413  30.372  53.564 0.0000000000
112798  47.120  28.305  54.028 0.0000000000
112116  47.078  27.950  54.191 0.0000000000
119739  42.745  38.928  54.562 0.0000000000
119111  41.545  38.032  54.967 0.0000000000
119120  42.388  38.648  55.051 0.0000000000
119724  43.445  39.058  55.090 0.0000000000
119118  44.485  38.845  55.402 0.0000000000
118478  44.864  37.983  54.936 0.0000000000
117803  45.637  37.361  54.131 0.0000000000
117817  44.238  36.667  53.801 0.0000000000
117189  44.985  36.816  53.804 0.0000000000
117187  46.698  36.349  53.389 0.0000000000
117206  46.956  35.480  53.090 0.0000000000
116601  47.302  34.565  52.744 0.0000000000
115989  48.363  33.435  52.414 0.0000000000
115370  48.611  32.637  52.527 0.0000000000
108709  48.856  22.211  48.007 0.0000000000
107171  49.287  20.764  47.147 0.0000000000
107179  49.859  20.450  46.288 0.0000000000
107195  51.208  20.403  43.572 0.0000000000
107167  52.774  20.075  47.712 0.0000000000
106346  52.793  19.711  47.042 0.0000000000
106354  52.277  19.682  46.287 0.0000000000
106373  52.089  20.210  43.844 0.0000000000
106384  51.997  20.424  43.113 0.0000000000
107208  52.228  20.136  41.830 0.0000000000
112239  49.096  27.821  45.215 0.0000000000
112252  48.547  27.358  44.850 0.0000000000
112251  49.048  27.554  44.475 0.0000000000
112250  49.655  27.718  43.905 0.0000000000
112956  50.520  27.665  43.448 0.0000000000
112945  51.398  28.242  43.819 0.0000000000
112257  50.389  27.159  42.647 0.0000000000
111584  51.072  26.523  43.135 0.0000000000
111574  50.810  26.145  43.450 0.0000000000
112225  52.951  27.834  45.610 0.0000000000
112237  53.146  26.913  45.704 0.0000000000
111561  52.276  26.479  44.453 0.0000000000
110862  49.897  25.509  45.786 0.0000000000
114121  52.276  30.197  53.090 0.0000000000
113472  51.036  29.336  53.837 0.0000000000
114107  52.304  29.639  53.324 0.0000000000
113489  52.728  29.286  52.504 0.0000000000
112850  52.801  28.509  51.842 0.0000000000
112165  52.194  27.900  51.192 0.0000000000
112173  51.479  27.631  50.558 0.0000000000
112835  48.817  28.186  52.735 0.0000000000
112853  49.741  27.864  51.692 0.0000000000
112866  50.767  27.720  50.953 0.0000000000
112188  51.148  27.158  49.593 0.0000000000
110831  50.244  25.956  48.812 0.0000000000
109422  49.176  22.950  48.288 0.0000000000
107959  50.337  21.709  49.210 0.0000000000
107958  50.910  21.481  49.618 0.0000000000
108677  50.402  22.626  51.782 0.0000000000
108681  50.933  22.406  51.251 0.0000000000
107947  52.160  21.663  50.455 0.0000000000
107956  52.864  21.233  49.701 0.0000000000
107955  53.679  21.193  49.799 0.0000000000
107954  54.330  21.186  49.896 0.0000000000
107944  54.698  21.264  50.552 0.0000000000
107943  55.225  21.001  50.883 0.0000000000
120377  47.048  40.841  45.375 0.0000000000
120376  47.937  41.311  45.639 0.0000000000
119809  49.699  40.077  45.560 0.0000000000
119162  46.115  38.945  50.771 0.0000000000
119138  47.370  38.917  52.971 0.0000000000
119177  46.836  39.335  49.414 0.0000000000
119780  47.448  39.770  49.029 0.0000000000
120343  48.360  40.453  47.960 0.0000000000
119778  48.596  39.749  48.011 0.0000000000
120353  48.878  40.544  47.681 0.0000000000
119787  49.393  40.234  47.147 0.0000000000
119797  49.555  39.953  46.550 0.0000000000
119207  50.104  39.348  45.790 0.0000000000
119206  51.001  38.593  45.585 0.0000000000
118554  51.746  37.393  46.494 0.0000000000
118542  51.742  37.157  47.220 0.0000000000
117888  52.069  36.870  46.845 0.0000000000
117896  52.120  36.208  46.305 0.0000000000
116061  51.933  33.660  45.467 0.0000000000
117256  51.391  35.084  47.842 0.0000000000
116666  52.007  34.458  47.449 0.0000000000
116031  52.369  33.698  47.106 0.0000000000
114809  50.957  31.680  45.926 0.0000000000
114209  50.952  30.728  45.641 0.0000000000
113588  50.540  30.245  45.734 0.0000000000
112937  49.753  28.583  45.634 0.0000000000
111576  47.966  26.773  44.613 0.0000000000
129328  47.185  26.550  44.263 0.0000000000
110892  46.301  26.197  43.555 0.0000000000
110893  45.687  25.985  43.161 0.0000000000
109493  45.364  24.829  42.549 0.0000000000
108760  43.415  22.672  42.728 0.0000000000
107215  43.339  21.200  43.221 0.0000000000
107201  43.498  20.568  44.357 0.0000000000
106377  43.967  20.230  44.524 0.0000000000
107979  47.925  21.707  47.043 0.0000000000
107986  47.710  21.779  46.311 0.0000000000
107994  47.471  21.740  45.400 0.0000000000
107190  47.756  21.247  45.113 0.0000000000
107199  47.558  21.492  44.785 0.0000000000
108002  47.164  21.814  44.339 0.0000000000
108025  46.527  21.172  42.084 0.0000000000
107240  49.763  20.240  40.944 0.0000000000
106412  48.258  19.657  41.360 0.0000000000
107242  47.750  20.185  41.485 0.0000000000
107229  46.683  20.729  41.451 0.0000000000
108042  45.970  20.711  40.824 0.0000000000
106423  45.953  20.295  40.860 0.0000000000
106402  45.263  20.077  41.756 0.0000000000
104793  54.704  17.709  49.332 0.0000000000
104805  54.061  17.453  48.072 0.0000000000
104781  54.596  17.862  49.624 0.0000000000
104782  54.199  17.945  49.489 0.0000000000
105571  55.346  17.968  49.193 0.0000000000
105578  55.411  18.710  48.942 0.0000000000
105627  51.134  18.694  40.817 0.0000000000
106333  55.372  19.475  49.226 0.0000000000
106336  53.962  20.448  47.597 0.0000000000
106397  51.034  19.868  40.969 0.0000000000
106415  45.560  20.389  41.156 0.0000000000
106416  45.316  20.471  41.276 0.0000000000
106422  46.071  20.137  40.682 0.0000000000
107152  54.209  20.590  48.141 0.0000000000
107166  54.449  20.396  47.663 0.0000000000
107223  52.008  19.829  41.444 0.0000000000
107239  50.218  20.211  40.851 0.0000000000
107243  46.665  20.337  41.191 0.0000000000
107244  45.596  20.562  41.043 0.0000000000
107245  45.290  20.682  41.229 0.0000000000
107250  46.059  20.355  40.880 0.0000000000
107251  45.814  20.462  40.885 0.0000000000
107252  45.623  20.627  40.997 0.0000000000
108011  47.750  21.346  43.185 0.0000000000
108015  43.254  21.625  42.861 0.0000000000
108035  46.299  20.760  41.185 0.0000000000
108041  46.217  20.526  40.927 0.0000000000
108720  46.638  22.948  45.410 0.0000000000
108727  46.749  22.644  45.117 0.0000000000
108728  46.329  22.833  45.112 0.0000000000
109439  47.893  23.534  46.731 0.0000000000
109449  46.429  23.537  45.400 0.0000000000
109450  45.978  23.262  45.159 0.0000000000
110094  46.711  23.768  45.470 0.0000000000
110104  45.792  23.614  44.895 0.0000000000
110876  49.701  25.677  44.025 0.0000000000
110877  45.328  26.281  44.479 0.0000000000
110885  50.327  25.939  43.470 0.0000000000
111507  52.924  26.893  48.126 0.0000000000
111530  53.255  26.924  46.895 0.0000000000
111548  48.247  27.158  45.054 0.0000000000
111577  45.780  26.268  43.962 0.0000000000
111585  50.412  26.307  43.037 0.0000000000
111587  46.046  26.251  43.752 0.0000000000
112266  50.830  26.606  42.910 0.0000000000
112808  52.501  28.972  53.023 0.0000000000
112809  52.344  28.919  53.123 0.0000000000
112831  52.530  28.880  52.785 0.0000000000
112865  51.221  28.057  51.197 0.0000000000
113470  52.480  29.236  53.101 0.0000000000
113471  51.977  29.122  53.521 0.0000000000
113490  51.661  28.849  53.296 0.0000000000
113503  53.117  28.995  51.181 0.0000000000
114106  52.475  29.534  53.168 0.0000000000
114120  52.555  29.674  52.977 0.0000000000
114137  52.603  29.963  52.391 0.0000000000
114143  52.482  30.147  51.635 0.0000000000
114781  50.452  31.593  49.166 0.0000000000
115386  43.647  33.023  51.510 0.0000000000
115387  43.134  33.328  51.736 0.0000000000
115395  48.792  33.098  50.059 0.0000000000
116009  43.611  33.579  51.780 0.0000000000
116665  52.336  34.225  47.057 0.0000000000
116681  49.887  34.279  46.022 0.0000000000
116702  50.575  34.498  45.783 0.0000000000
117264  52.208  36.041  47.077 0.0000000000
117266  51.362  35.756  47.923 0.0000000000
117271  52.149  35.656  47.057 0.0000000000
117876  52.195  36.315  47.041 0.0000000000
118457  43.855  38.403  55.523 0.0000000000
118467  45.029  38.471  54.982 0.0000000000
118468  44.398  38.049  55.269 0.0000000000
118469  43.666  37.799  55.392 0.0000000000
118477  45.417  37.981  54.688 0.0000000000
118553  52.032  36.775  46.362 0.0000000000
118556  45.299  38.362  46.581 0.0000000000
119107  43.912  38.850  55.516 0.0000000000
119108  43.409  38.664  55.404 0.0000000000
119109  42.707  38.380  55.295 0.0000000000
119110  42.067  38.204  55.098 0.0000000000
119119  42.923  38.723  55.148 0.0000000000
119121  41.900  38.575  54.856 0.0000000000
119122  41.169  38.144  54.636 0.0000000000
119127  47.170  38.975  53.545 0.0000000000
119208  44.553  38.657  45.591 0.0000000000
119710  44.017  39.102  55.387 0.0000000000
119711  43.722  38.961  55.428 0.0000000000
119725  42.630  38.840  54.928 0.0000000000
119726  42.249  38.794  54.990 0.0000000000
119736  45.742  39.507  53.644 0.0000000000
119740  42.220  38.868  54.767 0.0000000000
119798  49.461  39.940  47.059 0.0000000000
120342  48.483  40.266  48.100 0.0000000000
120352  49.236  40.406  47.391 0.0000000000
120363  49.343  40.696  47.083 0.0000000000
129322  48.932  25.487  43.837 0.0000000000
129323  46.606  26.503  44.373 0.0000000000
129325  46.845  26.558  44.384 0.0000000000
