#!ascii label  , from subject 3383 vox2ras=TkReg
1575
68940  -35.694  -38.577  31.478 0.0000000000
82474  -50.694  -26.111  27.117 0.0000000000
75376  -42.747  -33.097  28.472 0.0000000000
44176  -8.393  -59.246  50.691 0.0000000000
66331  -31.843  -40.091  37.400 0.0000000000
52731  -22.853  -51.446  47.304 0.0000000000
51526  -32.466  -52.579  46.048 0.0000000000
58846  -37.066  -46.842  42.288 0.0000000000
64027  -38.231  -42.099  41.406 0.0000000000
50339  -15.348  -53.172  43.519 0.0000000000
53918  -18.388  -50.596  48.040 0.0000000000
55244  -18.589  -49.270  42.347 0.0000000000
52838  -28.849  -52.340  40.568 0.0000000000
55248  -33.565  -49.970  41.594 0.0000000000
67594  -38.086  -39.938  37.688 0.0000000000
70045  -40.641  -37.452  34.340 0.0000000000
76608  -48.364  -31.080  27.561 0.0000000000
73029  -37.529  -34.603  30.664 0.0000000000
80047  -48.485  -28.630  22.097 0.0000000000
40186  -5.355  -62.149  51.097 0.0000000000
67515  -35.470  -39.215  41.266 0.0000000000
67639  -33.403  -38.907  34.650 0.0000000000
54029  -23.174  -50.561  41.456 0.0000000000
50304  -27.473  -54.256  45.906 0.0000000000
75278  -42.434  -33.492  33.664 0.0000000000
80110  -56.693  -28.394  18.562 0.0000000000
57697  -35.344  -47.353  39.152 0.0000000000
60181  -36.332  -45.585  38.670 0.0000000000
54011  -16.908  -51.113  42.481 0.0000000000
54096  -31.638  -50.497  38.581 0.0000000000
55288  -33.502  -49.028  39.738 0.0000000000
56479  -35.273  -48.072  42.267 0.0000000000
67666  -36.680  -39.439  33.718 0.0000000000
68854  -39.543  -39.465  35.458 0.0000000000
70059  -37.747  -38.127  33.093 0.0000000000
78785  -50.079  -28.917  27.163 0.0000000000
78739  -51.502  -29.815  30.727 0.0000000000
84794  -52.056  -24.984  26.485 0.0000000000
44214  -6.427  -58.845  47.701 0.0000000000
42873  -6.901  -60.235  50.534 0.0000000000
65169  -35.240  -40.734  39.536 0.0000000000
66277  -36.266  -40.435  42.090 0.0000000000
66299  -34.402  -39.930  39.787 0.0000000000
67568  -34.621  -39.187  38.275 0.0000000000
68834  -31.786  -38.398  36.394 0.0000000000
53921  -20.982  -50.501  48.136 0.0000000000
53884  -20.886  -51.280  51.049 0.0000000000
51432  -22.448  -52.204  49.182 0.0000000000
51435  -25.540  -52.903  49.794 0.0000000000
56535  -20.679  -48.346  39.046 0.0000000000
55303  -23.520  -49.507  38.380 0.0000000000
50350  -31.492  -53.720  43.395 0.0000000000
50371  -28.200  -53.348  42.762 0.0000000000
49113  -30.233  -54.647  45.672 0.0000000000
49076  -29.643  -54.565  48.478 0.0000000000
46618  -12.331  -56.958  47.150 0.0000000000
49004  -13.635  -54.972  50.286 0.0000000000
48961  -13.288  -54.732  53.371 0.0000000000
74122  -39.463  -33.298  29.313 0.0000000000
74053  -40.048  -33.860  32.400 0.0000000000
74078  -42.466  -33.261  31.501 0.0000000000
81394  -58.580  -27.310  17.009 0.0000000000
42835  -7.904  -59.179  54.067 0.0000000000
60065  -38.086  -46.025  45.089 0.0000000000
62755  -39.010  -43.358  45.128 0.0000000000
60128  -38.674  -45.105  41.677 0.0000000000
64089  -36.554  -42.705  38.615 0.0000000000
50278  -14.841  -53.524  46.481 0.0000000000
52708  -16.916  -51.727  48.866 0.0000000000
52773  -16.712  -51.936  45.614 0.0000000000
53962  -18.733  -50.346  45.349 0.0000000000
55162  -20.798  -49.894  45.137 0.0000000000
55306  -25.766  -49.843  38.010 0.0000000000
54093  -28.477  -50.962  38.306 0.0000000000
52841  -31.342  -52.179  40.905 0.0000000000
54002  -33.107  -51.194  43.924 0.0000000000
56455  -34.188  -49.239  45.028 0.0000000000
57619  -35.518  -47.389  44.689 0.0000000000
49146  -13.419  -54.440  43.317 0.0000000000
66279  -38.934  -40.131  41.759 0.0000000000
67499  -43.187  -38.762  42.299 0.0000000000
66305  -41.001  -40.225  39.226 0.0000000000
68840  -41.971  -38.765  36.548 0.0000000000
75397  -45.942  -32.474  28.363 0.0000000000
75320  -46.267  -32.417  31.315 0.0000000000
76552  -48.368  -31.532  31.060 0.0000000000
33288  -1.787  -66.417  52.233 0.0000000000
71103  -36.560  -36.164  30.603 0.0000000000
75347  -37.379  -32.661  29.273 0.0000000000
76621  -42.231  -31.480  26.386 0.0000000000
77738  -44.542  -30.230  26.481 0.0000000000
79982  -46.510  -28.380  26.309 0.0000000000
82486  -47.799  -27.292  25.975 0.0000000000
81260  -49.540  -27.059  25.236 0.0000000000
80034  -46.815  -28.615  22.945 0.0000000000
41539  -6.348  -60.551  54.325 0.0000000000
40164  -3.740  -62.597  54.148 0.0000000000
36011  -2.350  -64.237  53.964 0.0000000000
68729  -39.820  -38.167  45.473 0.0000000000
65093  -38.208  -41.041  45.015 0.0000000000
66236  -37.011  -39.249  44.370 0.0000000000
68749  -38.061  -38.500  43.423 0.0000000000
67552  -37.205  -39.486  39.958 0.0000000000
67607  -36.057  -39.487  36.609 0.0000000000
67683  -34.205  -39.456  32.427 0.0000000000
53882  -19.317  -51.238  51.443 0.0000000000
55224  -21.140  -49.058  42.199 0.0000000000
53984  -23.301  -51.224  44.763 0.0000000000
52855  -25.867  -51.352  41.278 0.0000000000
52810  -25.998  -52.299  43.884 0.0000000000
51503  -25.420  -52.746  46.792 0.0000000000
49055  -27.242  -54.586  49.091 0.0000000000
45437  -8.650  -58.187  47.762 0.0000000000
45454  -10.016  -57.759  46.827 0.0000000000
45392  -10.828  -58.631  50.600 0.0000000000
71068  -39.164  -35.982  32.554 0.0000000000
72953  -41.283  -34.900  33.896 0.0000000000
73994  -43.242  -34.194  35.741 0.0000000000
76519  -44.846  -31.694  33.711 0.0000000000
80006  -52.212  -28.169  25.595 0.0000000000
80026  -54.636  -28.028  24.684 0.0000000000
81311  -56.541  -26.381  22.597 0.0000000000
80084  -55.805  -28.816  20.539 0.0000000000
82573  -57.993  -25.740  20.810 0.0000000000
57717  -34.532  -47.537  38.171 0.0000000000
58919  -35.355  -46.611  38.152 0.0000000000
58955  -33.838  -46.518  36.511 0.0000000000
55309  -32.362  -48.922  38.083 0.0000000000
56556  -33.520  -47.929  38.127 0.0000000000
56542  -34.541  -48.146  39.170 0.0000000000
68924  -35.861  -39.160  32.346 0.0000000000
68902  -37.352  -38.993  33.251 0.0000000000
68941  -36.440  -38.274  31.879 0.0000000000
81223  -50.099  -27.377  27.248 0.0000000000
79953  -52.267  -29.166  28.213 0.0000000000
81207  -52.934  -27.420  28.426 0.0000000000
82477  -53.294  -25.961  27.866 0.0000000000
83657  -51.441  -25.119  26.601 0.0000000000
44201  -7.883  -58.719  49.121 0.0000000000
44184  -7.067  -59.471  49.035 0.0000000000
42874  -7.571  -59.631  50.654 0.0000000000
66332  -32.800  -40.326  37.676 0.0000000000
66300  -34.637  -40.396  39.563 0.0000000000
66314  -32.418  -39.917  38.110 0.0000000000
68807  -32.869  -38.815  37.793 0.0000000000
67589  -31.995  -39.002  37.223 0.0000000000
51404  -14.913  -53.316  51.221 0.0000000000
53940  -22.123  -50.953  47.483 0.0000000000
53908  -21.860  -51.318  48.563 0.0000000000
51453  -23.212  -52.055  48.501 0.0000000000
51434  -24.645  -52.766  49.426 0.0000000000
51454  -24.358  -52.254  48.405 0.0000000000
51542  -32.045  -53.135  45.501 0.0000000000
50328  -30.992  -54.480  44.224 0.0000000000
50308  -31.577  -53.730  45.842 0.0000000000
50264  -31.052  -53.564  47.815 0.0000000000
49049  -14.521  -54.462  48.343 0.0000000000
50204  -13.847  -54.125  50.084 0.0000000000
50170  -13.959  -54.278  51.949 0.0000000000
68732  -41.998  -38.045  45.267 0.0000000000
74148  -41.466  -33.404  28.776 0.0000000000
74097  -40.938  -33.465  30.541 0.0000000000
74099  -43.067  -33.535  30.650 0.0000000000
58820  -37.528  -46.599  44.308 0.0000000000
60095  -38.734  -45.661  43.415 0.0000000000
58847  -38.041  -45.980  42.343 0.0000000000
61518  -36.614  -44.446  38.569 0.0000000000
64106  -35.268  -42.943  36.936 0.0000000000
65199  -35.254  -41.880  37.731 0.0000000000
50297  -15.026  -53.390  45.349 0.0000000000
51516  -15.758  -52.694  45.754 0.0000000000
51532  -15.858  -52.547  44.855 0.0000000000
55222  -18.093  -50.158  43.106 0.0000000000
53982  -18.371  -50.808  44.088 0.0000000000
55201  -18.537  -49.816  43.751 0.0000000000
56399  -20.187  -49.889  45.290 0.0000000000
56446  -19.654  -48.785  43.459 0.0000000000
52914  -27.211  -50.786  37.084 0.0000000000
54073  -32.308  -50.424  39.558 0.0000000000
54051  -30.960  -51.070  39.979 0.0000000000
54032  -32.747  -51.048  41.197 0.0000000000
52826  -32.502  -51.734  42.038 0.0000000000
52812  -33.268  -50.971  42.930 0.0000000000
53987  -33.482  -50.358  44.791 0.0000000000
55226  -33.852  -49.669  42.981 0.0000000000
57645  -35.866  -47.479  42.432 0.0000000000
57644  -35.017  -47.700  42.949 0.0000000000
57634  -36.260  -47.371  43.553 0.0000000000
58806  -36.429  -46.583  45.420 0.0000000000
50337  -13.805  -53.926  43.003 0.0000000000
66302  -38.723  -40.268  39.994 0.0000000000
66293  -40.070  -40.332  40.239 0.0000000000
67573  -39.574  -39.989  38.332 0.0000000000
68877  -40.102  -38.306  34.856 0.0000000000
68825  -40.898  -39.286  37.065 0.0000000000
68856  -41.205  -38.537  35.630 0.0000000000
70024  -42.497  -38.004  36.288 0.0000000000
70046  -41.441  -36.863  34.509 0.0000000000
76586  -47.136  -31.876  28.414 0.0000000000
75352  -47.019  -32.493  29.628 0.0000000000
76573  -48.701  -31.762  29.593 0.0000000000
78730  -51.664  -29.022  32.012 0.0000000000
76622  -43.285  -31.208  26.570 0.0000000000
77751  -43.191  -30.207  25.828 0.0000000000
80002  -44.600  -28.526  25.241 0.0000000000
81255  -45.361  -28.139  25.323 0.0000000000
81237  -47.038  -27.734  25.960 0.0000000000
81279  -46.367  -27.529  24.595 0.0000000000
81280  -47.334  -27.859  24.580 0.0000000000
41600  -5.687  -60.705  49.063 0.0000000000
38803  -4.608  -62.592  50.572 0.0000000000
44103  -8.033  -59.059  56.334 0.0000000000
42834  -6.952  -59.837  54.368 0.0000000000
42818  -6.817  -59.825  56.397 0.0000000000
40152  -4.490  -61.969  56.006 0.0000000000
38769  -4.023  -63.271  55.373 0.0000000000
38786  -2.908  -63.344  54.058 0.0000000000
36002  -3.624  -64.046  54.904 0.0000000000
34661  -3.175  -65.249  54.442 0.0000000000
63999  -39.397  -42.940  43.303 0.0000000000
63991  -38.778  -42.261  44.547 0.0000000000
65113  -38.525  -41.935  42.957 0.0000000000
66256  -36.126  -39.536  42.158 0.0000000000
66257  -36.546  -39.789  42.712 0.0000000000
67480  -36.554  -39.057  43.348 0.0000000000
68736  -37.387  -38.581  44.029 0.0000000000
68778  -36.841  -38.628  42.201 0.0000000000
67518  -37.575  -39.135  41.993 0.0000000000
67533  -36.234  -39.147  40.754 0.0000000000
68836  -33.720  -38.779  36.245 0.0000000000
67591  -35.086  -39.128  37.458 0.0000000000
67620  -34.144  -39.258  35.309 0.0000000000
67641  -34.848  -39.611  34.533 0.0000000000
67663  -33.657  -39.477  33.280 0.0000000000
52709  -17.607  -51.231  48.415 0.0000000000
52677  -17.669  -51.374  50.639 0.0000000000
52691  -18.409  -51.100  49.951 0.0000000000
55263  -22.153  -49.499  40.226 0.0000000000
56494  -21.124  -48.723  41.243 0.0000000000
55225  -21.908  -49.488  41.896 0.0000000000
55204  -21.450  -49.789  43.010 0.0000000000
54014  -23.249  -51.036  42.553 0.0000000000
52875  -27.637  -51.631  39.795 0.0000000000
54067  -26.213  -50.449  39.476 0.0000000000
52856  -27.068  -51.699  40.792 0.0000000000
50326  -28.600  -54.153  44.783 0.0000000000
51541  -27.021  -52.884  43.949 0.0000000000
50324  -26.465  -53.202  44.871 0.0000000000
51538  -25.023  -52.505  44.779 0.0000000000
50303  -26.258  -53.482  45.684 0.0000000000
50263  -26.181  -53.401  48.249 0.0000000000
49091  -27.138  -54.486  47.442 0.0000000000
56389  -34.055  -49.279  47.666 0.0000000000
45440  -11.422  -57.556  47.288 0.0000000000
45421  -11.412  -57.626  48.151 0.0000000000
45420  -10.618  -58.181  48.520 0.0000000000
47727  -13.597  -55.154  55.634 0.0000000000
72081  -36.882  -35.369  30.480 0.0000000000
71084  -37.529  -36.138  31.514 0.0000000000
72061  -37.800  -35.211  31.346 0.0000000000
74055  -41.573  -33.540  32.811 0.0000000000
72971  -40.204  -34.574  32.897 0.0000000000
74033  -41.539  -34.002  33.261 0.0000000000
72955  -42.341  -34.827  34.789 0.0000000000
75262  -42.558  -33.612  34.631 0.0000000000
76537  -46.708  -31.566  32.362 0.0000000000
75300  -45.113  -32.036  32.363 0.0000000000
76504  -46.421  -31.445  34.426 0.0000000000
78809  -49.169  -28.852  24.282 0.0000000000
81261  -50.521  -26.829  25.270 0.0000000000
78812  -50.865  -28.663  24.803 0.0000000000
78829  -53.215  -29.203  23.557 0.0000000000
78830  -54.243  -29.117  23.590 0.0000000000
80039  -55.949  -27.511  23.548 0.0000000000
80053  -55.165  -28.790  22.169 0.0000000000
81363  -54.537  -27.307  18.415 0.0000000000
81349  -54.217  -27.617  19.175 0.0000000000
78870  -55.750  -28.629  19.262 0.0000000000
80085  -56.868  -28.303  20.335 0.0000000000
81350  -58.152  -27.145  19.835 0.0000000000
80098  -58.409  -27.428  18.872 0.0000000000
81396  -59.706  -27.276  17.321 0.0000000000
58862  -36.355  -46.850  40.624 0.0000000000
58880  -36.768  -46.323  40.112 0.0000000000
58900  -36.139  -46.688  39.222 0.0000000000
60180  -35.646  -45.629  38.046 0.0000000000
52805  -16.303  -52.049  42.945 0.0000000000
55325  -31.451  -50.051  37.206 0.0000000000
55287  -32.774  -49.477  39.216 0.0000000000
55266  -33.551  -49.466  40.404 0.0000000000
56477  -34.109  -49.416  42.173 0.0000000000
56523  -34.266  -48.758  40.135 0.0000000000
57659  -35.302  -47.815  40.647 0.0000000000
67624  -37.806  -39.936  35.729 0.0000000000
67610  -39.034  -40.010  36.732 0.0000000000
67645  -38.354  -39.700  34.906 0.0000000000
68876  -39.242  -39.050  34.598 0.0000000000
68904  -39.148  -38.174  33.713 0.0000000000
77726  -49.197  -30.283  27.668 0.0000000000
76575  -49.976  -31.334  28.891 0.0000000000
78757  -51.159  -29.894  28.395 0.0000000000
78748  -52.170  -29.293  30.139 0.0000000000
84811  -53.512  -24.727  26.088 0.0000000000
42885  -6.189  -60.326  49.349 0.0000000000
41590  -6.474  -60.837  50.639 0.0000000000
65152  -37.044  -41.249  40.604 0.0000000000
65130  -37.040  -40.949  41.787 0.0000000000
65129  -36.054  -40.740  41.332 0.0000000000
66289  -34.718  -40.149  40.671 0.0000000000
66274  -34.594  -39.368  40.864 0.0000000000
67531  -34.900  -39.293  40.144 0.0000000000
68798  -34.104  -39.132  38.594 0.0000000000
68822  -33.188  -38.574  37.262 0.0000000000
68852  -33.033  -38.677  35.238 0.0000000000
53919  -19.498  -50.249  48.170 0.0000000000
53905  -19.884  -50.533  49.364 0.0000000000
53906  -20.721  -50.666  49.267 0.0000000000
51417  -21.790  -52.356  50.110 0.0000000000
50193  -25.092  -53.547  50.446 0.0000000000
55301  -22.062  -49.194  38.772 0.0000000000
54064  -23.185  -49.966  39.798 0.0000000000
51579  -30.471  -53.264  41.909 0.0000000000
51577  -28.270  -53.030  42.164 0.0000000000
50373  -29.806  -53.793  42.565 0.0000000000
50327  -29.856  -54.534  44.331 0.0000000000
49112  -29.098  -54.758  45.772 0.0000000000
49075  -28.743  -54.950  48.078 0.0000000000
47860  -30.065  -54.755  47.211 0.0000000000
47867  -12.919  -55.720  45.162 0.0000000000
47833  -13.213  -56.131  47.285 0.0000000000
47789  -13.266  -56.119  50.487 0.0000000000
47757  -13.391  -56.351  52.263 0.0000000000
48979  -13.618  -54.984  51.430 0.0000000000
74095  -38.868  -33.367  30.247 0.0000000000
74075  -39.193  -33.652  31.139 0.0000000000
74076  -40.299  -33.600  31.464 0.0000000000
74077  -41.449  -33.204  31.683 0.0000000000
75297  -42.716  -33.029  32.868 0.0000000000
81321  -48.368  -27.781  21.467 0.0000000000
80048  -49.779  -28.832  22.543 0.0000000000
81322  -49.605  -27.359  21.042 0.0000000000
81392  -55.820  -27.321  17.284 0.0000000000
80135  -57.992  -27.655  17.507 0.0000000000
81408  -56.038  -26.822  16.511 0.0000000000
82637  -57.492  -26.410  16.008 0.0000000000
44167  -9.680  -59.048  51.647 0.0000000000
42854  -8.625  -59.658  52.260 0.0000000000
62740  -38.124  -44.044  47.202 0.0000000000
61401  -38.788  -44.286  45.779 0.0000000000
61433  -39.798  -44.250  43.671 0.0000000000
62818  -39.449  -43.446  41.609 0.0000000000
60147  -38.005  -45.337  40.372 0.0000000000
62835  -38.077  -43.537  39.942 0.0000000000
64068  -37.569  -42.818  39.746 0.0000000000
65170  -35.897  -41.452  39.148 0.0000000000
66334  -34.609  -41.092  37.608 0.0000000000
50228  -14.986  -53.732  48.485 0.0000000000
51449  -15.565  -52.904  48.579 0.0000000000
51473  -15.718  -52.710  47.630 0.0000000000
52729  -16.850  -51.662  47.826 0.0000000000
52730  -17.534  -51.114  47.363 0.0000000000
52794  -17.167  -51.794  44.468 0.0000000000
52774  -17.674  -51.316  45.234 0.0000000000
53936  -19.340  -50.194  47.103 0.0000000000
55134  -19.909  -49.729  47.070 0.0000000000
55148  -21.250  -49.800  46.365 0.0000000000
55149  -22.006  -50.350  46.660 0.0000000000
54092  -27.468  -50.830  38.346 0.0000000000
52876  -28.452  -51.719  39.648 0.0000000000
54071  -30.368  -51.038  39.170 0.0000000000
54050  -30.095  -51.242  39.911 0.0000000000
52840  -30.424  -52.323  40.698 0.0000000000
51580  -31.846  -52.947  42.244 0.0000000000
51559  -32.545  -52.666  43.513 0.0000000000
52778  -33.170  -51.525  45.818 0.0000000000
52757  -32.808  -51.280  47.119 0.0000000000
53966  -33.430  -50.861  45.229 0.0000000000
55184  -33.840  -49.752  45.346 0.0000000000
56409  -34.337  -48.582  46.448 0.0000000000
56478  -34.685  -48.772  42.712 0.0000000000
57618  -34.876  -47.983  44.969 0.0000000000
57603  -34.953  -48.077  46.076 0.0000000000
58790  -35.777  -46.792  46.509 0.0000000000
49126  -13.153  -55.248  44.629 0.0000000000
68762  -39.944  -39.112  42.526 0.0000000000
67497  -41.500  -39.403  42.363 0.0000000000
67521  -42.344  -39.707  41.551 0.0000000000
67556  -42.607  -39.617  39.500 0.0000000000
67596  -40.219  -39.543  37.458 0.0000000000
67575  -41.400  -39.764  38.270 0.0000000000
74161  -43.977  -33.195  28.299 0.0000000000
74127  -44.636  -33.350  29.724 0.0000000000
75351  -46.126  -32.926  29.735 0.0000000000
76550  -46.873  -31.868  31.417 0.0000000000
77649  -48.120  -31.221  32.574 0.0000000000
77680  -49.618  -31.275  31.043 0.0000000000
77669  -49.507  -30.613  32.157 0.0000000000
70116  -34.870  -37.881  30.088 0.0000000000
70096  -35.792  -37.758  31.064 0.0000000000
70137  -35.442  -36.932  29.686 0.0000000000
72106  -36.417  -35.592  29.876 0.0000000000
73051  -36.596  -34.477  29.609 0.0000000000
74120  -37.678  -33.161  29.654 0.0000000000
74121  -38.449  -33.226  29.367 0.0000000000
75349  -39.800  -33.159  28.806 0.0000000000
75374  -41.361  -32.771  28.346 0.0000000000
75394  -43.145  -32.720  27.910 0.0000000000
76604  -43.932  -31.773  27.238 0.0000000000
77721  -44.787  -30.995  26.923 0.0000000000
77740  -46.020  -30.378  26.673 0.0000000000
78798  -44.217  -29.116  25.558 0.0000000000
78781  -45.083  -29.439  26.404 0.0000000000
78765  -47.222  -29.659  26.736 0.0000000000
79966  -47.690  -28.718  26.801 0.0000000000
81222  -48.988  -27.443  26.859 0.0000000000
82473  -49.612  -26.600  26.754 0.0000000000
82489  -50.185  -25.948  26.364 0.0000000000
82503  -48.946  -26.645  25.672 0.0000000000
81281  -48.283  -28.077  24.914 0.0000000000
80035  -47.770  -28.755  23.063 0.0000000000
81320  -47.278  -27.607  21.561 0.0000000000
42852  -7.434  -60.037  52.156 0.0000000000
41565  -6.862  -60.447  52.363 0.0000000000
41563  -5.348  -61.616  52.437 0.0000000000
41522  -5.538  -60.790  56.178 0.0000000000
40166  -4.918  -61.507  54.399 0.0000000000
40178  -4.818  -62.042  52.458 0.0000000000
38791  -3.785  -62.885  52.804 0.0000000000
37415  -2.991  -63.712  52.841 0.0000000000
36020  -2.133  -64.721  52.286 0.0000000000
34670  -1.895  -65.324  53.356 0.0000000000
69938  -40.300  -37.672  45.209 0.0000000000
65084  -37.845  -40.451  46.734 0.0000000000
65112  -37.709  -41.023  42.841 0.0000000000
66237  -37.455  -39.902  44.790 0.0000000000
68727  -37.886  -38.805  44.760 0.0000000000
68737  -38.466  -38.372  44.233 0.0000000000
68750  -39.418  -38.680  43.356 0.0000000000
66260  -38.404  -39.747  42.474 0.0000000000
67553  -38.018  -39.474  40.363 0.0000000000
67571  -37.270  -39.445  38.764 0.0000000000
67569  -35.372  -39.286  38.426 0.0000000000
67592  -36.229  -39.330  37.601 0.0000000000
67608  -37.170  -39.715  36.791 0.0000000000
67623  -36.848  -39.655  35.699 0.0000000000
67665  -35.782  -39.467  33.895 0.0000000000
67701  -34.813  -39.274  31.502 0.0000000000
68832  -30.891  -38.985  36.304 0.0000000000
68850  -31.168  -38.577  35.617 0.0000000000
68870  -31.187  -38.777  34.680 0.0000000000
68896  -31.297  -38.985  33.682 0.0000000000
68922  -32.477  -39.665  32.986 0.0000000000
67699  -32.598  -39.568  31.403 0.0000000000
67700  -33.690  -39.423  31.495 0.0000000000
68962  -33.790  -38.796  30.090 0.0000000000
53883  -20.243  -51.287  51.281 0.0000000000
56491  -18.802  -48.914  41.607 0.0000000000
56514  -19.767  -48.178  40.576 0.0000000000
56468  -19.536  -48.514  42.476 0.0000000000
55182  -20.768  -49.490  43.939 0.0000000000
55183  -21.613  -50.047  44.322 0.0000000000
52775  -23.144  -51.613  45.906 0.0000000000
55285  -24.898  -49.670  38.836 0.0000000000
54066  -25.052  -50.064  39.824 0.0000000000
54031  -25.053  -50.976  41.983 0.0000000000
51596  -26.942  -52.538  41.999 0.0000000000
52835  -25.469  -51.374  42.006 0.0000000000
54015  -24.553  -51.161  42.907 0.0000000000
54001  -24.126  -51.383  44.045 0.0000000000
52777  -24.111  -51.677  45.301 0.0000000000
52733  -24.126  -51.868  46.818 0.0000000000
51478  -25.465  -52.666  48.023 0.0000000000
49054  -26.307  -54.041  49.006 0.0000000000
45436  -7.424  -58.383  47.730 0.0000000000
44202  -8.561  -58.730  49.230 0.0000000000
46653  -9.771  -56.990  45.328 0.0000000000
46652  -8.700  -57.223  45.166 0.0000000000
45453  -9.028  -57.790  46.897 0.0000000000
45419  -9.404  -58.641  48.818 0.0000000000
44188  -9.832  -59.133  50.138 0.0000000000
44158  -10.770  -58.855  52.578 0.0000000000
46543  -13.472  -56.505  53.428 0.0000000000
70098  -37.285  -36.950  31.725 0.0000000000
70078  -38.278  -36.943  32.534 0.0000000000
70061  -39.640  -37.301  33.479 0.0000000000
72993  -39.507  -34.646  32.432 0.0000000000
72026  -40.129  -35.215  33.087 0.0000000000
71043  -40.992  -36.394  33.996 0.0000000000
71044  -41.684  -36.121  34.334 0.0000000000
75328  -44.307  -32.833  31.425 0.0000000000
75299  -44.512  -32.265  32.808 0.0000000000
75280  -44.180  -32.379  33.817 0.0000000000
84808  -51.285  -25.087  25.913 0.0000000000
82506  -52.024  -25.958  25.388 0.0000000000
82508  -53.758  -26.050  25.560 0.0000000000
78813  -51.907  -29.143  24.911 0.0000000000
80007  -53.411  -27.703  25.430 0.0000000000
82521  -54.574  -25.947  25.078 0.0000000000
82533  -55.680  -25.418  24.061 0.0000000000
83696  -56.301  -25.059  23.294 0.0000000000
80070  -54.901  -28.864  21.296 0.0000000000
80071  -55.955  -28.774  21.508 0.0000000000
81326  -57.010  -26.532  21.913 0.0000000000
81366  -59.299  -27.149  18.080 0.0000000000
57716  -33.904  -47.473  37.785 0.0000000000
57733  -34.152  -47.176  37.527 0.0000000000
56555  -32.812  -48.330  37.782 0.0000000000
56570  -33.082  -47.906  37.528 0.0000000000
68925  -36.571  -38.688  32.371 0.0000000000
81224  -51.649  -27.627  27.723 0.0000000000
81225  -52.451  -26.759  27.817 0.0000000000
82460  -53.180  -26.549  28.033 0.0000000000
82475  -51.810  -26.163  27.394 0.0000000000
83645  -52.223  -25.330  27.233 0.0000000000
83644  -51.302  -25.438  27.022 0.0000000000
44186  -8.228  -59.049  49.773 0.0000000000
44185  -7.533  -59.414  49.585 0.0000000000
66315  -33.727  -40.023  38.566 0.0000000000
67566  -32.393  -39.281  37.617 0.0000000000
66313  -31.948  -39.717  37.619 0.0000000000
51413  -14.986  -53.404  50.221 0.0000000000
52710  -22.705  -51.526  48.064 0.0000000000
52711  -23.533  -51.660  47.870 0.0000000000
51525  -31.951  -53.152  46.235 0.0000000000
51504  -32.104  -52.720  46.943 0.0000000000
50186  -14.348  -53.768  50.598 0.0000000000
74149  -42.321  -33.483  28.869 0.0000000000
74124  -41.638  -33.602  29.623 0.0000000000
74125  -42.676  -33.594  29.699 0.0000000000
58832  -37.023  -47.066  43.493 0.0000000000
58833  -37.903  -46.588  43.251 0.0000000000
58864  -37.563  -46.160  41.582 0.0000000000
62902  -35.276  -43.832  37.029 0.0000000000
62903  -35.752  -43.509  37.510 0.0000000000
50317  -15.445  -53.011  44.487 0.0000000000
55223  -18.468  -49.434  43.004 0.0000000000
56445  -19.173  -49.336  43.803 0.0000000000
56467  -18.900  -48.794  42.857 0.0000000000
55265  -32.967  -50.344  40.431 0.0000000000
54033  -33.105  -50.590  41.720 0.0000000000
54017  -32.800  -50.907  42.019 0.0000000000
54018  -33.284  -50.519  42.476 0.0000000000
57646  -36.594  -47.385  42.929 0.0000000000
50338  -14.545  -53.596  43.270 0.0000000000
50316  -14.776  -53.554  44.219 0.0000000000
67572  -38.387  -39.832  38.980 0.0000000000
66318  -39.209  -40.318  39.161 0.0000000000
67595  -39.230  -39.834  37.646 0.0000000000
70032  -40.755  -38.151  35.201 0.0000000000
70033  -41.742  -37.588  35.303 0.0000000000
76607  -47.494  -31.330  27.628 0.0000000000
75381  -48.067  -32.238  29.108 0.0000000000
76587  -48.406  -31.757  28.561 0.0000000000
78719  -51.581  -29.041  33.380 0.0000000000
77750  -42.642  -30.182  25.615 0.0000000000
81256  -46.180  -27.485  25.355 0.0000000000
81278  -45.464  -27.810  24.537 0.0000000000
81295  -45.672  -27.954  23.664 0.0000000000
40194  -5.448  -61.670  50.233 0.0000000000
40193  -4.929  -61.960  50.049 0.0000000000
42819  -7.340  -59.525  56.054 0.0000000000
44091  -7.480  -59.664  57.125 0.0000000000
37403  -3.859  -63.343  55.149 0.0000000000
34651  -3.740  -65.079  55.076 0.0000000000
64010  -39.105  -42.545  42.472 0.0000000000
63998  -39.046  -42.531  43.450 0.0000000000
64009  -38.363  -41.965  42.204 0.0000000000
67492  -35.980  -39.320  41.863 0.0000000000
67493  -36.420  -39.061  42.466 0.0000000000
68760  -36.717  -38.701  42.494 0.0000000000
68777  -36.618  -38.779  42.248 0.0000000000
67516  -36.449  -39.002  41.752 0.0000000000
68853  -33.625  -38.923  35.458 0.0000000000
67605  -34.507  -39.101  36.047 0.0000000000
67640  -33.881  -39.146  34.232 0.0000000000
53903  -18.212  -51.062  48.834 0.0000000000
53904  -18.802  -50.783  49.377 0.0000000000
54043  -22.410  -49.700  40.769 0.0000000000
55246  -22.127  -49.257  41.088 0.0000000000
54028  -22.436  -49.953  41.288 0.0000000000
54013  -22.347  -50.336  42.240 0.0000000000
52857  -28.198  -52.265  40.218 0.0000000000
52874  -27.142  -51.312  39.988 0.0000000000
51615  -28.020  -52.386  40.890 0.0000000000
50305  -28.374  -54.423  45.644 0.0000000000
50325  -27.221  -53.379  44.605 0.0000000000
50287  -27.157  -54.477  46.799 0.0000000000
50286  -26.525  -53.912  47.026 0.0000000000
56390  -34.393  -48.735  47.438 0.0000000000
46556  -12.931  -56.961  50.999 0.0000000000
73011  -37.942  -34.791  31.246 0.0000000000
75277  -41.841  -33.506  33.068 0.0000000000
74034  -42.139  -34.137  34.287 0.0000000000
76522  -47.377  -31.242  32.995 0.0000000000
76521  -46.537  -31.396  33.339 0.0000000000
80036  -48.882  -28.999  23.423 0.0000000000
78811  -50.009  -28.801  24.462 0.0000000000
78825  -49.644  -29.120  23.835 0.0000000000
80052  -53.516  -28.998  22.005 0.0000000000
80038  -55.237  -28.693  23.264 0.0000000000
78848  -54.428  -28.997  21.874 0.0000000000
81364  -55.452  -27.802  18.049 0.0000000000
80109  -55.505  -28.274  18.645 0.0000000000
78881  -55.965  -28.735  18.941 0.0000000000
80096  -56.313  -28.578  19.485 0.0000000000
80097  -57.708  -27.858  19.389 0.0000000000
57678  -35.964  -47.067  40.122 0.0000000000
58879  -36.335  -46.659  39.935 0.0000000000
57698  -35.795  -47.224  39.647 0.0000000000
60218  -34.718  -45.617  36.647 0.0000000000
60200  -35.112  -45.663  37.520 0.0000000000
56540  -33.021  -48.658  38.456 0.0000000000
56524  -34.986  -47.978  40.094 0.0000000000
57677  -35.550  -47.540  40.125 0.0000000000
57660  -35.722  -47.476  41.064 0.0000000000
67644  -37.510  -39.640  34.833 0.0000000000
68903  -38.307  -38.492  33.700 0.0000000000
70060  -38.480  -37.564  33.169 0.0000000000
78755  -49.863  -29.778  27.695 0.0000000000
78756  -50.332  -29.859  27.965 0.0000000000
78769  -50.732  -29.400  27.690 0.0000000000
79941  -52.552  -28.717  30.232 0.0000000000
79928  -52.642  -28.218  31.013 0.0000000000
81166  -53.085  -27.418  31.780 0.0000000000
84795  -53.028  -24.500  26.643 0.0000000000
84796  -54.047  -24.128  26.628 0.0000000000
42886  -6.794  -59.923  49.486 0.0000000000
42872  -6.496  -60.482  50.003 0.0000000000
65151  -35.939  -41.043  40.375 0.0000000000
65150  -35.200  -40.711  40.141 0.0000000000
66275  -34.762  -39.499  41.077 0.0000000000
66288  -34.551  -39.635  40.594 0.0000000000
67530  -34.690  -39.643  39.898 0.0000000000
67548  -34.060  -39.515  38.897 0.0000000000
68821  -32.326  -38.580  37.150 0.0000000000
68808  -33.610  -38.861  38.174 0.0000000000
68835  -32.637  -38.491  36.347 0.0000000000
55122  -20.446  -50.265  47.844 0.0000000000
53920  -20.247  -50.373  48.422 0.0000000000
51431  -21.807  -52.024  49.474 0.0000000000
51420  -24.847  -53.096  50.106 0.0000000000
51421  -25.341  -53.198  50.173 0.0000000000
55302  -22.667  -49.242  38.501 0.0000000000
55264  -22.798  -49.773  39.796 0.0000000000
55283  -23.227  -49.755  39.202 0.0000000000
50374  -30.836  -53.674  42.629 0.0000000000
50349  -30.376  -54.232  43.346 0.0000000000
50306  -30.447  -54.561  44.859 0.0000000000
49134  -30.026  -54.694  44.949 0.0000000000
49133  -29.543  -54.623  45.066 0.0000000000
49094  -29.795  -54.909  46.588 0.0000000000
49095  -30.506  -54.234  46.963 0.0000000000
50236  -30.871  -53.498  49.032 0.0000000000
47868  -13.402  -55.451  45.637 0.0000000000
47851  -13.137  -56.020  46.005 0.0000000000
47804  -13.708  -55.596  49.368 0.0000000000
47790  -13.421  -55.668  50.038 0.0000000000
48978  -13.429  -55.501  50.834 0.0000000000
50159  -14.048  -53.637  52.288 0.0000000000
50158  -13.528  -53.882  52.829 0.0000000000
74096  -39.861  -33.359  30.377 0.0000000000
74098  -42.009  -33.646  30.661 0.0000000000
75315  -42.095  -32.842  32.175 0.0000000000
75316  -42.978  -32.810  32.141 0.0000000000
82558  -48.637  -26.831  21.072 0.0000000000
81391  -54.843  -26.842  17.675 0.0000000000
82614  -55.018  -26.283  17.346 0.0000000000
44146  -9.176  -59.371  53.294 0.0000000000
45311  -9.192  -58.766  57.815 0.0000000000
60054  -37.602  -45.531  46.397 0.0000000000
60055  -38.339  -44.901  46.094 0.0000000000
60066  -38.386  -45.098  45.432 0.0000000000
60109  -38.707  -45.404  42.472 0.0000000000
61432  -39.377  -44.978  44.041 0.0000000000
61461  -39.211  -44.686  42.149 0.0000000000
61447  -39.580  -44.094  42.742 0.0000000000
61480  -39.119  -44.339  41.189 0.0000000000
60166  -36.996  -45.614  39.376 0.0000000000
60146  -37.345  -45.876  40.236 0.0000000000
62881  -36.704  -43.319  38.495 0.0000000000
62857  -37.048  -43.871  39.049 0.0000000000
62858  -37.541  -43.496  39.374 0.0000000000
64067  -36.902  -42.585  39.151 0.0000000000
64044  -37.253  -42.087  39.924 0.0000000000
64066  -36.372  -42.330  38.763 0.0000000000
65184  -35.018  -41.424  37.968 0.0000000000
51448  -15.228  -53.147  47.845 0.0000000000
51472  -15.293  -53.103  47.094 0.0000000000
52772  -16.245  -52.228  46.439 0.0000000000
52752  -16.850  -51.739  46.797 0.0000000000
52753  -17.545  -51.240  46.266 0.0000000000
52806  -16.915  -51.629  43.407 0.0000000000
55179  -18.539  -50.212  44.300 0.0000000000
52795  -17.940  -51.313  44.314 0.0000000000
53961  -18.267  -50.618  44.866 0.0000000000
53948  -18.305  -50.781  45.765 0.0000000000
53949  -19.085  -50.272  46.087 0.0000000000
55145  -19.663  -49.952  45.925 0.0000000000
55161  -20.329  -49.801  45.465 0.0000000000
55147  -20.358  -49.599  46.144 0.0000000000
55163  -21.952  -49.995  45.541 0.0000000000
54112  -27.793  -50.584  37.590 0.0000000000
54111  -27.003  -50.601  37.407 0.0000000000
54069  -28.047  -51.297  39.092 0.0000000000
54070  -29.193  -51.165  39.389 0.0000000000
54095  -30.882  -50.618  38.203 0.0000000000
54114  -29.884  -50.468  37.263 0.0000000000
52861  -31.475  -51.601  40.364 0.0000000000
52860  -30.723  -51.739  40.235 0.0000000000
52859  -29.927  -51.810  40.227 0.0000000000
51600  -30.936  -52.681  41.404 0.0000000000
51601  -31.513  -52.497  41.522 0.0000000000
52811  -32.895  -51.522  43.196 0.0000000000
51581  -32.414  -52.174  42.754 0.0000000000
52799  -33.088  -51.822  44.299 0.0000000000
51543  -32.483  -52.635  44.856 0.0000000000
53986  -33.270  -51.026  44.598 0.0000000000
55205  -33.867  -49.693  44.222 0.0000000000
56431  -33.834  -49.024  45.878 0.0000000000
56502  -34.208  -49.135  41.383 0.0000000000
57632  -35.095  -48.092  43.838 0.0000000000
57604  -35.447  -47.429  45.756 0.0000000000
58805  -35.850  -46.813  45.564 0.0000000000
58807  -37.214  -46.389  45.319 0.0000000000
58792  -36.955  -46.329  46.052 0.0000000000
60053  -36.884  -46.069  46.555 0.0000000000
49127  -13.576  -54.638  44.250 0.0000000000
49087  -14.682  -53.929  47.049 0.0000000000
68779  -39.948  -39.573  42.237 0.0000000000
68763  -40.614  -38.794  42.818 0.0000000000
68780  -40.524  -39.606  42.289 0.0000000000
66304  -40.460  -40.312  39.551 0.0000000000
67537  -40.767  -40.115  40.361 0.0000000000
67538  -41.939  -39.982  40.471 0.0000000000
67539  -43.013  -39.500  40.504 0.0000000000
67555  -41.551  -40.001  39.345 0.0000000000
67626  -39.679  -39.826  35.968 0.0000000000
67611  -39.876  -39.561  36.693 0.0000000000
68839  -41.223  -39.020  36.352 0.0000000000
68826  -41.550  -39.115  37.291 0.0000000000
67576  -42.388  -39.518  38.535 0.0000000000
68810  -42.039  -38.940  37.945 0.0000000000
68827  -42.554  -38.774  37.096 0.0000000000
75377  -44.937  -32.937  28.366 0.0000000000
74152  -45.017  -33.318  29.199 0.0000000000
75378  -45.517  -33.015  28.794 0.0000000000
76562  -47.879  -31.900  30.445 0.0000000000
75332  -47.356  -32.296  30.225 0.0000000000
76551  -47.636  -31.645  31.205 0.0000000000
76538  -47.542  -31.465  32.030 0.0000000000
77668  -48.670  -31.164  31.818 0.0000000000
77691  -50.684  -30.644  30.366 0.0000000000
77690  -49.905  -31.224  29.892 0.0000000000
78738  -50.909  -30.283  31.109 0.0000000000
77670  -50.329  -30.243  32.559 0.0000000000
34674  -1.575  -65.617  52.150 0.0000000000
34673  -1.132  -65.576  51.615 0.0000000000
33287  -1.392  -66.019  52.098 0.0000000000
73050  -35.698  -34.438  29.148 0.0000000000
74119  -36.843  -33.175  29.763 0.0000000000
75348  -37.920  -32.846  29.270 0.0000000000
75372  -39.288  -33.108  28.418 0.0000000000
75391  -40.079  -32.585  27.556 0.0000000000
75373  -40.395  -32.934  28.486 0.0000000000
76602  -41.811  -32.190  27.019 0.0000000000
76603  -42.766  -31.993  27.113 0.0000000000
77737  -43.695  -30.284  26.151 0.0000000000
76623  -44.080  -30.934  26.610 0.0000000000
77722  -45.730  -31.024  26.982 0.0000000000
77739  -45.376  -30.254  26.635 0.0000000000
79981  -45.566  -28.555  26.073 0.0000000000
79980  -44.799  -28.928  25.894 0.0000000000
78782  -46.233  -29.531  26.545 0.0000000000
78783  -47.008  -28.858  26.549 0.0000000000
78766  -48.191  -29.466  27.105 0.0000000000
81238  -48.101  -27.452  26.533 0.0000000000
81239  -48.830  -26.851  26.519 0.0000000000
82487  -48.458  -26.807  26.126 0.0000000000
82488  -49.308  -26.473  26.172 0.0000000000
82502  -48.238  -27.081  25.768 0.0000000000
81296  -46.546  -28.031  23.774 0.0000000000
81297  -47.235  -28.477  23.751 0.0000000000
80019  -47.990  -28.678  24.126 0.0000000000
38810  -4.060  -63.032  50.050 0.0000000000
42843  -8.374  -59.619  53.093 0.0000000000
42853  -7.988  -59.812  52.294 0.0000000000
42842  -7.448  -59.954  53.118 0.0000000000
41552  -6.612  -60.593  53.433 0.0000000000
41564  -5.996  -61.295  52.526 0.0000000000
41551  -5.838  -61.176  53.795 0.0000000000
42811  -6.652  -60.406  56.726 0.0000000000
38783  -4.065  -62.501  54.764 0.0000000000
41536  -4.730  -61.583  55.309 0.0000000000
40165  -4.452  -61.905  54.520 0.0000000000
40173  -4.947  -61.575  53.617 0.0000000000
40172  -4.124  -62.395  53.444 0.0000000000
38792  -4.288  -62.724  52.360 0.0000000000
38788  -3.588  -62.866  53.414 0.0000000000
37411  -2.653  -63.782  53.557 0.0000000000
37412  -3.064  -63.534  53.410 0.0000000000
37414  -2.443  -64.120  52.635 0.0000000000
36016  -1.869  -64.503  53.109 0.0000000000
34659  -1.856  -64.863  53.480 0.0000000000
34662  -3.925  -65.533  54.601 0.0000000000
68730  -40.546  -38.276  45.587 0.0000000000
62741  -38.456  -43.325  46.733 0.0000000000
63981  -38.459  -42.124  45.816 0.0000000000
65085  -37.867  -40.977  46.283 0.0000000000
65111  -36.860  -40.499  42.489 0.0000000000
66245  -36.876  -39.446  43.845 0.0000000000
66246  -37.204  -40.177  43.551 0.0000000000
66229  -37.608  -40.081  46.104 0.0000000000
67459  -37.802  -39.277  45.712 0.0000000000
67469  -37.279  -39.065  44.651 0.0000000000
68748  -37.246  -38.656  43.156 0.0000000000
68738  -39.818  -38.074  44.523 0.0000000000
67483  -38.452  -39.242  43.045 0.0000000000
67534  -37.080  -39.310  41.035 0.0000000000
67535  -37.683  -39.482  41.349 0.0000000000
67549  -34.644  -39.309  39.077 0.0000000000
67550  -35.432  -39.343  39.444 0.0000000000
67606  -35.122  -39.179  36.431 0.0000000000
67593  -37.175  -39.589  37.728 0.0000000000
67622  -35.889  -39.534  35.631 0.0000000000
67664  -34.742  -39.519  33.403 0.0000000000
67684  -35.132  -39.423  32.417 0.0000000000
68833  -31.232  -38.755  36.401 0.0000000000
68869  -30.399  -38.746  34.682 0.0000000000
68895  -30.354  -38.601  33.709 0.0000000000
68871  -32.133  -38.932  34.533 0.0000000000
68921  -31.542  -39.439  32.897 0.0000000000
67681  -32.014  -39.803  32.222 0.0000000000
68923  -32.925  -39.601  32.967 0.0000000000
67718  -34.190  -39.121  30.770 0.0000000000
52707  -16.141  -52.247  49.269 0.0000000000
52688  -16.258  -52.411  50.316 0.0000000000
52689  -16.962  -51.816  49.924 0.0000000000
53892  -18.137  -51.053  50.851 0.0000000000
53895  -20.420  -51.016  50.246 0.0000000000
53894  -19.565  -50.930  50.400 0.0000000000
56493  -20.302  -48.471  41.270 0.0000000000
56470  -20.679  -48.639  41.913 0.0000000000
56448  -20.577  -48.700  42.541 0.0000000000
56447  -20.213  -48.602  43.083 0.0000000000
55203  -20.628  -49.097  43.126 0.0000000000
53999  -22.368  -50.560  43.432 0.0000000000
53983  -22.509  -50.666  44.633 0.0000000000
53963  -22.617  -51.035  45.767 0.0000000000
53964  -23.349  -51.513  45.357 0.0000000000
54090  -25.660  -49.827  38.816 0.0000000000
54047  -26.025  -50.878  40.406 0.0000000000
54046  -25.063  -50.951  41.011 0.0000000000
51557  -27.799  -53.201  42.776 0.0000000000
51555  -26.568  -52.613  43.545 0.0000000000
52824  -26.006  -52.192  43.101 0.0000000000
52823  -25.384  -51.486  42.860 0.0000000000
52822  -25.002  -51.299  43.128 0.0000000000
52808  -24.929  -51.414  43.530 0.0000000000
52809  -25.459  -51.826  43.699 0.0000000000
51523  -25.313  -52.879  45.579 0.0000000000
51522  -24.540  -52.240  45.391 0.0000000000
51502  -24.660  -52.314  46.349 0.0000000000
52756  -24.146  -51.799  46.011 0.0000000000
51477  -24.683  -52.260  47.354 0.0000000000
49073  -26.817  -54.211  48.195 0.0000000000
47841  -29.367  -54.798  47.790 0.0000000000
49057  -29.319  -54.653  49.454 0.0000000000
53952  -33.094  -50.880  47.148 0.0000000000
45418  -8.262  -58.456  48.557 0.0000000000
46655  -11.752  -56.659  45.498 0.0000000000
46670  -11.201  -56.478  44.659 0.0000000000
46635  -11.522  -57.211  46.421 0.0000000000
45455  -10.837  -57.632  46.809 0.0000000000
46634  -10.395  -57.395  46.116 0.0000000000
46633  -9.373  -57.329  46.141 0.0000000000
45438  -9.753  -58.240  47.641 0.0000000000
45403  -10.553  -58.677  49.775 0.0000000000
45402  -9.743  -59.011  49.588 0.0000000000
44178  -10.233  -58.859  50.831 0.0000000000
44168  -10.484  -58.853  51.752 0.0000000000
44179  -10.902  -58.656  51.119 0.0000000000
47758  -13.469  -55.737  52.713 0.0000000000
46550  -13.396  -56.587  52.698 0.0000000000
47748  -13.576  -55.648  53.900 0.0000000000
69961  -43.703  -37.669  42.962 0.0000000000
71082  -35.992  -36.954  31.012 0.0000000000
70097  -36.564  -37.622  31.595 0.0000000000
71083  -36.856  -36.687  31.225 0.0000000000
71085  -37.934  -36.100  32.014 0.0000000000
71066  -37.811  -36.633  32.108 0.0000000000
71067  -38.422  -36.152  32.370 0.0000000000
71052  -38.933  -36.664  32.901 0.0000000000
73013  -39.515  -34.064  31.812 0.0000000000
72972  -40.866  -34.747  33.427 0.0000000000
72027  -40.669  -35.286  33.478 0.0000000000
71054  -40.545  -35.847  33.480 0.0000000000
72008  -41.195  -35.428  33.902 0.0000000000
72934  -43.171  -34.764  35.819 0.0000000000
74101  -45.080  -33.159  30.366 0.0000000000
74100  -44.133  -33.195  30.732 0.0000000000
75329  -44.916  -32.808  31.141 0.0000000000
76535  -45.138  -31.721  32.985 0.0000000000
75298  -43.610  -32.714  32.924 0.0000000000
82504  -50.008  -26.233  25.690 0.0000000000
83669  -50.805  -25.405  25.908 0.0000000000
81262  -51.544  -26.862  25.229 0.0000000000
82491  -52.728  -25.717  25.899 0.0000000000
81263  -52.589  -26.910  25.450 0.0000000000
78838  -50.699  -29.230  23.048 0.0000000000
78839  -51.662  -29.198  22.872 0.0000000000
78815  -53.719  -28.975  24.359 0.0000000000
80025  -53.296  -28.562  25.075 0.0000000000
80008  -54.026  -27.394  25.367 0.0000000000
81284  -54.361  -26.839  25.320 0.0000000000
81285  -55.085  -26.698  24.744 0.0000000000
82522  -55.309  -25.753  24.620 0.0000000000
80040  -56.315  -26.910  22.965 0.0000000000
81299  -56.273  -26.391  23.299 0.0000000000
82546  -56.502  -25.669  22.959 0.0000000000
83706  -56.828  -25.228  22.833 0.0000000000
82559  -56.828  -25.745  22.257 0.0000000000
80094  -54.137  -28.004  19.700 0.0000000000
80082  -53.301  -28.124  20.401 0.0000000000
80083  -54.483  -28.690  20.411 0.0000000000
78858  -56.163  -28.851  21.096 0.0000000000
80073  -57.714  -27.070  20.843 0.0000000000
80072  -56.932  -27.823  21.376 0.0000000000
81327  -57.550  -26.463  21.129 0.0000000000
82560  -57.380  -25.791  21.573 0.0000000000
83721  -57.994  -25.583  21.533 0.0000000000
80112  -58.746  -27.216  18.488 0.0000000000
81365  -58.759  -27.282  17.813 0.0000000000
58899  -35.719  -46.786  38.728 0.0000000000
58938  -34.652  -46.575  37.413 0.0000000000
55326  -31.998  -49.148  37.059 0.0000000000
55327  -32.440  -48.627  37.473 0.0000000000
56541  -33.636  -48.552  39.096 0.0000000000
56557  -34.075  -48.063  38.637 0.0000000000
68874  -37.282  -39.484  34.055 0.0000000000
68926  -37.261  -38.340  32.606 0.0000000000
79969  -50.472  -28.585  27.397 0.0000000000
81206  -52.657  -28.262  28.703 0.0000000000
82461  -53.775  -25.962  28.499 0.0000000000
83634  -53.812  -25.188  28.404 0.0000000000
84775  -53.909  -24.718  28.281 0.0000000000
83646  -53.305  -25.232  27.705 0.0000000000
84781  -52.602  -24.684  27.103 0.0000000000
44200  -7.295  -58.959  48.675 0.0000000000
44199  -6.564  -59.416  48.533 0.0000000000
42887  -7.240  -59.876  50.036 0.0000000000
66316  -34.633  -40.693  38.433 0.0000000000
67567  -33.116  -39.402  38.247 0.0000000000
51395  -14.516  -52.978  52.337 0.0000000000
53939  -21.516  -50.542  47.600 0.0000000000
53922  -21.650  -50.966  48.135 0.0000000000
53923  -22.093  -51.346  48.112 0.0000000000
51452  -22.668  -51.832  48.557 0.0000000000
51433  -23.543  -52.750  49.174 0.0000000000
51455  -25.372  -52.611  49.007 0.0000000000
50329  -31.836  -53.631  44.618 0.0000000000
50307  -31.069  -54.286  45.215 0.0000000000
49114  -31.000  -54.178  46.122 0.0000000000
50288  -30.942  -53.716  47.044 0.0000000000
49026  -13.999  -54.617  49.129 0.0000000000
50185  -13.677  -54.115  50.967 0.0000000000
50171  -14.307  -53.744  51.578 0.0000000000
74123  -40.566  -33.358  29.337 0.0000000000
60079  -38.265  -46.160  44.024 0.0000000000
58848  -38.516  -45.840  42.784 0.0000000000
60108  -38.390  -45.534  41.959 0.0000000000
61517  -36.080  -44.687  37.760 0.0000000000
60182  -36.656  -45.078  38.991 0.0000000000
62880  -36.390  -43.734  37.948 0.0000000000
64088  -36.136  -42.630  38.214 0.0000000000
64107  -35.517  -42.426  37.591 0.0000000000
51495  -15.335  -52.997  46.416 0.0000000000
50298  -15.502  -52.889  45.112 0.0000000000
51517  -16.176  -52.343  45.230 0.0000000000
54012  -17.602  -50.695  42.651 0.0000000000
53997  -17.299  -51.112  42.984 0.0000000000
55200  -18.336  -50.397  43.706 0.0000000000
55180  -18.958  -49.824  44.444 0.0000000000
55160  -19.901  -49.887  45.613 0.0000000000
56421  -19.692  -49.776  44.664 0.0000000000
56422  -19.891  -49.344  44.306 0.0000000000
56400  -20.192  -49.845  44.793 0.0000000000
54072  -31.503  -50.841  39.191 0.0000000000
54052  -32.039  -51.046  40.207 0.0000000000
52842  -32.122  -51.766  40.963 0.0000000000
52825  -31.864  -52.197  41.552 0.0000000000
52827  -32.972  -51.124  42.506 0.0000000000
54003  -33.325  -50.577  43.644 0.0000000000
55206  -34.137  -49.406  43.689 0.0000000000
57633  -35.587  -47.586  43.614 0.0000000000
57620  -35.968  -47.256  44.266 0.0000000000
58818  -35.972  -46.855  44.854 0.0000000000
58819  -36.578  -46.872  44.479 0.0000000000
50315  -14.147  -54.152  43.797 0.0000000000
50296  -14.150  -53.962  44.840 0.0000000000
66292  -39.391  -40.252  40.720 0.0000000000
66303  -39.626  -40.439  39.760 0.0000000000
66319  -40.019  -40.371  38.908 0.0000000000
68855  -40.312  -39.112  35.651 0.0000000000
68838  -40.548  -39.354  36.624 0.0000000000
70023  -41.796  -38.481  35.941 0.0000000000
71033  -41.943  -36.633  34.881 0.0000000000
76585  -46.652  -32.022  28.364 0.0000000000
75379  -46.554  -32.426  28.728 0.0000000000
75380  -47.542  -32.312  28.967 0.0000000000
76572  -48.276  -32.007  29.898 0.0000000000
76563  -48.545  -31.689  30.327 0.0000000000
78729  -50.904  -29.877  31.775 0.0000000000
84820  -55.990  -24.585  24.074 0.0000000000
75371  -38.188  -32.696  28.612 0.0000000000
77736  -42.901  -30.716  26.027 0.0000000000
78779  -43.791  -29.812  25.968 0.0000000000
81236  -46.058  -28.022  25.821 0.0000000000
79983  -47.398  -28.175  26.417 0.0000000000
81257  -47.176  -27.585  25.443 0.0000000000
82501  -47.783  -27.392  25.758 0.0000000000
38802  -4.115  -63.221  51.047 0.0000000000
42825  -7.541  -59.321  55.250 0.0000000000
42824  -6.754  -59.672  55.463 0.0000000000
42833  -6.353  -60.136  54.965 0.0000000000
40144  -5.447  -61.781  56.521 0.0000000000
38770  -4.305  -62.774  55.721 0.0000000000
40171  -3.609  -62.729  53.724 0.0000000000
38782  -3.442  -63.129  54.560 0.0000000000
37408  -3.120  -63.774  54.555 0.0000000000
36012  -2.956  -64.517  54.488 0.0000000000
36013  -3.452  -64.693  54.922 0.0000000000
62773  -39.244  -43.048  44.047 0.0000000000
65101  -38.380  -41.564  43.827 0.0000000000
66258  -37.115  -40.303  42.870 0.0000000000
67468  -36.797  -38.929  44.067 0.0000000000
68735  -36.842  -38.728  43.560 0.0000000000
67481  -37.278  -38.669  42.695 0.0000000000
67495  -37.611  -38.979  42.374 0.0000000000
67517  -37.157  -38.879  41.770 0.0000000000
67551  -36.270  -39.421  39.700 0.0000000000
68823  -34.188  -38.679  37.415 0.0000000000
68824  -34.756  -38.789  37.003 0.0000000000
67621  -35.018  -39.509  35.501 0.0000000000
52690  -17.887  -51.357  49.532 0.0000000000
53893  -18.674  -51.011  50.563 0.0000000000
52669  -21.350  -51.743  50.770 0.0000000000
52659  -21.031  -51.819  51.783 0.0000000000
55262  -21.604  -49.277  39.906 0.0000000000
56515  -20.506  -48.486  40.184 0.0000000000
56516  -21.479  -48.989  40.425 0.0000000000
55245  -21.725  -48.936  41.536 0.0000000000
54000  -23.377  -50.983  43.751 0.0000000000
54068  -27.097  -50.997  39.296 0.0000000000
54048  -26.745  -51.002  40.020 0.0000000000
52837  -26.951  -52.229  41.547 0.0000000000
50347  -28.013  -53.543  43.494 0.0000000000
51556  -27.252  -53.001  43.245 0.0000000000
50346  -27.400  -53.137  43.845 0.0000000000
51540  -26.380  -52.788  44.344 0.0000000000
52797  -25.456  -52.261  44.246 0.0000000000
51524  -25.978  -53.090  44.972 0.0000000000
50285  -25.891  -53.344  46.614 0.0000000000
50262  -25.878  -53.204  47.370 0.0000000000
49074  -27.607  -54.767  48.192 0.0000000000
46601  -12.518  -56.738  48.080 0.0000000000
46617  -11.891  -57.369  47.134 0.0000000000
46600  -11.925  -57.222  47.737 0.0000000000
45439  -10.685  -57.829  47.541 0.0000000000
45393  -11.597  -58.370  50.700 0.0000000000
44169  -11.352  -58.597  51.733 0.0000000000
48952  -13.518  -54.804  54.563 0.0000000000
71104  -37.048  -36.164  31.067 0.0000000000
72082  -37.219  -35.609  30.958 0.0000000000
72062  -38.163  -35.576  31.880 0.0000000000
74054  -41.153  -33.655  32.332 0.0000000000
74031  -40.032  -34.237  32.689 0.0000000000
74032  -40.635  -34.212  32.795 0.0000000000
72973  -41.567  -34.576  33.897 0.0000000000
72954  -41.612  -34.914  34.278 0.0000000000
72974  -41.884  -34.605  34.324 0.0000000000
74014  -42.797  -33.927  35.347 0.0000000000
76549  -46.230  -31.968  31.872 0.0000000000
75319  -45.547  -32.350  31.709 0.0000000000
76536  -45.825  -31.734  32.587 0.0000000000
76520  -45.663  -31.483  33.588 0.0000000000
81283  -49.694  -27.791  24.988 0.0000000000
80022  -50.138  -28.242  24.914 0.0000000000
80023  -50.556  -28.111  25.088 0.0000000000
78800  -51.422  -28.478  25.185 0.0000000000
80027  -55.501  -27.212  24.378 0.0000000000
80054  -56.035  -28.257  22.441 0.0000000000
82588  -53.746  -26.609  18.359 0.0000000000
80108  -54.714  -27.999  19.069 0.0000000000
80095  -55.292  -28.564  19.474 0.0000000000
78859  -56.471  -28.588  20.913 0.0000000000
80086  -57.623  -27.459  20.331 0.0000000000
81340  -58.159  -26.454  20.264 0.0000000000
81395  -59.445  -27.043  17.216 0.0000000000
58845  -36.372  -47.017  41.482 0.0000000000
58863  -36.987  -46.420  41.031 0.0000000000
58901  -36.586  -46.329  39.534 0.0000000000
60165  -36.500  -46.067  39.177 0.0000000000
58920  -35.859  -46.269  38.539 0.0000000000
61516  -35.425  -45.019  37.536 0.0000000000
51569  -15.808  -52.665  42.747 0.0000000000
54026  -16.696  -51.031  41.543 0.0000000000
55243  -18.130  -50.063  41.872 0.0000000000
54134  -30.534  -50.317  36.736 0.0000000000
54115  -30.865  -50.457  37.325 0.0000000000
55307  -31.334  -50.377  37.696 0.0000000000
55308  -31.974  -50.054  38.047 0.0000000000
55286  -32.043  -50.239  38.932 0.0000000000
56503  -35.047  -48.302  41.257 0.0000000000
56504  -35.496  -47.857  41.766 0.0000000000
67609  -38.052  -40.323  36.693 0.0000000000
67625  -38.876  -39.915  35.653 0.0000000000
68875  -38.074  -39.344  34.127 0.0000000000
70044  -39.814  -38.114  34.125 0.0000000000
77710  -49.032  -30.915  27.884 0.0000000000
76588  -49.468  -31.198  28.499 0.0000000000
76589  -50.020  -30.851  28.609 0.0000000000
77713  -50.774  -30.390  28.853 0.0000000000
77692  -51.323  -30.217  29.977 0.0000000000
78747  -51.795  -29.748  29.441 0.0000000000
78731  -52.304  -28.668  31.546 0.0000000000
79915  -52.547  -28.232  32.227 0.0000000000
84776  -54.568  -24.274  28.568 0.0000000000
42898  -5.846  -60.027  48.430 0.0000000000
41589  -6.077  -61.180  50.014 0.0000000000
40187  -5.723  -61.608  50.638 0.0000000000
65153  -37.676  -41.542  41.200 0.0000000000
65131  -37.773  -41.543  41.900 0.0000000000
66290  -35.265  -40.658  40.987 0.0000000000
66276  -35.594  -39.928  41.606 0.0000000000
67514  -34.808  -39.176  40.842 0.0000000000
68799  -34.325  -39.160  38.554 0.0000000000
68809  -34.177  -38.884  38.219 0.0000000000
53896  -21.055  -51.165  50.068 0.0000000000
53907  -21.435  -51.009  49.051 0.0000000000
52679  -21.463  -51.677  49.740 0.0000000000
51419  -23.960  -53.289  49.887 0.0000000000
56536  -21.181  -48.936  39.560 0.0000000000
55281  -21.784  -49.251  39.366 0.0000000000
54044  -22.953  -50.109  40.443 0.0000000000
51599  -29.917  -52.750  41.279 0.0000000000
51598  -28.778  -52.554  41.266 0.0000000000
51578  -29.330  -53.136  41.960 0.0000000000
50372  -28.770  -53.555  42.684 0.0000000000
50348  -29.169  -54.151  43.454 0.0000000000
49111  -28.339  -54.626  46.220 0.0000000000
49092  -27.884  -54.707  47.048 0.0000000000
49093  -28.915  -55.026  46.876 0.0000000000
47859  -29.544  -54.925  47.261 0.0000000000
49077  -30.269  -54.059  48.166 0.0000000000
49058  -30.143  -54.046  49.390 0.0000000000
46671  -12.055  -56.342  44.726 0.0000000000
46656  -12.505  -56.303  45.412 0.0000000000
46636  -12.431  -56.567  46.295 0.0000000000
46567  -12.895  -56.923  50.005 0.0000000000
47769  -13.408  -56.018  51.596 0.0000000000
47770  -13.652  -55.391  52.040 0.0000000000
48968  -13.538  -54.805  52.395 0.0000000000
73030  -38.387  -33.868  30.829 0.0000000000
75295  -41.396  -33.039  32.251 0.0000000000
75296  -41.826  -33.171  32.625 0.0000000000
80037  -49.569  -29.119  23.237 0.0000000000
80065  -49.206  -28.346  21.561 0.0000000000
80066  -50.332  -28.210  21.642 0.0000000000
80133  -56.066  -28.160  17.926 0.0000000000
80134  -57.028  -28.132  17.580 0.0000000000
81393  -57.400  -27.623  16.875 0.0000000000
82635  -55.555  -26.314  16.683 0.0000000000
81409  -56.828  -26.993  16.450 0.0000000000
81410  -58.057  -26.933  16.463 0.0000000000
44166  -8.932  -59.370  51.533 0.0000000000
44156  -9.239  -59.465  52.339 0.0000000000
42844  -8.850  -59.572  52.756 0.0000000000
61387  -38.243  -44.470  46.659 0.0000000000
60080  -38.762  -45.539  44.544 0.0000000000
61416  -39.160  -44.758  44.975 0.0000000000
62756  -39.609  -43.827  44.846 0.0000000000
62791  -39.575  -43.392  43.370 0.0000000000
62805  -39.516  -43.303  42.391 0.0000000000
64046  -38.764  -42.603  40.983 0.0000000000
60127  -38.120  -45.591  41.387 0.0000000000
60148  -38.467  -44.967  40.988 0.0000000000
61498  -36.961  -44.732  39.127 0.0000000000
61499  -37.732  -44.621  39.500 0.0000000000
61479  -38.454  -44.415  40.354 0.0000000000
62836  -38.814  -43.412  40.638 0.0000000000
64045  -37.952  -42.400  40.514 0.0000000000
65171  -36.663  -41.567  39.773 0.0000000000
65185  -35.540  -41.803  38.182 0.0000000000
66317  -35.320  -41.116  38.527 0.0000000000
66333  -33.955  -40.546  37.619 0.0000000000
51430  -15.531  -53.065  49.623 0.0000000000
52728  -16.156  -52.152  48.242 0.0000000000
51496  -15.790  -52.689  46.764 0.0000000000
52751  -16.222  -52.156  47.279 0.0000000000
51550  -16.162  -52.496  43.837 0.0000000000
51551  -16.717  -52.095  44.093 0.0000000000
52807  -17.535  -51.551  43.860 0.0000000000
53935  -18.305  -50.604  46.788 0.0000000000
55120  -19.799  -50.021  47.632 0.0000000000
55135  -20.689  -49.953  47.261 0.0000000000
55146  -19.928  -49.637  46.145 0.0000000000
55136  -21.405  -50.180  47.121 0.0000000000
53951  -22.511  -51.015  46.765 0.0000000000
55322  -26.179  -49.920  37.372 0.0000000000
54091  -26.499  -50.326  38.395 0.0000000000
54094  -29.569  -50.741  38.322 0.0000000000
54049  -29.613  -51.518  39.860 0.0000000000
52858  -29.137  -51.950  40.006 0.0000000000
52839  -29.529  -52.329  40.635 0.0000000000
51558  -32.128  -53.283  43.164 0.0000000000
50330  -32.311  -53.110  44.186 0.0000000000
51505  -32.541  -51.960  46.872 0.0000000000
52779  -33.411  -50.894  46.360 0.0000000000
53953  -33.366  -50.440  46.914 0.0000000000
53967  -33.676  -50.549  45.834 0.0000000000
55164  -33.756  -49.741  46.350 0.0000000000
56408  -33.980  -49.162  46.848 0.0000000000
55227  -34.341  -49.237  43.379 0.0000000000
56456  -34.401  -48.833  44.151 0.0000000000
56432  -34.383  -48.591  45.414 0.0000000000
57587  -35.364  -47.379  46.813 0.0000000000
58791  -36.368  -46.424  46.363 0.0000000000
47884  -12.419  -55.734  44.346 0.0000000000
49106  -13.359  -55.330  45.203 0.0000000000
49107  -13.783  -54.791  45.427 0.0000000000
49067  -14.731  -54.210  47.588 0.0000000000
67520  -41.184  -39.941  41.487 0.0000000000
67522  -43.404  -38.960  41.550 0.0000000000
67574  -40.481  -39.863  38.212 0.0000000000
67597  -40.927  -39.567  37.611 0.0000000000
66321  -41.218  -40.157  38.879 0.0000000000
67577  -43.237  -39.274  38.701 0.0000000000
74150  -43.345  -33.261  28.710 0.0000000000
74126  -43.725  -33.462  29.704 0.0000000000
74151  -44.459  -33.279  28.774 0.0000000000
74128  -45.353  -33.231  29.642 0.0000000000
75330  -45.821  -32.989  30.796 0.0000000000
75331  -46.698  -32.479  30.566 0.0000000000
77631  -48.150  -30.998  33.591 0.0000000000
76574  -49.417  -31.542  29.249 0.0000000000
76564  -49.162  -31.452  30.140 0.0000000000
77681  -50.352  -30.534  31.512 0.0000000000
77650  -48.852  -30.879  32.929 0.0000000000
36019  -1.794  -65.191  51.796 0.0000000000
68963  -34.808  -38.453  30.494 0.0000000000
68964  -35.421  -38.103  30.838 0.0000000000
70117  -35.420  -37.580  30.312 0.0000000000
71102  -35.909  -36.692  30.210 0.0000000000
71125  -35.751  -36.204  29.715 0.0000000000
71126  -36.164  -36.177  30.089 0.0000000000
73028  -36.885  -35.022  30.128 0.0000000000
73052  -37.405  -33.856  29.828 0.0000000000
74094  -38.023  -33.595  30.152 0.0000000000
74146  -38.934  -33.398  28.929 0.0000000000
75350  -40.050  -33.192  28.991 0.0000000000
74147  -40.928  -33.165  28.714 0.0000000000
75375  -42.186  -32.933  28.394 0.0000000000
75392  -41.117  -32.437  27.495 0.0000000000
75393  -42.074  -32.456  27.737 0.0000000000
75395  -44.356  -32.809  27.914 0.0000000000
75396  -45.372  -32.526  28.118 0.0000000000
76605  -45.077  -31.798  27.561 0.0000000000
76606  -46.310  -31.807  27.868 0.0000000000
78797  -43.446  -29.597  25.609 0.0000000000
78780  -44.236  -29.622  26.031 0.0000000000
78764  -46.730  -29.931  26.687 0.0000000000
77724  -47.889  -30.534  26.918 0.0000000000
77725  -48.665  -30.298  27.438 0.0000000000
78767  -49.290  -29.495  27.372 0.0000000000
78784  -49.782  -29.067  27.179 0.0000000000
79967  -48.500  -28.279  26.963 0.0000000000
79968  -49.590  -28.423  27.197 0.0000000000
81259  -48.636  -27.289  25.312 0.0000000000
81258  -47.905  -27.603  25.414 0.0000000000
81282  -49.089  -27.848  24.958 0.0000000000
80020  -48.914  -28.673  24.425 0.0000000000
80046  -47.377  -28.482  22.011 0.0000000000
81310  -48.016  -28.217  21.818 0.0000000000
81309  -47.770  -28.026  21.689 0.0000000000
42875  -7.932  -59.426  51.139 0.0000000000
42864  -7.699  -59.724  51.551 0.0000000000
42863  -7.154  -60.112  51.455 0.0000000000
41579  -6.605  -60.754  51.457 0.0000000000
41578  -6.029  -61.428  51.199 0.0000000000
41577  -5.504  -61.722  51.981 0.0000000000
42812  -7.007  -60.032  56.882 0.0000000000
42817  -6.042  -60.278  56.408 0.0000000000
41538  -5.730  -60.671  54.850 0.0000000000
41527  -5.149  -61.200  55.723 0.0000000000
41537  -5.106  -61.269  55.010 0.0000000000
41550  -5.317  -61.291  54.366 0.0000000000
40174  -5.468  -61.387  53.179 0.0000000000
38797  -4.541  -62.697  51.599 0.0000000000
38790  -3.370  -63.280  53.150 0.0000000000
38795  -3.328  -63.348  52.477 0.0000000000
36015  -1.678  -65.015  52.542 0.0000000000
34669  -1.593  -65.335  52.798 0.0000000000
33274  -1.728  -65.742  52.635 0.0000000000
34660  -2.429  -65.105  53.817 0.0000000000
33265  -2.773  -65.598  53.820 0.0000000000
68731  -41.375  -38.296  45.426 0.0000000000
69940  -41.431  -37.845  45.333 0.0000000000
62727  -37.948  -42.748  47.947 0.0000000000
65100  -37.705  -40.752  44.155 0.0000000000
65092  -37.720  -40.566  44.773 0.0000000000
66230  -37.682  -40.486  45.487 0.0000000000
66222  -37.903  -40.082  46.728 0.0000000000
67460  -38.765  -39.130  46.058 0.0000000000
68728  -38.781  -38.692  45.154 0.0000000000
69944  -40.086  -37.646  45.087 0.0000000000
67496  -39.276  -39.413  42.368 0.0000000000
66259  -37.838  -39.381  42.341 0.0000000000
66278  -38.049  -39.798  41.853 0.0000000000
66291  -38.416  -39.994  41.001 0.0000000000
67532  -35.404  -39.139  40.449 0.0000000000
67570  -36.305  -39.349  38.610 0.0000000000
66335  -37.629  -39.869  37.424 0.0000000000
67643  -36.545  -39.505  34.663 0.0000000000
67642  -35.646  -39.523  34.843 0.0000000000
68900  -35.591  -39.358  33.050 0.0000000000
68939  -35.053  -38.894  31.059 0.0000000000
66330  -31.414  -39.732  36.667 0.0000000000
67604  -31.191  -39.138  36.510 0.0000000000
68851  -31.968  -38.520  35.518 0.0000000000
68872  -33.063  -38.946  34.163 0.0000000000
68897  -32.266  -39.244  33.632 0.0000000000
68898  -33.075  -39.408  33.331 0.0000000000
67662  -33.278  -39.542  33.062 0.0000000000
67719  -34.738  -38.991  30.921 0.0000000000
56490  -18.263  -49.357  41.099 0.0000000000
56423  -20.198  -49.101  43.880 0.0000000000
56401  -20.433  -49.500  44.327 0.0000000000
52754  -22.938  -51.547  46.520 0.0000000000
55284  -24.172  -49.690  39.071 0.0000000000
54065  -23.777  -50.102  39.798 0.0000000000
54045  -24.050  -50.491  40.683 0.0000000000
54030  -24.187  -51.011  41.727 0.0000000000
51597  -27.661  -52.456  41.584 0.0000000000
51575  -26.711  -52.578  42.710 0.0000000000
52836  -26.134  -52.145  41.929 0.0000000000
52796  -24.661  -51.856  44.450 0.0000000000
53985  -23.950  -51.407  44.912 0.0000000000
52776  -23.681  -51.600  45.710 0.0000000000
52755  -23.602  -51.659  46.351 0.0000000000
52732  -23.529  -51.657  47.091 0.0000000000
52712  -24.092  -51.829  47.558 0.0000000000
50235  -26.361  -53.124  49.022 0.0000000000
50212  -26.164  -53.402  49.431 0.0000000000
49056  -28.230  -54.772  49.258 0.0000000000
45417  -7.689  -58.550  48.543 0.0000000000
44187  -9.067  -58.956  49.859 0.0000000000
44177  -9.343  -59.059  50.786 0.0000000000
44157  -10.036  -59.254  52.603 0.0000000000
47738  -13.457  -55.625  54.854 0.0000000000
70076  -36.913  -38.138  32.116 0.0000000000
70077  -37.582  -37.573  32.323 0.0000000000
73012  -38.589  -34.650  31.583 0.0000000000
72992  -38.940  -34.828  32.160 0.0000000000
72045  -38.834  -35.286  32.317 0.0000000000
72046  -39.512  -35.464  32.642 0.0000000000
71053  -39.740  -36.145  33.126 0.0000000000
70062  -40.385  -36.669  33.573 0.0000000000
72009  -41.860  -35.402  34.490 0.0000000000
71990  -42.163  -35.942  34.892 0.0000000000
74079  -43.408  -33.190  31.443 0.0000000000
75318  -44.693  -32.451  31.880 0.0000000000
75317  -43.905  -32.730  31.999 0.0000000000
75279  -43.281  -32.808  33.878 0.0000000000
75264  -43.837  -32.346  34.836 0.0000000000
75263  -43.082  -33.126  35.034 0.0000000000
83656  -50.887  -25.398  26.607 0.0000000000
84793  -51.315  -25.061  26.196 0.0000000000
84809  -51.771  -25.032  25.981 0.0000000000
82505  -50.996  -25.950  25.348 0.0000000000
83670  -51.477  -25.374  25.682 0.0000000000
84810  -52.554  -24.918  26.139 0.0000000000
83659  -52.572  -25.536  25.843 0.0000000000
83672  -53.055  -25.455  25.948 0.0000000000
83673  -54.127  -25.234  25.458 0.0000000000
78837  -50.023  -29.191  23.277 0.0000000000
78827  -51.311  -29.212  23.863 0.0000000000
78814  -52.859  -29.062  24.459 0.0000000000
80024  -52.609  -28.862  25.132 0.0000000000
81264  -53.520  -26.847  25.582 0.0000000000
83685  -54.871  -25.323  24.979 0.0000000000
83686  -55.439  -24.987  24.531 0.0000000000
83695  -55.843  -24.918  23.735 0.0000000000
81298  -55.868  -26.368  24.143 0.0000000000
82534  -56.056  -25.555  23.540 0.0000000000
84830  -56.192  -24.788  23.603 0.0000000000
84831  -56.662  -24.780  23.440 0.0000000000
80069  -53.738  -28.791  21.383 0.0000000000
80055  -56.537  -27.294  22.506 0.0000000000
80111  -57.987  -27.773  18.315 0.0000000000
37395  -4.151  -63.070  55.527 0.0000000000
37407  -2.850  -63.563  54.170 0.0000000000
38777  -3.964  -63.062  55.280 0.0000000000
38778  -4.166  -62.640  55.288 0.0000000000
38781  -3.047  -63.351  54.260 0.0000000000
38787  -3.230  -63.137  53.793 0.0000000000
40153  -4.891  -61.850  56.353 0.0000000000
40159  -4.414  -62.035  55.315 0.0000000000
40177  -4.246  -62.506  52.781 0.0000000000
40179  -5.273  -61.554  52.824 0.0000000000
41514  -6.497  -60.846  56.793 0.0000000000
41520  -4.778  -61.617  56.080 0.0000000000
41521  -5.314  -61.356  56.288 0.0000000000
41526  -4.732  -61.586  55.829 0.0000000000
41528  -5.524  -60.636  55.685 0.0000000000
42804  -6.596  -60.569  56.780 0.0000000000
42816  -5.888  -60.721  56.566 0.0000000000
42823  -6.080  -60.077  55.669 0.0000000000
42865  -8.250  -59.517  51.580 0.0000000000
44102  -7.522  -59.480  56.712 0.0000000000
44175  -7.943  -59.353  50.164 0.0000000000
44215  -6.933  -58.904  48.152 0.0000000000
45323  -9.454  -58.614  57.337 0.0000000000
46672  -12.514  -56.089  44.870 0.0000000000
47717  -13.686  -55.051  55.929 0.0000000000
47737  -13.502  -55.243  55.280 0.0000000000
47842  -29.846  -54.596  47.727 0.0000000000
47843  -30.183  -54.431  47.511 0.0000000000
47858  -29.128  -54.931  47.473 0.0000000000
48933  -13.498  -54.921  55.783 0.0000000000
48942  -13.442  -54.956  55.284 0.0000000000
48951  -13.478  -55.023  54.971 0.0000000000
49003  -13.432  -55.547  50.404 0.0000000000
49096  -30.984  -53.833  46.640 0.0000000000
49115  -31.246  -53.802  46.353 0.0000000000
50180  -25.330  -54.079  50.483 0.0000000000
50289  -31.449  -53.438  46.836 0.0000000000
50302  -25.615  -53.219  46.166 0.0000000000
50351  -32.135  -53.359  43.758 0.0000000000
51436  -26.025  -53.019  49.664 0.0000000000
51456  -26.008  -52.835  49.335 0.0000000000
51479  -25.956  -52.827  48.759 0.0000000000
51515  -15.139  -53.043  46.008 0.0000000000
51533  -16.476  -52.245  44.692 0.0000000000
51539  -25.643  -52.728  44.638 0.0000000000
51576  -27.444  -52.812  42.407 0.0000000000
51616  -28.491  -52.403  40.750 0.0000000000
52678  -18.173  -51.191  50.311 0.0000000000
52692  -21.876  -51.618  49.076 0.0000000000
52693  -22.294  -51.608  48.582 0.0000000000
52758  -33.185  -51.009  46.722 0.0000000000
52798  -25.891  -52.492  44.255 0.0000000000
52854  -25.356  -51.170  41.572 0.0000000000
52902  -27.380  -50.693  37.280 0.0000000000
52915  -27.451  -50.649  37.048 0.0000000000
53937  -19.735  -49.807  46.693 0.0000000000
53938  -21.140  -50.292  47.512 0.0000000000
53950  -19.609  -49.936  46.404 0.0000000000
53965  -23.764  -51.521  45.317 0.0000000000
53998  -17.932  -51.108  43.398 0.0000000000
54016  -25.148  -51.195  42.437 0.0000000000
55121  -20.045  -50.071  47.718 0.0000000000
55133  -19.668  -50.019  47.503 0.0000000000
55137  -21.759  -50.478  47.224 0.0000000000
55158  -18.735  -50.169  44.828 0.0000000000
55159  -19.420  -50.126  45.238 0.0000000000
55181  -20.410  -49.134  43.654 0.0000000000
55202  -20.347  -48.915  43.446 0.0000000000
55247  -33.145  -50.507  41.224 0.0000000000
55282  -22.452  -49.510  39.302 0.0000000000
56381  -20.105  -49.593  45.842 0.0000000000
56382  -20.138  -49.683  45.591 0.0000000000
56398  -19.950  -50.035  45.188 0.0000000000
56424  -20.413  -49.262  43.944 0.0000000000
56469  -20.184  -48.415  42.167 0.0000000000
56495  -21.777  -48.867  41.021 0.0000000000
56517  -21.936  -49.092  40.722 0.0000000000
58834  -38.407  -46.160  43.008 0.0000000000
58937  -34.122  -46.827  37.079 0.0000000000
60094  -38.375  -46.202  43.433 0.0000000000
60126  -37.593  -45.880  40.915 0.0000000000
60167  -37.614  -45.443  39.773 0.0000000000
61402  -39.450  -44.107  45.189 0.0000000000
61417  -39.707  -44.290  44.552 0.0000000000
61446  -39.137  -44.784  43.088 0.0000000000
61462  -39.472  -43.986  41.888 0.0000000000
61481  -39.389  -43.867  41.426 0.0000000000
62774  -39.665  -43.669  44.299 0.0000000000
62790  -39.354  -42.975  43.543 0.0000000000
62804  -39.377  -42.906  41.809 0.0000000000
62817  -39.358  -42.970  41.154 0.0000000000
62837  -39.340  -43.609  41.124 0.0000000000
62920  -34.747  -43.652  36.539 0.0000000000
64011  -39.450  -42.891  42.989 0.0000000000
64028  -38.908  -42.503  41.643 0.0000000000
65198  -34.924  -41.887  37.208 0.0000000000
66238  -37.716  -40.501  45.037 0.0000000000
66247  -37.760  -39.113  42.544 0.0000000000
66248  -37.987  -39.316  42.695 0.0000000000
66301  -35.209  -40.732  39.030 0.0000000000
66320  -40.778  -40.221  38.800 0.0000000000
66336  -37.840  -40.172  37.253 0.0000000000
66348  -37.399  -39.774  37.263 0.0000000000
66349  -37.614  -40.054  37.087 0.0000000000
67482  -37.670  -38.890  42.807 0.0000000000
67494  -37.296  -38.715  42.326 0.0000000000
67513  -34.681  -39.400  40.602 0.0000000000
67519  -40.005  -39.831  41.477 0.0000000000
67536  -40.057  -40.071  40.691 0.0000000000
67554  -40.946  -40.163  39.626 0.0000000000
67565  -31.989  -39.384  37.357 0.0000000000
67588  -31.598  -39.321  37.000 0.0000000000
67590  -34.479  -38.955  37.864 0.0000000000
67619  -33.620  -38.974  34.980 0.0000000000
67682  -33.119  -39.587  32.555 0.0000000000
67702  -35.440  -39.231  31.869 0.0000000000
68747  -36.729  -38.721  42.961 0.0000000000
68761  -36.998  -38.589  42.614 0.0000000000
68820  -31.730  -38.651  36.904 0.0000000000
68837  -34.482  -38.823  36.660 0.0000000000
68873  -33.430  -39.228  33.699 0.0000000000
68899  -33.400  -39.364  33.455 0.0000000000
68901  -36.292  -39.095  33.130 0.0000000000
68987  -34.606  -38.000  29.978 0.0000000000
69939  -40.713  -37.700  45.318 0.0000000000
69941  -41.786  -37.938  45.294 0.0000000000
72010  -42.278  -35.418  34.846 0.0000000000
74080  -43.923  -32.985  31.392 0.0000000000
74102  -45.608  -33.132  30.134 0.0000000000
74145  -38.676  -33.186  28.799 0.0000000000
74160  -43.720  -33.092  28.121 0.0000000000
75314  -41.620  -32.933  32.192 0.0000000000
75353  -47.803  -32.280  29.659 0.0000000000
75354  -48.310  -32.094  29.357 0.0000000000
76539  -48.066  -31.464  31.639 0.0000000000
76553  -48.950  -31.563  30.773 0.0000000000
76561  -47.267  -31.999  30.759 0.0000000000
77667  -48.107  -31.374  32.031 0.0000000000
77679  -48.942  -31.486  31.212 0.0000000000
77701  -49.997  -31.346  29.299 0.0000000000
77702  -50.411  -30.867  29.206 0.0000000000
77703  -51.037  -30.313  29.368 0.0000000000
77711  -49.709  -30.350  28.034 0.0000000000
77712  -50.429  -30.411  28.483 0.0000000000
77723  -46.740  -30.609  26.828 0.0000000000
78740  -52.289  -29.091  30.972 0.0000000000
78768  -50.113  -29.347  27.415 0.0000000000
78799  -51.092  -28.353  25.110 0.0000000000
78810  -49.417  -28.834  24.307 0.0000000000
78824  -49.175  -29.053  24.114 0.0000000000
78826  -50.436  -29.146  23.892 0.0000000000
78828  -52.275  -29.209  23.698 0.0000000000
78842  -54.453  -29.066  22.603 0.0000000000
78847  -53.918  -29.140  22.057 0.0000000000
78849  -56.138  -28.777  21.329 0.0000000000
78850  -56.346  -28.613  21.261 0.0000000000
78869  -55.526  -28.560  19.302 0.0000000000
78880  -55.610  -28.524  19.083 0.0000000000
79984  -47.920  -28.106  26.674 0.0000000000
79985  -49.824  -28.795  27.178 0.0000000000
79986  -50.009  -28.649  27.209 0.0000000000
80003  -45.113  -28.549  25.632 0.0000000000
80004  -50.226  -27.605  25.117 0.0000000000
80005  -51.036  -27.874  25.243 0.0000000000
80021  -49.538  -28.377  24.709 0.0000000000
80064  -48.652  -28.329  21.612 0.0000000000
81221  -48.498  -27.641  26.795 0.0000000000
81235  -45.688  -28.224  25.762 0.0000000000
81254  -44.841  -28.283  24.981 0.0000000000
82476  -52.757  -26.031  27.515 0.0000000000
82490  -52.478  -25.737  25.714 0.0000000000
82507  -52.858  -26.129  25.855 0.0000000000
83643  -50.907  -25.548  26.942 0.0000000000
83658  -52.348  -25.547  25.705 0.0000000000
83671  -52.254  -25.395  25.806 0.0000000000
84780  -51.880  -25.045  26.857 0.0000000000
