#!ascii label  , from subject 3300 vox2ras=TkReg
424
80567  -27.662  -9.993  -2.703 0.0000000000
81873  -26.655  -8.207  -7.751 0.0000000000
97981  -29.865  4.487  -6.863 0.0000000000
91911  -31.282  -0.257  -8.911 0.0000000000
88179  -32.185  -4.617  -10.124 0.0000000000
81844  -33.356  -7.734  -5.700 0.0000000000
100383  -28.061  6.344  -7.537 0.0000000000
90702  -32.069  -2.005  -8.909 0.0000000000
88156  -28.765  -3.754  -8.747 0.0000000000
80611  -27.339  -8.678  -5.452 0.0000000000
83024  -30.060  -8.035  -6.372 0.0000000000
80600  -30.971  -8.938  -4.276 0.0000000000
74903  -23.177  -13.786  -2.127 0.0000000000
79249  -25.510  -11.009  -4.904 0.0000000000
106797  -28.600  12.599  -11.025 0.0000000000
105759  -30.074  11.103  -10.324 0.0000000000
101482  -30.742  7.709  -11.205 0.0000000000
99241  -30.758  5.635  -10.687 0.0000000000
96804  -31.914  3.300  -11.551 0.0000000000
94283  -30.070  2.173  -7.759 0.0000000000
94353  -33.350  0.933  -11.710 0.0000000000
91937  -34.866  -1.147  -11.685 0.0000000000
89477  -35.019  -1.670  -9.940 0.0000000000
89436  -34.850  -2.719  -7.841 0.0000000000
84303  -29.348  -6.216  -8.192 0.0000000000
84285  -32.978  -6.350  -8.302 0.0000000000
89455  -28.380  -2.687  -8.277 0.0000000000
88136  -27.261  -3.321  -7.807 0.0000000000
80597  -27.650  -9.118  -4.471 0.0000000000
80598  -28.873  -8.792  -4.198 0.0000000000
80582  -29.644  -9.272  -3.445 0.0000000000
70754  -21.619  -16.552  2.229 0.0000000000
72058  -22.285  -15.496  1.202 0.0000000000
72075  -22.797  -15.072  0.865 0.0000000000
80621  -25.295  -10.813  -6.245 0.0000000000
77764  -24.446  -11.863  -6.313 0.0000000000
103686  -30.604  9.447  -10.809 0.0000000000
99190  -29.374  5.464  -6.865 0.0000000000
100415  -30.548  6.195  -8.949 0.0000000000
99222  -30.662  5.137  -9.061 0.0000000000
98057  -31.305  4.181  -11.949 0.0000000000
98013  -31.319  4.048  -9.343 0.0000000000
93120  -31.018  0.780  -8.728 0.0000000000
94322  -32.013  1.774  -9.324 0.0000000000
93137  -32.667  0.573  -9.966 0.0000000000
93154  -34.231  0.059  -11.182 0.0000000000
91926  -32.951  -0.206  -10.056 0.0000000000
88160  -32.989  -3.554  -9.483 0.0000000000
89475  -33.805  -2.615  -9.861 0.0000000000
88182  -34.333  -3.584  -10.016 0.0000000000
89461  -34.872  -2.556  -8.973 0.0000000000
86803  -34.374  -4.366  -9.046 0.0000000000
84278  -26.343  -6.569  -7.477 0.0000000000
84300  -27.560  -6.065  -8.239 0.0000000000
83077  -28.052  -7.241  -8.296 0.0000000000
83026  -31.857  -8.103  -6.598 0.0000000000
83045  -31.389  -7.400  -6.877 0.0000000000
83047  -33.298  -7.285  -6.452 0.0000000000
85510  -34.205  -5.691  -6.483 0.0000000000
84256  -34.076  -6.608  -6.053 0.0000000000
76244  -23.630  -12.996  -0.378 0.0000000000
76293  -24.115  -13.135  -2.779 0.0000000000
76272  -24.686  -12.018  -1.725 0.0000000000
77706  -25.500  -11.521  -2.584 0.0000000000
91892  -28.869  -0.579  -8.617 0.0000000000
90720  -31.675  -1.180  -9.251 0.0000000000
89472  -29.977  -2.160  -9.280 0.0000000000
89457  -30.283  -2.826  -8.884 0.0000000000
88158  -30.863  -3.729  -8.667 0.0000000000
81837  -26.816  -8.439  -6.255 0.0000000000
83042  -28.050  -7.563  -7.109 0.0000000000
81839  -28.641  -8.278  -5.796 0.0000000000
81817  -30.272  -8.568  -5.025 0.0000000000
81819  -32.299  -8.246  -5.035 0.0000000000
74860  -23.344  -13.757  0.175 0.0000000000
81856  -25.850  -8.199  -7.137 0.0000000000
81836  -26.112  -9.105  -6.698 0.0000000000
79260  -25.836  -10.255  -5.757 0.0000000000
80579  -26.891  -10.009  -3.622 0.0000000000
107830  -28.309  13.363  -11.603 0.0000000000
105757  -27.174  11.746  -9.505 0.0000000000
105771  -29.415  11.643  -10.898 0.0000000000
105791  -29.788  10.291  -12.694 0.0000000000
102638  -29.781  8.492  -12.934 0.0000000000
100445  -29.759  7.286  -12.920 0.0000000000
101455  -30.151  7.330  -8.421 0.0000000000
100435  -30.736  6.657  -10.966 0.0000000000
98055  -29.719  5.291  -12.661 0.0000000000
98073  -30.061  4.433  -13.205 0.0000000000
96830  -31.096  3.347  -13.168 0.0000000000
95556  -32.368  1.848  -13.947 0.0000000000
95476  -29.697  2.832  -7.429 0.0000000000
95521  -32.019  2.806  -9.969 0.0000000000
95535  -32.494  2.273  -11.413 0.0000000000
94362  -32.753  1.207  -13.241 0.0000000000
93175  -34.334  0.525  -13.333 0.0000000000
91948  -36.364  -0.334  -12.806 0.0000000000
90722  -33.601  -1.598  -9.587 0.0000000000
90733  -35.414  -1.528  -10.924 0.0000000000
86795  -26.971  -4.631  -8.164 0.0000000000
86798  -29.331  -4.827  -8.623 0.0000000000
86779  -31.245  -4.780  -8.122 0.0000000000
83061  -29.589  -6.950  -7.362 0.0000000000
84283  -31.069  -5.858  -7.348 0.0000000000
85544  -32.959  -5.698  -9.221 0.0000000000
86802  -34.283  -4.818  -8.438 0.0000000000
88116  -34.132  -3.737  -7.018 0.0000000000
77738  -24.742  -12.184  -5.216 0.0000000000
77727  -25.937  -11.097  -2.887 0.0000000000
79221  -27.145  -10.351  -2.468 0.0000000000
80580  -27.534  -9.637  -3.413 0.0000000000
80581  -28.593  -9.377  -3.448 0.0000000000
80569  -29.394  -9.827  -2.751 0.0000000000
80568  -28.424  -9.910  -2.709 0.0000000000
70734  -22.018  -16.729  3.007 0.0000000000
72042  -21.763  -15.991  1.545 0.0000000000
70755  -22.491  -16.128  2.754 0.0000000000
97980  -28.634  4.501  -6.928 0.0000000000
99191  -30.205  5.415  -7.282 0.0000000000
97982  -30.400  4.452  -7.778 0.0000000000
98012  -30.989  4.609  -9.554 0.0000000000
91893  -29.867  -0.370  -8.641 0.0000000000
93118  -29.242  0.406  -8.360 0.0000000000
93136  -31.899  0.826  -9.274 0.0000000000
91912  -32.334  -0.317  -9.430 0.0000000000
88180  -32.803  -4.381  -9.807 0.0000000000
88162  -34.455  -3.508  -9.500 0.0000000000
86821  -33.335  -4.718  -9.987 0.0000000000
83058  -26.676  -7.485  -7.695 0.0000000000
84280  -27.701  -7.093  -8.218 0.0000000000
83059  -27.504  -7.671  -7.812 0.0000000000
81843  -32.596  -7.931  -5.999 0.0000000000
81861  -32.999  -7.951  -6.624 0.0000000000
81862  -33.026  -7.669  -6.176 0.0000000000
83027  -34.037  -7.393  -5.567 0.0000000000
84244  -34.246  -6.736  -5.139 0.0000000000
76271  -23.664  -12.940  -1.592 0.0000000000
90699  -28.539  -1.600  -8.744 0.0000000000
90700  -29.683  -1.470  -8.867 0.0000000000
89456  -29.269  -2.620  -9.085 0.0000000000
88157  -29.758  -3.754  -8.820 0.0000000000
81838  -27.721  -8.067  -5.906 0.0000000000
81815  -28.237  -8.558  -5.129 0.0000000000
80599  -29.936  -8.967  -4.275 0.0000000000
81816  -29.250  -8.511  -5.023 0.0000000000
81818  -31.296  -8.369  -4.947 0.0000000000
80601  -32.011  -8.889  -4.372 0.0000000000
69433  -20.994  -17.426  2.251 0.0000000000
68070  -20.510  -18.306  2.389 0.0000000000
73410  -22.764  -14.516  0.394 0.0000000000
79259  -25.494  -10.995  -5.932 0.0000000000
79250  -26.062  -10.367  -5.084 0.0000000000
80596  -26.754  -9.815  -4.296 0.0000000000
106796  -27.803  12.690  -10.484 0.0000000000
107838  -28.610  13.299  -12.680 0.0000000000
104742  -29.396  11.027  -9.784 0.0000000000
104751  -28.918  11.516  -10.294 0.0000000000
105781  -29.631  11.750  -11.701 0.0000000000
105782  -29.961  11.104  -11.879 0.0000000000
104762  -30.372  10.516  -11.493 0.0000000000
102623  -30.694  8.620  -10.527 0.0000000000
102639  -30.267  8.777  -12.149 0.0000000000
101494  -30.221  7.888  -11.964 0.0000000000
101493  -29.967  8.099  -12.468 0.0000000000
101436  -29.048  7.073  -7.424 0.0000000000
100423  -30.862  6.495  -9.976 0.0000000000
99252  -30.323  5.695  -11.697 0.0000000000
98056  -30.321  4.574  -12.137 0.0000000000
98040  -31.087  3.963  -10.959 0.0000000000
96817  -31.755  3.352  -12.658 0.0000000000
95555  -31.410  2.715  -13.550 0.0000000000
95545  -31.964  2.910  -13.026 0.0000000000
94303  -29.668  1.350  -8.082 0.0000000000
94282  -29.223  2.034  -7.646 0.0000000000
96762  -31.325  3.241  -8.705 0.0000000000
95493  -31.243  2.369  -8.635 0.0000000000
94339  -32.976  1.301  -10.713 0.0000000000
95522  -32.405  2.162  -10.359 0.0000000000
95536  -33.109  1.872  -11.921 0.0000000000
95547  -32.993  1.397  -12.467 0.0000000000
94372  -33.493  0.727  -13.806 0.0000000000
94363  -33.463  0.796  -12.790 0.0000000000
93167  -34.771  -0.412  -11.990 0.0000000000
93176  -34.980  -0.098  -12.852 0.0000000000
91946  -35.382  -0.592  -12.303 0.0000000000
91955  -36.060  -0.294  -13.388 0.0000000000
91947  -35.896  -0.651  -12.689 0.0000000000
89474  -31.253  -1.868  -9.041 0.0000000000
90721  -32.628  -1.320  -9.292 0.0000000000
90703  -32.980  -2.152  -9.089 0.0000000000
89476  -34.587  -2.522  -9.939 0.0000000000
89486  -34.760  -1.612  -10.043 0.0000000000
90723  -35.036  -1.635  -10.415 0.0000000000
91929  -35.997  -1.279  -10.755 0.0000000000
91914  -36.093  -0.965  -9.911 0.0000000000
89418  -34.347  -2.384  -7.178 0.0000000000
86776  -25.923  -4.697  -7.727 0.0000000000
84302  -28.731  -6.422  -8.347 0.0000000000
85540  -28.680  -5.665  -8.454 0.0000000000
85541  -29.627  -5.639  -8.413 0.0000000000
86818  -30.025  -5.151  -8.627 0.0000000000
85525  -30.404  -5.352  -7.984 0.0000000000
83043  -29.186  -7.641  -6.665 0.0000000000
83044  -30.317  -7.454  -6.840 0.0000000000
83064  -32.481  -6.795  -7.680 0.0000000000
83063  -31.726  -6.855  -7.459 0.0000000000
84284  -32.062  -6.175  -8.264 0.0000000000
85527  -33.245  -5.912  -8.519 0.0000000000
85528  -33.821  -5.606  -7.942 0.0000000000
86763  -34.742  -4.698  -6.786 0.0000000000
88101  -34.402  -3.739  -5.983 0.0000000000
77707  -26.152  -11.253  -2.189 0.0000000000
79220  -26.468  -10.782  -2.461 0.0000000000
79207  -26.959  -10.743  -1.837 0.0000000000
90698  -27.540  -1.651  -7.829 0.0000000000
89434  -26.926  -2.874  -7.649 0.0000000000
88155  -27.802  -3.790  -7.961 0.0000000000
80583  -30.637  -9.384  -3.576 0.0000000000
80570  -30.382  -9.738  -2.842 0.0000000000
69434  -21.601  -17.403  2.772 0.0000000000
72074  -22.131  -15.363  0.299 0.0000000000
72059  -23.153  -15.110  1.596 0.0000000000
80609  -25.575  -10.104  -6.181 0.0000000000
80620  -25.058  -10.752  -6.326 0.0000000000
79272  -25.029  -11.290  -6.329 0.0000000000
77765  -25.048  -11.834  -6.230 0.0000000000
104743  -30.451  10.595  -9.880 0.0000000000
104744  -30.620  10.201  -10.436 0.0000000000
103682  -30.165  9.942  -9.291 0.0000000000
102617  -29.772  9.056  -8.966 0.0000000000
102618  -30.461  8.647  -9.596 0.0000000000
100385  -29.697  6.295  -7.299 0.0000000000
99207  -30.540  5.311  -8.230 0.0000000000
99230  -30.820  5.461  -9.779 0.0000000000
98039  -30.789  4.814  -11.299 0.0000000000
98023  -30.927  4.741  -10.393 0.0000000000
98024  -31.119  3.965  -10.036 0.0000000000
94304  -30.625  1.767  -8.361 0.0000000000
94305  -31.399  1.677  -8.945 0.0000000000
94323  -32.484  1.516  -9.803 0.0000000000
94340  -33.570  0.712  -10.975 0.0000000000
93153  -33.402  0.337  -10.514 0.0000000000
91927  -33.690  -0.665  -10.327 0.0000000000
89459  -32.440  -2.923  -9.093 0.0000000000
89460  -33.251  -2.829  -9.401 0.0000000000
89462  -35.123  -1.996  -9.534 0.0000000000
88138  -34.542  -3.483  -8.571 0.0000000000
85523  -26.408  -5.621  -7.900 0.0000000000
84279  -27.192  -6.592  -7.963 0.0000000000
84317  -28.134  -6.825  -8.407 0.0000000000
84281  -29.066  -6.610  -7.904 0.0000000000
83025  -31.004  -7.776  -6.256 0.0000000000
83046  -32.522  -7.749  -7.154 0.0000000000
84268  -33.033  -6.895  -7.425 0.0000000000
84286  -33.334  -6.348  -7.694 0.0000000000
84269  -33.524  -6.341  -6.959 0.0000000000
85497  -34.099  -5.858  -5.430 0.0000000000
86738  -33.820  -5.135  -4.640 0.0000000000
76292  -23.570  -13.466  -2.422 0.0000000000
77705  -24.863  -12.193  -3.003 0.0000000000
77682  -25.105  -11.721  -2.224 0.0000000000
77683  -25.646  -11.607  -1.651 0.0000000000
91910  -30.518  -0.584  -8.734 0.0000000000
90701  -30.209  -1.007  -8.540 0.0000000000
90718  -30.208  -1.781  -9.168 0.0000000000
89473  -30.592  -2.109  -9.143 0.0000000000
89458  -31.339  -2.765  -8.924 0.0000000000
88159  -31.925  -3.960  -9.467 0.0000000000
86819  -31.772  -4.765  -10.062 0.0000000000
81874  -27.105  -8.269  -7.577 0.0000000000
83041  -27.649  -7.784  -7.370 0.0000000000
81858  -27.457  -8.027  -7.007 0.0000000000
81860  -28.895  -8.161  -6.309 0.0000000000
83023  -29.595  -8.097  -6.386 0.0000000000
81840  -29.563  -8.300  -5.953 0.0000000000
81841  -30.640  -8.291  -5.747 0.0000000000
81842  -31.619  -8.221  -5.810 0.0000000000
81820  -33.200  -8.340  -5.228 0.0000000000
80602  -32.959  -9.093  -4.779 0.0000000000
80584  -31.697  -9.579  -3.653 0.0000000000
68056  -20.835  -18.693  2.809 0.0000000000
74885  -22.677  -14.467  -1.590 0.0000000000
73409  -22.351  -14.879  -0.299 0.0000000000
73430  -22.734  -14.319  -0.376 0.0000000000
74886  -23.054  -13.897  -1.108 0.0000000000
76217  -23.786  -13.166  0.234 0.0000000000
81857  -26.624  -8.320  -7.135 0.0000000000
80610  -26.390  -9.429  -5.544 0.0000000000
79237  -27.060  -10.044  -3.131 0.0000000000
108834  -27.812  13.984  -11.379 0.0000000000
105758  -27.757  11.844  -10.066 0.0000000000
104750  -28.476  11.437  -10.060 0.0000000000
105770  -28.463  11.934  -10.479 0.0000000000
106804  -29.257  12.376  -11.987 0.0000000000
104763  -30.481  9.942  -11.761 0.0000000000
103696  -30.043  9.489  -12.581 0.0000000000
147188  -29.285  9.375  -13.869 0.0000000000
147184  -29.514  8.023  -13.633 0.0000000000
147179  -29.384  7.292  -13.729 0.0000000000
147178  -29.383  6.819  -13.520 0.0000000000
102611  -30.264  8.203  -8.874 0.0000000000
101472  -30.845  7.598  -10.254 0.0000000000
101464  -30.595  7.419  -9.325 0.0000000000
100446  -30.280  6.889  -11.858 0.0000000000
99251  -29.785  6.224  -12.442 0.0000000000
99269  -29.267  6.140  -13.352 0.0000000000
98072  -29.217  5.045  -13.563 0.0000000000
96828  -29.354  4.079  -13.997 0.0000000000
96816  -30.778  3.835  -12.746 0.0000000000
96742  -27.862  3.445  -7.516 0.0000000000
96744  -29.275  3.652  -7.297 0.0000000000
96761  -30.747  3.519  -8.028 0.0000000000
96777  -31.515  3.398  -9.536 0.0000000000
96789  -31.568  3.349  -10.467 0.0000000000
95508  -31.669  2.502  -9.261 0.0000000000
95534  -32.019  2.754  -10.754 0.0000000000
96805  -32.452  2.893  -11.955 0.0000000000
95546  -32.436  2.406  -12.668 0.0000000000
93166  -34.305  0.358  -12.274 0.0000000000
93188  -35.136  0.388  -13.683 0.0000000000
93189  -36.074  0.338  -13.347 0.0000000000
93177  -36.223  0.575  -12.842 0.0000000000
91913  -33.096  -0.770  -9.624 0.0000000000
91928  -34.328  -1.035  -11.097 0.0000000000
90731  -34.277  -1.382  -10.260 0.0000000000
90739  -35.111  -1.396  -11.441 0.0000000000
91938  -35.574  -1.110  -11.607 0.0000000000
90705  -35.385  -1.733  -9.003 0.0000000000
88135  -26.663  -3.885  -7.868 0.0000000000
88154  -27.219  -4.243  -8.139 0.0000000000
85538  -27.132  -5.448  -8.141 0.0000000000
86797  -28.378  -4.735  -8.289 0.0000000000
86799  -30.297  -4.745  -8.497 0.0000000000
86800  -31.429  -4.631  -8.659 0.0000000000
83060  -28.514  -7.186  -7.646 0.0000000000
84282  -29.921  -6.056  -7.693 0.0000000000
83062  -30.659  -6.824  -7.344 0.0000000000
85526  -31.324  -5.169  -7.993 0.0000000000
85543  -31.962  -5.595  -8.906 0.0000000000
85560  -33.175  -5.269  -10.042 0.0000000000
85561  -33.698  -5.109  -9.718 0.0000000000
86781  -34.345  -4.134  -8.292 0.0000000000
86780  -34.406  -4.444  -7.707 0.0000000000
89435  -34.370  -3.046  -7.235 0.0000000000
76337  -25.025  -12.240  -5.899 0.0000000000
77739  -25.106  -11.592  -4.653 0.0000000000
77726  -25.371  -11.434  -3.597 0.0000000000
79235  -25.471  -11.079  -4.198 0.0000000000
79236  -26.220  -10.545  -3.654 0.0000000000
74902  -22.773  -14.235  -1.919 0.0000000000
76336  -24.635  -12.508  -5.761 0.0000000000
76353  -25.071  -12.119  -6.115 0.0000000000
77751  -24.910  -12.220  -5.670 0.0000000000
77752  -25.171  -11.837  -5.653 0.0000000000
79206  -26.540  -10.994  -1.975 0.0000000000
81859  -28.281  -7.786  -6.384 0.0000000000
83078  -28.455  -6.912  -8.191 0.0000000000
83093  -28.183  -7.043  -8.364 0.0000000000
83094  -28.333  -6.894  -8.290 0.0000000000
84301  -28.050  -6.574  -8.374 0.0000000000
84304  -32.349  -6.021  -8.902 0.0000000000
84305  -32.594  -6.094  -8.718 0.0000000000
84318  -28.287  -6.660  -8.352 0.0000000000
85524  -29.940  -5.642  -7.988 0.0000000000
85539  -27.912  -5.561  -8.202 0.0000000000
85542  -29.976  -5.287  -8.425 0.0000000000
85545  -34.102  -5.194  -9.121 0.0000000000
85546  -34.237  -4.768  -9.415 0.0000000000
85558  -29.893  -5.475  -8.828 0.0000000000
85559  -29.828  -5.526  -8.674 0.0000000000
85562  -34.095  -4.922  -9.556 0.0000000000
86778  -30.931  -4.750  -8.026 0.0000000000
86796  -27.568  -4.740  -8.102 0.0000000000
86801  -31.982  -5.298  -9.701 0.0000000000
86817  -29.910  -5.324  -8.550 0.0000000000
86820  -32.528  -5.092  -10.328 0.0000000000
86822  -34.090  -4.372  -9.758 0.0000000000
88137  -34.475  -3.606  -7.750 0.0000000000
88161  -33.488  -3.198  -9.735 0.0000000000
88181  -33.749  -3.667  -9.891 0.0000000000
89485  -34.253  -1.906  -9.779 0.0000000000
90704  -33.466  -2.309  -9.487 0.0000000000
90719  -30.680  -1.313  -8.948 0.0000000000
90724  -35.532  -1.448  -10.279 0.0000000000
90732  -34.859  -1.598  -10.988 0.0000000000
90740  -35.243  -1.464  -11.259 0.0000000000
91894  -30.551  0.053  -8.758 0.0000000000
91915  -36.279  -0.779  -10.563 0.0000000000
91930  -36.182  -0.828  -11.169 0.0000000000
91939  -36.063  -0.522  -11.953 0.0000000000
91956  -36.427  -0.021  -13.211 0.0000000000
93119  -30.148  0.664  -8.523 0.0000000000
93155  -34.525  -0.744  -11.546 0.0000000000
93169  -36.349  -0.021  -12.026 0.0000000000
93178  -36.464  0.164  -12.754 0.0000000000
93190  -36.413  0.235  -13.112 0.0000000000
94281  -28.325  2.053  -7.739 0.0000000000
94284  -30.579  2.356  -7.894 0.0000000000
94352  -32.936  1.570  -11.432 0.0000000000
95477  -30.456  2.835  -7.624 0.0000000000
95492  -30.989  2.653  -8.047 0.0000000000
95509  -32.234  2.206  -9.673 0.0000000000
96743  -28.419  3.544  -7.378 0.0000000000
96745  -30.124  3.622  -7.415 0.0000000000
96818  -32.285  3.127  -12.231 0.0000000000
97997  -31.059  4.306  -8.681 0.0000000000
97998  -31.444  3.801  -9.032 0.0000000000
99189  -28.391  5.589  -7.258 0.0000000000
100401  -30.299  6.297  -7.871 0.0000000000
100456  -28.940  6.773  -13.775 0.0000000000
101437  -29.823  7.017  -7.675 0.0000000000
102629  -30.572  8.638  -11.380 0.0000000000
103683  -30.667  9.633  -9.995 0.0000000000
103691  -30.506  9.402  -11.542 0.0000000000
103697  -30.402  9.484  -12.057 0.0000000000
104752  -30.359  10.550  -11.080 0.0000000000
104753  -30.458  10.133  -11.061 0.0000000000
104773  -30.347  10.246  -12.175 0.0000000000
104774  -30.393  9.802  -12.168 0.0000000000
105760  -30.434  10.701  -10.467 0.0000000000
105761  -30.508  10.416  -10.674 0.0000000000
105772  -30.157  10.912  -10.984 0.0000000000
105773  -30.402  10.569  -10.843 0.0000000000
107829  -27.877  13.676  -11.025 0.0000000000
