#!ascii label  , from subject 3300 vox2ras=TkReg
1038
114082  37.593  22.458  43.367 0.0000000000
112547  46.439  20.238  33.743 0.0000000000
115981  47.400  24.106  34.310 0.0000000000
110010  47.071  16.912  22.961 0.0000000000
108901  40.786  16.385  38.703 0.0000000000
117500  48.637  26.725  43.607 0.0000000000
112616  48.706  20.589  26.292 0.0000000000
116060  40.360  23.976  28.100 0.0000000000
114995  47.347  23.940  40.883 0.0000000000
113324  43.259  21.118  38.601 0.0000000000
108949  42.991  16.128  33.443 0.0000000000
115972  41.676  24.502  35.622 0.0000000000
115174  44.280  23.573  28.352 0.0000000000
114154  50.627  22.978  34.164 0.0000000000
115204  49.748  23.325  26.273 0.0000000000
115999  37.949  24.587  33.296 0.0000000000
115879  41.801  24.121  42.251 0.0000000000
114128  40.089  22.348  39.591 0.0000000000
107878  42.526  15.502  36.347 0.0000000000
116762  44.995  25.455  39.255 0.0000000000
116765  42.275  25.760  39.094 0.0000000000
115058  44.341  23.842  35.165 0.0000000000
114206  43.118  22.923  31.812 0.0000000000
114220  45.998  22.517  30.511 0.0000000000
113321  47.835  21.294  38.772 0.0000000000
115049  48.919  23.208  38.273 0.0000000000
113339  48.478  21.707  34.381 0.0000000000
111817  51.498  19.249  23.369 0.0000000000
114281  51.253  22.557  26.344 0.0000000000
113447  49.493  21.315  23.408 0.0000000000
113459  46.601  21.799  23.064 0.0000000000
110928  46.167  18.498  24.162 0.0000000000
109047  43.515  16.224  26.634 0.0000000000
112491  36.470  20.389  41.654 0.0000000000
112511  38.533  20.510  39.044 0.0000000000
116773  48.091  25.519  38.583 0.0000000000
110863  45.134  19.013  29.870 0.0000000000
113395  47.155  21.069  30.312 0.0000000000
110892  46.480  18.646  26.908 0.0000000000
109997  49.442  17.226  23.853 0.0000000000
117464  45.807  26.278  46.079 0.0000000000
116720  44.179  25.222  42.945 0.0000000000
114107  45.072  22.956  39.935 0.0000000000
111687  46.177  19.112  37.616 0.0000000000
111681  41.801  19.083  38.597 0.0000000000
109897  44.424  17.285  36.852 0.0000000000
110829  44.095  18.264  33.461 0.0000000000
108991  43.737  16.657  30.317 0.0000000000
112472  33.959  20.893  43.188 0.0000000000
118287  40.066  27.564  38.075 0.0000000000
116814  38.675  25.572  36.173 0.0000000000
115102  40.922  23.535  32.387 0.0000000000
116058  42.012  24.577  28.038 0.0000000000
114286  43.619  22.716  26.398 0.0000000000
116715  49.856  25.500  43.433 0.0000000000
116770  50.518  25.560  38.915 0.0000000000
115979  49.961  24.812  34.428 0.0000000000
113381  49.824  21.779  30.148 0.0000000000
115132  51.617  23.278  31.077 0.0000000000
115135  48.850  23.152  30.308 0.0000000000
115192  47.471  22.856  27.492 0.0000000000
114307  44.998  22.684  23.814 0.0000000000
116836  36.941  25.071  32.672 0.0000000000
116828  36.785  25.427  34.379 0.0000000000
115003  39.993  23.275  42.002 0.0000000000
114092  38.685  22.435  41.964 0.0000000000
116808  46.311  25.146  36.710 0.0000000000
116810  44.873  25.055  36.857 0.0000000000
115983  45.814  24.122  34.884 0.0000000000
114170  45.231  23.072  33.256 0.0000000000
114184  46.992  23.018  32.958 0.0000000000
112528  47.185  20.681  36.379 0.0000000000
113336  47.767  21.320  35.923 0.0000000000
112534  47.234  20.664  34.316 0.0000000000
110953  49.943  18.281  22.370 0.0000000000
112661  50.820  19.968  22.613 0.0000000000
111820  48.292  19.289  22.879 0.0000000000
112649  47.642  20.334  23.217 0.0000000000
110942  47.384  18.665  22.993 0.0000000000
109062  45.356  16.452  24.457 0.0000000000
109073  45.972  16.310  23.521 0.0000000000
111664  37.071  19.719  39.784 0.0000000000
117547  46.498  26.157  40.797 0.0000000000
117545  49.013  26.243  40.734 0.0000000000
109952  44.954  17.595  28.399 0.0000000000
111758  45.811  19.473  28.559 0.0000000000
109974  45.832  17.337  26.965 0.0000000000
109061  48.045  16.543  24.357 0.0000000000
108026  49.433  15.515  23.837 0.0000000000
109068  50.692  16.767  23.152 0.0000000000
115033  42.210  23.378  39.939 0.0000000000
115018  43.765  23.577  40.313 0.0000000000
114124  44.007  22.233  39.392 0.0000000000
112508  45.560  20.516  39.290 0.0000000000
111672  44.866  19.946  39.055 0.0000000000
110808  40.450  18.009  38.705 0.0000000000
112521  40.125  19.934  38.481 0.0000000000
109879  41.577  17.144  38.952 0.0000000000
107891  42.994  16.085  35.031 0.0000000000
108926  43.548  16.542  36.549 0.0000000000
108933  43.525  16.735  35.509 0.0000000000
109909  44.216  17.727  35.142 0.0000000000
109915  43.681  17.301  33.680 0.0000000000
110841  43.678  17.848  32.516 0.0000000000
108957  43.478  16.392  32.137 0.0000000000
105711  44.683  14.061  29.977 0.0000000000
115949  42.430  24.684  37.134 0.0000000000
117563  40.920  26.830  38.994 0.0000000000
116799  40.586  25.615  37.582 0.0000000000
117573  39.289  26.470  37.178 0.0000000000
116820  39.973  25.026  35.922 0.0000000000
115988  39.822  23.927  34.329 0.0000000000
115069  41.308  23.779  34.065 0.0000000000
115153  44.330  22.916  29.724 0.0000000000
115139  42.413  23.528  30.526 0.0000000000
115196  42.981  24.501  27.511 0.0000000000
115210  42.233  23.975  26.483 0.0000000000
116081  43.836  24.515  25.812 0.0000000000
116718  46.349  25.480  42.979 0.0000000000
116688  47.487  25.872  44.884 0.0000000000
115873  48.210  24.856  42.976 0.0000000000
115052  49.869  23.387  36.791 0.0000000000
115041  49.974  24.370  38.048 0.0000000000
115051  50.218  24.040  36.369 0.0000000000
115952  50.000  25.185  36.603 0.0000000000
115977  51.164  23.952  34.136 0.0000000000
112599  47.554  20.809  28.730 0.0000000000
113382  48.857  21.375  30.503 0.0000000000
113403  48.990  21.483  28.473 0.0000000000
115215  51.218  23.138  26.100 0.0000000000
114251  52.337  23.012  28.609 0.0000000000
115168  50.896  23.480  28.622 0.0000000000
115133  50.919  23.434  30.807 0.0000000000
115169  49.672  23.189  28.488 0.0000000000
114255  47.934  22.736  28.882 0.0000000000
114272  48.253  22.647  26.900 0.0000000000
112666  45.354  21.591  22.998 0.0000000000
114316  45.663  22.751  23.581 0.0000000000
113451  44.174  21.497  23.389 0.0000000000
113439  42.577  20.710  23.310 0.0000000000
118227  49.004  27.232  44.921 0.0000000000
116023  37.596  24.712  31.028 0.0000000000
116033  39.340  24.442  30.064 0.0000000000
115848  41.531  24.809  44.407 0.0000000000
114969  40.681  23.853  43.275 0.0000000000
115021  40.932  23.441  40.761 0.0000000000
113315  41.652  21.788  38.829 0.0000000000
107858  41.941  15.393  38.139 0.0000000000
116763  44.012  25.474  39.245 0.0000000000
115948  43.221  24.691  37.103 0.0000000000
115984  43.017  24.125  34.986 0.0000000000
115080  42.763  23.449  33.563 0.0000000000
115098  44.217  23.102  33.181 0.0000000000
114204  44.544  22.521  31.668 0.0000000000
114240  45.437  22.598  29.674 0.0000000000
114120  47.726  22.360  39.691 0.0000000000
115013  48.235  23.644  40.234 0.0000000000
113320  48.301  21.866  38.332 0.0000000000
114143  48.758  22.398  36.640 0.0000000000
114167  49.140  22.248  33.949 0.0000000000
112637  49.994  20.297  24.690 0.0000000000
113420  49.902  21.396  26.102 0.0000000000
113435  51.195  20.469  23.913 0.0000000000
113446  50.520  21.184  23.660 0.0000000000
114303  49.583  22.423  24.482 0.0000000000
114304  48.441  22.527  24.483 0.0000000000
113448  48.252  21.507  23.314 0.0000000000
112650  46.594  20.543  23.405 0.0000000000
111823  44.696  19.771  23.805 0.0000000000
109046  44.200  15.739  26.075 0.0000000000
113280  37.115  21.827  42.743 0.0000000000
113300  38.422  21.725  40.332 0.0000000000
112500  37.422  20.500  40.292 0.0000000000
111685  38.207  18.843  38.711 0.0000000000
109866  39.492  17.105  38.722 0.0000000000
117548  45.416  26.126  40.862 0.0000000000
116774  46.925  25.396  38.459 0.0000000000
116807  47.532  25.303  36.376 0.0000000000
111734  45.452  19.632  31.510 0.0000000000
112571  46.628  20.564  31.751 0.0000000000
112591  46.074  20.310  30.292 0.0000000000
111757  46.424  19.829  28.204 0.0000000000
111778  47.676  19.611  26.230 0.0000000000
109052  46.837  16.886  25.535 0.0000000000
110912  47.414  18.340  25.474 0.0000000000
111807  49.209  19.176  24.593 0.0000000000
110941  50.841  17.765  23.437 0.0000000000
110017  50.689  17.432  22.697 0.0000000000
109080  47.742  16.380  22.642 0.0000000000
108028  46.159  15.161  23.331 0.0000000000
116690  45.238  25.939  44.639 0.0000000000
115875  45.886  24.929  42.235 0.0000000000
115857  43.013  24.852  42.964 0.0000000000
115896  44.292  24.291  41.377 0.0000000000
115016  45.931  23.641  40.728 0.0000000000
113310  46.743  21.403  39.600 0.0000000000
112526  46.887  19.860  38.016 0.0000000000
111693  46.135  19.519  35.306 0.0000000000
113317  39.759  21.530  39.226 0.0000000000
113326  41.334  20.916  38.586 0.0000000000
112518  42.976  20.139  38.520 0.0000000000
108912  42.891  16.545  38.401 0.0000000000
109877  43.406  17.359  38.377 0.0000000000
110804  44.375  18.575  38.478 0.0000000000
110817  45.221  18.183  37.589 0.0000000000
110823  45.129  18.599  35.336 0.0000000000
111708  45.581  19.506  33.588 0.0000000000
111735  44.762  19.129  31.892 0.0000000000
110865  44.019  17.901  30.852 0.0000000000
109009  44.244  16.510  29.292 0.0000000000
107959  44.043  15.158  30.491 0.0000000000
107976  44.096  15.707  29.656 0.0000000000
113268  35.900  21.952  43.707 0.0000000000
112482  35.347  20.467  42.699 0.0000000000
112484  33.695  19.962  43.062 0.0000000000
118988  41.235  28.993  38.730 0.0000000000
118992  39.734  28.530  37.287 0.0000000000
116826  38.185  24.853  34.677 0.0000000000
116009  39.358  24.102  32.385 0.0000000000
116032  40.328  24.320  30.170 0.0000000000
115101  41.819  23.406  32.450 0.0000000000
115140  41.463  23.997  30.490 0.0000000000
116059  41.061  24.354  27.979 0.0000000000
117498  50.468  26.367  43.918 0.0000000000
115925  49.666  24.478  40.173 0.0000000000
116741  51.275  25.898  41.250 0.0000000000
117544  50.147  26.202  41.167 0.0000000000
116772  49.277  25.766  38.703 0.0000000000
116806  48.751  25.440  36.635 0.0000000000
115980  48.795  24.624  34.426 0.0000000000
113372  47.939  21.187  31.922 0.0000000000
113360  48.663  21.595  32.497 0.0000000000
114183  50.138  22.446  32.768 0.0000000000
113391  50.877  22.234  28.813 0.0000000000
114216  51.371  22.599  30.539 0.0000000000
114181  51.439  23.013  32.267 0.0000000000
115092  51.057  24.157  32.816 0.0000000000
115093  50.121  23.855  32.671 0.0000000000
116007  48.349  23.903  32.830 0.0000000000
114201  47.288  22.733  30.821 0.0000000000
114239  46.450  22.571  29.612 0.0000000000
115173  45.588  23.217  28.044 0.0000000000
114295  47.764  22.738  25.237 0.0000000000
115219  45.538  23.258  25.131 0.0000000000
115207  44.611  24.156  25.871 0.0000000000
114297  44.413  22.398  24.807 0.0000000000
109975  42.917  17.292  26.351 0.0000000000
117590  36.355  26.084  34.387 0.0000000000
117588  36.704  26.045  35.100 0.0000000000
114081  38.498  22.604  43.032 0.0000000000
115955  46.969  24.810  36.075 0.0000000000
115956  45.922  24.783  36.121 0.0000000000
115967  46.640  24.517  35.339 0.0000000000
115063  46.590  23.750  34.206 0.0000000000
115062  47.029  23.701  34.074 0.0000000000
112535  46.733  20.026  34.787 0.0000000000
112531  47.268  20.623  35.353 0.0000000000
110954  48.924  18.089  22.276 0.0000000000
111833  49.227  18.967  22.233 0.0000000000
110955  47.929  18.155  22.426 0.0000000000
110956  47.041  17.877  22.792 0.0000000000
110011  46.594  17.256  23.314 0.0000000000
118243  48.117  27.236  44.299 0.0000000000
117501  47.550  26.905  43.490 0.0000000000
117524  48.006  26.349  41.642 0.0000000000
117510  48.320  26.531  42.678 0.0000000000
109962  45.132  17.373  27.948 0.0000000000
109951  45.376  17.988  28.207 0.0000000000
109961  45.603  17.575  27.576 0.0000000000
108017  49.292  15.391  24.102 0.0000000000
106889  49.418  14.823  23.664 0.0000000000
114125  43.128  22.106  39.060 0.0000000000
115032  43.179  23.117  39.600 0.0000000000
113313  43.782  21.564  38.894 0.0000000000
113322  44.613  20.654  39.012 0.0000000000
112516  44.520  20.212  38.979 0.0000000000
110793  40.706  17.423  39.064 0.0000000000
109864  40.967  17.012  39.213 0.0000000000
108941  42.700  16.065  33.725 0.0000000000
108940  43.139  16.505  34.181 0.0000000000
109910  43.681  17.289  34.732 0.0000000000
108948  43.344  16.418  33.110 0.0000000000
109917  43.570  17.133  32.750 0.0000000000
115960  41.897  24.603  36.560 0.0000000000
116798  41.646  25.214  37.515 0.0000000000
115961  41.154  24.788  36.258 0.0000000000
116812  40.376  25.152  36.613 0.0000000000
115973  40.739  24.584  35.614 0.0000000000
115987  40.628  24.023  34.722 0.0000000000
115986  41.449  24.140  34.859 0.0000000000
115154  43.225  23.519  29.469 0.0000000000
115195  43.721  24.281  27.051 0.0000000000
116072  43.540  24.410  26.507 0.0000000000
115208  43.936  24.759  26.168 0.0000000000
115874  46.976  24.850  42.444 0.0000000000
116717  47.307  25.289  43.214 0.0000000000
115893  47.629  24.341  41.617 0.0000000000
114147  50.191  23.192  34.847 0.0000000000
115054  50.142  23.697  35.493 0.0000000000
115963  50.419  24.567  35.708 0.0000000000
115061  50.593  23.789  34.640 0.0000000000
112607  48.384  20.859  27.096 0.0000000000
113412  48.379  21.205  28.028 0.0000000000
113411  48.856  21.262  27.424 0.0000000000
115203  50.603  23.285  26.591 0.0000000000
115188  51.757  23.360  27.735 0.0000000000
115189  50.716  23.388  27.566 0.0000000000
115190  49.513  23.151  27.273 0.0000000000
114282  49.323  23.108  26.755 0.0000000000
112652  44.140  20.727  23.316 0.0000000000
113450  44.750  21.413  23.151 0.0000000000
111824  43.316  19.973  23.313 0.0000000000
112653  43.028  20.568  23.209 0.0000000000
116011  37.620  24.585  32.268 0.0000000000
116012  36.978  24.729  31.893 0.0000000000
116022  38.490  24.550  31.138 0.0000000000
115861  40.192  24.439  44.527 0.0000000000
114970  39.847  23.982  43.935 0.0000000000
115022  40.120  23.254  41.040 0.0000000000
115002  40.676  23.558  41.568 0.0000000000
114109  40.532  22.903  40.207 0.0000000000
114108  41.392  23.163  39.975 0.0000000000
114127  41.071  22.425  39.469 0.0000000000
116748  44.213  25.681  40.060 0.0000000000
116749  43.418  25.762  39.959 0.0000000000
115957  44.780  24.789  36.481 0.0000000000
115947  44.070  24.777  37.020 0.0000000000
115958  43.831  24.608  36.345 0.0000000000
115959  42.907  24.596  36.376 0.0000000000
115970  43.560  24.236  35.542 0.0000000000
115066  43.782  23.686  34.649 0.0000000000
115078  44.400  23.335  33.903 0.0000000000
114169  45.768  23.060  33.190 0.0000000000
114186  45.081  22.745  32.671 0.0000000000
114203  45.615  22.500  31.535 0.0000000000
114221  44.883  22.580  30.655 0.0000000000
113308  48.162  21.978  39.132 0.0000000000
113330  47.896  21.402  37.767 0.0000000000
113340  47.835  21.205  34.857 0.0000000000
114150  48.378  21.793  36.188 0.0000000000
113335  48.445  21.723  35.343 0.0000000000
114156  49.059  22.282  34.889 0.0000000000
111804  51.326  19.072  23.755 0.0000000000
112636  50.561  20.453  24.490 0.0000000000
112635  51.250  19.761  23.848 0.0000000000
112647  50.143  20.338  22.816 0.0000000000
114302  50.503  22.123  24.411 0.0000000000
114312  49.963  22.004  23.792 0.0000000000
114313  48.987  22.120  23.758 0.0000000000
111821  47.134  19.528  23.403 0.0000000000
111822  46.119  19.821  23.939 0.0000000000
110944  45.789  19.066  24.132 0.0000000000
110929  45.622  18.415  24.402 0.0000000000
109053  45.234  15.879  24.855 0.0000000000
109054  44.608  16.293  25.472 0.0000000000
113293  36.687  21.236  42.090 0.0000000000
112490  37.067  20.861  41.209 0.0000000000
111673  37.534  19.302  39.005 0.0000000000
110811  38.284  18.377  38.802 0.0000000000
110810  38.712  18.329  38.631 0.0000000000
109867  38.531  17.349  38.758 0.0000000000
116745  47.194  26.013  40.070 0.0000000000
116760  47.104  25.584  39.411 0.0000000000
116792  47.844  25.513  37.508 0.0000000000
112581  45.982  20.292  31.151 0.0000000000
111743  45.523  19.718  30.519 0.0000000000
111767  45.979  19.300  27.886 0.0000000000
111766  46.700  19.553  27.439 0.0000000000
112609  46.904  20.139  27.932 0.0000000000
111779  46.952  19.309  26.690 0.0000000000
109051  47.481  16.584  24.920 0.0000000000
109998  48.508  17.116  24.107 0.0000000000
109984  47.654  17.516  24.854 0.0000000000
110927  48.666  17.952  24.463 0.0000000000
110911  48.060  18.723  25.043 0.0000000000
110926  49.525  18.394  24.245 0.0000000000
109996  50.199  17.579  23.697 0.0000000000
108035  48.948  15.782  23.015 0.0000000000
109078  49.918  16.367  22.844 0.0000000000
109079  48.869  16.420  22.742 0.0000000000
108037  47.534  15.620  22.536 0.0000000000
108027  46.934  15.207  22.673 0.0000000000
116691  43.830  25.967  44.951 0.0000000000
116707  44.590  25.398  43.850 0.0000000000
116719  45.244  25.248  42.991 0.0000000000
115859  41.642  24.405  43.304 0.0000000000
115858  42.533  24.860  43.317 0.0000000000
115878  42.587  24.531  42.500 0.0000000000
115030  44.797  22.957  39.902 0.0000000000
114998  44.171  23.857  40.749 0.0000000000
115017  44.793  23.461  40.325 0.0000000000
115913  45.024  24.152  40.743 0.0000000000
114106  45.608  22.947  40.026 0.0000000000
114105  46.528  22.853  40.199 0.0000000000
114122  46.158  22.240  39.661 0.0000000000
111676  46.345  19.311  38.584 0.0000000000
112515  46.812  20.070  38.892 0.0000000000
112529  46.619  20.048  36.987 0.0000000000
111690  46.068  19.494  36.447 0.0000000000
112499  38.060  20.971  39.836 0.0000000000
113318  38.855  21.320  39.479 0.0000000000
112520  41.082  19.972  38.651 0.0000000000
112519  42.026  20.048  38.530 0.0000000000
111680  42.772  19.196  38.405 0.0000000000
107869  42.525  15.458  37.454 0.0000000000
107857  42.770  15.843  38.280 0.0000000000
107868  43.175  16.015  37.836 0.0000000000
108919  44.026  16.896  37.008 0.0000000000
109891  43.626  16.997  37.905 0.0000000000
109890  44.290  17.351  37.736 0.0000000000
109876  44.242  17.884  38.361 0.0000000000
109889  44.805  17.884  38.231 0.0000000000
110818  44.723  17.612  37.259 0.0000000000
110827  44.607  18.404  34.668 0.0000000000
110824  44.702  18.084  35.697 0.0000000000
110826  45.069  18.702  34.796 0.0000000000
111697  45.522  18.992  34.675 0.0000000000
111709  44.926  18.833  33.970 0.0000000000
111723  44.699  19.106  32.976 0.0000000000
110840  44.175  18.495  32.281 0.0000000000
109937  43.688  17.294  30.983 0.0000000000
109936  44.119  17.371  30.270 0.0000000000
109945  44.385  17.409  29.360 0.0000000000
108990  44.040  16.879  29.774 0.0000000000
107939  44.042  14.821  31.155 0.0000000000
106834  44.479  14.676  29.712 0.0000000000
106845  45.084  14.417  28.935 0.0000000000
114071  35.548  22.411  43.661 0.0000000000
113270  34.329  21.651  43.301 0.0000000000
113269  35.100  21.736  43.667 0.0000000000
112471  34.799  21.012  43.262 0.0000000000
112483  34.533  20.205  42.811 0.0000000000
118284  40.630  27.533  38.764 0.0000000000
118983  40.921  28.059  39.043 0.0000000000
118989  40.661  28.550  38.455 0.0000000000
119752  41.198  29.278  38.220 0.0000000000
119759  40.763  29.367  37.497 0.0000000000
116813  39.406  25.530  36.587 0.0000000000
116815  38.131  25.644  35.864 0.0000000000
116823  37.763  25.418  35.287 0.0000000000
116822  38.605  25.077  35.306 0.0000000000
115083  40.305  23.599  33.290 0.0000000000
115997  39.456  23.843  33.345 0.0000000000
115103  40.074  23.719  32.414 0.0000000000
115123  39.975  24.118  31.727 0.0000000000
116020  40.278  24.320  31.089 0.0000000000
115100  42.690  23.298  32.607 0.0000000000
115120  42.643  23.186  31.637 0.0000000000
115176  42.227  24.309  28.577 0.0000000000
115155  42.101  24.071  29.360 0.0000000000
116042  41.880  24.310  28.737 0.0000000000
116043  41.257  24.424  29.121 0.0000000000
116074  41.473  24.842  27.106 0.0000000000
116085  40.758  24.658  26.564 0.0000000000
115209  43.558  23.723  26.277 0.0000000000
117443  46.606  26.875  46.495 0.0000000000
116703  49.279  25.344  43.912 0.0000000000
116687  48.829  26.041  45.014 0.0000000000
116686  49.902  25.788  44.512 0.0000000000
117482  49.590  26.431  44.700 0.0000000000
116701  50.649  25.831  43.875 0.0000000000
115043  48.649  23.500  38.999 0.0000000000
115926  48.682  24.095  39.915 0.0000000000
115936  49.190  24.199  39.329 0.0000000000
115943  50.498  25.004  37.944 0.0000000000
115935  50.376  24.736  39.166 0.0000000000
116756  50.809  25.676  40.014 0.0000000000
116757  50.572  26.061  39.651 0.0000000000
116743  50.115  26.212  40.328 0.0000000000
116771  50.259  25.910  38.760 0.0000000000
115964  50.057  25.248  35.496 0.0000000000
115953  49.511  25.440  36.882 0.0000000000
116805  49.567  25.361  36.302 0.0000000000
115965  49.111  25.168  35.262 0.0000000000
112580  46.777  20.706  30.769 0.0000000000
112559  47.271  20.807  32.329 0.0000000000
112579  47.218  20.996  30.951 0.0000000000
113371  48.798  21.446  31.541 0.0000000000
113370  49.944  21.727  31.259 0.0000000000
113359  49.463  22.066  32.147 0.0000000000
113419  50.737  21.953  26.119 0.0000000000
113410  49.934  21.684  27.167 0.0000000000
113401  50.859  22.309  27.778 0.0000000000
114233  52.090  22.982  29.263 0.0000000000
114234  51.600  22.674  29.531 0.0000000000
114215  51.857  22.982  30.299 0.0000000000
114198  51.759  22.947  31.335 0.0000000000
115091  51.416  23.691  32.951 0.0000000000
115113  51.326  23.328  32.095 0.0000000000
115134  49.928  23.344  30.569 0.0000000000
115115  50.002  23.493  31.635 0.0000000000
115094  49.063  23.586  32.359 0.0000000000
116006  49.160  24.058  32.950 0.0000000000
115116  48.916  23.291  31.408 0.0000000000
115095  47.773  23.346  32.432 0.0000000000
115136  48.178  22.970  30.433 0.0000000000
115171  47.689  23.063  28.201 0.0000000000
114238  47.352  22.637  29.581 0.0000000000
115172  46.704  23.153  28.109 0.0000000000
114257  46.017  22.708  28.789 0.0000000000
115193  46.399  22.963  27.075 0.0000000000
114314  47.845  22.184  23.795 0.0000000000
114305  47.246  22.575  24.423 0.0000000000
114317  45.022  22.615  23.536 0.0000000000
114306  46.218  23.034  24.267 0.0000000000
115226  45.385  23.054  24.285 0.0000000000
115220  44.804  23.351  25.135 0.0000000000
116088  44.351  23.592  25.417 0.0000000000
112640  41.809  20.217  23.481 0.0000000000
112639  42.439  20.578  23.879 0.0000000000
109055  43.560  17.072  25.838 0.0000000000
116837  36.381  25.274  32.236 0.0000000000
116830  37.180  24.989  33.436 0.0000000000
114984  39.875  23.534  42.943 0.0000000000
114080  39.276  22.941  42.530 0.0000000000
114091  39.429  22.814  41.496 0.0000000000
114110  39.674  22.673  40.499 0.0000000000
116775  45.811  25.369  38.389 0.0000000000
116776  44.774  25.424  38.337 0.0000000000
116809  45.315  25.107  36.805 0.0000000000
115968  45.554  24.286  35.320 0.0000000000
115056  45.430  23.978  35.032 0.0000000000
115065  44.758  23.567  34.586 0.0000000000
115064  45.652  23.837  34.609 0.0000000000
114168  46.485  23.096  33.201 0.0000000000
114185  46.462  22.844  32.373 0.0000000000
112525  47.253  20.659  37.403 0.0000000000
113332  47.612  21.350  36.722 0.0000000000
113351  47.890  21.166  33.859 0.0000000000
110952  50.816  18.525  22.567 0.0000000000
112660  51.385  19.884  22.820 0.0000000000
111832  50.266  19.495  22.421 0.0000000000
111818  49.983  19.917  22.511 0.0000000000
111819  49.470  19.760  22.639 0.0000000000
112648  48.764  20.493  23.114 0.0000000000
110943  46.584  18.566  23.580 0.0000000000
110000  45.366  17.581  24.515 0.0000000000
110012  45.924  17.078  24.000 0.0000000000
108012  45.285  15.769  24.462 0.0000000000
112501  36.778  20.045  40.727 0.0000000000
111665  36.388  19.247  40.187 0.0000000000
117512  45.864  26.702  42.600 0.0000000000
117525  46.783  26.404  41.599 0.0000000000
117546  47.730  26.227  40.491 0.0000000000
117560  48.071  26.226  40.042 0.0000000000
110874  44.786  18.306  29.171 0.0000000000
110873  45.356  18.917  28.959 0.0000000000
110884  45.196  18.282  28.569 0.0000000000
110883  45.572  18.611  28.153 0.0000000000
109960  46.164  18.078  27.184 0.0000000000
108019  47.743  16.149  24.711 0.0000000000
109060  49.046  16.264  23.615 0.0000000000
109070  49.769  16.619  23.630 0.0000000000
110009  50.126  16.843  23.634 0.0000000000
108034  49.498  15.687  23.447 0.0000000000
106903  48.951  15.023  23.329 0.0000000000
116708  43.343  25.289  43.491 0.0000000000
115915  41.972  24.186  40.988 0.0000000000
115000  42.949  24.121  41.195 0.0000000000
115031  44.260  22.969  39.844 0.0000000000
114123  45.077  22.433  39.538 0.0000000000
113311  45.799  21.396  39.469 0.0000000000
113312  44.741  21.255  39.198 0.0000000000
111671  45.313  19.834  39.101 0.0000000000
111677  45.628  19.138  38.884 0.0000000000
112522  39.144  19.885  38.440 0.0000000000
111683  39.828  19.030  38.422 0.0000000000
111682  40.815  19.010  38.571 0.0000000000
110807  41.535  18.055  38.864 0.0000000000
107884  42.576  15.500  35.287 0.0000000000
107877  43.069  16.032  36.971 0.0000000000
107883  43.025  16.080  35.965 0.0000000000
108925  44.047  16.921  36.286 0.0000000000
109903  44.339  17.423  35.981 0.0000000000
109904  43.918  17.276  35.442 0.0000000000
109914  44.088  17.791  34.332 0.0000000000
110830  43.684  17.678  33.115 0.0000000000
109925  43.540  17.205  31.854 0.0000000000
108971  43.585  16.509  31.188 0.0000000000
106820  44.343  14.354  30.542 0.0000000000
105710  45.373  13.910  29.663 0.0000000000
116779  41.856  25.633  38.484 0.0000000000
117562  41.608  26.495  39.330 0.0000000000
116780  41.077  25.709  38.242 0.0000000000
117566  40.548  26.546  38.356 0.0000000000
117572  39.895  26.550  37.724 0.0000000000
116800  39.835  25.759  37.242 0.0000000000
116821  39.297  25.000  35.746 0.0000000000
115975  39.318  24.618  34.972 0.0000000000
115974  39.937  24.459  35.264 0.0000000000
115070  40.626  23.730  33.949 0.0000000000
115082  41.149  23.629  33.244 0.0000000000
115138  43.453  22.986  30.734 0.0000000000
115175  42.925  24.300  28.271 0.0000000000
116057  42.641  24.562  27.704 0.0000000000
116083  41.847  24.507  26.634 0.0000000000
116073  42.649  24.572  27.102 0.0000000000
116082  43.171  24.146  26.628 0.0000000000
116689  46.353  25.814  44.643 0.0000000000
117484  46.770  25.928  45.231 0.0000000000
116705  46.887  25.577  43.903 0.0000000000
116704  48.103  25.391  43.958 0.0000000000
115872  49.303  25.337  43.014 0.0000000000
115048  49.483  23.482  37.632 0.0000000000
115042  49.431  23.965  38.517 0.0000000000
115047  50.045  24.213  37.244 0.0000000000
115944  50.240  25.446  37.476 0.0000000000
115951  50.134  24.782  36.890 0.0000000000
115978  50.589  24.425  34.414 0.0000000000
112589  47.241  20.719  29.146 0.0000000000
113394  47.733  21.172  29.649 0.0000000000
113404  48.151  21.225  28.644 0.0000000000
113393  48.864  21.578  29.431 0.0000000000
113392  49.903  21.741  29.149 0.0000000000
114291  51.544  22.965  26.288 0.0000000000
114269  51.702  22.704  27.343 0.0000000000
114280  51.816  23.001  27.043 0.0000000000
115167  51.955  23.314  28.814 0.0000000000
115149  51.638  23.137  29.975 0.0000000000
115150  50.933  23.448  29.708 0.0000000000
115151  49.759  23.265  29.531 0.0000000000
114235  49.233  23.121  29.550 0.0000000000
114217  48.329  22.893  30.055 0.0000000000
114254  48.774  22.762  28.998 0.0000000000
115170  48.653  23.051  28.233 0.0000000000
113460  45.713  21.966  22.748 0.0000000000
114323  46.020  22.301  23.070 0.0000000000
114325  44.870  22.299  23.037 0.0000000000
114318  44.722  22.200  23.188 0.0000000000
113437  44.328  21.783  24.323 0.0000000000
113452  42.848  20.749  23.372 0.0000000000
112654  42.126  20.562  23.004 0.0000000000
118242  48.795  26.868  44.175 0.0000000000
116045  39.258  24.410  28.990 0.0000000000
115860  40.761  24.335  44.074 0.0000000000
114968  41.210  23.889  42.666 0.0000000000
114983  40.605  23.629  42.411 0.0000000000
114982  41.217  23.818  41.951 0.0000000000
115916  41.664  23.947  41.093 0.0000000000
114126  42.145  22.610  39.282 0.0000000000
114136  42.568  21.754  38.760 0.0000000000
108914  41.461  16.034  38.558 0.0000000000
106731  42.046  15.134  37.227 0.0000000000
106740  42.092  15.012  36.678 0.0000000000
107892  42.544  15.715  34.208 0.0000000000
107904  42.857  15.563  33.289 0.0000000000
107903  43.130  15.917  33.071 0.0000000000
117551  42.686  26.336  40.144 0.0000000000
116764  42.990  25.588  39.344 0.0000000000
116795  44.566  25.096  37.340 0.0000000000
116777  43.779  25.311  38.412 0.0000000000
116778  42.837  25.451  38.435 0.0000000000
116797  42.600  25.214  37.684 0.0000000000
115971  42.554  24.439  35.642 0.0000000000
115068  42.097  23.789  34.195 0.0000000000
115067  42.888  23.634  34.409 0.0000000000
115079  43.573  23.378  33.783 0.0000000000
115099  43.436  23.245  32.945 0.0000000000
115097  44.834  23.099  33.372 0.0000000000
114187  44.004  22.751  32.434 0.0000000000
114205  43.637  22.697  31.628 0.0000000000
115137  44.168  22.687  30.500 0.0000000000
114258  45.035  22.706  28.794 0.0000000000
115015  46.958  23.370  40.716 0.0000000000
115912  47.788  24.055  40.934 0.0000000000
114103  48.077  22.942  40.122 0.0000000000
114119  48.244  22.771  39.408 0.0000000000
114134  48.444  22.635  38.619 0.0000000000
114144  48.044  21.906  36.938 0.0000000000
114139  48.652  22.442  37.654 0.0000000000
114138  49.408  22.760  37.039 0.0000000000
114142  49.405  22.871  36.289 0.0000000000
114148  49.640  22.909  35.413 0.0000000000
114155  49.795  22.685  34.492 0.0000000000
112626  49.020  20.385  25.534 0.0000000000
113421  49.285  21.316  26.721 0.0000000000
112625  49.685  20.670  25.220 0.0000000000
113427  50.613  21.504  25.365 0.0000000000
113445  51.114  20.672  23.673 0.0000000000
113436  50.822  21.288  24.368 0.0000000000
114292  50.924  22.493  25.522 0.0000000000
115216  50.543  23.197  25.786 0.0000000000
115217  49.778  23.205  25.649 0.0000000000
115205  49.410  23.233  25.843 0.0000000000
113449  47.340  21.831  23.410 0.0000000000
112663  47.823  20.993  22.950 0.0000000000
112664  47.031  21.096  22.947 0.0000000000
112665  46.114  21.384  23.125 0.0000000000
111793  44.270  18.921  24.806 0.0000000000
109986  44.156  17.859  25.369 0.0000000000
109063  44.833  17.168  24.894 0.0000000000
113291  38.141  21.944  41.341 0.0000000000
113292  37.401  21.588  41.744 0.0000000000
113301  37.690  21.323  40.756 0.0000000000
112512  37.670  20.220  39.292 0.0000000000
112523  38.246  19.687  38.668 0.0000000000
111684  38.904  19.027  38.481 0.0000000000
109880  39.772  17.658  38.632 0.0000000000
109865  40.301  17.146  38.963 0.0000000000
117549  44.392  26.163  40.788 0.0000000000
116747  45.209  25.594  40.144 0.0000000000
116746  46.253  25.662  40.170 0.0000000000
116761  46.041  25.460  39.322 0.0000000000
116793  46.655  25.315  37.485 0.0000000000
115954  47.397  25.080  35.955 0.0000000000
112561  45.780  20.250  33.129 0.0000000000
112560  46.510  20.545  32.737 0.0000000000
112572  45.931  20.189  32.132 0.0000000000
112590  46.701  20.589  29.618 0.0000000000
111751  45.757  19.797  29.499 0.0000000000
111750  46.291  20.054  28.876 0.0000000000
112600  46.935  20.438  28.569 0.0000000000
112608  47.743  20.597  27.608 0.0000000000
112617  47.870  20.133  26.795 0.0000000000
109045  45.695  16.825  26.796 0.0000000000
109973  46.254  17.622  26.530 0.0000000000
109985  46.973  17.814  25.683 0.0000000000
110902  46.915  18.679  26.090 0.0000000000
110901  47.518  19.012  25.612 0.0000000000
111792  48.018  19.431  25.547 0.0000000000
111791  48.818  19.795  25.138 0.0000000000
111806  49.823  19.649  24.551 0.0000000000
110925  50.450  18.513  23.947 0.0000000000
110940  51.250  18.080  23.218 0.0000000000
110007  51.040  17.238  23.072 0.0000000000
110016  51.088  18.095  22.755 0.0000000000
110018  49.525  17.247  22.487 0.0000000000
110019  48.418  17.241  22.510 0.0000000000
109071  47.266  16.670  22.747 0.0000000000
109072  46.792  16.212  22.610 0.0000000000
117486  44.962  26.295  45.414 0.0000000000
116706  45.761  25.607  43.812 0.0000000000
115894  46.493  24.481  41.622 0.0000000000
116693  41.694  25.246  44.889 0.0000000000
116709  42.557  25.190  43.773 0.0000000000
115897  43.211  24.354  41.674 0.0000000000
115877  43.629  24.776  42.533 0.0000000000
115876  44.787  24.741  42.277 0.0000000000
115895  45.517  24.414  41.392 0.0000000000
114996  46.762  24.026  41.078 0.0000000000
114121  47.015  22.187  39.817 0.0000000000
112506  47.249  20.792  39.244 0.0000000000
112507  46.418  20.601  39.373 0.0000000000
112514  47.423  20.584  38.411 0.0000000000
112532  46.625  20.104  35.879 0.0000000000
111696  46.191  19.558  34.256 0.0000000000
114111  38.847  22.388  40.885 0.0000000000
113299  39.210  22.089  39.923 0.0000000000
112510  39.464  20.679  38.895 0.0000000000
113327  40.389  20.832  38.691 0.0000000000
113316  40.682  21.709  38.958 0.0000000000
113325  42.288  20.979  38.535 0.0000000000
108913  42.118  16.357  38.623 0.0000000000
109878  42.368  17.269  38.673 0.0000000000
108911  43.326  16.589  38.065 0.0000000000
110806  42.588  18.224  38.645 0.0000000000
110805  43.544  18.387  38.481 0.0000000000
111679  43.720  19.312  38.484 0.0000000000
112517  43.859  20.155  38.809 0.0000000000
111678  44.692  19.429  38.835 0.0000000000
110803  45.102  18.477  38.480 0.0000000000
110816  45.783  18.601  37.810 0.0000000000
110821  44.757  17.843  36.655 0.0000000000
110820  45.221  18.387  36.350 0.0000000000
111691  45.610  18.859  36.936 0.0000000000
111694  45.639  18.960  35.841 0.0000000000
111707  46.082  19.778  33.767 0.0000000000
111722  45.345  19.665  32.536 0.0000000000
111744  44.817  19.155  30.843 0.0000000000
110852  44.200  18.576  31.247 0.0000000000
110864  44.520  18.228  30.234 0.0000000000
107995  44.667  16.348  28.209 0.0000000000
107920  43.273  15.563  32.503 0.0000000000
107940  43.671  15.586  31.399 0.0000000000
107960  43.663  15.930  30.470 0.0000000000
107977  43.682  16.153  29.979 0.0000000000
107987  44.600  15.906  28.723 0.0000000000
113267  36.715  22.252  43.533 0.0000000000
113281  36.297  21.611  42.936 0.0000000000
113282  35.540  21.330  43.094 0.0000000000
112481  36.070  20.804  42.464 0.0000000000
111637  35.906  19.888  42.112 0.0000000000
111654  34.857  18.922  41.839 0.0000000000
118996  39.545  28.910  36.498 0.0000000000
118292  39.392  27.435  37.463 0.0000000000
118993  39.205  27.923  36.963 0.0000000000
118997  38.760  28.307  36.233 0.0000000000
116824  37.160  25.538  34.994 0.0000000000
116827  37.540  24.948  34.363 0.0000000000
115989  38.889  24.427  34.288 0.0000000000
115998  38.706  24.257  33.279 0.0000000000
116010  38.579  24.396  32.274 0.0000000000
116021  39.481  24.398  31.268 0.0000000000
116044  40.242  24.480  29.025 0.0000000000
115081  41.963  23.551  33.357 0.0000000000
115121  41.648  23.546  31.492 0.0000000000
115122  40.722  23.907  31.469 0.0000000000
115141  40.789  24.252  30.680 0.0000000000
116076  40.518  24.373  26.976 0.0000000000
116674  48.209  26.300  45.422 0.0000000000
117461  49.235  27.033  45.716 0.0000000000
117499  49.562  26.590  43.930 0.0000000000
115911  48.547  24.252  40.820 0.0000000000
115892  48.930  24.771  41.991 0.0000000000
115891  49.978  25.357  42.191 0.0000000000
115924  50.555  25.244  40.577 0.0000000000
115909  50.842  25.411  41.705 0.0000000000
116730  51.319  25.817  42.392 0.0000000000
117522  50.369  26.460  42.093 0.0000000000
117523  49.221  26.392  41.852 0.0000000000
116758  49.460  26.064  39.693 0.0000000000
116790  50.159  26.082  37.842 0.0000000000
116791  49.139  25.644  37.612 0.0000000000
116818  48.378  25.325  35.903 0.0000000000
115966  47.788  24.948  35.495 0.0000000000
112546  47.221  20.753  33.305 0.0000000000
113361  47.866  21.284  32.885 0.0000000000
113383  47.714  21.279  30.876 0.0000000000
113350  48.567  21.650  33.436 0.0000000000
113349  49.363  22.009  33.074 0.0000000000
114166  49.945  22.610  33.605 0.0000000000
114165  50.831  22.673  33.356 0.0000000000
113402  49.914  21.755  28.145 0.0000000000
113380  50.687  22.273  29.811 0.0000000000
114252  51.971  22.675  28.456 0.0000000000
113369  50.616  22.125  30.673 0.0000000000
114199  50.993  22.482  31.521 0.0000000000
114182  50.960  22.613  32.525 0.0000000000
114153  51.187  23.049  33.722 0.0000000000
115072  51.336  23.562  33.616 0.0000000000
115992  51.212  24.144  33.613 0.0000000000
115993  50.826  24.494  33.420 0.0000000000
115114  50.900  23.533  31.880 0.0000000000
115074  50.638  24.402  33.068 0.0000000000
115994  49.774  24.415  33.495 0.0000000000
115995  48.545  24.198  33.515 0.0000000000
115996  47.824  23.877  33.197 0.0000000000
115096  47.203  22.953  31.652 0.0000000000
114202  46.692  22.603  31.221 0.0000000000
114218  47.713  22.776  30.268 0.0000000000
114219  46.920  22.537  30.343 0.0000000000
115194  45.049  23.593  27.035 0.0000000000
114283  48.962  23.070  26.313 0.0000000000
114284  48.086  22.567  26.104 0.0000000000
114285  46.959  22.540  26.015 0.0000000000
114296  46.622  23.031  25.128 0.0000000000
115206  45.870  23.365  26.005 0.0000000000
116080  44.236  24.043  25.461 0.0000000000
115222  43.982  23.728  25.507 0.0000000000
114298  44.305  22.968  25.667 0.0000000000
113429  44.240  21.949  24.787 0.0000000000
113430  43.981  21.797  25.223 0.0000000000
108020  45.410  15.643  23.938 0.0000000000
107856  43.100  16.185  38.205 0.0000000000
107870  42.027  15.207  37.519 0.0000000000
108013  44.885  15.239  24.516 0.0000000000
108018  48.297  15.698  24.482 0.0000000000
108900  41.382  16.610  38.775 0.0000000000
108920  43.554  16.654  37.453 0.0000000000
108932  44.004  17.047  35.796 0.0000000000
109010  43.887  16.384  29.754 0.0000000000
109022  44.554  16.790  28.623 0.0000000000
109034  44.855  16.922  27.875 0.0000000000
109059  49.729  15.991  23.617 0.0000000000
109069  50.012  16.375  23.366 0.0000000000
109077  50.647  16.694  22.960 0.0000000000
109081  47.263  16.085  22.394 0.0000000000
109875  44.684  18.159  38.379 0.0000000000
109881  39.103  17.766  38.584 0.0000000000
109882  38.691  17.881  38.679 0.0000000000
109999  46.216  17.874  24.169 0.0000000000
110006  51.250  17.951  22.923 0.0000000000
110008  50.595  16.991  23.332 0.0000000000
110020  47.510  17.209  22.767 0.0000000000
110021  47.024  17.318  22.941 0.0000000000
110792  41.052  17.548  39.132 0.0000000000
110794  38.415  18.050  38.804 0.0000000000
110795  37.838  18.258  39.073 0.0000000000
110802  45.841  18.640  38.264 0.0000000000
110809  39.465  18.302  38.526 0.0000000000
110853  43.772  17.937  31.603 0.0000000000
110893  46.016  18.652  27.476 0.0000000000
110910  48.811  18.819  24.641 0.0000000000
110913  44.048  18.754  25.083 0.0000000000
110923  51.378  18.686  23.402 0.0000000000
110924  51.115  18.521  23.697 0.0000000000
110939  51.522  18.613  23.082 0.0000000000
110951  51.327  18.621  22.816 0.0000000000
111670  46.057  19.832  39.141 0.0000000000
111688  45.706  18.677  37.538 0.0000000000
111698  45.038  18.734  34.518 0.0000000000
111765  47.407  19.798  26.985 0.0000000000
111777  48.283  19.859  25.816 0.0000000000
111790  49.379  20.091  24.885 0.0000000000
111794  43.868  19.066  24.681 0.0000000000
111805  50.920  19.270  24.220 0.0000000000
111808  44.375  19.173  24.453 0.0000000000
111830  51.594  19.318  22.938 0.0000000000
111831  51.133  19.339  22.639 0.0000000000
111834  48.599  18.612  22.417 0.0000000000
112509  44.935  20.380  39.118 0.0000000000
112548  45.941  19.992  33.551 0.0000000000
112570  47.257  20.914  31.432 0.0000000000
112615  49.420  20.895  25.873 0.0000000000
112624  50.353  20.918  24.962 0.0000000000
112638  43.217  20.853  24.720 0.0000000000
112645  51.496  20.025  23.353 0.0000000000
112646  50.979  20.337  23.157 0.0000000000
112651  45.378  20.818  23.408 0.0000000000
112655  41.790  20.337  23.111 0.0000000000
112662  50.460  19.965  22.561 0.0000000000
113309  47.490  21.619  39.417 0.0000000000
113314  43.299  21.642  38.779 0.0000000000
113323  44.172  20.832  38.789 0.0000000000
113329  48.296  21.875  37.850 0.0000000000
113333  47.736  21.428  36.474 0.0000000000
113337  47.772  21.393  36.244 0.0000000000
113384  47.197  21.031  30.705 0.0000000000
113409  50.728  22.218  26.780 0.0000000000
113428  50.085  21.236  25.541 0.0000000000
113438  43.314  21.166  23.908 0.0000000000
113453  42.404  20.677  23.101 0.0000000000
113458  47.387  21.394  23.141 0.0000000000
113461  44.921  21.970  22.920 0.0000000000
113462  44.649  22.052  22.974 0.0000000000
114067  39.062  23.369  43.471 0.0000000000
114093  37.852  22.205  42.359 0.0000000000
114104  47.374  22.813  40.240 0.0000000000
114135  43.050  21.685  38.736 0.0000000000
114140  48.210  21.909  37.563 0.0000000000
114145  47.828  21.577  36.651 0.0000000000
114149  48.965  22.305  35.793 0.0000000000
114151  47.926  21.572  36.401 0.0000000000
114164  51.352  23.038  33.098 0.0000000000
114188  43.286  22.966  32.263 0.0000000000
114189  42.897  23.027  32.089 0.0000000000
114200  50.272  22.373  32.008 0.0000000000
114222  44.091  22.513  31.010 0.0000000000
114236  48.806  22.970  29.649 0.0000000000
114237  48.137  22.756  29.570 0.0000000000
114253  49.252  23.036  29.243 0.0000000000
114256  47.018  22.770  28.836 0.0000000000
114268  52.288  23.058  27.931 0.0000000000
114270  49.305  23.034  27.002 0.0000000000
114271  48.997  22.892  26.979 0.0000000000
114273  47.422  22.577  26.743 0.0000000000
114293  50.187  22.771  25.177 0.0000000000
114294  49.092  22.895  25.416 0.0000000000
114308  44.765  22.486  23.984 0.0000000000
114315  46.706  22.423  23.590 0.0000000000
114324  45.328  22.369  23.054 0.0000000000
114326  44.874  22.107  22.845 0.0000000000
114997  46.181  24.141  41.192 0.0000000000
114999  43.508  23.951  41.022 0.0000000000
115001  41.316  23.745  41.264 0.0000000000
115014  47.756  23.548  40.550 0.0000000000
115019  42.710  23.814  40.633 0.0000000000
115020  41.730  23.686  40.654 0.0000000000
115029  48.402  23.430  39.733 0.0000000000
115055  49.772  23.458  36.056 0.0000000000
115057  45.067  23.843  35.140 0.0000000000
115060  51.098  23.438  34.101 0.0000000000
115073  50.920  24.450  33.074 0.0000000000
115075  47.064  23.427  33.581 0.0000000000
115076  46.121  23.476  33.737 0.0000000000
115077  45.257  23.312  33.823 0.0000000000
115117  47.859  23.092  31.045 0.0000000000
115118  47.262  22.828  31.193 0.0000000000
115119  43.211  22.949  31.448 0.0000000000
115152  49.148  23.145  29.778 0.0000000000
115156  41.472  24.227  29.761 0.0000000000
115191  48.433  22.920  27.552 0.0000000000
115199  40.753  24.299  26.488 0.0000000000
115202  51.418  23.180  26.832 0.0000000000
115212  40.870  24.639  26.341 0.0000000000
115218  49.452  23.137  25.630 0.0000000000
115221  44.607  23.127  25.006 0.0000000000
115227  45.022  22.831  24.151 0.0000000000
115228  44.851  22.892  24.364 0.0000000000
115231  45.192  22.780  23.829 0.0000000000
115232  44.978  22.675  23.802 0.0000000000
115847  42.145  24.883  43.895 0.0000000000
115855  48.814  25.219  43.380 0.0000000000
115856  48.591  25.209  43.569 0.0000000000
115870  50.592  25.620  42.907 0.0000000000
115871  50.203  25.550  42.892 0.0000000000
115890  50.753  25.536  42.570 0.0000000000
115898  42.402  24.229  41.518 0.0000000000
115899  41.733  23.994  41.517 0.0000000000
115910  49.850  24.857  41.238 0.0000000000
115914  44.556  24.004  40.738 0.0000000000
115937  48.668  23.855  39.468 0.0000000000
115945  49.919  25.623  37.270 0.0000000000
115946  44.461  24.896  36.946 0.0000000000
115969  44.516  24.270  35.670 0.0000000000
115982  46.256  24.152  34.753 0.0000000000
115985  42.278  24.173  34.921 0.0000000000
115990  38.195  24.488  34.031 0.0000000000
116004  51.196  24.255  33.166 0.0000000000
116005  51.059  24.413  33.103 0.0000000000
116008  47.963  23.770  32.795 0.0000000000
116031  41.058  24.264  30.049 0.0000000000
116075  40.697  24.798  27.074 0.0000000000
116084  41.032  24.921  26.452 0.0000000000
116089  43.995  23.995  25.370 0.0000000000
116090  43.677  24.155  25.798 0.0000000000
116673  48.704  26.263  45.562 0.0000000000
116684  50.572  25.818  44.070 0.0000000000
116685  50.383  25.826  44.234 0.0000000000
116702  50.174  25.612  43.928 0.0000000000
116714  50.694  25.740  43.258 0.0000000000
116716  49.468  25.393  43.473 0.0000000000
116721  43.693  25.148  42.954 0.0000000000
116742  50.905  26.148  40.584 0.0000000000
116744  47.649  26.141  40.045 0.0000000000
116759  48.111  25.944  39.684 0.0000000000
116789  50.579  25.733  38.121 0.0000000000
116794  45.558  25.280  37.498 0.0000000000
116796  43.519  25.061  37.686 0.0000000000
116811  41.113  25.042  36.920 0.0000000000
116817  49.197  25.299  35.922 0.0000000000
116819  47.875  25.306  35.881 0.0000000000
117463  47.215  26.309  45.841 0.0000000000
117480  50.664  26.010  44.180 0.0000000000
117481  50.407  26.098  44.316 0.0000000000
117485  46.045  26.026  45.363 0.0000000000
117497  50.781  26.070  43.864 0.0000000000
117507  51.065  26.182  43.183 0.0000000000
117508  50.480  26.425  43.057 0.0000000000
117509  49.468  26.551  42.871 0.0000000000
117521  51.257  26.325  42.236 0.0000000000
117543  51.033  26.329  41.427 0.0000000000
117559  48.457  26.162  40.109 0.0000000000
117565  41.191  26.237  38.698 0.0000000000
117587  37.256  26.050  35.504 0.0000000000
118313  36.551  26.636  34.918 0.0000000000
119758  41.732  29.810  37.621 0.0000000000
119765  39.493  29.170  35.968 0.0000000000
