#!ascii label  , from subject 3300 vox2ras=TkReg
593
82703  18.781  -6.578  -3.174 0.0000000000
90046  28.190  -0.332  -6.873 0.0000000000
100585  27.953  8.540  -7.595 0.0000000000
97237  22.286  5.537  -7.980 0.0000000000
76226  22.287  -11.506  -2.512 0.0000000000
78936  25.234  -8.597  -3.761 0.0000000000
86457  22.638  -3.460  -4.585 0.0000000000
91379  20.385  0.842  -7.035 0.0000000000
97215  28.411  4.367  -6.821 0.0000000000
98403  28.228  6.500  -14.699 0.0000000000
106143  26.939  13.478  -10.078 0.0000000000
80213  21.103  -8.858  -2.574 0.0000000000
77547  24.216  -10.456  -3.342 0.0000000000
81455  22.269  -7.703  -3.563 0.0000000000
90009  17.729  -0.254  -4.328 0.0000000000
94949  17.535  3.024  -4.627 0.0000000000
99449  24.605  7.198  -7.099 0.0000000000
97218  25.428  5.345  -6.283 0.0000000000
98319  27.903  6.264  -7.077 0.0000000000
97276  28.349  5.426  -11.461 0.0000000000
100621  28.712  8.313  -11.415 0.0000000000
107309  24.240  14.733  -9.488 0.0000000000
105041  24.697  12.631  -9.462 0.0000000000
107330  24.888  15.050  -11.216 0.0000000000
88811  25.575  -1.508  -4.984 0.0000000000
85240  26.499  -4.591  -6.004 0.0000000000
87651  28.427  -2.644  -6.854 0.0000000000
101650  25.120  8.940  -7.829 0.0000000000
92709  29.833  1.092  -9.638 0.0000000000
85209  18.192  -4.211  -3.451 0.0000000000
83990  20.674  -5.547  -4.860 0.0000000000
86476  18.925  -3.071  -5.069 0.0000000000
88814  21.224  -1.662  -6.436 0.0000000000
91337  23.884  0.520  -5.017 0.0000000000
93857  19.930  2.705  -7.275 0.0000000000
93831  23.813  2.583  -6.222 0.0000000000
93805  28.246  2.298  -6.207 0.0000000000
95046  28.744  3.038  -10.905 0.0000000000
102792  24.901  10.602  -8.673 0.0000000000
102789  27.860  11.406  -8.700 0.0000000000
109354  26.195  16.523  -12.044 0.0000000000
106165  28.584  13.741  -11.988 0.0000000000
102819  28.966  10.565  -11.520 0.0000000000
101737  27.677  9.404  -14.384 0.0000000000
82718  24.801  -6.500  -4.005 0.0000000000
83956  18.120  -5.577  -1.940 0.0000000000
81441  18.732  -7.154  -2.503 0.0000000000
80234  19.730  -7.906  -3.189 0.0000000000
80232  21.614  -8.326  -3.219 0.0000000000
81456  21.127  -7.440  -3.996 0.0000000000
99465  25.986  7.633  -7.160 0.0000000000
99447  26.113  6.970  -6.485 0.0000000000
99463  28.544  7.265  -7.690 0.0000000000
99478  29.272  6.912  -8.936 0.0000000000
100598  28.823  8.437  -8.591 0.0000000000
108399  23.734  15.415  -10.020 0.0000000000
107323  24.289  14.627  -10.191 0.0000000000
109343  23.873  16.318  -10.840 0.0000000000
88809  27.404  -1.111  -5.807 0.0000000000
87653  27.149  -2.373  -6.288 0.0000000000
88852  28.102  -1.425  -7.139 0.0000000000
100589  23.852  8.559  -8.096 0.0000000000
101669  23.483  9.259  -8.717 0.0000000000
77527  20.188  -11.048  -1.734 0.0000000000
74916  21.202  -12.548  -1.436 0.0000000000
73644  22.772  -12.788  -2.158 0.0000000000
74942  23.623  -11.998  -2.425 0.0000000000
78915  24.607  -9.256  -3.719 0.0000000000
77522  25.434  -9.951  -2.620 0.0000000000
86460  18.833  -3.701  -4.457 0.0000000000
87596  17.820  -2.515  -3.473 0.0000000000
91361  19.391  0.101  -6.238 0.0000000000
88837  20.231  -1.219  -6.124 0.0000000000
90050  20.670  -0.225  -6.968 0.0000000000
90030  22.570  -0.353  -5.972 0.0000000000
91357  22.575  0.648  -6.224 0.0000000000
95001  19.974  3.891  -7.173 0.0000000000
96121  21.440  4.617  -7.661 0.0000000000
97217  26.532  5.294  -5.677 0.0000000000
94982  23.617  3.582  -6.397 0.0000000000
96087  26.991  3.943  -5.551 0.0000000000
94962  26.919  3.102  -5.324 0.0000000000
96102  28.414  3.583  -6.778 0.0000000000
93891  28.248  2.303  -9.405 0.0000000000
95030  28.488  3.331  -9.485 0.0000000000
98376  28.459  6.436  -12.732 0.0000000000
96199  28.723  4.598  -13.193 0.0000000000
106145  25.394  13.219  -10.063 0.0000000000
105028  25.295  12.193  -9.105 0.0000000000
105026  26.624  12.420  -9.294 0.0000000000
102790  26.908  10.763  -8.311 0.0000000000
105037  27.734  12.782  -9.776 0.0000000000
105057  28.726  12.722  -12.162 0.0000000000
105066  28.096  11.893  -13.735 0.0000000000
102836  28.119  10.558  -13.441 0.0000000000
85227  21.428  -4.341  -4.952 0.0000000000
83988  22.765  -5.264  -4.156 0.0000000000
85225  23.267  -4.358  -4.289 0.0000000000
85259  27.632  -4.373  -6.978 0.0000000000
82752  26.492  -6.016  -6.372 0.0000000000
78898  19.932  -10.187  -2.145 0.0000000000
77525  21.472  -10.526  -2.437 0.0000000000
77549  22.723  -10.922  -3.268 0.0000000000
78895  22.301  -9.371  -2.721 0.0000000000
80231  22.710  -8.813  -3.102 0.0000000000
80229  24.525  -8.488  -3.667 0.0000000000
89984  16.136  0.427  -3.305 0.0000000000
91321  17.192  1.321  -4.055 0.0000000000
92636  18.718  1.786  -6.083 0.0000000000
97236  23.261  5.811  -7.656 0.0000000000
97221  22.630  5.190  -7.461 0.0000000000
98302  25.298  6.310  -6.436 0.0000000000
98301  26.220  6.179  -6.188 0.0000000000
97234  28.250  5.608  -7.202 0.0000000000
97255  29.077  4.723  -9.935 0.0000000000
98344  28.906  6.066  -9.864 0.0000000000
98363  28.254  6.354  -11.722 0.0000000000
99514  27.951  7.327  -13.057 0.0000000000
106134  23.841  13.574  -8.524 0.0000000000
106147  24.112  13.841  -9.314 0.0000000000
106158  24.777  13.896  -10.227 0.0000000000
107321  25.499  14.798  -10.894 0.0000000000
87613  24.259  -2.715  -4.443 0.0000000000
86455  24.867  -3.666  -4.630 0.0000000000
86472  26.098  -3.107  -5.087 0.0000000000
86487  27.101  -3.632  -6.754 0.0000000000
98322  22.069  6.513  -8.312 0.0000000000
98321  23.105  6.681  -8.067 0.0000000000
100587  25.653  8.295  -7.462 0.0000000000
100574  26.273  9.182  -7.317 0.0000000000
76224  24.085  -11.572  -2.879 0.0000000000
90090  28.799  0.082  -9.142 0.0000000000
90074  29.048  -0.775  -8.905 0.0000000000
83970  18.271  -5.374  -2.953 0.0000000000
82723  19.863  -6.228  -4.167 0.0000000000
85208  19.090  -4.841  -3.564 0.0000000000
85243  20.380  -4.191  -4.908 0.0000000000
87636  20.975  -3.300  -5.708 0.0000000000
88791  19.031  -1.756  -4.982 0.0000000000
88790  20.778  -2.599  -6.021 0.0000000000
87615  22.009  -2.575  -4.896 0.0000000000
90004  23.321  -1.267  -4.914 0.0000000000
90028  24.395  -0.406  -4.610 0.0000000000
91334  27.079  0.441  -5.423 0.0000000000
93836  18.931  2.614  -6.378 0.0000000000
92680  20.309  1.549  -7.060 0.0000000000
94998  22.133  3.699  -7.535 0.0000000000
93854  22.158  3.133  -7.076 0.0000000000
92658  22.124  1.622  -6.561 0.0000000000
92656  24.011  1.739  -5.804 0.0000000000
92629  26.672  1.297  -5.291 0.0000000000
92654  28.057  1.114  -6.558 0.0000000000
92696  28.783  1.232  -8.581 0.0000000000
92721  29.329  1.455  -10.471 0.0000000000
95062  28.628  3.790  -11.099 0.0000000000
102782  25.327  9.957  -8.332 0.0000000000
101666  26.493  9.825  -7.585 0.0000000000
101678  28.058  9.962  -8.315 0.0000000000
108419  25.520  15.573  -11.360 0.0000000000
107328  26.758  14.947  -11.026 0.0000000000
108417  27.611  15.606  -11.858 0.0000000000
107319  27.763  14.136  -10.965 0.0000000000
105050  28.616  13.017  -11.110 0.0000000000
102809  29.076  10.727  -10.471 0.0000000000
101693  28.817  9.641  -9.572 0.0000000000
101716  28.486  9.504  -11.948 0.0000000000
100629  27.694  8.620  -13.038 0.0000000000
100651  27.536  8.426  -14.843 0.0000000000
82721  21.256  -6.492  -4.516 0.0000000000
82698  23.957  -6.958  -3.498 0.0000000000
81475  25.122  -7.396  -4.117 0.0000000000
83985  25.617  -5.323  -4.920 0.0000000000
82738  25.654  -6.358  -5.814 0.0000000000
82684  18.483  -6.318  -2.252 0.0000000000
81459  18.945  -7.192  -3.007 0.0000000000
81440  19.290  -7.628  -2.691 0.0000000000
81458  19.309  -7.256  -3.395 0.0000000000
81457  20.111  -7.255  -3.844 0.0000000000
90047  27.767  -0.681  -6.413 0.0000000000
88832  27.689  -1.627  -6.620 0.0000000000
90064  27.974  -0.978  -7.138 0.0000000000
76227  21.337  -11.298  -2.177 0.0000000000
76228  20.756  -11.379  -1.804 0.0000000000
76201  21.703  -11.738  -2.091 0.0000000000
74915  21.951  -12.246  -1.811 0.0000000000
74944  22.531  -12.329  -2.107 0.0000000000
74943  23.137  -12.374  -2.232 0.0000000000
78937  25.087  -8.868  -3.832 0.0000000000
78914  25.453  -9.069  -3.445 0.0000000000
80228  25.720  -8.341  -3.471 0.0000000000
91360  19.993  0.563  -6.739 0.0000000000
90066  20.940  0.294  -7.321 0.0000000000
90048  21.993  -0.178  -6.600 0.0000000000
91358  21.748  0.620  -6.723 0.0000000000
96123  20.033  4.386  -6.953 0.0000000000
97196  27.107  4.651  -5.559 0.0000000000
96104  26.364  4.258  -5.652 0.0000000000
97195  27.541  4.327  -5.809 0.0000000000
96086  27.581  3.638  -5.810 0.0000000000
96103  28.013  4.108  -6.248 0.0000000000
96119  28.571  3.842  -7.625 0.0000000000
96132  28.725  4.101  -8.603 0.0000000000
98389  28.517  6.522  -13.708 0.0000000000
97301  28.848  5.655  -13.390 0.0000000000
106144  26.259  13.351  -10.054 0.0000000000
105039  26.152  12.751  -9.622 0.0000000000
105038  27.128  12.727  -9.545 0.0000000000
105045  27.444  13.122  -10.081 0.0000000000
105065  28.543  12.456  -13.441 0.0000000000
105074  27.834  12.304  -14.446 0.0000000000
103933  27.937  11.325  -13.993 0.0000000000
86458  21.748  -3.529  -4.936 0.0000000000
85226  22.211  -4.368  -4.571 0.0000000000
85239  28.147  -4.405  -6.224 0.0000000000
84025  27.598  -4.946  -6.107 0.0000000000
80214  19.815  -8.706  -2.203 0.0000000000
80200  19.158  -9.124  -1.652 0.0000000000
78897  20.797  -9.732  -2.272 0.0000000000
78896  21.672  -9.581  -2.459 0.0000000000
80230  23.918  -8.611  -3.401 0.0000000000
81454  23.391  -7.751  -3.325 0.0000000000
96075  16.265  3.084  -3.612 0.0000000000
146249  16.750  1.541  -3.722 0.0000000000
146251  17.293  1.742  -4.110 0.0000000000
92612  18.235  1.445  -5.136 0.0000000000
92637  18.303  2.060  -5.554 0.0000000000
98320  24.042  6.536  -7.597 0.0000000000
97235  23.973  5.867  -7.271 0.0000000000
98303  24.591  6.427  -6.947 0.0000000000
99446  26.712  6.727  -6.366 0.0000000000
98300  27.164  6.273  -6.181 0.0000000000
98318  28.632  5.991  -8.007 0.0000000000
100609  29.273  8.102  -10.059 0.0000000000
99490  28.942  6.880  -10.108 0.0000000000
99498  28.841  7.156  -11.068 0.0000000000
99504  28.494  7.302  -12.120 0.0000000000
107301  24.057  14.674  -8.651 0.0000000000
108410  24.143  15.264  -10.640 0.0000000000
107322  24.691  14.603  -10.837 0.0000000000
106157  25.478  13.992  -10.387 0.0000000000
88785  24.823  -1.918  -4.668 0.0000000000
87612  25.348  -2.900  -4.636 0.0000000000
87635  25.918  -2.303  -4.960 0.0000000000
87652  27.822  -2.698  -6.718 0.0000000000
86486  27.893  -3.569  -7.397 0.0000000000
98323  21.380  6.823  -7.693 0.0000000000
98333  22.608  7.228  -8.399 0.0000000000
100588  24.849  8.487  -7.743 0.0000000000
100575  25.884  8.878  -7.309 0.0000000000
77548  23.418  -10.582  -3.372 0.0000000000
76250  23.827  -11.080  -3.344 0.0000000000
77506  25.153  -10.600  -1.975 0.0000000000
91401  29.246  0.478  -9.405 0.0000000000
83971  17.621  -4.593  -2.961 0.0000000000
86459  19.264  -3.909  -4.681 0.0000000000
86475  19.614  -3.668  -5.068 0.0000000000
86474  20.598  -3.673  -5.315 0.0000000000
87637  20.411  -2.948  -5.659 0.0000000000
88793  17.495  -0.701  -3.887 0.0000000000
88792  18.291  -1.115  -4.480 0.0000000000
88815  20.426  -2.006  -6.088 0.0000000000
88789  21.144  -2.442  -6.174 0.0000000000
88788  21.621  -1.985  -5.685 0.0000000000
88787  22.556  -1.500  -5.091 0.0000000000
91336  25.029  0.529  -4.640 0.0000000000
90027  25.609  -0.610  -5.056 0.0000000000
91335  26.100  0.425  -5.251 0.0000000000
94984  19.448  3.274  -6.716 0.0000000000
94985  18.880  3.537  -6.015 0.0000000000
93835  19.336  2.447  -6.759 0.0000000000
93856  20.875  2.606  -7.563 0.0000000000
97220  23.298  5.309  -7.014 0.0000000000
96108  22.621  4.521  -7.132 0.0000000000
96107  23.417  4.568  -6.558 0.0000000000
94981  24.617  3.495  -5.830 0.0000000000
93832  22.761  2.684  -6.629 0.0000000000
93833  21.869  2.491  -6.880 0.0000000000
92657  23.035  1.763  -6.068 0.0000000000
93830  24.568  2.474  -5.764 0.0000000000
94961  27.847  2.826  -5.774 0.0000000000
93808  26.271  2.200  -5.178 0.0000000000
93806  28.008  2.060  -5.871 0.0000000000
92628  27.649  1.168  -5.713 0.0000000000
93829  28.028  1.557  -6.136 0.0000000000
92676  28.997  1.172  -7.728 0.0000000000
93853  29.049  1.960  -7.395 0.0000000000
93907  28.154  2.659  -10.250 0.0000000000
92722  28.243  1.788  -10.183 0.0000000000
93906  28.774  2.195  -10.819 0.0000000000
92738  29.592  1.924  -11.383 0.0000000000
93918  29.251  2.621  -11.446 0.0000000000
97266  28.736  5.276  -10.578 0.0000000000
96152  28.734  4.427  -10.489 0.0000000000
96168  28.560  4.553  -11.295 0.0000000000
105029  24.285  12.450  -9.077 0.0000000000
103896  25.123  11.596  -8.810 0.0000000000
101680  24.282  10.256  -8.683 0.0000000000
102791  25.861  10.895  -8.418 0.0000000000
101679  27.303  10.056  -7.809 0.0000000000
102800  28.526  11.054  -9.349 0.0000000000
110312  25.145  17.162  -11.937 0.0000000000
109355  25.619  16.505  -11.851 0.0000000000
108407  26.225  15.282  -11.113 0.0000000000
108418  26.645  15.899  -11.539 0.0000000000
107332  28.409  14.544  -12.636 0.0000000000
108416  27.997  15.301  -12.414 0.0000000000
107326  28.166  14.615  -11.760 0.0000000000
107318  28.004  14.213  -11.218 0.0000000000
106161  28.346  13.863  -11.373 0.0000000000
106154  28.124  13.724  -10.861 0.0000000000
103924  28.678  11.602  -12.332 0.0000000000
103916  28.946  11.827  -11.245 0.0000000000
102808  29.397  10.184  -11.015 0.0000000000
101707  29.056  9.504  -10.858 0.0000000000
101715  29.136  9.874  -11.383 0.0000000000
102837  27.751  10.448  -14.256 0.0000000000
101727  27.853  9.191  -13.409 0.0000000000
100637  27.735  8.448  -13.798 0.0000000000
82722  20.275  -6.514  -4.279 0.0000000000
83987  23.990  -5.311  -4.063 0.0000000000
82719  23.442  -6.188  -3.871 0.0000000000
82697  24.474  -7.002  -3.548 0.0000000000
85222  26.188  -4.262  -5.318 0.0000000000
85223  25.604  -4.627  -4.874 0.0000000000
85241  26.139  -4.773  -5.447 0.0000000000
82736  26.867  -6.180  -5.958 0.0000000000
82754  25.752  -6.254  -6.512 0.0000000000
81495  26.226  -6.763  -5.725 0.0000000000
81496  25.777  -6.978  -5.421 0.0000000000
80215  18.960  -7.841  -2.088 0.0000000000
80233  20.552  -8.132  -3.236 0.0000000000
99448  25.189  7.232  -6.545 0.0000000000
99464  27.194  7.298  -6.954 0.0000000000
108391  23.947  15.587  -9.115 0.0000000000
108409  24.460  15.618  -11.182 0.0000000000
88810  26.611  -1.638  -5.441 0.0000000000
88833  27.212  -1.712  -6.066 0.0000000000
88831  28.283  -1.889  -6.987 0.0000000000
100590  23.097  8.534  -8.711 0.0000000000
101668  24.720  9.445  -8.347 0.0000000000
77507  19.559  -10.685  -1.331 0.0000000000
77494  19.427  -10.785  -0.924 0.0000000000
76229  20.379  -11.524  -1.561 0.0000000000
76203  20.642  -11.956  -1.488 0.0000000000
73617  23.039  -13.432  -1.833 0.0000000000
73589  23.955  -13.240  -1.461 0.0000000000
74913  23.956  -12.415  -2.001 0.0000000000
78916  23.624  -9.639  -3.323 0.0000000000
77546  24.955  -9.978  -3.298 0.0000000000
85210  17.504  -4.122  -3.062 0.0000000000
86437  18.273  -3.253  -3.685 0.0000000000
87619  18.661  -2.460  -4.502 0.0000000000
90008  18.467  -0.080  -4.910 0.0000000000
88817  18.975  -0.904  -5.102 0.0000000000
90032  19.196  -0.353  -5.689 0.0000000000
90051  19.956  -0.532  -6.315 0.0000000000
88835  21.279  -0.833  -6.800 0.0000000000
88813  22.022  -1.093  -6.305 0.0000000000
88834  21.649  -0.560  -6.751 0.0000000000
91338  23.142  0.229  -5.645 0.0000000000
95000  20.667  3.681  -7.615 0.0000000000
96106  24.474  4.496  -6.262 0.0000000000
96105  25.545  4.399  -6.021 0.0000000000
94980  25.643  3.646  -5.640 0.0000000000
94964  25.142  2.988  -5.490 0.0000000000
94979  26.354  3.598  -5.547 0.0000000000
94977  28.382  2.692  -6.516 0.0000000000
93874  29.031  2.079  -8.493 0.0000000000
94997  28.565  2.880  -7.567 0.0000000000
95015  28.572  3.093  -8.536 0.0000000000
97291  28.632  5.518  -12.413 0.0000000000
96182  28.587  4.614  -12.154 0.0000000000
96214  28.987  5.013  -14.046 0.0000000000
105040  25.353  12.640  -9.606 0.0000000000
105027  26.106  12.288  -9.143 0.0000000000
103895  26.075  11.677  -8.648 0.0000000000
103894  27.027  11.940  -8.946 0.0000000000
103903  27.541  12.227  -9.186 0.0000000000
103902  28.112  12.263  -9.339 0.0000000000
106171  28.639  13.595  -12.991 0.0000000000
103932  28.293  11.408  -13.226 0.0000000000
102827  28.454  10.568  -12.555 0.0000000000
84008  21.079  -4.915  -5.217 0.0000000000
83989  21.654  -5.333  -4.727 0.0000000000
85278  27.153  -4.417  -6.955 0.0000000000
84006  26.328  -5.106  -5.999 0.0000000000
84026  27.047  -5.229  -6.244 0.0000000000
84005  27.247  -5.609  -5.609 0.0000000000
78881  19.327  -9.764  -1.710 0.0000000000
77526  20.762  -10.670  -2.043 0.0000000000
76252  22.903  -11.336  -2.907 0.0000000000
77524  22.159  -10.326  -2.857 0.0000000000
78917  22.810  -9.972  -3.161 0.0000000000
80212  22.015  -8.911  -2.606 0.0000000000
80211  22.375  -8.982  -2.683 0.0000000000
80252  24.799  -8.173  -4.025 0.0000000000
89983  17.048  0.088  -3.826 0.0000000000
91304  16.804  0.789  -3.793 0.0000000000
91320  17.590  0.660  -4.390 0.0000000000
91319  18.409  0.712  -4.914 0.0000000000
91340  18.907  0.724  -5.651 0.0000000000
92635  19.146  1.273  -6.148 0.0000000000
97219  24.325  5.502  -6.627 0.0000000000
97216  27.844  5.169  -6.273 0.0000000000
97233  28.478  4.903  -7.595 0.0000000000
97246  28.883  5.090  -8.758 0.0000000000
97256  29.124  5.201  -9.731 0.0000000000
98353  28.428  6.210  -10.748 0.0000000000
99528  28.122  7.216  -14.031 0.0000000000
106133  24.286  13.133  -9.220 0.0000000000
106159  24.428  14.056  -9.803 0.0000000000
106146  24.542  13.182  -9.896 0.0000000000
106156  26.386  14.158  -10.407 0.0000000000
87614  23.126  -2.590  -4.680 0.0000000000
86456  23.734  -3.519  -4.463 0.0000000000
86454  25.894  -3.758  -4.948 0.0000000000
86471  26.427  -3.744  -5.574 0.0000000000
87634  26.589  -2.815  -5.689 0.0000000000
86501  27.271  -4.309  -7.035 0.0000000000
86500  27.691  -4.302  -7.155 0.0000000000
97238  21.324  5.718  -7.788 0.0000000000
99468  23.264  7.725  -8.339 0.0000000000
99467  24.103  7.608  -7.674 0.0000000000
99466  24.933  8.055  -6.832 0.0000000000
100586  26.645  8.570  -7.398 0.0000000000
101665  27.369  9.406  -7.655 0.0000000000
76225  23.244  -11.656  -2.655 0.0000000000
77523  24.801  -10.735  -2.716 0.0000000000
91376  28.417  0.265  -8.021 0.0000000000
90063  28.254  -0.420  -7.628 0.0000000000
90075  28.625  -0.514  -8.564 0.0000000000
83969  19.120  -5.774  -3.501 0.0000000000
82702  19.625  -6.517  -3.856 0.0000000000
83991  19.773  -5.583  -4.202 0.0000000000
85228  20.208  -4.758  -4.619 0.0000000000
85230  18.838  -4.301  -4.018 0.0000000000
85229  19.434  -4.369  -4.429 0.0000000000
84009  20.701  -4.759  -4.991 0.0000000000
85242  20.908  -4.260  -5.109 0.0000000000
86473  21.187  -3.676  -5.305 0.0000000000
88772  17.759  -1.532  -3.623 0.0000000000
87618  18.994  -2.265  -4.993 0.0000000000
88816  19.678  -1.223  -5.628 0.0000000000
87638  19.321  -2.501  -5.359 0.0000000000
87617  20.999  -2.901  -5.954 0.0000000000
87616  21.457  -2.975  -5.674 0.0000000000
88786  23.670  -1.864  -4.767 0.0000000000
88812  22.637  -0.948  -5.762 0.0000000000
90003  24.044  -1.210  -4.842 0.0000000000
90002  24.876  -1.132  -4.812 0.0000000000
90026  26.783  -0.467  -5.352 0.0000000000
90025  27.506  -0.210  -5.736 0.0000000000
96074  17.235  3.822  -4.345 0.0000000000
93812  18.506  2.599  -5.765 0.0000000000
92661  19.002  2.100  -6.592 0.0000000000
92660  19.412  1.642  -6.709 0.0000000000
96120  22.123  4.488  -7.769 0.0000000000
94999  21.500  3.620  -7.866 0.0000000000
94983  22.725  3.707  -6.850 0.0000000000
93855  21.649  2.952  -7.512 0.0000000000
93834  21.266  2.415  -6.968 0.0000000000
92659  21.482  1.918  -6.706 0.0000000000
92678  21.475  1.276  -6.766 0.0000000000
91356  23.375  1.036  -5.630 0.0000000000
92631  24.611  1.360  -5.303 0.0000000000
93809  25.247  2.179  -5.446 0.0000000000
92630  25.638  1.337  -5.209 0.0000000000
91333  27.578  0.415  -5.733 0.0000000000
91354  28.338  0.402  -7.160 0.0000000000
91353  28.674  0.799  -7.627 0.0000000000
91391  28.681  0.923  -8.440 0.0000000000
92710  28.725  1.244  -9.392 0.0000000000
95047  28.534  3.596  -10.321 0.0000000000
95076  28.426  3.814  -11.930 0.0000000000
95061  28.924  3.249  -11.653 0.0000000000
103897  24.090  11.654  -9.048 0.0000000000
101667  25.619  9.711  -7.813 0.0000000000
102780  26.283  10.448  -8.064 0.0000000000
101648  25.945  9.392  -7.401 0.0000000000
109342  24.148  16.269  -11.482 0.0000000000
109356  24.511  16.474  -11.913 0.0000000000
108420  24.879  15.522  -11.388 0.0000000000
108408  25.879  15.129  -10.996 0.0000000000
107320  26.270  14.852  -10.749 0.0000000000
106163  26.793  14.497  -10.671 0.0000000000
108428  27.170  16.210  -12.098 0.0000000000
107327  27.465  14.748  -11.189 0.0000000000
106162  27.108  14.519  -10.855 0.0000000000
106155  27.344  13.892  -10.620 0.0000000000
105044  28.092  12.974  -10.262 0.0000000000
103908  28.873  12.100  -10.149 0.0000000000
101726  28.283  9.757  -13.011 0.0000000000
101717  28.047  9.075  -12.756 0.0000000000
100628  28.229  8.300  -12.531 0.0000000000
100636  27.554  8.058  -13.102 0.0000000000
99515  27.790  7.756  -13.638 0.0000000000
99529  27.725  7.735  -14.351 0.0000000000
101746  27.196  9.267  -15.492 0.0000000000
100662  27.180  8.357  -15.770 0.0000000000
99541  27.521  7.547  -15.157 0.0000000000
98404  27.848  6.962  -15.121 0.0000000000
82701  19.990  -6.781  -4.024 0.0000000000
81476  20.792  -6.919  -4.325 0.0000000000
82700  21.976  -7.023  -4.132 0.0000000000
82720  22.296  -6.207  -4.156 0.0000000000
82699  22.893  -6.997  -3.817 0.0000000000
81453  24.461  -7.624  -3.564 0.0000000000
85224  24.418  -4.443  -4.470 0.0000000000
83986  25.060  -5.344  -4.440 0.0000000000
84007  25.940  -5.356  -5.730 0.0000000000
82717  25.539  -5.937  -4.894 0.0000000000
82739  25.428  -6.537  -4.909 0.0000000000
81497  25.322  -6.979  -4.921 0.0000000000
81474  25.533  -7.490  -4.481 0.0000000000
80251  25.505  -8.040  -3.810 0.0000000000
88851  28.392  -1.255  -7.688 0.0000000000
88850  29.025  -1.565  -7.833 0.0000000000
73616  23.650  -13.032  -1.875 0.0000000000
73645  22.422  -12.838  -1.952 0.0000000000
74914  23.484  -12.857  -2.065 0.0000000000
76202  21.255  -11.866  -1.824 0.0000000000
76251  23.374  -11.259  -3.159 0.0000000000
78913  26.009  -8.718  -3.023 0.0000000000
81472  26.517  -6.948  -5.372 0.0000000000
81477  20.561  -7.069  -4.176 0.0000000000
81494  26.621  -6.639  -5.680 0.0000000000
81514  26.470  -6.436  -6.076 0.0000000000
81515  26.192  -6.396  -6.319 0.0000000000
82737  25.903  -6.480  -6.209 0.0000000000
82753  26.052  -6.164  -6.661 0.0000000000
84027  26.533  -5.291  -6.208 0.0000000000
84028  25.740  -5.859  -6.559 0.0000000000
85244  19.932  -4.221  -4.721 0.0000000000
85260  27.152  -4.459  -6.678 0.0000000000
85261  26.934  -4.339  -6.666 0.0000000000
85276  27.741  -4.333  -7.315 0.0000000000
85277  27.382  -4.362  -7.110 0.0000000000
86453  26.217  -3.929  -5.248 0.0000000000
86499  27.989  -4.067  -7.624 0.0000000000
87639  18.934  -2.731  -5.057 0.0000000000
87667  28.673  -1.905  -7.359 0.0000000000
88836  20.631  -1.116  -6.526 0.0000000000
88869  28.776  -1.140  -8.217 0.0000000000
90029  23.292  -0.625  -5.231 0.0000000000
90031  19.612  -0.605  -5.914 0.0000000000
90049  21.394  -0.063  -7.209 0.0000000000
90052  19.510  -0.365  -6.083 0.0000000000
90065  21.187  0.250  -7.291 0.0000000000
91303  17.132  0.496  -3.972 0.0000000000
91339  19.388  0.862  -6.282 0.0000000000
91355  28.013  0.246  -6.217 0.0000000000
91359  20.557  0.449  -7.044 0.0000000000
91375  28.706  0.794  -8.141 0.0000000000
91377  21.193  0.658  -7.105 0.0000000000
91378  20.722  0.889  -7.122 0.0000000000
91392  28.615  0.565  -8.723 0.0000000000
91402  28.788  0.581  -9.179 0.0000000000
92632  23.946  1.172  -5.420 0.0000000000
92652  28.871  1.028  -7.485 0.0000000000
92653  28.764  1.207  -7.184 0.0000000000
92655  24.635  1.910  -5.684 0.0000000000
92677  29.028  1.487  -7.487 0.0000000000
92679  20.968  1.642  -6.895 0.0000000000
92695  28.901  1.123  -8.202 0.0000000000
92708  30.307  0.923  -9.759 0.0000000000
93807  27.271  2.130  -5.384 0.0000000000
93813  17.849  2.457  -5.094 0.0000000000
93828  28.389  1.855  -6.514 0.0000000000
93852  29.160  1.556  -7.687 0.0000000000
93873  29.223  1.514  -8.049 0.0000000000
94960  28.166  2.498  -6.035 0.0000000000
94963  25.910  2.980  -5.386 0.0000000000
94978  28.134  3.407  -6.152 0.0000000000
96140  28.943  4.534  -9.845 0.0000000000
96141  28.834  4.380  -9.689 0.0000000000
96151  28.928  4.571  -10.092 0.0000000000
97265  29.044  4.838  -10.209 0.0000000000
98332  28.790  5.868  -9.060 0.0000000000
98413  27.916  7.216  -15.404 0.0000000000
99540  27.810  7.147  -14.697 0.0000000000
100576  25.367  8.736  -7.517 0.0000000000
101649  25.439  9.189  -7.635 0.0000000000
101706  29.337  9.892  -11.120 0.0000000000
101736  27.909  9.870  -13.670 0.0000000000
102781  25.766  10.266  -8.082 0.0000000000
102818  29.287  10.108  -11.273 0.0000000000
103893  27.691  11.946  -9.039 0.0000000000
105073  28.393  12.756  -14.233 0.0000000000
107329  25.157  15.166  -11.274 0.0000000000
146245  16.045  2.010  -3.580 0.0000000000
146250  17.145  1.717  -3.917 0.0000000000
146252  17.148  2.336  -4.068 0.0000000000
146253  17.577  1.650  -4.461 0.0000000000
