#!ascii label  , from subject 3300 vox2ras=TkReg
397
28742  46.162  -49.957  20.263 0.0000000000
19467  44.920  -59.036  24.397 0.0000000000
23375  44.895  -55.269  24.279 0.0000000000
21424  51.631  -56.461  23.202 0.0000000000
16466  48.103  -61.852  27.699 0.0000000000
19439  46.382  -58.263  26.873 0.0000000000
17418  43.339  -60.430  27.938 0.0000000000
18501  48.941  -59.339  22.696 0.0000000000
20543  50.374  -56.952  19.632 0.0000000000
24458  45.689  -53.081  21.661 0.0000000000
21427  48.643  -56.503  23.702 0.0000000000
18437  50.339  -59.197  25.477 0.0000000000
16498  47.559  -61.320  25.510 0.0000000000
14677  46.158  -65.060  27.690 0.0000000000
33279  45.094  -45.313  20.897 0.0000000000
29787  42.731  -48.760  21.596 0.0000000000
26550  41.534  -51.361  22.787 0.0000000000
24469  52.851  -53.979  20.680 0.0000000000
19419  43.212  -58.678  27.253 0.0000000000
19477  46.655  -58.859  23.088 0.0000000000
19526  47.400  -58.226  21.529 0.0000000000
23415  45.321  -54.356  22.881 0.0000000000
22416  46.512  -55.938  23.646 0.0000000000
18407  47.250  -59.756  27.442 0.0000000000
20407  48.522  -58.116  26.206 0.0000000000
17432  49.359  -60.291  26.588 0.0000000000
17445  49.008  -60.871  25.282 0.0000000000
15569  48.663  -62.088  26.710 0.0000000000
14689  45.173  -64.467  27.235 0.0000000000
30908  41.451  -47.463  22.189 0.0000000000
27662  42.686  -50.452  21.672 0.0000000000
29770  40.159  -48.720  22.506 0.0000000000
22436  50.976  -55.552  22.805 0.0000000000
22433  52.784  -55.114  21.819 0.0000000000
21548  49.708  -56.148  18.226 0.0000000000
22498  51.375  -55.829  18.728 0.0000000000
22377  43.688  -55.559  25.480 0.0000000000
21386  45.339  -56.623  25.392 0.0000000000
20410  45.014  -57.522  26.629 0.0000000000
19417  45.368  -58.827  27.441 0.0000000000
17399  45.368  -61.028  28.066 0.0000000000
19522  50.390  -58.635  21.897 0.0000000000
21488  51.432  -56.616  20.829 0.0000000000
19540  49.602  -58.305  20.942 0.0000000000
20545  48.755  -57.443  19.688 0.0000000000
17469  42.791  -60.718  24.625 0.0000000000
26588  45.829  -51.560  20.656 0.0000000000
23411  49.096  -54.973  21.981 0.0000000000
21425  50.895  -56.256  23.415 0.0000000000
20448  47.817  -57.248  24.833 0.0000000000
20446  49.734  -57.449  24.954 0.0000000000
19464  51.140  -58.106  24.290 0.0000000000
18477  49.561  -59.701  23.767 0.0000000000
18455  48.296  -59.998  24.168 0.0000000000
17467  46.268  -60.353  25.074 0.0000000000
14674  47.983  -63.988  28.094 0.0000000000
15572  46.680  -63.353  27.205 0.0000000000
16483  45.589  -62.277  26.601 0.0000000000
17450  44.047  -60.750  25.469 0.0000000000
32168  46.485  -46.453  20.069 0.0000000000
29804  45.482  -48.273  20.514 0.0000000000
30934  43.866  -47.443  21.215 0.0000000000
28744  44.513  -49.430  20.701 0.0000000000
26567  44.380  -51.250  21.081 0.0000000000
25500  43.299  -52.077  21.891 0.0000000000
24413  43.271  -53.407  23.289 0.0000000000
25463  41.592  -52.211  23.599 0.0000000000
23377  43.115  -54.409  24.390 0.0000000000
22470  52.376  -55.623  20.688 0.0000000000
28754  46.469  -49.474  19.834 0.0000000000
28753  47.417  -49.577  19.587 0.0000000000
27683  47.488  -50.289  19.797 0.0000000000
19466  45.581  -59.073  24.066 0.0000000000
19501  45.948  -58.369  22.592 0.0000000000
23391  44.960  -54.690  23.666 0.0000000000
23390  45.895  -54.920  23.305 0.0000000000
22417  45.521  -55.371  23.901 0.0000000000
17414  48.131  -60.692  27.431 0.0000000000
18406  48.197  -59.759  27.208 0.0000000000
16465  49.005  -61.340  27.216 0.0000000000
16478  49.279  -60.974  26.619 0.0000000000
15559  48.675  -62.142  27.130 0.0000000000
12726  43.999  -65.820  25.756 0.0000000000
29769  40.993  -48.478  22.015 0.0000000000
22412  51.574  -55.835  23.063 0.0000000000
23409  51.480  -54.780  22.190 0.0000000000
22410  52.307  -55.789  22.547 0.0000000000
22523  49.764  -55.519  17.927 0.0000000000
21370  44.414  -56.726  26.171 0.0000000000
20411  44.116  -57.409  26.713 0.0000000000
18410  43.905  -59.799  27.800 0.0000000000
19418  44.332  -58.886  27.342 0.0000000000
18409  45.023  -59.933  27.588 0.0000000000
17417  45.272  -60.533  27.773 0.0000000000
18392  45.019  -60.512  27.781 0.0000000000
18523  50.030  -59.033  22.066 0.0000000000
19539  50.148  -58.421  21.170 0.0000000000
19524  49.178  -58.591  21.457 0.0000000000
20525  48.368  -57.753  20.293 0.0000000000
20546  47.840  -57.314  19.778 0.0000000000
21510  48.219  -56.911  19.266 0.0000000000
25519  45.887  -52.227  20.975 0.0000000000
25518  46.525  -52.214  20.820 0.0000000000
24457  46.433  -53.400  21.623 0.0000000000
22437  49.771  -55.720  22.690 0.0000000000
21426  49.780  -56.346  23.447 0.0000000000
20433  45.877  -57.221  25.774 0.0000000000
21385  46.217  -56.823  25.324 0.0000000000
20432  46.727  -57.479  25.741 0.0000000000
19435  50.119  -58.544  26.085 0.0000000000
20430  49.127  -57.794  25.621 0.0000000000
20429  50.214  -57.934  25.764 0.0000000000
20445  50.670  -57.457  24.929 0.0000000000
19465  50.761  -58.638  24.789 0.0000000000
19476  50.807  -58.739  23.790 0.0000000000
18453  50.365  -59.332  24.334 0.0000000000
16497  48.440  -61.300  25.500 0.0000000000
17485  48.789  -60.195  24.253 0.0000000000
17465  47.560  -60.699  24.887 0.0000000000
18457  46.847  -59.880  24.497 0.0000000000
17447  46.727  -60.719  25.381 0.0000000000
10811  43.510  -67.964  27.024 0.0000000000
12691  45.513  -66.397  27.853 0.0000000000
11693  45.424  -66.530  28.181 0.0000000000
12690  45.910  -65.673  28.328 0.0000000000
14675  47.625  -64.371  27.934 0.0000000000
15561  47.790  -63.724  27.550 0.0000000000
14676  46.693  -64.518  27.698 0.0000000000
15574  44.172  -63.050  26.485 0.0000000000
15573  45.313  -63.193  26.969 0.0000000000
16484  44.578  -62.288  26.470 0.0000000000
16501  44.653  -61.432  26.118 0.0000000000
16502  43.557  -61.757  25.663 0.0000000000
34482  46.343  -44.824  20.602 0.0000000000
33309  45.840  -45.503  20.507 0.0000000000
30957  46.047  -47.398  20.044 0.0000000000
32169  45.630  -46.590  20.524 0.0000000000
30935  42.834  -47.488  21.618 0.0000000000
32143  43.462  -46.627  21.495 0.0000000000
29786  43.546  -48.350  21.283 0.0000000000
29785  44.389  -48.118  21.131 0.0000000000
28745  43.970  -49.419  20.796 0.0000000000
28729  44.046  -49.955  20.847 0.0000000000
28730  43.352  -49.472  21.135 0.0000000000
27648  41.921  -50.502  22.067 0.0000000000
26569  42.678  -51.295  21.786 0.0000000000
26548  42.809  -51.871  22.038 0.0000000000
25478  43.268  -52.634  22.556 0.0000000000
25479  42.440  -52.176  22.596 0.0000000000
26516  40.303  -51.524  24.401 0.0000000000
25444  41.643  -52.776  24.182 0.0000000000
25443  42.148  -53.000  24.006 0.0000000000
20522  50.774  -56.946  20.350 0.0000000000
21505  51.841  -56.116  20.400 0.0000000000
21506  51.310  -56.466  19.809 0.0000000000
22497  52.478  -55.370  18.503 0.0000000000
18502  48.007  -59.218  22.970 0.0000000000
19499  48.144  -58.747  22.202 0.0000000000
25476  45.072  -53.182  21.969 0.0000000000
24432  46.684  -54.004  22.051 0.0000000000
23414  46.211  -54.476  22.538 0.0000000000
21428  47.560  -56.537  23.845 0.0000000000
19438  46.953  -58.398  26.779 0.0000000000
20408  47.372  -57.963  26.311 0.0000000000
19414  48.419  -59.122  26.950 0.0000000000
19413  48.832  -59.343  26.691 0.0000000000
18426  49.867  -59.528  26.172 0.0000000000
18454  49.842  -59.824  24.936 0.0000000000
17444  49.499  -60.399  25.739 0.0000000000
16496  49.108  -61.120  25.936 0.0000000000
16480  48.293  -61.827  26.251 0.0000000000
13702  44.965  -65.756  27.370 0.0000000000
13703  44.217  -65.164  26.514 0.0000000000
29768  41.964  -48.176  21.747 0.0000000000
28731  42.676  -49.540  21.635 0.0000000000
28717  41.874  -49.525  21.936 0.0000000000
28718  40.706  -49.547  22.290 0.0000000000
24429  51.812  -54.280  21.850 0.0000000000
24450  52.610  -54.501  21.438 0.0000000000
20565  50.054  -56.889  19.221 0.0000000000
21528  51.068  -56.293  19.235 0.0000000000
22499  50.741  -56.000  18.481 0.0000000000
22522  50.850  -55.512  17.955 0.0000000000
22397  44.375  -55.527  24.821 0.0000000000
22396  45.409  -56.070  24.618 0.0000000000
22376  44.566  -56.197  25.511 0.0000000000
21369  45.170  -57.213  25.957 0.0000000000
20409  46.115  -57.819  26.475 0.0000000000
20390  44.726  -58.062  27.119 0.0000000000
20388  46.115  -58.202  26.934 0.0000000000
18408  46.138  -59.763  27.532 0.0000000000
17415  47.042  -60.908  27.695 0.0000000000
20475  51.412  -57.222  22.643 0.0000000000
21445  51.888  -56.461  22.541 0.0000000000
19521  50.715  -58.121  21.702 0.0000000000
20523  50.180  -57.739  20.547 0.0000000000
19541  48.815  -58.134  20.899 0.0000000000
20524  49.245  -57.837  20.298 0.0000000000
20544  49.659  -57.344  19.631 0.0000000000
21509  49.123  -56.942  19.257 0.0000000000
21531  48.659  -56.449  18.792 0.0000000000
18460  43.826  -59.858  24.766 0.0000000000
27672  46.493  -50.749  20.355 0.0000000000
27671  47.384  -50.878  20.021 0.0000000000
26587  46.926  -51.523  20.500 0.0000000000
21446  50.868  -55.923  23.111 0.0000000000
21405  48.217  -56.894  24.363 0.0000000000
20431  47.888  -57.652  25.515 0.0000000000
20447  48.682  -57.363  24.932 0.0000000000
21404  49.250  -56.826  24.359 0.0000000000
21403  50.307  -56.905  24.237 0.0000000000
21402  51.136  -56.944  24.188 0.0000000000
20459  51.305  -57.393  23.775 0.0000000000
19475  51.191  -58.096  23.274 0.0000000000
18476  50.328  -59.273  23.259 0.0000000000
18500  49.813  -59.354  22.657 0.0000000000
17463  49.226  -60.343  24.649 0.0000000000
17484  49.100  -60.062  24.066 0.0000000000
18478  48.664  -59.755  23.649 0.0000000000
18479  47.819  -59.579  23.678 0.0000000000
18481  46.223  -59.389  24.078 0.0000000000
18439  45.300  -60.014  24.974 0.0000000000
16448  46.363  -61.988  28.411 0.0000000000
10774  44.416  -67.260  27.908 0.0000000000
14654  47.109  -63.795  28.581 0.0000000000
15540  47.893  -62.808  28.255 0.0000000000
15560  48.129  -62.943  27.712 0.0000000000
15571  47.673  -62.836  27.063 0.0000000000
16481  47.611  -62.023  26.345 0.0000000000
14688  45.963  -63.891  27.336 0.0000000000
16482  46.701  -62.194  26.552 0.0000000000
16499  46.709  -61.271  25.967 0.0000000000
16500  45.710  -61.312  26.142 0.0000000000
17449  44.871  -60.717  25.591 0.0000000000
18441  44.351  -60.320  25.278 0.0000000000
17468  43.404  -60.750  25.000 0.0000000000
32185  48.088  -46.384  19.266 0.0000000000
33331  46.980  -46.163  19.672 0.0000000000
32186  47.399  -46.695  19.617 0.0000000000
30978  47.005  -47.569  19.680 0.0000000000
29803  45.972  -48.221  19.741 0.0000000000
29821  45.795  -48.973  19.724 0.0000000000
32116  43.114  -45.959  22.004 0.0000000000
32142  44.392  -46.599  21.099 0.0000000000
30932  45.064  -47.632  21.091 0.0000000000
29805  44.851  -48.650  20.840 0.0000000000
28743  45.366  -49.457  20.390 0.0000000000
27673  45.625  -50.510  20.484 0.0000000000
26566  45.097  -51.569  20.900 0.0000000000
25498  45.150  -52.288  21.383 0.0000000000
25499  43.922  -52.160  21.684 0.0000000000
25477  44.325  -52.868  22.189 0.0000000000
24412  43.956  -53.611  23.093 0.0000000000
23392  44.008  -54.129  23.528 0.0000000000
25462  42.418  -52.810  23.431 0.0000000000
24399  42.883  -53.802  23.805 0.0000000000
23376  44.187  -54.833  24.277 0.0000000000
21467  52.361  -56.091  21.808 0.0000000000
22457  52.735  -55.095  21.266 0.0000000000
23446  53.152  -54.524  20.421 0.0000000000
22481  52.131  -55.747  19.561 0.0000000000
22469  53.016  -55.179  20.129 0.0000000000
10775  44.037  -67.290  27.898 0.0000000000
10791  43.931  -67.695  27.455 0.0000000000
10812  43.155  -68.151  26.520 0.0000000000
11677  45.405  -66.168  28.349 0.0000000000
11678  44.856  -66.729  28.319 0.0000000000
11713  43.566  -67.547  27.294 0.0000000000
12689  46.709  -65.437  28.620 0.0000000000
13661  47.594  -64.304  28.503 0.0000000000
13684  47.633  -64.406  28.300 0.0000000000
13685  47.183  -64.918  28.498 0.0000000000
13686  46.548  -65.328  28.157 0.0000000000
13687  45.853  -65.577  27.765 0.0000000000
14653  47.876  -63.522  28.358 0.0000000000
15562  47.336  -64.071  27.566 0.0000000000
15570  48.351  -62.423  26.853 0.0000000000
16446  47.981  -62.468  28.028 0.0000000000
16464  49.293  -60.929  27.047 0.0000000000
16479  48.904  -61.634  26.520 0.0000000000
16520  48.086  -61.075  24.977 0.0000000000
16521  47.910  -61.219  25.129 0.0000000000
17400  44.246  -60.969  28.022 0.0000000000
17412  49.286  -60.720  26.886 0.0000000000
17413  48.982  -60.463  27.091 0.0000000000
17416  45.862  -60.589  27.773 0.0000000000
17433  49.069  -60.056  26.792 0.0000000000
17446  47.167  -60.766  25.193 0.0000000000
17448  45.777  -60.507  25.380 0.0000000000
17464  48.412  -60.637  24.722 0.0000000000
17466  46.741  -60.368  24.946 0.0000000000
18393  44.653  -60.455  27.835 0.0000000000
18405  48.762  -59.740  26.870 0.0000000000
18425  50.290  -59.036  25.998 0.0000000000
18427  49.177  -59.655  26.604 0.0000000000
18438  49.913  -59.753  25.609 0.0000000000
18440  44.809  -60.132  25.153 0.0000000000
18456  47.663  -59.991  24.328 0.0000000000
18458  45.830  -59.793  24.680 0.0000000000
18459  44.826  -59.628  24.792 0.0000000000
18461  43.138  -60.258  24.659 0.0000000000
18480  46.914  -59.415  23.726 0.0000000000
18483  42.652  -59.827  24.166 0.0000000000
18499  50.274  -59.054  22.430 0.0000000000
18503  47.300  -59.174  23.162 0.0000000000
18522  50.244  -58.928  22.119 0.0000000000
18524  49.460  -58.985  22.054 0.0000000000
19415  47.575  -58.935  27.225 0.0000000000
19416  46.421  -58.721  27.231 0.0000000000
19434  50.402  -58.800  25.866 0.0000000000
19436  49.077  -58.858  26.485 0.0000000000
19437  48.019  -58.466  26.799 0.0000000000
19454  51.168  -58.091  25.094 0.0000000000
19455  50.607  -58.392  25.609 0.0000000000
19456  50.362  -58.257  25.896 0.0000000000
19468  44.358  -59.320  24.477 0.0000000000
19478  45.939  -58.841  23.454 0.0000000000
19496  50.955  -58.087  22.279 0.0000000000
19497  50.680  -58.684  22.808 0.0000000000
19498  48.841  -58.827  21.966 0.0000000000
19523  49.832  -58.748  21.533 0.0000000000
19525  48.403  -58.446  21.468 0.0000000000
19542  47.953  -58.071  20.851 0.0000000000
20389  45.624  -58.117  27.054 0.0000000000
20391  43.892  -58.108  27.017 0.0000000000
20405  50.009  -58.177  26.065 0.0000000000
20406  49.561  -58.200  26.116 0.0000000000
20427  51.167  -57.840  25.129 0.0000000000
20428  50.966  -57.848  25.327 0.0000000000
20444  51.144  -57.677  24.756 0.0000000000
20497  50.974  -57.457  21.428 0.0000000000
20498  50.514  -58.157  21.297 0.0000000000
20526  47.503  -57.599  20.354 0.0000000000
20542  50.797  -56.754  19.776 0.0000000000
20547  46.896  -57.191  19.895 0.0000000000
20564  50.299  -56.759  19.280 0.0000000000
21384  47.041  -57.123  25.061 0.0000000000
21387  44.824  -56.695  25.757 0.0000000000
21408  45.849  -56.427  25.028 0.0000000000
21423  52.241  -56.039  22.657 0.0000000000
21444  52.287  -56.190  22.244 0.0000000000
21447  50.520  -56.017  23.052 0.0000000000
21468  51.798  -56.602  21.828 0.0000000000
21487  52.021  -56.091  21.193 0.0000000000
21507  50.795  -56.592  19.464 0.0000000000
21508  49.657  -56.947  19.233 0.0000000000
21529  50.501  -56.436  19.010 0.0000000000
21530  49.653  -56.533  18.779 0.0000000000
21547  50.237  -56.147  18.282 0.0000000000
22359  44.277  -56.333  25.923 0.0000000000
22375  45.051  -56.314  25.161 0.0000000000
22411  52.119  -55.823  22.789 0.0000000000
22413  49.557  -56.097  23.061 0.0000000000
22415  47.955  -55.989  23.275 0.0000000000
22434  52.442  -55.523  22.130 0.0000000000
22435  51.877  -55.369  22.590 0.0000000000
22458  52.472  -55.695  21.461 0.0000000000
22480  53.130  -55.124  19.096 0.0000000000
22482  51.451  -56.094  19.303 0.0000000000
22500  49.110  -55.980  18.316 0.0000000000
23393  43.289  -53.996  23.694 0.0000000000
23407  52.773  -54.880  21.764 0.0000000000
23408  52.255  -54.840  22.112 0.0000000000
23416  44.704  -54.259  23.171 0.0000000000
23429  52.722  -54.682  21.005 0.0000000000
24400  42.283  -53.510  24.270 0.0000000000
24414  42.714  -53.382  23.697 0.0000000000
24427  52.687  -54.646  21.724 0.0000000000
24428  52.508  -54.542  21.751 0.0000000000
24433  45.697  -53.791  22.147 0.0000000000
24434  44.615  -53.695  22.711 0.0000000000
24435  43.875  -53.272  22.750 0.0000000000
25461  42.967  -52.988  23.067 0.0000000000
25496  47.009  -52.864  21.209 0.0000000000
25497  46.134  -52.647  21.327 0.0000000000
26549  42.077  -51.328  22.240 0.0000000000
26568  43.329  -51.399  21.567 0.0000000000
26589  45.087  -51.084  20.619 0.0000000000
27660  44.191  -50.514  20.923 0.0000000000
27661  43.662  -50.510  21.200 0.0000000000
27674  44.730  -50.318  20.679 0.0000000000
28741  46.900  -50.167  19.959 0.0000000000
28755  45.929  -49.483  20.046 0.0000000000
29784  45.070  -47.934  21.158 0.0000000000
29806  44.058  -48.847  20.808 0.0000000000
30933  44.717  -47.474  21.078 0.0000000000
30956  46.634  -47.066  19.934 0.0000000000
30958  45.278  -47.404  20.876 0.0000000000
30959  44.826  -47.071  20.912 0.0000000000
30979  46.408  -47.926  19.686 0.0000000000
32144  42.842  -46.611  21.725 0.0000000000
32167  46.918  -46.873  19.887 0.0000000000
32170  45.003  -46.743  20.767 0.0000000000
32187  46.941  -46.561  19.814 0.0000000000
33308  46.882  -45.467  20.056 0.0000000000
33310  45.015  -46.039  20.710 0.0000000000
33330  47.554  -45.810  19.488 0.0000000000
