#!ascii label  , from subject 3436 vox2ras=TkReg
369
99228  -31.066  -11.442  -20.957 0.0000000000
104144  -28.491  -8.587  -24.462 0.0000000000
120245  -24.021  4.934  -26.324 0.0000000000
116566  -26.443  1.874  -25.962 0.0000000000
112836  -28.966  -1.939  -23.208 0.0000000000
107762  -31.840  -5.637  -20.525 0.0000000000
121424  -22.376  6.182  -27.486 0.0000000000
115364  -27.203  0.152  -23.989 0.0000000000
110326  -27.675  -3.182  -24.674 0.0000000000
101723  -29.861  -10.172  -22.472 0.0000000000
105308  -30.601  -7.248  -22.880 0.0000000000
104100  -32.092  -8.491  -20.403 0.0000000000
93026  -28.938  -17.259  -20.176 0.0000000000
99225  -28.743  -13.026  -21.858 0.0000000000
127090  -21.511  10.463  -24.606 0.0000000000
126092  -20.873  9.899  -26.789 0.0000000000
125012  -22.027  8.715  -28.318 0.0000000000
123721  -24.212  8.107  -28.494 0.0000000000
123697  -26.304  7.168  -27.342 0.0000000000
117849  -26.205  3.305  -27.082 0.0000000000
121401  -26.437  5.330  -25.487 0.0000000000
119029  -26.636  3.106  -23.423 0.0000000000
116522  -28.283  1.502  -21.757 0.0000000000
115323  -29.956  0.481  -20.684 0.0000000000
107835  -29.307  -5.350  -24.197 0.0000000000
110273  -30.920  -3.536  -22.193 0.0000000000
111598  -27.178  -2.379  -25.196 0.0000000000
109078  -26.571  -4.475  -25.400 0.0000000000
100501  -30.588  -10.967  -21.532 0.0000000000
102911  -31.039  -9.408  -21.426 0.0000000000
101702  -31.439  -9.950  -20.766 0.0000000000
88482  -29.307  -20.930  -17.811 0.0000000000
89585  -29.961  -20.103  -17.972 0.0000000000
91825  -29.927  -18.870  -19.004 0.0000000000
99263  -27.719  -12.105  -23.312 0.0000000000
98031  -27.186  -13.383  -22.762 0.0000000000
126105  -21.163  9.710  -27.510 0.0000000000
121409  -23.097  5.551  -26.930 0.0000000000
123710  -22.978  7.165  -28.392 0.0000000000
122546  -24.400  6.625  -27.971 0.0000000000
123712  -24.933  7.547  -28.322 0.0000000000
122525  -25.646  6.111  -27.379 0.0000000000
117833  -26.527  2.915  -26.348 0.0000000000
120248  -26.411  4.512  -26.027 0.0000000000
119048  -26.581  3.594  -25.738 0.0000000000
121392  -26.634  5.206  -24.526 0.0000000000
117812  -26.593  2.320  -24.281 0.0000000000
114125  -27.961  -1.331  -23.406 0.0000000000
115350  -27.915  0.436  -22.722 0.0000000000
114092  -28.583  -0.081  -22.326 0.0000000000
116523  -28.943  1.057  -21.402 0.0000000000
112796  -29.505  -1.341  -22.087 0.0000000000
105348  -27.199  -7.703  -24.836 0.0000000000
106608  -28.164  -5.616  -24.917 0.0000000000
105350  -28.738  -7.293  -24.405 0.0000000000
106524  -31.359  -6.433  -21.544 0.0000000000
107789  -30.747  -5.573  -22.562 0.0000000000
109008  -31.412  -4.520  -21.172 0.0000000000
111515  -31.235  -2.567  -20.627 0.0000000000
110244  -31.705  -3.730  -19.874 0.0000000000
93007  -30.521  -17.260  -19.516 0.0000000000
95438  -28.581  -15.988  -20.873 0.0000000000
95430  -30.666  -15.987  -19.780 0.0000000000
96767  -30.517  -14.384  -20.374 0.0000000000
114148  -26.403  -0.307  -26.069 0.0000000000
115375  -26.922  0.306  -24.817 0.0000000000
114149  -26.976  -1.202  -25.451 0.0000000000
111586  -27.673  -2.415  -24.450 0.0000000000
111569  -28.193  -2.495  -23.910 0.0000000000
102941  -29.000  -9.524  -23.712 0.0000000000
105329  -29.925  -7.447  -23.552 0.0000000000
104124  -30.207  -8.323  -23.017 0.0000000000
105292  -31.333  -7.472  -21.573 0.0000000000
105283  -31.654  -7.027  -20.877 0.0000000000
91836  -30.253  -18.104  -19.352 0.0000000000
102960  -27.886  -9.882  -24.718 0.0000000000
101745  -28.922  -10.491  -23.447 0.0000000000
99245  -29.178  -11.743  -22.379 0.0000000000
99227  -30.483  -12.120  -21.298 0.0000000000
129206  -21.287  12.209  -24.899 0.0000000000
126062  -21.339  9.860  -24.984 0.0000000000
127099  -20.694  10.648  -25.703 0.0000000000
127153  -20.959  10.991  -28.142 0.0000000000
127154  -21.488  10.531  -28.618 0.0000000000
127155  -22.262  10.436  -28.878 0.0000000000
123709  -22.163  7.170  -28.145 0.0000000000
125013  -22.722  8.746  -28.470 0.0000000000
126120  -23.692  9.602  -28.201 0.0000000000
126121  -24.418  9.401  -28.041 0.0000000000
126109  -25.341  9.238  -27.230 0.0000000000
124976  -25.798  8.990  -26.375 0.0000000000
120255  -25.000  4.371  -26.993 0.0000000000
121412  -25.784  5.363  -27.018 0.0000000000
123680  -26.498  7.273  -26.519 0.0000000000
123669  -26.715  7.354  -25.159 0.0000000000
123664  -26.839  6.655  -24.282 0.0000000000
121374  -27.209  4.858  -22.716 0.0000000000
117803  -26.834  1.966  -23.322 0.0000000000
117804  -27.126  2.341  -22.576 0.0000000000
107848  -27.079  -5.275  -25.195 0.0000000000
109066  -28.454  -4.549  -24.537 0.0000000000
110309  -29.553  -3.501  -23.820 0.0000000000
106563  -30.306  -6.307  -23.273 0.0000000000
109051  -30.195  -4.285  -23.305 0.0000000000
111549  -30.186  -2.472  -22.713 0.0000000000
112797  -30.159  -1.703  -21.738 0.0000000000
114081  -30.797  -0.776  -20.432 0.0000000000
96779  -28.355  -14.164  -21.635 0.0000000000
98004  -30.086  -13.675  -20.737 0.0000000000
99203  -31.714  -13.165  -19.954 0.0000000000
100502  -31.111  -10.722  -20.984 0.0000000000
100491  -31.576  -10.993  -20.395 0.0000000000
100492  -32.198  -10.837  -19.867 0.0000000000
99219  -32.020  -11.603  -19.908 0.0000000000
88468  -29.858  -21.209  -17.296 0.0000000000
89572  -29.791  -20.521  -17.768 0.0000000000
89573  -30.554  -20.212  -17.642 0.0000000000
121410  -23.660  5.424  -26.509 0.0000000000
122523  -23.793  6.058  -27.252 0.0000000000
122505  -24.128  5.626  -26.695 0.0000000000
122524  -24.808  6.006  -27.249 0.0000000000
115395  -26.059  1.196  -26.399 0.0000000000
117822  -26.590  2.585  -25.369 0.0000000000
119037  -26.586  3.372  -24.682 0.0000000000
112812  -28.634  -1.451  -23.058 0.0000000000
114108  -28.129  -0.594  -23.002 0.0000000000
114109  -28.863  -1.011  -22.464 0.0000000000
114093  -29.174  -0.512  -21.866 0.0000000000
104163  -28.449  -8.083  -24.517 0.0000000000
105349  -28.033  -7.500  -24.818 0.0000000000
106516  -31.644  -6.202  -20.847 0.0000000000
107771  -31.465  -5.419  -21.181 0.0000000000
108995  -31.752  -4.709  -20.416 0.0000000000
110260  -31.421  -3.789  -20.826 0.0000000000
108981  -31.917  -4.430  -19.904 0.0000000000
108996  -32.052  -4.752  -19.932 0.0000000000
112853  -25.921  -1.531  -26.029 0.0000000000
112854  -26.669  -1.600  -25.623 0.0000000000
110336  -27.019  -3.530  -25.216 0.0000000000
111568  -27.732  -2.286  -24.085 0.0000000000
111587  -28.141  -2.998  -24.276 0.0000000000
101722  -29.489  -9.921  -23.066 0.0000000000
102921  -29.598  -8.981  -23.306 0.0000000000
102922  -30.039  -9.378  -22.645 0.0000000000
102901  -31.549  -8.935  -20.889 0.0000000000
104108  -31.191  -8.442  -21.533 0.0000000000
104099  -31.644  -7.990  -20.919 0.0000000000
105284  -32.162  -7.531  -20.379 0.0000000000
88466  -28.015  -21.882  -17.859 0.0000000000
87240  -28.575  -22.766  -17.184 0.0000000000
91837  -30.904  -17.716  -19.172 0.0000000000
101744  -28.441  -10.210  -24.117 0.0000000000
99244  -28.481  -12.343  -22.545 0.0000000000
100516  -28.738  -11.512  -22.944 0.0000000000
100500  -29.863  -11.492  -21.972 0.0000000000
99226  -29.419  -12.458  -21.755 0.0000000000
128139  -21.770  10.961  -24.412 0.0000000000
128152  -21.768  11.523  -24.513 0.0000000000
128151  -21.215  11.240  -24.836 0.0000000000
129205  -20.822  11.751  -25.150 0.0000000000
128150  -20.671  11.305  -25.358 0.0000000000
124991  -20.833  9.167  -26.424 0.0000000000
124958  -21.181  9.513  -25.315 0.0000000000
126075  -20.775  9.949  -26.066 0.0000000000
127117  -20.666  10.723  -26.399 0.0000000000
127136  -20.894  10.734  -27.309 0.0000000000
126106  -21.610  9.579  -28.149 0.0000000000
126118  -22.128  9.561  -28.640 0.0000000000
122543  -22.016  6.504  -27.623 0.0000000000
123711  -23.907  7.264  -28.472 0.0000000000
123720  -23.314  7.983  -28.500 0.0000000000
125014  -23.562  8.790  -28.436 0.0000000000
126107  -24.108  9.887  -27.880 0.0000000000
125015  -24.529  8.805  -28.273 0.0000000000
123713  -25.864  7.529  -27.885 0.0000000000
125007  -25.373  8.537  -27.907 0.0000000000
124994  -26.216  8.031  -27.317 0.0000000000
124993  -25.817  8.815  -26.957 0.0000000000
116576  -25.428  2.046  -26.878 0.0000000000
117848  -25.535  2.951  -27.310 0.0000000000
119075  -25.606  3.824  -27.287 0.0000000000
120256  -25.662  4.570  -27.072 0.0000000000
119076  -26.116  4.040  -27.093 0.0000000000
121413  -26.214  5.415  -26.358 0.0000000000
122507  -26.484  6.312  -25.931 0.0000000000
122498  -26.624  6.138  -24.922 0.0000000000
120231  -26.609  4.248  -24.030 0.0000000000
122490  -26.845  5.907  -24.121 0.0000000000
121384  -26.932  5.187  -23.503 0.0000000000
121385  -27.267  5.533  -22.794 0.0000000000
120221  -26.886  4.173  -23.003 0.0000000000
115376  -27.159  -0.241  -24.422 0.0000000000
116549  -26.794  1.482  -23.939 0.0000000000
115348  -26.993  1.080  -23.688 0.0000000000
116537  -27.984  0.978  -22.279 0.0000000000
116536  -27.436  1.361  -22.624 0.0000000000
117791  -27.642  2.495  -21.936 0.0000000000
119030  -27.135  3.294  -22.400 0.0000000000
119017  -27.789  3.387  -21.773 0.0000000000
115322  -29.316  0.690  -21.194 0.0000000000
107847  -26.162  -5.429  -25.351 0.0000000000
107834  -28.708  -5.442  -24.597 0.0000000000
107850  -28.248  -5.102  -24.847 0.0000000000
109067  -29.063  -4.786  -24.283 0.0000000000
109049  -28.995  -4.046  -24.114 0.0000000000
109050  -29.682  -4.562  -23.831 0.0000000000
106562  -29.738  -6.582  -23.836 0.0000000000
109029  -30.588  -4.463  -22.721 0.0000000000
110291  -30.412  -3.581  -23.057 0.0000000000
111530  -30.842  -2.501  -21.584 0.0000000000
112785  -30.966  -1.401  -20.468 0.0000000000
96768  -31.021  -14.303  -20.083 0.0000000000
98005  -31.084  -13.620  -20.256 0.0000000000
99217  -30.632  -12.953  -20.796 0.0000000000
97991  -31.600  -13.692  -19.845 0.0000000000
111597  -26.429  -2.519  -25.651 0.0000000000
100518  -30.021  -10.703  -22.108 0.0000000000
101710  -30.427  -9.962  -21.920 0.0000000000
101711  -30.933  -10.212  -21.329 0.0000000000
102902  -31.961  -9.312  -20.407 0.0000000000
101703  -32.079  -10.071  -20.146 0.0000000000
101687  -32.633  -10.208  -19.575 0.0000000000
88467  -28.941  -21.641  -17.561 0.0000000000
90695  -29.205  -19.398  -18.964 0.0000000000
90696  -30.199  -19.526  -18.330 0.0000000000
90684  -30.723  -19.586  -18.036 0.0000000000
100538  -27.418  -11.551  -23.891 0.0000000000
98046  -27.124  -12.727  -23.196 0.0000000000
99243  -27.693  -12.766  -22.792 0.0000000000
98032  -28.067  -13.294  -22.194 0.0000000000
125004  -20.969  9.138  -27.096 0.0000000000
125005  -21.488  8.694  -27.657 0.0000000000
123718  -21.895  7.962  -28.084 0.0000000000
122544  -22.658  6.478  -27.865 0.0000000000
122522  -23.114  6.182  -27.460 0.0000000000
122545  -23.476  6.568  -27.989 0.0000000000
123722  -24.851  8.309  -28.319 0.0000000000
122547  -25.343  6.694  -27.876 0.0000000000
122548  -25.991  6.729  -27.595 0.0000000000
119059  -26.420  3.824  -26.576 0.0000000000
120239  -26.553  4.374  -25.105 0.0000000000
114124  -27.433  -0.667  -23.841 0.0000000000
114107  -27.624  0.018  -23.397 0.0000000000
115334  -28.341  0.659  -22.143 0.0000000000
115335  -28.897  0.462  -21.702 0.0000000000
114079  -29.573  -0.100  -21.305 0.0000000000
106587  -27.477  -6.746  -24.955 0.0000000000
106588  -28.302  -6.404  -24.780 0.0000000000
106589  -29.163  -6.279  -24.288 0.0000000000
106523  -31.069  -6.225  -22.196 0.0000000000
106542  -30.789  -6.468  -22.649 0.0000000000
107770  -31.170  -5.677  -21.888 0.0000000000
109007  -31.109  -4.731  -21.908 0.0000000000
110274  -31.247  -3.958  -21.509 0.0000000000
111531  -31.192  -3.253  -21.371 0.0000000000
111495  -31.632  -2.641  -19.549 0.0000000000
111476  -31.714  -2.101  -19.233 0.0000000000
111496  -31.923  -3.272  -19.207 0.0000000000
94228  -29.596  -16.825  -20.051 0.0000000000
94241  -29.097  -16.573  -20.360 0.0000000000
94229  -30.078  -16.504  -19.936 0.0000000000
94242  -29.652  -15.994  -20.282 0.0000000000
95439  -29.177  -15.510  -20.725 0.0000000000
96766  -29.593  -14.427  -20.783 0.0000000000
95440  -30.259  -15.407  -20.238 0.0000000000
95441  -30.934  -14.809  -20.045 0.0000000000
115387  -26.615  0.747  -25.675 0.0000000000
116556  -26.666  1.438  -24.909 0.0000000000
114138  -26.846  0.015  -25.449 0.0000000000
114139  -27.182  -0.689  -24.969 0.0000000000
112855  -27.081  -1.712  -25.359 0.0000000000
112847  -27.391  -1.688  -25.006 0.0000000000
112834  -27.561  -1.760  -24.055 0.0000000000
112835  -28.420  -1.951  -23.473 0.0000000000
102940  -28.486  -9.217  -24.359 0.0000000000
104145  -29.159  -8.295  -23.955 0.0000000000
104123  -29.684  -8.431  -23.446 0.0000000000
104146  -29.760  -8.127  -23.507 0.0000000000
102910  -30.637  -8.904  -22.127 0.0000000000
104107  -30.909  -7.910  -22.266 0.0000000000
105291  -31.081  -6.968  -22.224 0.0000000000
106517  -32.155  -6.444  -20.297 0.0000000000
107763  -32.254  -5.373  -19.945 0.0000000000
102887  -32.524  -9.073  -19.765 0.0000000000
93005  -28.723  -17.850  -20.072 0.0000000000
91835  -29.263  -18.572  -19.500 0.0000000000
93006  -29.572  -17.375  -19.866 0.0000000000
93008  -31.030  -17.216  -19.253 0.0000000000
100539  -28.265  -11.232  -23.686 0.0000000000
100540  -28.849  -11.055  -23.224 0.0000000000
100517  -29.384  -10.900  -22.714 0.0000000000
129207  -22.202  12.125  -24.314 0.0000000000
126052  -21.783  9.729  -24.187 0.0000000000
127089  -21.019  10.573  -25.131 0.0000000000
128162  -20.319  11.374  -25.943 0.0000000000
127137  -21.224  10.301  -27.977 0.0000000000
128208  -21.686  11.283  -29.113 0.0000000000
128209  -22.431  11.370  -28.931 0.0000000000
127156  -22.905  10.454  -28.433 0.0000000000
123719  -22.499  7.931  -28.386 0.0000000000
126119  -22.840  9.591  -28.444 0.0000000000
127138  -23.500  10.464  -27.954 0.0000000000
126108  -24.748  9.576  -27.563 0.0000000000
125016  -24.967  8.555  -28.225 0.0000000000
119074  -24.786  3.676  -27.113 0.0000000000
120246  -24.649  4.839  -26.544 0.0000000000
121399  -25.070  5.315  -26.900 0.0000000000
122526  -26.250  6.318  -26.957 0.0000000000
120257  -26.093  4.598  -26.705 0.0000000000
124977  -26.220  8.435  -26.062 0.0000000000
122491  -27.114  6.328  -23.339 0.0000000000
116535  -27.031  1.308  -23.363 0.0000000000
116506  -28.639  2.055  -21.252 0.0000000000
109079  -27.369  -4.548  -25.077 0.0000000000
106607  -27.642  -5.895  -25.067 0.0000000000
109080  -27.945  -4.698  -24.862 0.0000000000
109065  -27.771  -4.052  -24.717 0.0000000000
110327  -28.311  -3.678  -24.348 0.0000000000
110308  -28.815  -3.174  -24.070 0.0000000000
111570  -29.318  -2.488  -23.460 0.0000000000
105328  -29.359  -7.181  -24.033 0.0000000000
107811  -29.782  -5.698  -23.836 0.0000000000
107812  -30.210  -5.141  -23.260 0.0000000000
110310  -30.032  -3.782  -23.546 0.0000000000
111571  -30.066  -3.085  -23.484 0.0000000000
111548  -29.695  -2.240  -23.041 0.0000000000
112814  -29.833  -1.846  -22.339 0.0000000000
114080  -30.349  -0.802  -20.952 0.0000000000
111514  -30.970  -2.307  -21.111 0.0000000000
112784  -30.750  -1.885  -21.077 0.0000000000
98011  -28.589  -13.513  -21.707 0.0000000000
98012  -29.245  -13.579  -21.247 0.0000000000
98013  -29.956  -12.937  -21.113 0.0000000000
99218  -31.393  -12.320  -20.427 0.0000000000
87241  -29.329  -22.061  -17.120 0.0000000000
90697  -30.825  -19.268  -18.236 0.0000000000
91824  -29.484  -18.959  -19.173 0.0000000000
92999  -31.515  -17.309  -18.956 0.0000000000
98003  -29.625  -13.884  -20.872 0.0000000000
99264  -28.293  -11.798  -23.123 0.0000000000
107849  -27.771  -5.196  -25.049 0.0000000000
112813  -29.403  -1.846  -22.808 0.0000000000
114094  -29.732  -0.914  -21.546 0.0000000000
115349  -27.265  0.718  -23.378 0.0000000000
115363  -26.926  0.843  -24.113 0.0000000000
116521  -27.575  1.904  -22.154 0.0000000000
120229  -23.928  4.962  -25.492 0.0000000000
120230  -24.200  4.947  -25.782 0.0000000000
120237  -23.907  4.914  -25.925 0.0000000000
120238  -24.264  4.985  -26.174 0.0000000000
120247  -25.197  4.811  -26.927 0.0000000000
120254  -23.988  4.552  -26.614 0.0000000000
121382  -24.227  5.236  -25.510 0.0000000000
121383  -24.365  5.208  -25.985 0.0000000000
121390  -23.823  5.268  -25.700 0.0000000000
121391  -24.521  5.214  -26.474 0.0000000000
121398  -23.844  5.289  -26.188 0.0000000000
121400  -25.471  5.005  -26.960 0.0000000000
121408  -22.231  5.604  -27.227 0.0000000000
121411  -25.361  5.698  -27.164 0.0000000000
122488  -24.036  5.536  -25.526 0.0000000000
122489  -24.298  5.491  -25.806 0.0000000000
122496  -24.058  5.555  -26.016 0.0000000000
122497  -24.320  5.486  -26.305 0.0000000000
122506  -24.569  5.559  -26.760 0.0000000000
124974  -20.987  9.321  -25.712 0.0000000000
125006  -24.832  9.105  -28.024 0.0000000000
125008  -25.928  8.051  -27.796 0.0000000000
126061  -21.002  9.984  -25.487 0.0000000000
