#!ascii label  , from subject 3436 vox2ras=TkReg
1241
70353  26.597  -36.666  37.939 0.0000000000
97421  42.461  -15.641  29.393 0.0000000000
79735  32.519  -29.740  33.107 0.0000000000
61066  6.793  -42.860  48.100 0.0000000000
75662  20.263  -32.348  42.588 0.0000000000
87533  33.625  -23.684  33.183 0.0000000000
63644  12.886  -41.474  42.614 0.0000000000
61104  10.639  -44.159  46.151 0.0000000000
64921  17.112  -40.717  40.886 0.0000000000
97433  46.868  -16.139  27.796 0.0000000000
77015  27.719  -31.676  39.478 0.0000000000
79658  26.887  -29.453  37.615 0.0000000000
72907  31.196  -34.247  38.148 0.0000000000
102514  48.352  -11.059  28.740 0.0000000000
99972  50.814  -12.809  25.073 0.0000000000
96096  39.299  -15.984  32.683 0.0000000000
90046  41.663  -21.466  31.028 0.0000000000
88801  37.453  -22.573  32.463 0.0000000000
79730  37.511  -29.413  33.209 0.0000000000
68924  24.518  -37.817  42.508 0.0000000000
56127  5.097  -47.486  50.996 0.0000000000
57228  2.419  -46.783  54.731 0.0000000000
57189  1.836  -45.871  59.901 0.0000000000
72876  24.277  -34.761  40.016 0.0000000000
70284  21.090  -37.541  42.026 0.0000000000
84752  28.647  -25.226  35.593 0.0000000000
79655  31.430  -28.936  38.102 0.0000000000
102572  56.554  -11.084  23.922 0.0000000000
97435  44.295  -15.571  27.726 0.0000000000
94917  44.271  -18.184  29.093 0.0000000000
72909  27.789  -34.335  37.929 0.0000000000
74385  28.602  -33.379  36.539 0.0000000000
70365  29.373  -36.209  37.813 0.0000000000
99909  43.565  -13.079  31.335 0.0000000000
101198  47.055  -11.044  30.904 0.0000000000
101229  45.239  -12.746  28.501 0.0000000000
99954  46.941  -13.405  27.055 0.0000000000
52394  -0.494  -50.139  59.504 0.0000000000
93610  37.730  -18.383  32.165 0.0000000000
92374  35.874  -19.756  33.681 0.0000000000
82388  33.523  -27.131  32.400 0.0000000000
82386  35.474  -26.983  32.302 0.0000000000
79712  35.027  -30.398  33.279 0.0000000000
77092  33.975  -32.299  35.511 0.0000000000
59862  8.058  -44.232  46.620 0.0000000000
61048  9.645  -44.652  49.201 0.0000000000
58482  7.177  -45.402  48.147 0.0000000000
57247  6.992  -46.760  50.895 0.0000000000
58475  5.216  -46.031  49.249 0.0000000000
58424  3.774  -45.140  53.996 0.0000000000
57207  1.482  -46.353  57.271 0.0000000000
74285  23.155  -33.284  41.594 0.0000000000
71595  22.289  -35.608  39.829 0.0000000000
71597  20.246  -35.338  40.062 0.0000000000
62389  16.106  -43.413  44.374 0.0000000000
63622  18.657  -42.459  44.352 0.0000000000
79640  29.800  -30.148  39.502 0.0000000000
82276  29.042  -28.304  37.998 0.0000000000
90004  35.215  -21.495  34.432 0.0000000000
83540  33.007  -25.948  34.344 0.0000000000
82354  31.447  -26.969  34.195 0.0000000000
61148  14.403  -43.670  44.614 0.0000000000
61078  13.219  -44.189  47.057 0.0000000000
61151  11.485  -43.337  44.521 0.0000000000
62371  9.291  -42.514  44.939 0.0000000000
63582  8.428  -41.519  47.009 0.0000000000
70320  18.402  -36.145  40.627 0.0000000000
68953  17.149  -37.127  41.974 0.0000000000
63663  14.889  -41.660  41.869 0.0000000000
80962  26.548  -28.268  41.595 0.0000000000
82256  25.260  -27.561  39.441 0.0000000000
78326  25.909  -30.337  38.655 0.0000000000
77069  29.235  -31.686  37.329 0.0000000000
102539  52.342  -10.520  26.071 0.0000000000
101256  49.379  -11.585  26.506 0.0000000000
98732  48.715  -14.526  25.856 0.0000000000
98666  40.938  -14.780  30.851 0.0000000000
93626  42.025  -17.884  30.488 0.0000000000
93608  39.784  -18.638  31.100 0.0000000000
90025  40.018  -22.038  31.734 0.0000000000
86153  39.839  -24.900  32.414 0.0000000000
87530  35.749  -23.341  32.560 0.0000000000
83574  37.899  -25.929  32.293 0.0000000000
68990  25.370  -37.822  39.449 0.0000000000
69013  27.983  -37.902  39.682 0.0000000000
98640  42.544  -14.210  32.457 0.0000000000
62280  5.832  -42.992  50.696 0.0000000000
59804  4.482  -44.821  51.631 0.0000000000
56110  3.300  -47.780  52.336 0.0000000000
53702  3.224  -50.016  54.298 0.0000000000
53690  1.378  -49.081  55.988 0.0000000000
56057  0.493  -47.888  58.016 0.0000000000
56032  0.446  -47.770  60.153 0.0000000000
57151  -0.117  -46.884  62.421 0.0000000000
71636  25.649  -36.042  38.774 0.0000000000
70334  23.518  -36.585  39.130 0.0000000000
68950  22.943  -37.042  42.535 0.0000000000
67584  19.147  -38.660  40.633 0.0000000000
81077  29.974  -28.577  34.186 0.0000000000
83500  26.736  -26.406  36.791 0.0000000000
82335  28.910  -27.812  35.871 0.0000000000
78376  31.535  -30.501  35.721 0.0000000000
70313  30.997  -36.623  40.873 0.0000000000
101335  56.776  -12.516  21.873 0.0000000000
101294  53.313  -12.272  24.368 0.0000000000
100015  54.665  -13.988  22.795 0.0000000000
97420  43.542  -15.868  28.375 0.0000000000
96140  44.148  -16.788  28.443 0.0000000000
96141  43.192  -16.528  29.002 0.0000000000
71651  27.474  -35.424  37.652 0.0000000000
71650  28.272  -35.473  37.290 0.0000000000
69056  27.881  -36.960  37.645 0.0000000000
99936  43.045  -13.558  29.393 0.0000000000
101201  44.743  -12.180  29.875 0.0000000000
99935  43.975  -13.180  28.934 0.0000000000
99945  44.340  -13.712  28.198 0.0000000000
53632  -1.027  -49.480  60.284 0.0000000000
93577  36.923  -17.986  33.820 0.0000000000
93552  36.538  -19.059  34.586 0.0000000000
81109  33.154  -28.115  32.492 0.0000000000
81108  34.157  -27.967  32.373 0.0000000000
78427  33.691  -30.355  33.228 0.0000000000
77128  34.787  -31.492  34.166 0.0000000000
78408  33.651  -30.870  33.836 0.0000000000
61083  7.025  -43.200  47.394 0.0000000000
58494  7.674  -44.964  47.531 0.0000000000
59836  6.584  -45.069  48.075 0.0000000000
58483  6.331  -45.826  48.442 0.0000000000
59837  5.961  -44.546  48.454 0.0000000000
74308  21.587  -32.475  41.423 0.0000000000
74321  21.113  -33.171  40.098 0.0000000000
75710  20.183  -32.649  40.705 0.0000000000
61124  16.058  -43.906  45.463 0.0000000000
84683  27.055  -25.139  40.659 0.0000000000
79615  30.976  -29.514  40.709 0.0000000000
83541  32.501  -26.155  33.679 0.0000000000
82353  32.324  -26.446  34.466 0.0000000000
62413  13.260  -42.537  43.022 0.0000000000
61150  12.409  -43.486  44.509 0.0000000000
62414  12.298  -42.250  43.222 0.0000000000
63625  9.894  -41.661  44.873 0.0000000000
63603  9.319  -41.415  45.651 0.0000000000
63604  8.616  -41.717  46.239 0.0000000000
71563  18.115  -35.216  42.394 0.0000000000
64907  14.078  -40.167  42.330 0.0000000000
66237  14.774  -39.701  41.788 0.0000000000
63664  13.959  -41.189  42.088 0.0000000000
62412  14.377  -42.725  42.953 0.0000000000
79631  26.147  -29.329  40.069 0.0000000000
77016  27.041  -31.258  39.125 0.0000000000
72939  29.750  -33.680  36.720 0.0000000000
75768  28.947  -32.113  36.800 0.0000000000
74356  31.132  -33.029  38.074 0.0000000000
75730  31.463  -32.399  39.115 0.0000000000
74338  32.453  -33.423  39.432 0.0000000000
102484  47.755  -10.762  30.364 0.0000000000
102527  50.290  -10.412  27.555 0.0000000000
102528  49.357  -10.966  27.669 0.0000000000
98729  46.684  -14.740  26.653 0.0000000000
99964  47.403  -13.902  26.501 0.0000000000
97448  47.555  -15.870  26.936 0.0000000000
97380  39.828  -15.581  31.689 0.0000000000
96127  40.370  -16.444  30.821 0.0000000000
96101  39.161  -16.429  31.621 0.0000000000
91236  37.568  -20.611  32.372 0.0000000000
91235  38.698  -20.600  32.026 0.0000000000
90026  39.101  -21.818  32.033 0.0000000000
88785  39.910  -23.543  31.944 0.0000000000
87512  38.740  -23.856  32.219 0.0000000000
88787  34.354  -22.440  33.835 0.0000000000
90031  34.781  -21.879  33.479 0.0000000000
87531  34.787  -23.297  32.735 0.0000000000
81090  36.031  -28.328  32.652 0.0000000000
83576  36.040  -26.200  32.276 0.0000000000
82369  37.818  -27.679  32.597 0.0000000000
82368  38.861  -27.648  32.867 0.0000000000
67565  25.464  -38.216  40.821 0.0000000000
67564  26.411  -38.467  41.276 0.0000000000
96095  40.291  -15.618  33.172 0.0000000000
97375  40.841  -15.052  32.636 0.0000000000
98641  41.808  -14.338  32.018 0.0000000000
61103  11.671  -43.928  46.214 0.0000000000
61063  11.102  -44.194  48.198 0.0000000000
56114  6.077  -47.574  51.019 0.0000000000
57242  6.626  -47.114  52.347 0.0000000000
56109  5.720  -48.298  52.467 0.0000000000
54940  5.015  -48.391  52.219 0.0000000000
62253  5.411  -42.769  52.061 0.0000000000
59817  4.792  -44.409  50.833 0.0000000000
61000  4.674  -44.124  52.236 0.0000000000
57227  2.864  -46.227  54.207 0.0000000000
58455  3.362  -45.954  52.766 0.0000000000
57235  2.610  -47.103  53.890 0.0000000000
54927  3.072  -48.537  53.042 0.0000000000
54915  2.346  -48.645  54.406 0.0000000000
54902  2.037  -49.020  54.987 0.0000000000
56096  1.889  -48.066  54.944 0.0000000000
57200  1.277  -46.361  58.168 0.0000000000
56066  0.793  -47.166  57.271 0.0000000000
56056  0.753  -47.059  58.572 0.0000000000
56045  0.513  -47.849  59.054 0.0000000000
57180  1.227  -46.363  60.312 0.0000000000
71594  25.007  -35.168  40.804 0.0000000000
71613  25.661  -35.693  39.523 0.0000000000
71637  24.707  -35.587  38.792 0.0000000000
69042  24.312  -36.659  38.581 0.0000000000
71615  23.430  -35.554  38.816 0.0000000000
70303  21.604  -36.682  41.489 0.0000000000
70302  22.398  -36.553  41.272 0.0000000000
70283  21.465  -37.211  42.384 0.0000000000
66253  17.868  -39.029  40.179 0.0000000000
68995  18.512  -37.241  40.472 0.0000000000
66234  18.353  -39.680  40.423 0.0000000000
63640  19.653  -41.591  43.352 0.0000000000
92395  42.397  -19.729  30.663 0.0000000000
92394  43.234  -19.712  30.259 0.0000000000
90044  43.283  -21.659  30.566 0.0000000000
84751  29.790  -24.942  35.460 0.0000000000
83519  30.269  -26.315  34.834 0.0000000000
83520  29.077  -26.790  35.191 0.0000000000
81042  25.589  -28.768  37.968 0.0000000000
83479  25.725  -26.334  37.766 0.0000000000
82300  26.434  -27.613  37.269 0.0000000000
81019  30.511  -28.219  38.502 0.0000000000
82297  29.456  -28.194  37.690 0.0000000000
79673  30.496  -29.023  37.053 0.0000000000
81063  30.111  -29.076  36.068 0.0000000000
79672  31.143  -29.327  37.473 0.0000000000
78355  33.010  -31.027  37.195 0.0000000000
68987  29.975  -37.314  40.863 0.0000000000
101308  56.794  -11.615  22.791 0.0000000000
101273  51.586  -11.809  25.260 0.0000000000
102555  53.431  -10.917  25.217 0.0000000000
101295  52.308  -12.417  24.610 0.0000000000
97491  53.538  -15.524  23.330 0.0000000000
96184  53.994  -16.112  23.162 0.0000000000
64892  12.798  -40.384  43.245 0.0000000000
63645  11.863  -41.274  43.271 0.0000000000
97434  45.428  -15.946  27.542 0.0000000000
97396  47.010  -16.862  28.614 0.0000000000
96121  46.275  -17.367  28.802 0.0000000000
75732  27.829  -32.712  38.931 0.0000000000
75733  27.365  -32.414  38.406 0.0000000000
74371  27.660  -33.701  37.499 0.0000000000
72925  28.907  -34.645  36.957 0.0000000000
71648  30.283  -35.237  37.626 0.0000000000
99906  46.534  -11.819  32.312 0.0000000000
101180  45.787  -11.934  31.285 0.0000000000
101199  46.265  -11.466  30.596 0.0000000000
101227  47.371  -11.341  28.688 0.0000000000
101244  47.296  -12.410  27.528 0.0000000000
99943  45.788  -13.231  27.896 0.0000000000
98713  45.206  -14.689  27.312 0.0000000000
51176  0.477  -50.809  58.588 0.0000000000
96080  38.972  -16.515  33.471 0.0000000000
94897  38.406  -17.381  31.895 0.0000000000
94884  37.400  -17.652  32.600 0.0000000000
92384  37.092  -19.496  32.555 0.0000000000
91237  36.637  -20.643  32.766 0.0000000000
84835  33.400  -25.172  32.728 0.0000000000
84834  34.491  -25.156  32.366 0.0000000000
82387  34.531  -27.014  32.284 0.0000000000
81107  35.134  -27.773  32.405 0.0000000000
79731  36.509  -29.389  33.100 0.0000000000
78405  36.208  -30.986  33.945 0.0000000000
77111  35.526  -32.358  35.056 0.0000000000
68903  24.262  -37.800  43.657 0.0000000000
61105  9.376  -44.190  46.300 0.0000000000
61064  10.259  -44.354  48.278 0.0000000000
59834  9.018  -44.921  47.958 0.0000000000
59827  8.542  -45.340  48.355 0.0000000000
58466  7.995  -45.816  49.659 0.0000000000
57265  5.841  -46.640  49.436 0.0000000000
57266  5.276  -46.547  49.819 0.0000000000
60987  4.670  -44.005  53.236 0.0000000000
59735  3.638  -45.058  55.145 0.0000000000
58412  2.718  -45.697  55.947 0.0000000000
57219  2.151  -46.511  55.677 0.0000000000
58400  2.771  -45.357  56.621 0.0000000000
58366  2.513  -45.121  58.506 0.0000000000
58350  2.355  -45.238  59.540 0.0000000000
72877  23.436  -34.148  40.279 0.0000000000
71616  22.764  -35.188  39.349 0.0000000000
74341  21.874  -33.814  39.655 0.0000000000
71596  21.385  -35.381  39.882 0.0000000000
70318  20.740  -36.528  40.659 0.0000000000
63661  16.966  -42.067  42.183 0.0000000000
63660  18.012  -41.794  42.431 0.0000000000
62409  17.639  -42.691  43.633 0.0000000000
88797  41.682  -23.085  31.589 0.0000000000
86076  27.995  -23.800  37.103 0.0000000000
79656  28.858  -29.890  38.512 0.0000000000
81021  27.724  -28.637  37.845 0.0000000000
81000  29.299  -28.766  38.906 0.0000000000
82252  30.556  -28.291  39.669 0.0000000000
102552  56.115  -10.587  24.698 0.0000000000
54812  -1.472  -48.692  61.912 0.0000000000
88776  35.443  -22.382  34.685 0.0000000000
87497  34.084  -23.361  34.102 0.0000000000
84815  33.115  -25.006  33.418 0.0000000000
84816  32.707  -25.649  33.156 0.0000000000
82389  32.410  -27.244  32.778 0.0000000000
82390  31.776  -28.086  32.877 0.0000000000
61125  14.986  -43.893  45.476 0.0000000000
61077  14.114  -44.411  47.026 0.0000000000
61101  13.585  -43.991  46.248 0.0000000000
61128  12.042  -43.748  45.339 0.0000000000
61129  11.062  -43.768  45.251 0.0000000000
63646  11.192  -41.593  43.743 0.0000000000
61152  10.679  -43.222  44.557 0.0000000000
61130  9.916  -43.633  45.050 0.0000000000
61106  8.354  -43.576  46.090 0.0000000000
62354  8.047  -42.483  46.489 0.0000000000
62335  7.361  -42.197  47.743 0.0000000000
74323  18.740  -33.210  41.231 0.0000000000
72866  18.252  -34.390  41.912 0.0000000000
70321  17.714  -36.486  40.886 0.0000000000
67587  16.660  -38.841  40.710 0.0000000000
67551  16.251  -38.590  42.215 0.0000000000
66235  15.894  -39.198  41.173 0.0000000000
64922  16.075  -40.692  40.825 0.0000000000
62430  16.185  -42.576  42.644 0.0000000000
62390  14.929  -43.310  43.935 0.0000000000
82186  26.685  -27.487  42.124 0.0000000000
83426  26.378  -26.293  40.961 0.0000000000
80982  25.989  -28.241  40.530 0.0000000000
79644  25.450  -29.329  39.106 0.0000000000
78342  25.821  -30.141  37.630 0.0000000000
77072  27.597  -32.178  36.640 0.0000000000
77052  28.150  -31.087  37.318 0.0000000000
78340  27.579  -30.368  37.605 0.0000000000
78323  29.541  -30.600  38.838 0.0000000000
77013  31.529  -31.483  40.049 0.0000000000
103714  51.980  -9.936  27.725 0.0000000000
102540  51.440  -10.842  26.113 0.0000000000
101274  50.305  -12.177  25.535 0.0000000000
101257  48.276  -12.497  26.808 0.0000000000
99962  48.844  -12.912  26.034 0.0000000000
97422  41.923  -14.990  29.931 0.0000000000
96125  42.110  -16.413  29.872 0.0000000000
96126  41.118  -16.361  30.308 0.0000000000
94894  41.279  -17.902  30.722 0.0000000000
91253  40.925  -20.799  31.025 0.0000000000
93609  38.741  -18.449  31.527 0.0000000000
91254  39.907  -20.535  31.334 0.0000000000
90024  41.034  -22.016  31.431 0.0000000000
88798  40.552  -23.218  31.799 0.0000000000
86152  40.662  -25.053  32.427 0.0000000000
92375  35.605  -20.126  34.130 0.0000000000
91238  35.895  -20.773  33.147 0.0000000000
88802  36.396  -22.453  32.621 0.0000000000
84833  35.555  -25.223  32.334 0.0000000000
86167  36.157  -24.328  32.407 0.0000000000
87528  37.823  -23.602  32.363 0.0000000000
84830  38.388  -25.466  32.325 0.0000000000
69040  25.830  -37.211  38.381 0.0000000000
69038  27.724  -37.453  38.402 0.0000000000
67605  27.128  -38.187  39.934 0.0000000000
67580  27.760  -38.475  41.328 0.0000000000
98651  43.117  -13.683  31.964 0.0000000000
99927  42.515  -13.736  30.774 0.0000000000
62296  6.807  -41.875  49.336 0.0000000000
63519  6.600  -41.814  50.117 0.0000000000
61049  6.040  -43.481  49.455 0.0000000000
61050  5.492  -44.076  49.641 0.0000000000
59830  4.733  -45.560  50.145 0.0000000000
57249  4.227  -46.724  50.949 0.0000000000
59786  4.350  -44.752  52.707 0.0000000000
58462  3.553  -46.229  52.022 0.0000000000
56117  3.892  -48.026  51.859 0.0000000000
53733  3.828  -49.209  52.873 0.0000000000
52469  4.143  -49.976  53.602 0.0000000000
53679  1.126  -49.563  56.633 0.0000000000
56077  1.091  -47.656  56.108 0.0000000000
54889  0.726  -48.679  56.905 0.0000000000
53668  0.544  -49.538  57.638 0.0000000000
53656  0.170  -49.493  58.692 0.0000000000
54853  0.143  -48.622  59.411 0.0000000000
54825  -0.228  -48.190  61.180 0.0000000000
57166  1.117  -46.222  61.465 0.0000000000
56017  0.210  -47.429  61.396 0.0000000000
56002  -0.682  -47.559  62.150 0.0000000000
71611  27.152  -35.405  38.762 0.0000000000
71612  26.508  -35.712  39.195 0.0000000000
70354  25.735  -36.549  38.360 0.0000000000
69041  25.004  -36.948  38.486 0.0000000000
68991  24.777  -37.605  39.578 0.0000000000
68974  23.847  -37.319  40.781 0.0000000000
70335  22.860  -35.888  39.352 0.0000000000
70301  23.136  -36.868  41.016 0.0000000000
68949  23.582  -37.314  41.881 0.0000000000
71598  19.182  -35.181  40.290 0.0000000000
68994  19.698  -37.684  40.787 0.0000000000
67567  20.221  -38.497  41.618 0.0000000000
64905  19.369  -40.981  41.996 0.0000000000
66208  20.245  -39.934  42.266 0.0000000000
66207  20.756  -39.601  42.733 0.0000000000
94918  43.322  -17.802  29.767 0.0000000000
83518  31.129  -26.330  35.009 0.0000000000
82355  30.429  -27.395  34.177 0.0000000000
81096  30.496  -28.993  33.617 0.0000000000
84701  26.118  -26.045  39.476 0.0000000000
84732  26.282  -25.622  37.539 0.0000000000
84753  27.389  -25.199  36.292 0.0000000000
82299  27.567  -27.733  37.235 0.0000000000
82318  28.304  -27.411  36.506 0.0000000000
82336  28.551  -27.005  35.800 0.0000000000
81078  29.602  -28.691  34.877 0.0000000000
79717  30.394  -29.611  34.360 0.0000000000
78410  32.151  -30.621  34.474 0.0000000000
78390  32.586  -30.999  35.098 0.0000000000
69037  28.845  -37.222  38.796 0.0000000000
70333  30.232  -36.618  39.465 0.0000000000
71609  31.873  -35.232  39.673 0.0000000000
71574  32.858  -35.556  41.485 0.0000000000
71608  32.727  -34.714  40.027 0.0000000000
101319  58.731  -11.795  21.773 0.0000000000
102554  54.335  -10.852  24.837 0.0000000000
102574  55.317  -11.037  24.231 0.0000000000
100005  52.802  -14.251  23.928 0.0000000000
99988  54.182  -12.598  23.749 0.0000000000
101310  55.004  -12.389  23.120 0.0000000000
100013  56.043  -13.279  22.069 0.0000000000
98791  56.607  -13.991  21.550 0.0000000000
98678  43.052  -14.709  28.685 0.0000000000
70368  26.953  -36.011  37.715 0.0000000000
70367  27.533  -36.298  37.556 0.0000000000
98679  42.321  -14.439  29.675 0.0000000000
98697  43.596  -14.580  28.221 0.0000000000
54839  -0.729  -48.858  60.489 0.0000000000
81093  32.858  -29.007  32.736 0.0000000000
79734  33.372  -29.727  33.008 0.0000000000
79714  33.026  -30.370  33.453 0.0000000000
61084  6.683  -43.616  47.831 0.0000000000
59845  7.016  -44.439  47.529 0.0000000000
59846  6.481  -44.048  48.008 0.0000000000
61067  6.405  -43.545  48.428 0.0000000000
74287  21.379  -32.549  42.692 0.0000000000
75686  20.779  -32.486  41.046 0.0000000000
75687  20.117  -32.432  41.498 0.0000000000
61099  15.589  -44.160  46.295 0.0000000000
61098  16.671  -43.980  46.346 0.0000000000
84668  27.124  -25.461  41.304 0.0000000000
62392  12.808  -43.043  43.753 0.0000000000
63665  13.348  -40.637  42.509 0.0000000000
63643  13.708  -42.063  42.467 0.0000000000
78313  26.915  -30.520  39.787 0.0000000000
74369  30.652  -33.406  37.340 0.0000000000
72923  30.863  -33.757  37.609 0.0000000000
74339  31.737  -33.348  38.856 0.0000000000
72890  31.930  -34.231  39.058 0.0000000000
102498  48.171  -10.812  29.645 0.0000000000
102483  48.530  -10.675  30.480 0.0000000000
102497  48.923  -10.751  29.596 0.0000000000
102513  49.222  -10.817  28.716 0.0000000000
102512  50.078  -10.475  28.597 0.0000000000
102529  48.830  -11.073  28.191 0.0000000000
97449  46.339  -15.655  27.090 0.0000000000
98711  46.866  -15.220  26.679 0.0000000000
97432  47.999  -15.818  27.720 0.0000000000
51188  1.341  -50.963  57.580 0.0000000000
90027  38.082  -21.646  32.320 0.0000000000
88800  38.593  -22.798  32.232 0.0000000000
87513  33.913  -23.105  33.478 0.0000000000
88804  34.591  -22.442  33.299 0.0000000000
87532  34.011  -23.395  32.933 0.0000000000
81089  37.199  -28.580  32.866 0.0000000000
82370  36.937  -27.810  32.552 0.0000000000
67547  25.008  -38.053  41.673 0.0000000000
67546  25.676  -38.344  41.846 0.0000000000
67525  25.189  -38.134  42.311 0.0000000000
97376  40.032  -15.251  32.393 0.0000000000
97379  40.592  -14.944  31.695 0.0000000000
61080  11.352  -43.997  47.192 0.0000000000
56126  5.523  -47.425  50.758 0.0000000000
56108  6.238  -47.809  51.898 0.0000000000
56115  5.402  -47.909  51.505 0.0000000000
54956  4.864  -48.071  51.721 0.0000000000
56103  2.590  -48.058  53.715 0.0000000000
56095  2.269  -47.651  54.448 0.0000000000
54916  1.965  -48.564  54.965 0.0000000000
56087  1.938  -47.292  55.128 0.0000000000
57199  1.920  -45.856  58.876 0.0000000000
57190  1.236  -46.369  59.248 0.0000000000
56044  0.787  -47.030  59.679 0.0000000000
71614  24.924  -35.323  39.764 0.0000000000
72893  24.264  -35.030  39.105 0.0000000000
71638  24.022  -35.454  38.508 0.0000000000
72912  23.846  -35.065  38.677 0.0000000000
70304  21.035  -37.196  41.519 0.0000000000
68951  21.468  -37.545  42.863 0.0000000000
68952  21.186  -37.927  42.607 0.0000000000
64938  17.538  -39.913  40.457 0.0000000000
64920  18.424  -40.589  41.043 0.0000000000
91252  41.938  -20.637  30.776 0.0000000000
91251  42.808  -20.639  30.502 0.0000000000
90045  42.404  -21.506  30.819 0.0000000000
86098  28.323  -24.286  36.243 0.0000000000
86097  29.432  -24.325  35.973 0.0000000000
84773  29.418  -25.787  35.218 0.0000000000
79674  26.339  -28.956  37.570 0.0000000000
81041  25.998  -28.466  37.504 0.0000000000
81040  26.781  -28.455  37.526 0.0000000000
81018  31.292  -28.571  38.652 0.0000000000
81038  30.312  -28.532  37.600 0.0000000000
81037  31.040  -28.834  37.957 0.0000000000
79671  32.266  -30.162  37.405 0.0000000000
101290  57.091  -11.168  23.747 0.0000000000
101291  56.287  -11.306  23.460 0.0000000000
101296  51.809  -12.443  24.754 0.0000000000
99991  51.593  -13.169  24.545 0.0000000000
64878  13.591  -40.088  44.245 0.0000000000
64891  13.856  -39.970  43.235 0.0000000000
97418  45.727  -16.567  28.184 0.0000000000
96139  44.929  -16.762  28.347 0.0000000000
94916  45.536  -18.080  29.053 0.0000000000
74358  27.794  -33.560  38.321 0.0000000000
71649  29.383  -35.483  37.346 0.0000000000
71633  30.006  -35.844  37.869 0.0000000000
99908  44.800  -12.415  31.747 0.0000000000
101216  44.613  -12.598  29.183 0.0000000000
101200  45.371  -11.895  30.393 0.0000000000
101215  45.364  -12.142  29.262 0.0000000000
101214  46.178  -11.554  29.476 0.0000000000
101228  46.211  -12.291  28.366 0.0000000000
98696  44.180  -14.596  27.828 0.0000000000
99957  44.811  -14.183  27.705 0.0000000000
98695  44.828  -15.164  27.403 0.0000000000
97450  45.513  -15.312  27.139 0.0000000000
52393  0.076  -50.304  59.035 0.0000000000
94865  38.340  -16.991  33.831 0.0000000000
94883  37.944  -17.037  32.720 0.0000000000
93578  36.335  -18.786  33.917 0.0000000000
93594  36.798  -18.304  32.946 0.0000000000
93595  36.396  -19.230  33.185 0.0000000000
92385  36.261  -20.023  33.109 0.0000000000
83579  33.077  -26.343  32.585 0.0000000000
83578  33.953  -26.133  32.298 0.0000000000
81091  34.823  -28.728  32.677 0.0000000000
79732  35.445  -29.492  33.043 0.0000000000
79711  35.920  -30.292  33.358 0.0000000000
78406  35.322  -30.978  33.795 0.0000000000
77112  34.584  -32.110  34.827 0.0000000000
77127  35.467  -31.692  34.316 0.0000000000
77091  34.673  -32.502  35.876 0.0000000000
94864  39.437  -16.916  34.025 0.0000000000
59861  8.610  -44.192  46.467 0.0000000000
59843  8.689  -44.587  47.057 0.0000000000
58481  7.852  -45.359  47.930 0.0000000000
59835  8.286  -45.027  47.618 0.0000000000
58472  7.952  -45.735  48.679 0.0000000000
59816  8.675  -45.462  49.324 0.0000000000
58467  7.516  -46.171  49.963 0.0000000000
58473  7.178  -46.021  49.071 0.0000000000
59838  5.520  -45.508  48.745 0.0000000000
57274  6.183  -46.303  48.934 0.0000000000
57257  5.654  -47.009  50.207 0.0000000000
59710  3.762  -44.754  55.677 0.0000000000
58411  3.246  -45.323  55.440 0.0000000000
58399  3.210  -45.076  56.179 0.0000000000
58384  3.118  -44.893  56.843 0.0000000000
72865  23.634  -33.985  41.468 0.0000000000
74306  23.086  -33.537  40.724 0.0000000000
72878  22.878  -33.929  40.026 0.0000000000
74320  22.465  -33.551  40.091 0.0000000000
72879  20.897  -34.413  39.564 0.0000000000
62410  16.607  -42.885  43.557 0.0000000000
62429  17.003  -42.541  42.961 0.0000000000
62388  17.257  -43.103  44.433 0.0000000000
86058  27.688  -23.855  38.200 0.0000000000
79641  29.337  -29.581  39.128 0.0000000000
79629  29.814  -29.262  39.837 0.0000000000
80979  31.353  -28.742  40.998 0.0000000000
80998  30.363  -28.635  40.104 0.0000000000
82232  30.786  -28.547  40.196 0.0000000000
54813  -1.921  -48.438  62.491 0.0000000000
87496  34.964  -23.255  34.504 0.0000000000
84794  33.415  -25.151  34.166 0.0000000000
84795  32.908  -25.596  33.721 0.0000000000
82371  31.978  -26.791  33.536 0.0000000000
82372  31.341  -27.620  33.371 0.0000000000
61126  13.975  -43.854  45.417 0.0000000000
63623  11.309  -40.971  43.867 0.0000000000
62395  10.152  -42.479  44.490 0.0000000000
61131  8.982  -43.396  45.436 0.0000000000
62334  7.880  -42.035  47.206 0.0000000000
62355  7.489  -42.667  47.034 0.0000000000
74289  18.808  -33.001  42.697 0.0000000000
74290  18.521  -33.683  43.260 0.0000000000
70286  17.503  -36.547  42.339 0.0000000000
70285  17.778  -35.863  41.923 0.0000000000
68977  17.309  -37.141  41.082 0.0000000000
63676  14.672  -40.852  41.598 0.0000000000
66236  15.317  -39.485  41.446 0.0000000000
64923  15.260  -40.320  41.154 0.0000000000
64940  15.793  -39.991  40.781 0.0000000000
63675  15.472  -41.253  41.271 0.0000000000
63662  15.837  -42.042  41.811 0.0000000000
62431  15.179  -42.392  42.422 0.0000000000
62391  13.831  -43.268  43.716 0.0000000000
82211  26.346  -27.427  41.436 0.0000000000
79618  26.400  -28.649  40.929 0.0000000000
78314  26.156  -30.033  39.455 0.0000000000
79643  25.839  -29.808  39.327 0.0000000000
78327  25.502  -29.739  38.512 0.0000000000
78343  25.497  -29.862  38.065 0.0000000000
77054  26.331  -30.694  37.820 0.0000000000
74372  27.376  -33.102  37.203 0.0000000000
75751  27.226  -32.490  37.725 0.0000000000
75792  27.635  -32.747  36.610 0.0000000000
75767  29.887  -32.223  37.232 0.0000000000
77071  28.099  -31.769  36.719 0.0000000000
77070  28.670  -31.531  37.081 0.0000000000
77051  28.927  -31.180  37.640 0.0000000000
78338  29.185  -30.934  38.170 0.0000000000
77050  29.720  -31.446  38.053 0.0000000000
75707  32.038  -32.206  39.753 0.0000000000
77030  31.163  -31.819  39.272 0.0000000000
101177  48.263  -11.130  32.433 0.0000000000
103704  52.605  -9.907  28.231 0.0000000000
103705  52.037  -9.963  28.334 0.0000000000
102542  49.801  -10.850  27.030 0.0000000000
102526  51.199  -10.187  27.148 0.0000000000
102541  50.422  -10.774  26.627 0.0000000000
101255  50.697  -11.357  25.890 0.0000000000
101258  47.615  -13.153  26.846 0.0000000000
98727  48.104  -14.545  26.168 0.0000000000
99963  48.123  -13.486  26.307 0.0000000000
99975  48.694  -13.936  25.824 0.0000000000
99974  49.373  -13.547  25.570 0.0000000000
98665  41.359  -14.760  30.403 0.0000000000
97399  41.629  -15.615  30.039 0.0000000000
94922  40.139  -17.099  30.952 0.0000000000
94921  40.788  -17.137  30.628 0.0000000000
94895  40.370  -17.822  30.921 0.0000000000
93607  40.877  -18.729  30.995 0.0000000000
92397  40.335  -19.683  31.063 0.0000000000
94898  37.826  -17.581  32.295 0.0000000000
91234  39.549  -21.133  31.699 0.0000000000
91255  39.333  -20.482  31.646 0.0000000000
91233  40.275  -21.325  31.418 0.0000000000
87511  39.529  -24.095  32.142 0.0000000000
87510  40.320  -24.133  32.042 0.0000000000
92353  35.719  -20.273  34.397 0.0000000000
91210  35.386  -20.668  34.254 0.0000000000
88803  35.412  -22.377  32.852 0.0000000000
90030  35.212  -21.454  33.384 0.0000000000
90029  36.061  -21.515  32.854 0.0000000000
83577  34.993  -26.111  32.261 0.0000000000
86168  35.118  -24.241  32.467 0.0000000000
83575  37.226  -26.344  32.300 0.0000000000
84832  36.620  -25.313  32.338 0.0000000000
84831  37.577  -25.340  32.326 0.0000000000
86166  37.182  -24.431  32.391 0.0000000000
86165  38.131  -24.565  32.307 0.0000000000
69015  26.006  -37.853  38.993 0.0000000000
69014  26.985  -37.845  39.134 0.0000000000
67606  26.452  -38.120  39.629 0.0000000000
67563  27.188  -38.539  41.677 0.0000000000
98650  43.806  -13.054  32.543 0.0000000000
98639  43.321  -13.870  33.063 0.0000000000
98653  41.292  -14.426  31.235 0.0000000000
98652  42.323  -13.978  31.383 0.0000000000
98664  41.971  -14.171  30.503 0.0000000000
61060  13.713  -44.481  47.732 0.0000000000
61065  9.638  -44.641  48.488 0.0000000000
57241  7.055  -46.565  51.742 0.0000000000
63541  7.366  -41.290  49.098 0.0000000000
62266  6.054  -42.329  51.403 0.0000000000
63497  6.433  -41.868  50.806 0.0000000000
62297  6.441  -42.484  49.606 0.0000000000
62279  6.212  -42.604  50.319 0.0000000000
61032  5.926  -43.223  50.208 0.0000000000
59803  4.712  -44.267  51.410 0.0000000000
59818  4.585  -45.276  50.656 0.0000000000
58468  4.467  -46.066  50.504 0.0000000000
58461  4.023  -45.923  51.306 0.0000000000
59763  4.276  -44.662  53.719 0.0000000000
58442  3.828  -45.276  53.175 0.0000000000
57243  3.164  -46.817  52.445 0.0000000000
57250  3.617  -47.041  51.567 0.0000000000
54958  4.102  -48.483  52.165 0.0000000000
54942  3.680  -48.628  52.456 0.0000000000
53719  3.395  -49.594  53.604 0.0000000000
52454  3.676  -50.465  54.354 0.0000000000
53689  1.966  -49.565  55.691 0.0000000000
53678  1.789  -49.962  56.280 0.0000000000
52427  1.686  -50.255  56.605 0.0000000000
57214  1.430  -46.704  56.411 0.0000000000
57220  1.551  -47.126  55.699 0.0000000000
56067  0.602  -48.070  57.277 0.0000000000
54876  0.494  -48.666  57.552 0.0000000000
53680  0.662  -49.134  57.164 0.0000000000
54865  0.318  -48.669  58.387 0.0000000000
54838  -0.214  -48.518  60.474 0.0000000000
57149  1.001  -46.003  62.138 0.0000000000
57150  0.432  -46.327  62.261 0.0000000000
56001  0.031  -47.115  62.132 0.0000000000
56018  -0.306  -48.018  61.550 0.0000000000
55990  -0.968  -46.934  62.683 0.0000000000
71592  26.579  -35.600  40.183 0.0000000000
70355  24.875  -36.320  38.545 0.0000000000
69017  24.393  -37.195  38.966 0.0000000000
68992  24.018  -37.325  39.790 0.0000000000
71617  22.093  -35.018  39.467 0.0000000000
70281  22.845  -36.880  41.834 0.0000000000
68925  23.522  -37.462  43.023 0.0000000000
71599  18.410  -35.065  40.773 0.0000000000
72881  18.894  -34.114  40.427 0.0000000000
70319  19.446  -36.337  40.435 0.0000000000
67568  19.736  -38.736  41.206 0.0000000000
63641  18.523  -42.143  43.428 0.0000000000
63672  18.509  -41.388  41.846 0.0000000000
63659  18.992  -41.666  42.569 0.0000000000
63639  20.112  -41.138  43.616 0.0000000000
64888  20.277  -40.685  42.928 0.0000000000
94919  42.464  -17.403  30.083 0.0000000000
93625  42.731  -18.285  30.316 0.0000000000
83496  31.535  -25.745  35.653 0.0000000000
83542  29.856  -27.092  34.536 0.0000000000
82373  30.631  -28.258  33.606 0.0000000000
83427  26.118  -26.699  40.428 0.0000000000
84685  26.169  -26.324  39.973 0.0000000000
83460  25.633  -26.353  39.052 0.0000000000
83478  26.249  -26.597  37.177 0.0000000000
84733  25.883  -25.895  37.966 0.0000000000
84731  26.805  -25.287  36.971 0.0000000000
83499  27.162  -26.287  36.417 0.0000000000
81020  28.731  -28.710  38.255 0.0000000000
82277  28.328  -28.255  37.751 0.0000000000
82317  29.036  -28.014  36.884 0.0000000000
83498  28.027  -26.380  35.869 0.0000000000
79698  30.264  -29.464  35.525 0.0000000000
79697  30.989  -30.252  35.218 0.0000000000
79716  31.389  -30.214  34.206 0.0000000000
78391  31.764  -30.652  35.141 0.0000000000
78375  32.185  -30.823  36.132 0.0000000000
69012  29.141  -37.472  39.909 0.0000000000
70314  30.427  -36.786  40.176 0.0000000000
70332  31.013  -36.218  39.820 0.0000000000
70331  31.522  -35.946  40.455 0.0000000000
72873  33.196  -34.235  40.293 0.0000000000
102586  57.446  -11.620  22.505 0.0000000000
101306  58.764  -11.527  22.954 0.0000000000
101320  57.763  -11.693  22.082 0.0000000000
101334  57.249  -12.407  21.551 0.0000000000
103720  52.903  -9.956  26.615 0.0000000000
101271  53.732  -11.511  24.640 0.0000000000
101270  54.106  -11.379  24.449 0.0000000000
102575  54.797  -11.019  24.440 0.0000000000
101293  54.373  -11.875  23.961 0.0000000000
98759  54.098  -14.606  23.193 0.0000000000
100004  53.529  -13.831  23.716 0.0000000000
100003  54.398  -13.053  23.303 0.0000000000
101311  54.556  -12.422  23.433 0.0000000000
100002  54.863  -12.868  22.947 0.0000000000
101323  55.561  -12.483  22.669 0.0000000000
100014  55.254  -13.210  22.502 0.0000000000
97436  43.629  -15.077  28.034 0.0000000000
97419  44.657  -16.351  28.029 0.0000000000
96123  43.711  -17.371  28.938 0.0000000000
72910  27.573  -34.991  38.257 0.0000000000
72927  27.689  -34.824  37.727 0.0000000000
70366  28.550  -36.363  37.536 0.0000000000
99926  43.016  -13.320  30.477 0.0000000000
99925  43.932  -12.626  30.157 0.0000000000
101230  44.625  -13.110  28.553 0.0000000000
53646  -0.758  -49.827  59.779 0.0000000000
94850  37.598  -17.514  34.201 0.0000000000
93551  37.133  -18.407  34.682 0.0000000000
81092  33.788  -28.913  32.684 0.0000000000
79733  34.353  -29.846  33.058 0.0000000000
78426  34.130  -30.626  33.262 0.0000000000
78388  34.066  -31.559  34.300 0.0000000000
77113  33.759  -31.966  34.993 0.0000000000
59863  7.599  -44.243  46.963 0.0000000000
59844  7.861  -44.663  47.132 0.0000000000
58495  7.419  -45.064  47.746 0.0000000000
59665  3.267  -44.429  57.386 0.0000000000
74307  22.436  -32.925  40.935 0.0000000000
72880  19.880  -34.186  39.810 0.0000000000
62370  16.274  -43.731  44.980 0.0000000000
62369  16.927  -43.631  45.314 0.0000000000
61123  16.675  -43.880  45.758 0.0000000000
86044  26.977  -24.849  39.776 0.0000000000
78310  30.916  -30.583  40.233 0.0000000000
79628  30.305  -29.740  40.092 0.0000000000
79627  31.010  -30.040  40.702 0.0000000000
61149  13.382  -43.615  44.519 0.0000000000
62393  11.886  -42.811  43.873 0.0000000000
63624  10.695  -41.340  44.404 0.0000000000
63602  10.541  -40.925  45.511 0.0000000000
62372  8.593  -42.491  45.645 0.0000000000
66224  14.584  -39.639  42.210 0.0000000000
66223  15.424  -39.101  42.420 0.0000000000
64906  14.362  -39.929  42.083 0.0000000000
63677  14.270  -40.502  41.935 0.0000000000
62432  14.387  -42.058  42.285 0.0000000000
79630  26.820  -29.817  40.444 0.0000000000
78325  26.637  -31.015  38.812 0.0000000000
74384  29.335  -33.270  36.601 0.0000000000
75790  28.806  -32.756  36.522 0.0000000000
74370  30.115  -33.168  36.816 0.0000000000
74357  30.589  -32.752  37.428 0.0000000000
75749  30.647  -32.129  38.122 0.0000000000
75748  31.086  -32.388  38.524 0.0000000000
75729  32.131  -32.758  39.400 0.0000000000
75706  32.700  -32.528  40.090 0.0000000000
102482  49.418  -10.638  30.521 0.0000000000
102511  51.281  -10.114  28.450 0.0000000000
101242  49.018  -11.288  27.252 0.0000000000
99965  46.719  -14.212  26.749 0.0000000000
98728  47.204  -14.667  26.484 0.0000000000
97468  48.558  -15.396  26.400 0.0000000000
98654  40.789  -14.830  31.123 0.0000000000
97400  40.629  -15.422  30.827 0.0000000000
97401  39.924  -16.083  31.204 0.0000000000
96128  39.787  -16.686  31.158 0.0000000000
94896  39.423  -17.477  31.214 0.0000000000
92383  37.995  -19.802  32.164 0.0000000000
92399  38.311  -19.204  31.890 0.0000000000
88799  39.573  -22.790  31.942 0.0000000000
88786  39.276  -23.405  32.067 0.0000000000
86154  39.005  -24.753  32.288 0.0000000000
90005  34.662  -21.810  34.069 0.0000000000
90013  34.893  -21.177  33.951 0.0000000000
90014  34.676  -21.825  33.692 0.0000000000
81106  35.760  -27.579  32.408 0.0000000000
82385  36.389  -27.218  32.361 0.0000000000
82384  37.216  -27.211  32.397 0.0000000000
83559  37.670  -26.955  32.388 0.0000000000
83558  38.359  -26.560  32.445 0.0000000000
68972  25.185  -37.943  40.024 0.0000000000
67582  26.421  -38.331  40.363 0.0000000000
67545  26.434  -38.508  42.213 0.0000000000
96078  40.820  -16.249  33.831 0.0000000000
96094  41.318  -15.559  33.435 0.0000000000
97374  41.852  -14.842  32.860 0.0000000000
97378  41.230  -14.641  32.098 0.0000000000
61079  12.330  -43.914  47.148 0.0000000000
61061  12.960  -44.266  47.959 0.0000000000
61062  12.046  -43.972  48.148 0.0000000000
57248  6.633  -47.216  51.352 0.0000000000
56101  5.766  -48.287  53.460 0.0000000000
54925  5.218  -48.998  53.042 0.0000000000
63458  6.181  -41.442  52.082 0.0000000000
62267  5.488  -43.063  51.194 0.0000000000
61013  4.940  -43.683  51.530 0.0000000000
61014  4.688  -44.209  51.692 0.0000000000
58425  3.371  -45.423  54.620 0.0000000000
58443  3.280  -45.695  53.656 0.0000000000
57234  2.955  -46.518  53.308 0.0000000000
56102  2.888  -47.474  53.081 0.0000000000
54928  2.774  -48.850  53.708 0.0000000000
53720  2.758  -49.215  54.046 0.0000000000
53703  2.684  -49.607  54.611 0.0000000000
54903  1.508  -48.551  55.472 0.0000000000
56031  0.750  -46.929  60.723 0.0000000000
70356  24.069  -36.033  38.464 0.0000000000
70317  21.864  -36.081  40.616 0.0000000000
70282  22.199  -36.798  42.341 0.0000000000
68926  22.529  -37.203  43.365 0.0000000000
70264  21.789  -37.118  43.006 0.0000000000
68996  17.830  -37.010  40.650 0.0000000000
67585  18.521  -38.274  40.347 0.0000000000
66252  18.643  -39.053  40.332 0.0000000000
66233  19.155  -39.561  40.830 0.0000000000
63598  19.104  -42.404  45.199 0.0000000000
63621  19.390  -41.963  44.257 0.0000000000
93606  41.988  -18.724  30.805 0.0000000000
93605  42.894  -19.078  30.473 0.0000000000
86096  30.192  -24.471  35.850 0.0000000000
84750  30.878  -24.931  35.800 0.0000000000
83497  30.740  -25.613  35.337 0.0000000000
84772  30.220  -25.467  35.233 0.0000000000
83543  29.584  -26.959  34.752 0.0000000000
82279  25.088  -27.894  38.807 0.0000000000
83445  25.277  -26.891  39.091 0.0000000000
82301  25.531  -27.507  37.807 0.0000000000
82275  29.626  -28.099  38.421 0.0000000000
81039  29.572  -28.253  37.210 0.0000000000
81055  29.536  -28.381  36.643 0.0000000000
81064  29.582  -28.710  35.691 0.0000000000
81054  30.098  -28.820  36.581 0.0000000000
79690  30.514  -29.356  36.530 0.0000000000
79689  31.320  -30.093  36.359 0.0000000000
79688  32.013  -30.443  36.701 0.0000000000
68988  28.519  -38.145  40.994 0.0000000000
68969  30.497  -37.334  41.819 0.0000000000
70300  31.036  -36.887  41.751 0.0000000000
101307  57.614  -11.410  22.944 0.0000000000
102557  51.988  -11.053  25.735 0.0000000000
102538  53.142  -10.328  25.862 0.0000000000
102556  52.551  -11.037  25.497 0.0000000000
101272  52.835  -11.677  24.946 0.0000000000
97490  54.077  -15.435  23.117 0.0000000000
97505  54.602  -15.468  22.684 0.0000000000
98776  55.077  -14.472  22.380 0.0000000000
64908  13.470  -40.244  42.789 0.0000000000
64893  11.897  -40.553  43.794 0.0000000000
66210  15.558  -39.172  43.360 0.0000000000
66212  14.268  -39.712  42.755 0.0000000000
97417  46.846  -16.471  28.274 0.0000000000
97397  46.191  -16.882  28.498 0.0000000000
96122  45.110  -17.261  28.644 0.0000000000
77032  27.446  -32.157  38.816 0.0000000000
75750  27.458  -32.900  38.215 0.0000000000
74359  27.445  -33.172  37.751 0.0000000000
74386  27.819  -33.457  36.768 0.0000000000
72926  28.031  -34.480  37.317 0.0000000000
72941  28.484  -33.984  36.799 0.0000000000
72940  29.212  -33.903  36.699 0.0000000000
72908  30.696  -34.847  37.770 0.0000000000
99907  45.963  -12.101  32.187 0.0000000000
101179  46.429  -11.590  31.584 0.0000000000
99924  44.691  -12.236  30.538 0.0000000000
101213  46.912  -11.092  29.894 0.0000000000
102499  47.561  -10.951  29.641 0.0000000000
102515  47.861  -11.020  29.166 0.0000000000
101226  48.043  -11.280  28.361 0.0000000000
101245  46.475  -13.005  27.599 0.0000000000
99944  45.040  -13.486  28.046 0.0000000000
99956  45.487  -14.003  27.467 0.0000000000
99955  46.227  -13.771  27.259 0.0000000000
98712  46.062  -14.734  26.912 0.0000000000
52405  0.513  -50.378  58.164 0.0000000000
96102  38.639  -16.651  32.380 0.0000000000
96097  38.559  -16.564  33.082 0.0000000000
94866  37.353  -17.420  33.340 0.0000000000
92400  37.757  -19.200  32.162 0.0000000000
90028  37.025  -21.558  32.580 0.0000000000
86170  33.648  -24.107  32.872 0.0000000000
86169  34.177  -24.189  32.597 0.0000000000
77126  36.388  -31.830  34.455 0.0000000000
77110  36.494  -32.489  35.257 0.0000000000
68923  25.103  -38.084  42.724 0.0000000000
68883  24.991  -38.035  44.227 0.0000000000
96079  39.824  -16.297  33.626 0.0000000000
61081  10.414  -44.378  47.257 0.0000000000
61082  9.579  -44.561  47.539 0.0000000000
59826  9.178  -45.007  48.860 0.0000000000
57255  7.074  -46.551  50.165 0.0000000000
58474  6.646  -46.146  48.909 0.0000000000
57264  6.606  -46.424  49.395 0.0000000000
57256  6.381  -47.020  50.331 0.0000000000
56125  5.934  -47.336  50.532 0.0000000000
57258  4.921  -46.895  50.501 0.0000000000
59734  4.096  -44.680  54.824 0.0000000000
58426  2.813  -46.006  55.107 0.0000000000
57213  2.214  -45.990  56.752 0.0000000000
58385  2.685  -45.179  57.426 0.0000000000
57206  2.080  -45.885  57.851 0.0000000000
72864  24.328  -34.573  41.134 0.0000000000
72894  23.502  -34.776  39.303 0.0000000000
72895  22.591  -34.316  39.609 0.0000000000
72896  21.694  -34.469  39.476 0.0000000000
68993  20.523  -37.316  41.109 0.0000000000
63673  17.598  -41.412  41.542 0.0000000000
63642  17.615  -42.241  42.926 0.0000000000
62408  18.266  -42.601  43.936 0.0000000000
62387  18.082  -42.770  44.436 0.0000000000
63599  18.478  -42.619  44.856 0.0000000000
90023  42.053  -22.244  31.251 0.0000000000
79657  28.346  -29.504  38.168 0.0000000000
79642  28.923  -29.126  38.628 0.0000000000
82254  29.332  -28.417  38.529 0.0000000000
80981  30.120  -29.032  40.156 0.0000000000
80999  29.762  -28.729  39.679 0.0000000000
82253  29.705  -28.171  39.105 0.0000000000
82274  30.205  -27.985  38.863 0.0000000000
82273  30.804  -28.183  39.085 0.0000000000
99992  50.602  -13.791  24.876 0.0000000000
90003  35.955  -21.615  34.875 0.0000000000
88777  34.718  -22.413  34.286 0.0000000000
87514  33.630  -23.757  33.595 0.0000000000
87498  33.695  -23.923  33.918 0.0000000000
86155  33.373  -24.301  33.209 0.0000000000
84836  32.774  -25.978  32.792 0.0000000000
83560  32.344  -26.335  33.011 0.0000000000
81110  32.322  -28.350  32.693 0.0000000000
81094  32.031  -29.066  32.814 0.0000000000
61076  15.107  -44.395  47.124 0.0000000000
61100  14.553  -44.119  46.263 0.0000000000
61127  12.998  -43.807  45.372 0.0000000000
61102  12.636  -43.925  46.234 0.0000000000
62415  11.553  -42.094  43.510 0.0000000000
62394  11.004  -42.437  44.042 0.0000000000
61107  7.527  -43.570  46.723 0.0000000000
75711  19.444  -32.682  41.091 0.0000000000
75688  19.281  -32.637  41.924 0.0000000000
74324  18.412  -33.842  41.589 0.0000000000
72882  18.350  -34.238  41.152 0.0000000000
72850  18.336  -34.453  42.822 0.0000000000
71581  18.074  -35.070  41.494 0.0000000000
70305  17.829  -35.788  41.073 0.0000000000
67586  17.327  -38.093  40.526 0.0000000000
66254  16.999  -39.204  40.501 0.0000000000
67569  16.783  -37.874  41.544 0.0000000000
67552  15.814  -39.009  41.731 0.0000000000
67571  15.831  -39.119  41.392 0.0000000000
67570  16.285  -38.727  41.218 0.0000000000
66255  16.100  -39.365  40.844 0.0000000000
64939  16.572  -40.000  40.592 0.0000000000
63674  16.503  -41.478  41.271 0.0000000000
62411  15.545  -42.895  43.307 0.0000000000
61147  15.395  -43.697  44.773 0.0000000000
84669  26.590  -25.919  41.116 0.0000000000
83411  26.581  -26.485  41.651 0.0000000000
82212  26.118  -27.453  40.777 0.0000000000
82233  25.649  -27.540  40.089 0.0000000000
80983  25.592  -28.408  39.983 0.0000000000
81001  25.274  -28.377  39.422 0.0000000000
81022  25.156  -28.332  38.661 0.0000000000
79676  25.596  -29.471  37.914 0.0000000000
79659  26.224  -29.884  37.451 0.0000000000
77033  27.107  -31.697  38.444 0.0000000000
77034  26.539  -31.072  38.164 0.0000000000
77093  28.005  -32.231  36.412 0.0000000000
77053  27.114  -31.435  37.351 0.0000000000
78341  26.595  -30.349  37.568 0.0000000000
78339  28.709  -30.426  38.068 0.0000000000
78311  30.329  -30.570  39.600 0.0000000000
77031  30.612  -31.373  39.064 0.0000000000
77014  30.833  -31.014  39.763 0.0000000000
103713  52.741  -9.858  27.450 0.0000000000
103721  52.082  -10.118  26.807 0.0000000000
101254  51.243  -11.301  25.718 0.0000000000
101243  48.412  -11.470  27.712 0.0000000000
101275  49.554  -12.646  25.720 0.0000000000
99973  50.088  -13.178  25.337 0.0000000000
97398  42.058  -15.877  29.772 0.0000000000
94920  41.603  -17.197  30.291 0.0000000000
92396  41.428  -19.705  30.908 0.0000000000
92398  39.184  -19.675  31.518 0.0000000000
87526  41.363  -23.898  31.873 0.0000000000
88784  40.254  -23.643  31.884 0.0000000000
87527  40.812  -23.948  31.905 0.0000000000
92352  36.092  -19.740  34.471 0.0000000000
91239  35.557  -20.774  33.436 0.0000000000
87529  36.787  -23.448  32.476 0.0000000000
84814  39.246  -25.688  32.505 0.0000000000
83557  39.551  -26.718  32.793 0.0000000000
70352  27.238  -37.044  37.817 0.0000000000
69039  26.705  -37.407  38.355 0.0000000000
67581  27.360  -38.376  40.756 0.0000000000
99910  42.854  -13.598  31.148 0.0000000000
99937  42.502  -13.766  30.128 0.0000000000
63561  7.559  -41.513  48.379 0.0000000000
62315  7.032  -42.039  48.559 0.0000000000
62316  6.561  -42.698  48.889 0.0000000000
59828  5.579  -44.235  49.235 0.0000000000
59829  5.058  -44.897  49.620 0.0000000000
61033  5.374  -43.680  50.351 0.0000000000
58476  4.848  -46.015  49.895 0.0000000000
56116  4.545  -47.579  51.337 0.0000000000
58454  3.951  -45.511  52.260 0.0000000000
54957  4.470  -48.244  51.968 0.0000000000
54941  4.408  -48.895  52.552 0.0000000000
53717  4.778  -49.493  53.300 0.0000000000
53734  3.462  -49.033  52.944 0.0000000000
53718  4.258  -49.540  53.149 0.0000000000
53701  4.567  -49.831  53.594 0.0000000000
52439  2.788  -50.276  55.354 0.0000000000
52414  1.985  -50.682  56.837 0.0000000000
52415  1.302  -50.501  57.129 0.0000000000
56088  1.537  -47.720  55.428 0.0000000000
54888  1.038  -48.597  56.264 0.0000000000
56078  0.773  -48.018  56.730 0.0000000000
53667  0.862  -49.995  57.188 0.0000000000
52416  0.771  -50.257  57.529 0.0000000000
53645  -0.412  -49.398  59.615 0.0000000000
53631  -0.654  -49.012  60.164 0.0000000000
54826  -0.847  -48.555  61.132 0.0000000000
57179  1.854  -45.982  60.889 0.0000000000
57167  0.570  -46.658  61.596 0.0000000000
80941  27.141  -28.396  42.230 0.0000000000
71634  27.133  -35.519  38.117 0.0000000000
71635  26.557  -35.951  38.279 0.0000000000
69016  25.195  -37.477  38.919 0.0000000000
68973  24.641  -37.733  40.495 0.0000000000
68948  24.417  -37.678  41.415 0.0000000000
70316  22.745  -36.362  40.171 0.0000000000
70315  23.393  -36.941  40.139 0.0000000000
74322  19.589  -33.172  40.324 0.0000000000
68975  20.616  -37.910  41.584 0.0000000000
64919  19.409  -40.278  41.412 0.0000000000
64889  19.639  -41.319  42.669 0.0000000000
64904  19.860  -40.321  42.024 0.0000000000
66221  19.845  -39.604  41.644 0.0000000000
67549  20.142  -38.982  41.761 0.0000000000
67548  20.656  -38.727  42.195 0.0000000000
67527  21.149  -38.737  43.063 0.0000000000
96124  42.934  -16.950  29.585 0.0000000000
93624  43.620  -18.943  29.985 0.0000000000
93604  43.236  -19.221  30.268 0.0000000000
88814  42.807  -22.340  30.938 0.0000000000
82316  32.303  -26.171  35.688 0.0000000000
82333  31.753  -26.515  35.046 0.0000000000
82334  30.991  -26.711  34.615 0.0000000000
81095  31.259  -28.740  33.121 0.0000000000
79736  31.670  -29.693  33.308 0.0000000000
84684  26.537  -25.655  40.367 0.0000000000
84700  26.440  -25.312  39.284 0.0000000000
84717  25.710  -26.093  38.143 0.0000000000
86060  26.423  -25.150  38.526 0.0000000000
86059  26.767  -24.651  38.692 0.0000000000
86077  26.977  -24.591  37.382 0.0000000000
83477  26.904  -26.939  36.835 0.0000000000
82298  28.606  -27.998  37.345 0.0000000000
82319  27.558  -26.973  36.514 0.0000000000
84774  28.732  -26.145  35.471 0.0000000000
82356  29.433  -27.779  34.779 0.0000000000
79737  30.955  -29.535  33.608 0.0000000000
79715  32.246  -30.288  33.757 0.0000000000
78409  32.832  -30.759  34.222 0.0000000000
78389  33.284  -31.427  34.672 0.0000000000
78374  33.198  -31.837  35.853 0.0000000000
78373  33.953  -32.322  36.096 0.0000000000
69055  28.432  -37.044  37.982 0.0000000000
70351  29.011  -36.689  38.091 0.0000000000
69011  29.851  -37.014  39.947 0.0000000000
69036  29.571  -36.954  39.326 0.0000000000
70350  29.831  -36.426  38.578 0.0000000000
70349  30.633  -36.140  39.079 0.0000000000
71632  30.858  -35.457  38.465 0.0000000000
71631  31.465  -34.797  38.827 0.0000000000
70299  31.529  -36.400  41.672 0.0000000000
71575  32.075  -35.925  41.605 0.0000000000
71589  32.186  -35.657  40.810 0.0000000000
72889  32.646  -34.258  39.645 0.0000000000
74316  33.042  -33.471  40.079 0.0000000000
102537  54.042  -10.136  25.690 0.0000000000
102536  55.173  -10.069  25.968 0.0000000000
102553  55.301  -10.501  24.900 0.0000000000
101292  55.447  -11.527  23.570 0.0000000000
99990  52.785  -13.296  24.186 0.0000000000
98760  53.156  -14.817  23.563 0.0000000000
99989  53.836  -12.882  23.996 0.0000000000
101309  55.862  -11.933  22.943 0.0000000000
101322  56.206  -12.487  22.255 0.0000000000
100027  56.647  -13.236  21.614 0.0000000000
52470  3.932  -50.218  53.832 0.0000000000
54926  4.685  -49.272  52.971 0.0000000000
56016  0.648  -46.789  61.297 0.0000000000
57273  6.422  -46.200  48.881 0.0000000000
58484  5.752  -46.149  48.830 0.0000000000
61146  15.952  -43.739  44.873 0.0000000000
63479  6.431  -41.522  51.368 0.0000000000
63620  20.057  -41.381  44.146 0.0000000000
64890  14.338  -39.628  43.285 0.0000000000
64924  14.555  -40.067  41.783 0.0000000000
64925  14.272  -40.244  42.005 0.0000000000
64941  15.460  -39.857  41.054 0.0000000000
66211  14.788  -39.367  43.119 0.0000000000
66220  20.332  -39.373  42.116 0.0000000000
66225  14.291  -39.835  42.428 0.0000000000
66256  15.648  -39.670  41.005 0.0000000000
67566  24.877  -37.930  41.105 0.0000000000
67583  25.787  -38.137  39.849 0.0000000000
67604  27.581  -38.187  40.181 0.0000000000
68902  25.042  -38.073  43.276 0.0000000000
68976  20.067  -38.203  41.276 0.0000000000
68986  30.643  -37.066  41.310 0.0000000000
68989  27.865  -38.197  40.388 0.0000000000
70265  21.607  -37.364  42.961 0.0000000000
70306  17.526  -36.486  41.498 0.0000000000
70312  31.631  -36.078  41.090 0.0000000000
71557  31.886  -36.185  42.099 0.0000000000
71588  33.049  -35.020  40.664 0.0000000000
71610  31.096  -35.772  39.245 0.0000000000
71652  27.009  -35.743  37.890 0.0000000000
72872  33.661  -34.280  40.978 0.0000000000
72911  24.205  -35.230  38.660 0.0000000000
72924  30.215  -34.303  37.110 0.0000000000
74309  18.779  -33.071  41.988 0.0000000000
74310  18.479  -33.625  42.195 0.0000000000
74319  22.958  -33.796  40.277 0.0000000000
74342  21.388  -33.897  39.540 0.0000000000
74387  27.466  -33.023  36.870 0.0000000000
75661  20.832  -32.408  41.836 0.0000000000
75712  19.122  -32.786  41.373 0.0000000000
75731  31.016  -32.015  38.815 0.0000000000
75769  28.388  -32.316  36.497 0.0000000000
75770  27.367  -32.511  37.016 0.0000000000
75789  29.449  -32.691  36.724 0.0000000000
75791  28.114  -32.777  36.399 0.0000000000
77068  35.065  -32.421  36.632 0.0000000000
77094  27.809  -32.475  36.466 0.0000000000
78324  29.069  -30.123  38.674 0.0000000000
78356  32.306  -30.683  36.895 0.0000000000
78357  25.780  -29.822  37.574 0.0000000000
78358  25.688  -29.787  37.709 0.0000000000
78407  34.505  -30.959  33.674 0.0000000000
79632  25.589  -28.873  39.652 0.0000000000
79660  25.417  -29.280  38.348 0.0000000000
79675  25.896  -29.440  37.548 0.0000000000
79699  29.765  -29.044  35.199 0.0000000000
79713  34.519  -30.515  33.232 0.0000000000
79718  29.880  -29.161  34.780 0.0000000000
80963  26.280  -28.012  41.076 0.0000000000
80980  30.778  -28.934  40.534 0.0000000000
81002  25.072  -28.043  39.110 0.0000000000
81023  25.070  -28.067  38.903 0.0000000000
81111  31.824  -28.562  32.832 0.0000000000
82234  25.362  -27.969  39.784 0.0000000000
82255  25.508  -27.296  39.746 0.0000000000
82257  25.063  -27.808  39.011 0.0000000000
82278  25.134  -27.482  38.732 0.0000000000
82296  30.049  -28.007  38.201 0.0000000000
83412  26.269  -26.855  41.081 0.0000000000
83444  25.683  -26.822  39.676 0.0000000000
83461  25.415  -26.554  38.408 0.0000000000
83521  28.618  -26.570  35.627 0.0000000000
83580  32.634  -26.473  32.779 0.0000000000
84715  26.416  -25.193  38.772 0.0000000000
84716  26.060  -25.713  38.524 0.0000000000
84754  26.704  -25.870  36.797 0.0000000000
86027  27.038  -25.030  40.344 0.0000000000
86078  26.443  -25.089  38.121 0.0000000000
86099  27.580  -24.351  36.654 0.0000000000
86137  33.478  -24.389  33.736 0.0000000000
87509  41.059  -24.474  32.133 0.0000000000
91224  35.797  -20.367  33.431 0.0000000000
91225  35.397  -20.562  33.739 0.0000000000
92382  38.566  -19.800  31.941 0.0000000000
96081  38.601  -16.680  33.443 0.0000000000
96120  47.247  -17.339  28.973 0.0000000000
96142  42.653  -16.382  29.458 0.0000000000
97469  47.625  -15.191  26.498 0.0000000000
98677  46.955  -16.207  27.985 0.0000000000
98680  41.900  -14.587  30.143 0.0000000000
98714  44.735  -14.662  27.539 0.0000000000
98777  54.590  -14.634  22.730 0.0000000000
99911  42.558  -13.762  31.084 0.0000000000
99946  43.624  -13.993  28.455 0.0000000000
101321  57.040  -12.000  22.171 0.0000000000
102485  47.311  -10.900  30.198 0.0000000000
102573  56.071  -11.019  24.029 0.0000000000
102587  57.264  -11.559  22.677 0.0000000000
102596  57.358  -11.742  22.305 0.0000000000
102597  57.186  -11.702  22.488 0.0000000000
