#!ascii label  , from subject 3436 vox2ras=TkReg
455
15481  33.430  -80.784  1.232 0.0000000000
21959  30.136  -75.997  -13.200 0.0000000000
12193  29.637  -83.635  -2.722 0.0000000000
16819  28.970  -79.245  -6.094 0.0000000000
15602  32.790  -79.185  -9.034 0.0000000000
13239  31.252  -81.981  -6.243 0.0000000000
14422  29.123  -81.211  -10.166 0.0000000000
20685  29.404  -77.640  -10.144 0.0000000000
20675  25.417  -76.745  -8.158 0.0000000000
13168  30.942  -82.705  0.698 0.0000000000
14316  30.760  -81.515  -3.367 0.0000000000
16816  32.321  -79.151  -6.333 0.0000000000
21861  32.430  -76.820  -9.997 0.0000000000
19461  34.018  -77.384  -12.755 0.0000000000
19252  32.647  -78.506  2.141 0.0000000000
14238  30.814  -82.260  2.799 0.0000000000
11185  28.115  -84.118  -0.485 0.0000000000
20632  28.827  -76.916  -4.131 0.0000000000
13256  29.321  -82.121  -8.271 0.0000000000
21895  29.597  -77.213  -11.314 0.0000000000
21897  27.486  -76.746  -11.212 0.0000000000
12169  30.082  -83.419  -0.924 0.0000000000
12191  30.676  -82.727  -2.767 0.0000000000
15569  32.020  -80.258  -7.958 0.0000000000
14339  32.505  -80.496  -5.914 0.0000000000
16831  33.164  -79.330  -7.639 0.0000000000
20653  32.124  -77.659  -8.669 0.0000000000
19413  33.225  -77.931  -9.211 0.0000000000
20713  35.106  -76.578  -12.247 0.0000000000
14259  28.501  -81.583  1.160 0.0000000000
13160  29.688  -83.186  2.120 0.0000000000
13170  27.502  -82.465  0.103 0.0000000000
16778  28.741  -79.514  -3.451 0.0000000000
18058  27.928  -78.432  -4.804 0.0000000000
21865  24.640  -75.777  -8.112 0.0000000000
21850  25.667  -75.358  -6.709 0.0000000000
12214  29.052  -83.945  -4.480 0.0000000000
12213  30.152  -83.173  -4.323 0.0000000000
13241  29.598  -82.857  -6.355 0.0000000000
13255  30.114  -81.603  -8.228 0.0000000000
15584  31.065  -80.269  -9.032 0.0000000000
18116  29.299  -78.612  -8.236 0.0000000000
18104  27.056  -78.158  -7.129 0.0000000000
20673  27.127  -77.745  -9.252 0.0000000000
21881  25.314  -76.295  -9.261 0.0000000000
23182  31.650  -74.721  -14.894 0.0000000000
14273  32.606  -81.550  1.406 0.0000000000
14295  29.884  -81.303  -1.900 0.0000000000
15539  29.571  -80.193  -4.285 0.0000000000
13207  31.254  -81.838  -4.796 0.0000000000
15537  31.119  -80.632  -5.009 0.0000000000
18083  30.456  -79.042  -6.873 0.0000000000
19399  30.363  -78.311  -8.564 0.0000000000
21863  31.148  -77.294  -9.798 0.0000000000
21914  31.554  -76.449  -11.655 0.0000000000
18140  33.157  -77.942  -11.079 0.0000000000
19426  33.917  -77.105  -10.518 0.0000000000
21912  33.188  -76.197  -11.767 0.0000000000
21957  31.653  -75.791  -13.317 0.0000000000
17950  34.491  -78.813  2.080 0.0000000000
16700  33.438  -79.731  2.554 0.0000000000
16702  31.594  -80.517  2.947 0.0000000000
14220  33.591  -81.940  3.077 0.0000000000
12123  31.156  -82.937  2.337 0.0000000000
11160  30.063  -83.725  1.328 0.0000000000
11191  28.511  -84.676  -1.519 0.0000000000
11200  27.719  -85.253  -1.918 0.0000000000
10294  28.102  -85.805  -3.579 0.0000000000
19382  26.800  -76.971  -5.576 0.0000000000
16720  33.937  -79.964  1.380 0.0000000000
16740  34.046  -79.589  0.917 0.0000000000
16741  33.034  -80.125  0.685 0.0000000000
21916  29.722  -76.786  -11.926 0.0000000000
21917  28.614  -76.667  -11.992 0.0000000000
12181  29.853  -83.475  -1.771 0.0000000000
12180  30.447  -82.904  -1.699 0.0000000000
12192  30.380  -83.101  -2.631 0.0000000000
15582  32.505  -79.623  -8.544 0.0000000000
15567  33.087  -80.249  -7.273 0.0000000000
15581  32.958  -79.619  -8.133 0.0000000000
18096  32.921  -78.480  -8.508 0.0000000000
16860  32.995  -78.568  -9.236 0.0000000000
20739  35.060  -76.439  -14.119 0.0000000000
13169  28.356  -82.313  0.724 0.0000000000
16788  28.699  -79.438  -4.537 0.0000000000
18057  28.407  -78.574  -3.960 0.0000000000
16789  28.203  -79.000  -5.044 0.0000000000
23089  24.742  -74.508  -7.357 0.0000000000
12229  29.108  -83.750  -5.412 0.0000000000
12240  29.072  -83.435  -6.364 0.0000000000
14403  29.387  -81.583  -9.227 0.0000000000
14387  29.900  -81.447  -8.739 0.0000000000
14386  30.727  -80.957  -8.523 0.0000000000
14402  29.915  -80.935  -9.485 0.0000000000
19415  29.220  -78.280  -8.885 0.0000000000
19416  27.927  -78.290  -8.917 0.0000000000
20672  28.247  -77.926  -9.525 0.0000000000
21898  26.531  -76.412  -10.900 0.0000000000
21899  25.582  -75.942  -10.536 0.0000000000
21900  24.868  -75.523  -10.022 0.0000000000
14258  31.900  -82.377  1.718 0.0000000000
15484  31.314  -81.055  0.488 0.0000000000
14275  30.845  -81.796  0.150 0.0000000000
15514  29.551  -80.915  -2.657 0.0000000000
15527  30.237  -80.986  -3.484 0.0000000000
12227  31.031  -82.693  -5.195 0.0000000000
12226  31.151  -82.429  -4.762 0.0000000000
13223  31.464  -81.906  -5.554 0.0000000000
16799  32.346  -79.661  -6.002 0.0000000000
14327  31.891  -80.569  -5.758 0.0000000000
16800  31.492  -79.888  -5.697 0.0000000000
16801  30.474  -79.833  -5.549 0.0000000000
18082  31.394  -78.944  -6.724 0.0000000000
18100  30.876  -78.623  -7.594 0.0000000000
18099  31.606  -78.504  -7.468 0.0000000000
20668  32.071  -77.157  -9.318 0.0000000000
20669  31.591  -77.415  -9.209 0.0000000000
21862  31.856  -77.110  -9.756 0.0000000000
21875  31.276  -77.052  -10.368 0.0000000000
21892  32.219  -76.552  -10.917 0.0000000000
18206  31.697  -78.009  -15.682 0.0000000000
19476  33.127  -77.472  -13.742 0.0000000000
18174  32.511  -77.900  -13.443 0.0000000000
19462  33.329  -77.559  -12.895 0.0000000000
18154  33.223  -77.755  -11.948 0.0000000000
18139  33.656  -77.627  -11.022 0.0000000000
18152  34.304  -77.431  -11.658 0.0000000000
21931  34.845  -75.977  -12.450 0.0000000000
21910  34.405  -76.254  -11.774 0.0000000000
21932  34.277  -75.673  -12.574 0.0000000000
21934  32.572  -75.996  -12.580 0.0000000000
21955  33.316  -75.387  -13.376 0.0000000000
19265  33.408  -77.712  1.781 0.0000000000
19251  33.219  -78.423  2.119 0.0000000000
16699  34.142  -79.421  2.083 0.0000000000
17951  33.741  -78.956  2.309 0.0000000000
15447  29.806  -81.135  2.195 0.0000000000
16703  30.346  -80.329  2.361 0.0000000000
16685  32.616  -80.722  3.170 0.0000000000
14222  32.175  -82.029  3.184 0.0000000000
13130  32.962  -82.260  3.034 0.0000000000
14237  31.510  -82.247  2.929 0.0000000000
11162  29.142  -83.398  1.016 0.0000000000
11150  29.941  -83.642  1.858 0.0000000000
11161  29.503  -83.523  1.220 0.0000000000
11172  29.403  -83.610  0.310 0.0000000000
11184  28.639  -84.128  -0.584 0.0000000000
12216  27.124  -83.734  -4.987 0.0000000000
12204  27.352  -84.677  -3.290 0.0000000000
10286  27.925  -85.734  -2.418 0.0000000000
19402  26.343  -77.588  -7.255 0.0000000000
18071  26.719  -77.474  -6.032 0.0000000000
19387  26.216  -76.982  -6.448 0.0000000000
21841  27.017  -75.440  -5.756 0.0000000000
21877  29.444  -77.463  -10.699 0.0000000000
21878  28.460  -77.363  -10.725 0.0000000000
12168  30.458  -83.239  -0.191 0.0000000000
13179  30.636  -82.471  -0.637 0.0000000000
13192  30.790  -82.214  -2.828 0.0000000000
14355  31.818  -81.101  -6.374 0.0000000000
14354  32.102  -80.892  -6.137 0.0000000000
14369  33.028  -80.572  -6.528 0.0000000000
15557  33.572  -80.187  -6.253 0.0000000000
16815  32.688  -79.237  -6.501 0.0000000000
19386  32.026  -78.439  -7.483 0.0000000000
18097  32.771  -78.416  -8.172 0.0000000000
19395  32.813  -77.839  -8.904 0.0000000000
20666  33.003  -77.204  -9.653 0.0000000000
18172  35.048  -77.359  -12.544 0.0000000000
19485  35.072  -76.828  -13.424 0.0000000000
20726  35.324  -76.498  -12.983 0.0000000000
14240  29.327  -81.854  1.977 0.0000000000
13147  29.676  -82.609  2.267 0.0000000000
13161  29.114  -82.619  1.579 0.0000000000
12155  28.848  -83.106  0.933 0.0000000000
12170  27.669  -83.474  -0.345 0.0000000000
19372  28.705  -77.815  -3.717 0.0000000000
19373  28.183  -77.627  -4.324 0.0000000000
20676  25.047  -76.192  -7.756 0.0000000000
20656  25.337  -76.186  -7.201 0.0000000000
21851  25.056  -75.388  -7.236 0.0000000000
23088  25.522  -74.538  -6.836 0.0000000000
12203  29.373  -83.745  -3.600 0.0000000000
12202  30.285  -83.163  -3.467 0.0000000000
12228  29.952  -83.128  -5.119 0.0000000000
12238  30.526  -82.702  -5.736 0.0000000000
13248  30.456  -81.834  -7.410 0.0000000000
13247  31.160  -81.485  -7.070 0.0000000000
14372  31.129  -81.194  -7.616 0.0000000000
15583  31.628  -80.006  -8.670 0.0000000000
18085  28.428  -78.982  -6.798 0.0000000000
16820  28.085  -79.040  -6.051 0.0000000000
18103  27.788  -78.659  -7.529 0.0000000000
19417  26.968  -77.963  -8.555 0.0000000000
20674  26.213  -77.413  -8.768 0.0000000000
20687  27.291  -77.430  -9.898 0.0000000000
20688  26.266  -77.157  -9.442 0.0000000000
20689  25.735  -76.923  -8.927 0.0000000000
21882  24.304  -75.259  -9.250 0.0000000000
21977  30.392  -75.379  -13.992 0.0000000000
14272  33.130  -81.317  1.362 0.0000000000
15483  32.011  -81.085  0.941 0.0000000000
15540  28.990  -79.926  -3.931 0.0000000000
16802  29.422  -79.696  -5.286 0.0000000000
14315  30.857  -81.594  -3.770 0.0000000000
14328  31.448  -80.985  -5.370 0.0000000000
15524  31.180  -81.022  -5.002 0.0000000000
15526  30.847  -81.091  -4.065 0.0000000000
15538  30.506  -80.580  -4.441 0.0000000000
16818  29.959  -79.411  -6.144 0.0000000000
18084  29.448  -79.085  -6.889 0.0000000000
19400  29.763  -78.523  -8.418 0.0000000000
19414  29.936  -78.114  -9.191 0.0000000000
20654  31.400  -77.803  -8.657 0.0000000000
20670  30.491  -77.709  -9.429 0.0000000000
20684  29.978  -77.547  -10.149 0.0000000000
21876  30.405  -77.363  -10.400 0.0000000000
21894  30.584  -77.050  -11.145 0.0000000000
21936  30.819  -76.285  -12.403 0.0000000000
16877  31.222  -79.246  -10.424 0.0000000000
18188  32.337  -77.641  -14.551 0.0000000000
16876  32.332  -78.565  -10.829 0.0000000000
16875  32.852  -78.468  -10.190 0.0000000000
18126  33.306  -77.980  -10.107 0.0000000000
19412  33.289  -77.339  -9.898 0.0000000000
21872  33.305  -76.810  -10.237 0.0000000000
19447  34.838  -76.986  -11.454 0.0000000000
21889  33.867  -76.484  -11.088 0.0000000000
21891  32.958  -76.510  -10.934 0.0000000000
21913  32.402  -76.328  -11.679 0.0000000000
21935  31.683  -76.197  -12.434 0.0000000000
21958  30.946  -76.010  -13.078 0.0000000000
21976  31.489  -75.312  -14.196 0.0000000000
19263  35.097  -77.733  1.628 0.0000000000
19264  34.284  -77.628  1.805 0.0000000000
17948  35.246  -78.794  1.746 0.0000000000
16718  35.109  -79.125  2.039 0.0000000000
15442  34.467  -79.424  1.858 0.0000000000
15443  33.733  -80.370  2.352 0.0000000000
17955  29.793  -79.408  1.927 0.0000000000
17952  32.828  -79.042  2.521 0.0000000000
16701  32.698  -80.020  2.977 0.0000000000
15426  33.632  -81.276  2.787 0.0000000000
14236  33.633  -81.399  2.456 0.0000000000
14255  33.750  -82.079  2.052 0.0000000000
13159  32.008  -82.522  2.145 0.0000000000
12139  31.176  -83.097  1.765 0.0000000000
12124  30.500  -83.362  2.474 0.0000000000
12140  30.639  -83.496  1.931 0.0000000000
12154  30.668  -83.394  1.067 0.0000000000
11171  30.057  -83.722  0.276 0.0000000000
11183  29.408  -83.813  -0.782 0.0000000000
11190  29.077  -84.234  -2.005 0.0000000000
10279  27.926  -85.529  -1.893 0.0000000000
10277  28.500  -85.189  -2.401 0.0000000000
11199  28.878  -84.531  -2.946 0.0000000000
18070  27.273  -78.040  -5.691 0.0000000000
19381  27.506  -77.378  -4.939 0.0000000000
20633  27.990  -76.687  -4.567 0.0000000000
20643  26.448  -76.160  -5.956 0.0000000000
21833  27.339  -75.814  -5.333 0.0000000000
10278  28.133  -85.530  -2.005 0.0000000000
10284  28.438  -85.449  -3.243 0.0000000000
10285  28.132  -85.781  -2.807 0.0000000000
10295  27.951  -85.821  -3.259 0.0000000000
10307  28.037  -85.777  -3.923 0.0000000000
11149  30.213  -83.659  2.090 0.0000000000
11173  28.814  -83.474  0.240 0.0000000000
11174  28.241  -83.578  -0.144 0.0000000000
11182  30.050  -83.626  -0.368 0.0000000000
11192  28.047  -84.954  -1.314 0.0000000000
11209  27.635  -85.407  -2.822 0.0000000000
12125  30.001  -83.576  2.347 0.0000000000
12141  29.745  -83.485  1.865 0.0000000000
12142  29.355  -83.283  1.502 0.0000000000
12153  31.093  -83.063  1.306 0.0000000000
12156  28.269  -83.079  0.210 0.0000000000
12179  30.510  -83.204  -2.275 0.0000000000
12211  30.879  -82.471  -4.038 0.0000000000
12212  30.794  -82.784  -4.196 0.0000000000
12239  29.723  -82.997  -5.836 0.0000000000
13128  33.768  -82.565  2.811 0.0000000000
13129  33.403  -82.343  3.013 0.0000000000
13131  32.559  -82.177  3.103 0.0000000000
13141  33.803  -82.437  2.519 0.0000000000
13142  33.474  -82.491  2.639 0.0000000000
13143  32.876  -82.400  2.681 0.0000000000
13144  32.026  -82.321  2.747 0.0000000000
13145  30.989  -82.746  2.718 0.0000000000
13146  30.163  -82.990  2.749 0.0000000000
13156  33.915  -82.165  2.213 0.0000000000
13157  33.645  -82.252  2.285 0.0000000000
13158  33.052  -82.340  2.253 0.0000000000
13167  31.461  -82.690  1.522 0.0000000000
13200  30.925  -82.097  -3.678 0.0000000000
13201  31.089  -82.037  -3.588 0.0000000000
13208  27.104  -83.563  -4.359 0.0000000000
13224  31.329  -82.276  -5.634 0.0000000000
13238  31.664  -81.492  -6.026 0.0000000000
13240  30.219  -82.514  -6.403 0.0000000000
14219  33.795  -82.354  3.019 0.0000000000
14221  32.879  -81.884  3.243 0.0000000000
14235  33.506  -82.266  2.475 0.0000000000
14239  30.029  -82.093  2.588 0.0000000000
14256  33.464  -81.773  1.853 0.0000000000
14257  32.477  -82.135  1.799 0.0000000000
14274  31.620  -81.921  1.223 0.0000000000
14276  28.208  -81.765  0.773 0.0000000000
14287  29.788  -81.006  -1.361 0.0000000000
14302  30.874  -81.839  -3.175 0.0000000000
14303  30.728  -81.779  -2.788 0.0000000000
14314  31.055  -81.460  -4.510 0.0000000000
14317  30.451  -81.282  -2.887 0.0000000000
14338  33.175  -80.415  -5.870 0.0000000000
14340  31.752  -81.006  -5.767 0.0000000000
14352  33.320  -80.492  -6.009 0.0000000000
14353  32.808  -80.582  -6.104 0.0000000000
14368  33.457  -80.556  -6.291 0.0000000000
14370  32.492  -80.652  -6.791 0.0000000000
14371  31.726  -80.877  -7.129 0.0000000000
14385  31.448  -80.650  -7.959 0.0000000000
15427  33.222  -81.108  3.073 0.0000000000
15428  32.370  -81.358  3.242 0.0000000000
15441  34.828  -79.353  2.123 0.0000000000
15444  33.270  -80.393  2.881 0.0000000000
15445  31.535  -81.675  3.044 0.0000000000
15446  30.691  -81.372  2.682 0.0000000000
15461  34.960  -79.275  1.618 0.0000000000
15462  34.258  -79.636  1.693 0.0000000000
15463  33.716  -80.472  1.770 0.0000000000
15482  32.783  -80.947  0.989 0.0000000000
15525  31.001  -81.058  -4.600 0.0000000000
15528  29.248  -80.370  -3.434 0.0000000000
15535  32.300  -80.301  -5.791 0.0000000000
15536  31.517  -80.593  -5.414 0.0000000000
15546  33.425  -80.224  -5.867 0.0000000000
15547  32.945  -80.280  -5.855 0.0000000000
15548  30.785  -80.266  -5.125 0.0000000000
15549  30.074  -80.109  -4.897 0.0000000000
15550  29.600  -79.941  -4.776 0.0000000000
15566  33.530  -80.134  -6.936 0.0000000000
15568  32.568  -80.236  -7.622 0.0000000000
15580  33.239  -79.741  -7.687 0.0000000000
15601  32.866  -79.238  -8.752 0.0000000000
15603  31.281  -79.743  -9.503 0.0000000000
15604  30.650  -80.371  -9.485 0.0000000000
16684  33.003  -80.569  3.116 0.0000000000
16697  35.146  -78.952  1.829 0.0000000000
16698  34.855  -78.905  2.204 0.0000000000
16717  35.353  -78.948  1.649 0.0000000000
16784  32.617  -80.073  -5.815 0.0000000000
16785  32.047  -80.152  -5.699 0.0000000000
16786  31.568  -80.330  -5.521 0.0000000000
16787  29.304  -79.833  -4.721 0.0000000000
16797  33.454  -79.917  -6.129 0.0000000000
16798  33.046  -79.854  -6.041 0.0000000000
16803  28.518  -79.227  -5.415 0.0000000000
16804  27.882  -78.775  -5.472 0.0000000000
16814  33.216  -79.536  -6.761 0.0000000000
16817  30.936  -79.428  -6.178 0.0000000000
16821  27.634  -78.641  -5.931 0.0000000000
16845  33.053  -79.018  -8.473 0.0000000000
16846  33.012  -79.071  -8.799 0.0000000000
16861  32.913  -78.695  -9.448 0.0000000000
16862  32.480  -79.090  -9.489 0.0000000000
17949  35.035  -78.725  1.859 0.0000000000
17954  30.763  -79.438  2.369 0.0000000000
17966  35.395  -78.408  1.609 0.0000000000
17967  35.074  -78.335  1.761 0.0000000000
18068  31.927  -79.215  -6.221 0.0000000000
18069  31.520  -79.357  -6.166 0.0000000000
18079  33.008  -78.904  -7.676 0.0000000000
18080  32.700  -78.754  -7.398 0.0000000000
18081  32.128  -78.735  -6.955 0.0000000000
18086  27.514  -78.548  -6.523 0.0000000000
18087  26.816  -77.817  -6.508 0.0000000000
18098  31.909  -78.471  -7.456 0.0000000000
18101  29.928  -78.806  -7.789 0.0000000000
18102  28.907  -78.834  -7.614 0.0000000000
18114  33.424  -78.279  -9.842 0.0000000000
18115  33.149  -78.046  -9.423 0.0000000000
18117  28.479  -78.574  -8.296 0.0000000000
18118  27.608  -78.372  -8.266 0.0000000000
18125  33.441  -77.556  -10.156 0.0000000000
18127  33.214  -78.115  -10.324 0.0000000000
18137  34.444  -77.257  -11.275 0.0000000000
18138  33.998  -77.361  -10.967 0.0000000000
18151  34.571  -77.372  -11.592 0.0000000000
18153  33.953  -77.488  -11.969 0.0000000000
18162  35.083  -77.515  -12.166 0.0000000000
18163  34.816  -77.396  -12.252 0.0000000000
18164  34.646  -77.380  -12.543 0.0000000000
18165  33.039  -77.780  -12.387 0.0000000000
18173  34.936  -77.324  -12.780 0.0000000000
19249  34.698  -78.285  1.890 0.0000000000
19250  34.025  -78.283  2.112 0.0000000000
19385  32.278  -78.431  -7.606 0.0000000000
19388  25.751  -76.554  -6.843 0.0000000000
19396  32.503  -78.135  -8.264 0.0000000000
19397  31.880  -78.185  -7.989 0.0000000000
19398  31.223  -78.240  -8.178 0.0000000000
19401  26.963  -78.081  -7.810 0.0000000000
19403  25.724  -76.932  -7.239 0.0000000000
19418  26.218  -77.569  -8.052 0.0000000000
19419  25.878  -77.228  -7.676 0.0000000000
19433  34.711  -77.225  -11.437 0.0000000000
19434  34.340  -76.908  -10.807 0.0000000000
19446  35.039  -77.059  -11.798 0.0000000000
19448  33.573  -77.545  -12.428 0.0000000000
19449  33.295  -77.647  -12.445 0.0000000000
19459  35.222  -77.031  -12.384 0.0000000000
19460  35.257  -77.215  -12.537 0.0000000000
19463  32.940  -77.699  -13.184 0.0000000000
19472  35.334  -76.915  -12.823 0.0000000000
19473  35.194  -77.149  -12.833 0.0000000000
19484  35.283  -76.770  -13.130 0.0000000000
20636  27.373  -76.449  -5.107 0.0000000000
20637  26.941  -76.159  -5.510 0.0000000000
20644  25.887  -76.098  -6.527 0.0000000000
20651  32.852  -77.488  -9.322 0.0000000000
20652  32.669  -77.639  -9.021 0.0000000000
20655  30.914  -77.991  -8.703 0.0000000000
20657  24.960  -75.898  -7.561 0.0000000000
20665  33.277  -76.888  -9.884 0.0000000000
20667  32.832  -77.325  -9.507 0.0000000000
20671  29.340  -77.906  -9.600 0.0000000000
20682  33.587  -76.801  -10.386 0.0000000000
20683  33.249  -76.746  -10.053 0.0000000000
20686  28.391  -77.612  -10.130 0.0000000000
20696  34.215  -76.688  -11.035 0.0000000000
20704  35.089  -76.799  -11.875 0.0000000000
20705  34.797  -76.689  -11.640 0.0000000000
20714  34.827  -76.366  -12.012 0.0000000000
20740  34.439  -76.494  -14.539 0.0000000000
20755  29.945  -75.318  -14.048 0.0000000000
21832  27.944  -75.730  -4.960 0.0000000000
21842  26.331  -75.373  -6.257 0.0000000000
21859  33.267  -76.854  -9.929 0.0000000000
21860  33.040  -77.015  -9.844 0.0000000000
21864  25.064  -76.298  -8.547 0.0000000000
21871  33.569  -76.631  -10.645 0.0000000000
21873  32.762  -76.760  -10.289 0.0000000000
21874  32.044  -76.803  -10.298 0.0000000000
21879  27.398  -77.132  -10.568 0.0000000000
21880  26.344  -76.778  -10.146 0.0000000000
21890  33.498  -76.472  -11.040 0.0000000000
21893  31.418  -76.735  -10.983 0.0000000000
21911  33.826  -76.099  -11.795 0.0000000000
21915  30.685  -76.618  -11.747 0.0000000000
21920  25.925  -75.928  -11.225 0.0000000000
21930  35.208  -76.062  -12.889 0.0000000000
21933  33.492  -75.644  -12.734 0.0000000000
21937  29.898  -76.371  -12.517 0.0000000000
21975  32.233  -75.219  -14.374 0.0000000000
23111  24.986  -75.334  -10.641 0.0000000000
