#!ascii label  , from subject 4126 vox2ras=TkReg
1089
60614  -4.091  -23.853  56.509 0.0000000000
70237  -32.391  -16.795  43.417 0.0000000000
79693  -31.630  -9.646  40.221 0.0000000000
70111  -23.590  -15.289  48.171 0.0000000000
88329  -39.570  -0.207  29.433 0.0000000000
79798  -36.651  -7.423  33.658 0.0000000000
71441  -33.884  -16.098  48.405 0.0000000000
70176  -28.229  -15.302  45.472 0.0000000000
91958  -46.178  0.879  29.366 0.0000000000
96709  -48.764  5.275  28.041 0.0000000000
100296  -50.171  7.654  25.766 0.0000000000
79665  -37.167  -7.542  40.983 0.0000000000
81035  -33.218  -7.651  35.766 0.0000000000
80996  -38.740  -5.438  37.941 0.0000000000
88196  -39.653  -2.424  36.845 0.0000000000
65402  -17.485  -21.222  48.377 0.0000000000
58220  -0.891  -26.375  59.419 0.0000000000
74910  -34.400  -13.509  42.217 0.0000000000
79622  -33.709  -8.815  45.187 0.0000000000
67815  -18.363  -19.354  44.895 0.0000000000
71530  -22.897  -16.043  42.412 0.0000000000
99101  -46.505  7.149  21.218 0.0000000000
106243  -48.410  12.902  25.994 0.0000000000
86957  -36.309  -2.719  32.743 0.0000000000
88275  -43.109  -0.502  33.153 0.0000000000
63034  -7.089  -23.666  52.934 0.0000000000
53594  -0.495  -31.037  56.940 0.0000000000
95499  -46.491  3.559  30.524 0.0000000000
80958  -38.271  -5.797  39.401 0.0000000000
61947  -16.605  -23.410  46.913 0.0000000000
59395  -2.006  -25.258  58.372 0.0000000000
71615  -33.353  -16.052  39.543 0.0000000000
71540  -34.303  -15.821  42.384 0.0000000000
70144  -20.463  -15.866  46.549 0.0000000000
70226  -20.106  -17.010  43.649 0.0000000000
70171  -22.924  -15.072  45.796 0.0000000000
70205  -30.190  -16.394  44.551 0.0000000000
70256  -28.197  -14.670  42.992 0.0000000000
71559  -29.503  -15.428  41.317 0.0000000000
70075  -21.802  -15.256  49.756 0.0000000000
68959  -18.250  -16.621  48.020 0.0000000000
96735  -43.332  4.867  25.443 0.0000000000
97908  -46.381  5.747  22.954 0.0000000000
103901  -49.416  10.455  26.309 0.0000000000
81064  -35.418  -7.615  34.632 0.0000000000
83511  -36.499  -6.100  33.312 0.0000000000
89464  -41.661  0.051  34.752 0.0000000000
63114  -12.460  -22.666  49.046 0.0000000000
63055  -11.182  -21.871  52.305 0.0000000000
63019  -9.484  -21.685  54.542 0.0000000000
63092  -8.707  -22.786  50.525 0.0000000000
53623  -1.789  -31.425  55.495 0.0000000000
70156  -32.746  -16.450  46.302 0.0000000000
71484  -35.141  -15.496  45.256 0.0000000000
72675  -35.322  -15.156  48.256 0.0000000000
71425  -26.856  -14.627  49.525 0.0000000000
70131  -26.390  -15.442  47.113 0.0000000000
70097  -28.728  -16.258  48.605 0.0000000000
70135  -30.673  -15.796  47.219 0.0000000000
89543  -42.670  0.051  29.594 0.0000000000
94335  -43.775  2.353  28.775 0.0000000000
96706  -45.048  5.429  28.001 0.0000000000
96738  -47.289  6.240  25.841 0.0000000000
97900  -48.467  6.401  25.065 0.0000000000
97880  -50.079  6.224  26.796 0.0000000000
79678  -33.976  -8.317  40.642 0.0000000000
79722  -31.785  -8.300  37.591 0.0000000000
80954  -34.995  -6.880  38.984 0.0000000000
80993  -36.299  -5.863  37.144 0.0000000000
81040  -37.574  -6.897  35.423 0.0000000000
84630  -37.966  -4.778  35.738 0.0000000000
84596  -39.134  -4.455  37.705 0.0000000000
63116  -16.838  -21.435  49.683 0.0000000000
61944  -14.315  -23.244  46.982 0.0000000000
105101  -49.966  11.926  20.345 0.0000000000
58199  0.422  -26.044  59.403 0.0000000000
74933  -34.173  -13.982  39.884 0.0000000000
77105  -33.063  -11.808  41.640 0.0000000000
74881  -35.116  -13.034  44.610 0.0000000000
77081  -33.792  -11.621  43.658 0.0000000000
79661  -32.571  -9.401  42.151 0.0000000000
79638  -35.606  -8.113  43.168 0.0000000000
70230  -25.675  -15.108  43.945 0.0000000000
68940  -17.392  -18.205  49.777 0.0000000000
65420  -17.889  -20.828  46.486 0.0000000000
100305  -48.133  7.624  24.377 0.0000000000
102716  -47.998  10.096  23.008 0.0000000000
103913  -48.518  11.162  22.094 0.0000000000
107458  -49.745  14.183  23.823 0.0000000000
59471  -4.633  -26.292  53.012 0.0000000000
57130  -3.229  -28.027  54.407 0.0000000000
88290  -38.020  -0.962  31.432 0.0000000000
88234  -37.972  -2.561  35.133 0.0000000000
89478  -39.552  -0.673  32.728 0.0000000000
88311  -41.190  -0.461  30.755 0.0000000000
89510  -44.735  -0.148  30.607 0.0000000000
61799  -5.754  -24.122  54.741 0.0000000000
57082  -1.238  -27.771  56.454 0.0000000000
55913  -0.735  -28.661  57.987 0.0000000000
57081  0.502  -28.438  57.594 0.0000000000
59409  -2.506  -24.828  57.755 0.0000000000
70280  -31.497  -16.697  41.866 0.0000000000
71563  -33.065  -16.707  41.719 0.0000000000
70262  -33.222  -16.800  42.709 0.0000000000
70127  -21.973  -15.293  47.295 0.0000000000
70170  -21.781  -15.423  45.708 0.0000000000
70147  -23.620  -15.366  46.597 0.0000000000
70235  -30.548  -16.310  43.625 0.0000000000
70258  -29.930  -15.879  42.826 0.0000000000
70259  -30.815  -16.511  42.630 0.0000000000
71560  -30.398  -16.130  41.028 0.0000000000
71405  -24.349  -15.363  50.189 0.0000000000
71384  -23.936  -15.812  50.889 0.0000000000
70091  -22.781  -15.278  49.011 0.0000000000
70089  -20.877  -15.645  48.554 0.0000000000
96761  -46.009  5.216  23.403 0.0000000000
77133  -31.234  -11.575  39.266 0.0000000000
78410  -30.607  -10.985  38.786 0.0000000000
79771  -35.649  -7.681  33.892 0.0000000000
79815  -35.302  -8.022  31.770 0.0000000000
82288  -36.984  -6.840  33.451 0.0000000000
63129  -11.518  -23.195  48.189 0.0000000000
63077  -12.308  -21.988  50.935 0.0000000000
63112  -10.560  -22.941  49.200 0.0000000000
63093  -9.492  -22.501  50.432 0.0000000000
61892  -9.674  -23.666  48.530 0.0000000000
71453  -33.296  -16.295  47.435 0.0000000000
71468  -34.436  -16.064  46.577 0.0000000000
71442  -34.716  -15.705  48.326 0.0000000000
71409  -27.777  -16.058  50.373 0.0000000000
71426  -27.736  -15.234  49.561 0.0000000000
71428  -29.234  -16.432  49.626 0.0000000000
71432  -32.723  -15.928  49.462 0.0000000000
70119  -31.309  -16.328  48.287 0.0000000000
70120  -32.033  -16.156  47.961 0.0000000000
70155  -31.659  -16.701  46.389 0.0000000000
90758  -44.249  0.178  29.454 0.0000000000
91955  -43.634  0.910  28.857 0.0000000000
93138  -45.031  1.474  29.517 0.0000000000
96692  -48.315  5.481  29.208 0.0000000000
95512  -46.252  4.665  30.078 0.0000000000
96707  -46.235  6.132  28.144 0.0000000000
96723  -45.495  5.904  26.726 0.0000000000
96725  -48.256  5.691  26.837 0.0000000000
96740  -49.063  5.758  26.196 0.0000000000
96726  -49.298  5.430  27.159 0.0000000000
79679  -35.260  -8.120  40.084 0.0000000000
79696  -34.930  -7.526  39.448 0.0000000000
80939  -36.340  -6.885  39.564 0.0000000000
80976  -38.671  -5.644  38.655 0.0000000000
80974  -36.874  -5.792  38.188 0.0000000000
80995  -37.955  -5.538  37.451 0.0000000000
81039  -37.127  -7.095  35.556 0.0000000000
81014  -37.776  -5.474  36.599 0.0000000000
81042  -38.147  -5.134  36.609 0.0000000000
82244  -39.403  -4.898  38.209 0.0000000000
65386  -17.738  -21.071  50.090 0.0000000000
64264  -17.352  -21.188  51.121 0.0000000000
63117  -16.991  -21.513  49.096 0.0000000000
61945  -15.188  -23.429  46.968 0.0000000000
106283  -51.142  13.207  21.245 0.0000000000
106284  -52.082  13.469  20.903 0.0000000000
58219  -0.791  -26.067  59.114 0.0000000000
72758  -34.091  -14.876  40.803 0.0000000000
72771  -34.128  -14.681  40.052 0.0000000000
74922  -33.999  -13.556  40.638 0.0000000000
74921  -33.349  -13.092  40.534 0.0000000000
75966  -33.736  -12.392  41.990 0.0000000000
73772  -35.552  -14.003  46.560 0.0000000000
72715  -35.413  -14.715  44.906 0.0000000000
74873  -34.926  -13.002  45.691 0.0000000000
79609  -34.050  -9.305  45.925 0.0000000000
78347  -33.970  -11.261  45.140 0.0000000000
78345  -33.401  -9.872  44.487 0.0000000000
78366  -32.732  -10.436  42.902 0.0000000000
79636  -33.397  -8.608  43.744 0.0000000000
79649  -34.733  -8.204  42.488 0.0000000000
79624  -35.540  -8.063  44.144 0.0000000000
70227  -21.090  -16.559  43.175 0.0000000000
70151  -27.896  -15.132  46.294 0.0000000000
70174  -26.154  -15.681  45.564 0.0000000000
70201  -26.463  -15.465  44.743 0.0000000000
71534  -26.930  -14.818  41.978 0.0000000000
68900  -18.806  -17.416  51.009 0.0000000000
68983  -18.239  -18.198  46.344 0.0000000000
68972  -17.705  -17.784  47.314 0.0000000000
67803  -18.151  -19.256  45.838 0.0000000000
64315  -18.316  -22.094  44.947 0.0000000000
99073  -49.212  6.890  24.976 0.0000000000
99084  -48.459  7.180  24.628 0.0000000000
101533  -49.457  8.309  25.405 0.0000000000
105071  -49.206  11.261  26.355 0.0000000000
102705  -49.021  9.723  24.674 0.0000000000
103905  -48.705  10.718  24.678 0.0000000000
103909  -48.336  11.099  22.994 0.0000000000
105085  -48.482  11.676  23.509 0.0000000000
106272  -48.925  13.017  22.920 0.0000000000
107457  -48.928  13.689  24.305 0.0000000000
81034  -32.412  -7.933  36.044 0.0000000000
79750  -31.007  -9.159  35.824 0.0000000000
88288  -36.492  -2.485  30.637 0.0000000000
88271  -37.692  -1.050  32.189 0.0000000000
86912  -38.884  -3.214  36.920 0.0000000000
85744  -37.808  -4.238  35.537 0.0000000000
88215  -38.790  -2.456  36.052 0.0000000000
88255  -42.357  -0.071  34.344 0.0000000000
89462  -40.300  -0.574  33.940 0.0000000000
88274  -41.623  -0.524  33.135 0.0000000000
88273  -40.573  -0.597  32.363 0.0000000000
88294  -42.606  -0.487  31.998 0.0000000000
88313  -43.257  -0.188  31.136 0.0000000000
88295  -43.768  -0.360  32.092 0.0000000000
64217  -8.128  -22.253  53.636 0.0000000000
62999  -6.833  -22.779  54.626 0.0000000000
61800  -6.237  -23.305  55.236 0.0000000000
61805  -6.264  -23.569  54.188 0.0000000000
60643  -5.463  -25.384  53.084 0.0000000000
60650  -6.311  -25.075  51.834 0.0000000000
55954  -2.726  -29.226  53.590 0.0000000000
57111  -2.520  -28.194  55.008 0.0000000000
55942  -2.108  -29.238  54.679 0.0000000000
53608  -1.114  -31.654  56.029 0.0000000000
54775  -1.160  -29.664  57.231 0.0000000000
54764  -0.324  -29.631  57.836 0.0000000000
55901  0.046  -28.268  58.192 0.0000000000
54773  -0.013  -30.199  57.511 0.0000000000
71412  -30.635  -16.048  50.625 0.0000000000
93124  -47.586  1.520  30.494 0.0000000000
94338  -46.103  1.724  29.924 0.0000000000
94311  -48.027  2.955  31.183 0.0000000000
80940  -37.101  -6.584  39.778 0.0000000000
63147  -17.125  -22.263  46.560 0.0000000000
61924  -16.645  -22.477  47.414 0.0000000000
59387  -2.230  -25.326  59.812 0.0000000000
58239  -1.525  -25.599  58.763 0.0000000000
71588  -32.776  -16.471  40.395 0.0000000000
71564  -34.035  -16.040  41.687 0.0000000000
73802  -34.497  -14.439  42.421 0.0000000000
80874  -35.945  -7.696  44.958 0.0000000000
70194  -19.230  -16.994  45.270 0.0000000000
70225  -19.329  -17.245  44.332 0.0000000000
70195  -20.006  -16.479  44.863 0.0000000000
70196  -21.267  -16.167  44.557 0.0000000000
71510  -22.720  -15.941  43.428 0.0000000000
70204  -29.347  -15.796  44.597 0.0000000000
70203  -28.477  -15.456  44.639 0.0000000000
70233  -28.795  -15.268  43.733 0.0000000000
70257  -29.216  -15.098  42.586 0.0000000000
71585  -29.984  -15.993  40.087 0.0000000000
68886  -21.194  -16.755  51.025 0.0000000000
68921  -19.372  -16.463  49.898 0.0000000000
68922  -20.249  -15.944  49.409 0.0000000000
68974  -19.551  -16.364  47.008 0.0000000000
96734  -42.363  4.568  26.080 0.0000000000
99093  -46.686  6.998  22.100 0.0000000000
101514  -50.585  8.436  27.616 0.0000000000
101523  -49.685  8.688  26.197 0.0000000000
81063  -34.353  -7.605  34.543 0.0000000000
83520  -35.607  -6.081  32.541 0.0000000000
85754  -36.098  -4.617  33.273 0.0000000000
89421  -42.245  -0.658  37.297 0.0000000000
89437  -41.157  -0.470  36.176 0.0000000000
89449  -42.657  0.009  36.029 0.0000000000
61872  -14.169  -22.454  50.437 0.0000000000
61850  -13.476  -22.245  51.443 0.0000000000
63021  -11.552  -21.713  54.350 0.0000000000
63054  -9.807  -21.974  52.619 0.0000000000
63053  -8.793  -22.316  52.160 0.0000000000
63072  -7.677  -23.402  51.573 0.0000000000
61847  -7.243  -24.258  51.284 0.0000000000
60668  -7.763  -25.110  49.786 0.0000000000
70207  -32.128  -16.824  44.350 0.0000000000
71514  -33.819  -16.415  43.802 0.0000000000
71483  -34.500  -16.015  45.574 0.0000000000
71469  -35.187  -15.444  46.395 0.0000000000
70093  -25.277  -14.957  48.795 0.0000000000
70130  -25.316  -15.791  47.254 0.0000000000
70094  -26.351  -14.629  48.615 0.0000000000
70115  -27.910  -15.125  47.921 0.0000000000
70133  -28.648  -15.030  47.290 0.0000000000
71429  -30.176  -16.393  49.723 0.0000000000
70118  -30.209  -16.260  47.926 0.0000000000
70153  -30.032  -15.496  46.280 0.0000000000
70154  -30.780  -16.239  46.344 0.0000000000
70180  -31.912  -16.992  45.378 0.0000000000
71386  -25.688  -15.707  50.954 0.0000000000
88348  -41.215  -0.333  29.575 0.0000000000
89556  -39.850  0.166  28.115 0.0000000000
90755  -41.468  0.330  28.639 0.0000000000
93151  -42.667  1.641  28.047 0.0000000000
95519  -42.344  3.105  27.806 0.0000000000
94337  -45.425  2.382  29.812 0.0000000000
96688  -44.181  4.013  28.769 0.0000000000
96704  -42.991  4.279  27.837 0.0000000000
96722  -44.221  5.430  26.759 0.0000000000
96736  -44.701  5.395  25.424 0.0000000000
96737  -46.057  5.660  25.535 0.0000000000
96750  -46.634  5.687  24.612 0.0000000000
96751  -47.748  6.264  25.284 0.0000000000
97889  -49.126  6.121  25.609 0.0000000000
99065  -50.351  6.844  25.905 0.0000000000
96728  -50.047  6.670  28.020 0.0000000000
100277  -50.888  7.810  27.765 0.0000000000
79694  -32.931  -8.572  39.901 0.0000000000
79708  -31.938  -8.681  38.885 0.0000000000
79709  -33.200  -8.191  38.924 0.0000000000
80969  -33.478  -7.846  38.244 0.0000000000
81009  -33.859  -7.214  36.526 0.0000000000
80956  -36.576  -6.275  38.973 0.0000000000
80992  -35.328  -6.112  37.174 0.0000000000
81010  -34.699  -6.659  36.250 0.0000000000
81037  -35.132  -7.198  35.420 0.0000000000
79752  -36.810  -7.707  35.126 0.0000000000
79773  -37.555  -7.548  34.579 0.0000000000
81086  -37.673  -6.979  34.119 0.0000000000
81068  -37.622  -6.259  35.247 0.0000000000
84614  -38.332  -4.622  36.247 0.0000000000
86913  -39.919  -3.197  37.512 0.0000000000
86904  -40.998  -3.225  38.413 0.0000000000
89405  -41.681  -1.514  37.818 0.0000000000
61874  -15.533  -22.257  50.245 0.0000000000
61923  -16.401  -22.677  47.702 0.0000000000
61898  -15.715  -22.283  49.035 0.0000000000
61897  -14.984  -22.428  49.176 0.0000000000
61919  -13.513  -22.590  48.318 0.0000000000
77135  -32.387  -12.086  40.278 0.0000000000
78384  -31.995  -10.661  41.033 0.0000000000
71515  -34.619  -15.894  43.434 0.0000000000
72727  -35.212  -14.827  43.797 0.0000000000
74888  -35.092  -12.989  43.417 0.0000000000
75940  -34.884  -12.283  44.124 0.0000000000
75954  -34.367  -12.399  43.003 0.0000000000
77092  -33.077  -11.369  42.463 0.0000000000
78376  -32.379  -10.743  41.915 0.0000000000
79676  -32.146  -9.798  41.315 0.0000000000
79662  -33.735  -8.465  41.744 0.0000000000
79663  -35.008  -8.221  41.351 0.0000000000
79651  -36.994  -7.901  41.837 0.0000000000
80886  -36.234  -7.948  44.168 0.0000000000
80900  -37.132  -6.983  42.554 0.0000000000
70148  -24.675  -15.882  46.495 0.0000000000
70199  -24.448  -15.327  44.970 0.0000000000
71511  -23.756  -15.716  43.418 0.0000000000
70231  -26.785  -15.122  43.953 0.0000000000
71513  -25.510  -15.079  42.985 0.0000000000
67716  -17.130  -18.989  51.075 0.0000000000
66519  -17.237  -19.768  49.406 0.0000000000
68942  -18.368  -16.723  49.220 0.0000000000
67771  -17.241  -18.987  48.029 0.0000000000
65409  -17.511  -21.197  47.349 0.0000000000
64308  -17.941  -22.057  45.883 0.0000000000
97909  -47.184  6.347  23.653 0.0000000000
99082  -47.205  7.103  23.157 0.0000000000
100303  -46.946  8.174  22.738 0.0000000000
102706  -49.395  9.167  25.466 0.0000000000
102717  -48.437  9.347  24.025 0.0000000000
101543  -47.364  9.309  22.602 0.0000000000
102725  -47.485  9.704  21.877 0.0000000000
102731  -47.944  10.072  21.231 0.0000000000
103922  -48.931  10.597  20.596 0.0000000000
105092  -49.317  11.884  21.477 0.0000000000
106273  -49.921  13.331  22.154 0.0000000000
59449  -3.891  -25.615  54.912 0.0000000000
59436  -3.314  -25.781  55.468 0.0000000000
58313  -3.885  -26.968  53.747 0.0000000000
79734  -30.540  -9.604  37.215 0.0000000000
88309  -38.605  -0.568  30.077 0.0000000000
84640  -37.364  -5.578  34.211 0.0000000000
86941  -37.347  -3.351  34.646 0.0000000000
88251  -37.272  -2.151  34.142 0.0000000000
89435  -39.399  -1.181  35.450 0.0000000000
88253  -38.929  -0.964  34.217 0.0000000000
89459  -37.699  -1.091  33.319 0.0000000000
89494  -39.198  -0.747  32.074 0.0000000000
88291  -39.283  -0.662  31.347 0.0000000000
88330  -40.751  -0.474  29.860 0.0000000000
88331  -41.974  -0.409  30.073 0.0000000000
89526  -44.080  0.019  30.141 0.0000000000
90741  -46.172  -0.240  30.026 0.0000000000
61776  -4.603  -23.341  57.253 0.0000000000
61783  -5.392  -23.445  56.694 0.0000000000
60625  -4.882  -23.991  56.021 0.0000000000
60636  -4.910  -25.673  53.693 0.0000000000
59482  -4.888  -26.488  52.246 0.0000000000
58277  -2.474  -26.160  56.501 0.0000000000
58259  -1.776  -26.158  57.801 0.0000000000
58238  -1.051  -26.629  58.409 0.0000000000
54794  -2.142  -30.250  55.353 0.0000000000
55914  -0.640  -28.253  57.688 0.0000000000
57046  -0.882  -27.285  58.268 0.0000000000
57030  -0.238  -26.801  58.235 0.0000000000
58235  0.846  -26.875  58.332 0.0000000000
53593  0.206  -30.978  56.853 0.0000000000
55933  0.960  -29.782  56.950 0.0000000000
60606  -3.811  -23.625  57.622 0.0000000000
60605  -3.203  -24.366  57.126 0.0000000000
70260  -31.858  -16.795  42.683 0.0000000000
70261  -32.742  -16.909  42.542 0.0000000000
70238  -33.159  -16.745  43.215 0.0000000000
70110  -22.459  -15.275  48.089 0.0000000000
70128  -23.096  -15.218  47.372 0.0000000000
70236  -31.490  -16.660  43.543 0.0000000000
70092  -24.039  -15.274  49.249 0.0000000000
70077  -23.730  -15.324  50.022 0.0000000000
78397  -31.445  -11.092  40.275 0.0000000000
78396  -31.005  -10.504  39.643 0.0000000000
79797  -35.798  -7.508  33.175 0.0000000000
81095  -36.339  -7.194  33.079 0.0000000000
61917  -10.544  -23.716  47.744 0.0000000000
63128  -10.887  -23.178  48.515 0.0000000000
61893  -10.330  -23.438  48.393 0.0000000000
63111  -9.636  -23.019  49.531 0.0000000000
71454  -34.229  -16.148  47.491 0.0000000000
71389  -28.191  -16.130  51.412 0.0000000000
71410  -28.748  -16.241  50.511 0.0000000000
71440  -32.857  -16.161  48.381 0.0000000000
71439  -32.157  -16.136  48.713 0.0000000000
70137  -32.343  -16.350  47.283 0.0000000000
90759  -45.326  0.182  29.311 0.0000000000
91956  -44.693  0.826  29.261 0.0000000000
91957  -45.594  0.836  29.259 0.0000000000
96691  -46.997  5.517  29.452 0.0000000000
96708  -47.707  5.963  28.078 0.0000000000
79664  -36.309  -8.125  40.871 0.0000000000
79680  -36.202  -7.687  39.881 0.0000000000
80923  -36.855  -7.318  40.230 0.0000000000
81015  -38.521  -5.232  37.313 0.0000000000
80997  -39.434  -5.141  38.498 0.0000000000
65394  -17.612  -21.104  49.214 0.0000000000
64282  -17.412  -21.356  49.657 0.0000000000
64288  -17.154  -21.394  48.817 0.0000000000
106275  -51.839  13.971  21.583 0.0000000000
105094  -51.355  12.728  20.498 0.0000000000
59378  -1.145  -26.277  60.664 0.0000000000
58202  -0.749  -26.283  60.308 0.0000000000
58201  -0.508  -26.034  60.092 0.0000000000
73811  -34.320  -14.127  41.492 0.0000000000
74909  -34.093  -13.227  41.614 0.0000000000
73782  -35.139  -13.135  46.091 0.0000000000
74863  -34.606  -13.002  46.390 0.0000000000
78346  -33.691  -10.271  45.043 0.0000000000
79635  -33.198  -9.340  44.195 0.0000000000
80884  -33.955  -8.315  44.542 0.0000000000
80899  -34.138  -8.209  44.158 0.0000000000
79623  -34.541  -8.136  44.620 0.0000000000
66600  -18.498  -20.277  44.383 0.0000000000
67816  -18.528  -19.143  43.792 0.0000000000
70175  -27.185  -15.444  45.507 0.0000000000
68992  -18.369  -18.492  45.490 0.0000000000
66599  -18.426  -19.959  44.875 0.0000000000
100311  -46.683  7.957  21.569 0.0000000000
99074  -50.149  7.015  25.099 0.0000000000
100295  -49.826  7.609  25.223 0.0000000000
105070  -48.589  11.907  25.722 0.0000000000
103900  -48.948  11.008  25.553 0.0000000000
105080  -48.486  11.761  24.747 0.0000000000
106255  -48.497  12.818  24.980 0.0000000000
106265  -48.682  12.740  23.985 0.0000000000
81061  -32.494  -8.061  35.087 0.0000000000
86949  -36.195  -3.566  32.961 0.0000000000
86956  -35.985  -2.960  31.760 0.0000000000
88269  -36.567  -2.192  31.432 0.0000000000
88270  -36.883  -1.705  32.441 0.0000000000
88195  -39.097  -2.679  36.659 0.0000000000
88216  -39.610  -1.587  36.253 0.0000000000
88254  -41.749  -0.297  33.853 0.0000000000
63035  -7.585  -22.882  53.106 0.0000000000
63017  -7.472  -22.444  54.021 0.0000000000
63016  -6.996  -23.256  53.709 0.0000000000
61817  -6.492  -23.989  53.246 0.0000000000
61830  -6.723  -24.447  52.231 0.0000000000
55948  -2.435  -29.241  54.154 0.0000000000
53595  -0.932  -30.973  56.869 0.0000000000
80926  -38.818  -5.749  41.312 0.0000000000
63154  -17.331  -22.880  46.376 0.0000000000
59396  -2.560  -24.695  59.036 0.0000000000
59388  -2.713  -24.892  59.711 0.0000000000
58222  -1.484  -25.427  59.433 0.0000000000
71587  -31.880  -16.497  40.140 0.0000000000
71539  -33.724  -16.482  42.660 0.0000000000
71565  -34.169  -15.723  41.957 0.0000000000
72747  -34.207  -15.270  41.810 0.0000000000
72736  -34.726  -15.178  42.888 0.0000000000
70168  -19.784  -16.160  45.823 0.0000000000
70197  -22.223  -15.284  44.888 0.0000000000
71491  -21.967  -15.741  44.347 0.0000000000
71492  -22.557  -15.563  44.206 0.0000000000
70234  -29.693  -15.714  43.670 0.0000000000
71535  -29.551  -15.618  42.218 0.0000000000
70279  -28.994  -14.895  41.731 0.0000000000
71586  -30.977  -16.224  40.066 0.0000000000
71383  -23.285  -15.522  50.905 0.0000000000
71362  -23.371  -15.963  51.562 0.0000000000
70063  -22.584  -15.702  51.264 0.0000000000
70048  -21.823  -16.357  51.702 0.0000000000
70062  -21.775  -15.769  50.759 0.0000000000
68903  -21.065  -16.017  50.157 0.0000000000
68923  -21.124  -15.608  49.352 0.0000000000
70125  -20.489  -15.878  47.126 0.0000000000
68961  -20.056  -16.078  47.433 0.0000000000
68975  -20.108  -16.138  46.921 0.0000000000
70142  -19.257  -16.467  46.634 0.0000000000
79769  -33.448  -8.122  33.498 0.0000000000
79770  -34.627  -7.776  33.601 0.0000000000
83521  -36.155  -6.699  32.755 0.0000000000
83510  -36.046  -5.951  33.071 0.0000000000
89440  -43.607  -0.348  37.019 0.0000000000
89438  -42.084  -0.255  36.485 0.0000000000
88256  -43.849  -0.365  34.267 0.0000000000
61895  -13.452  -22.433  49.461 0.0000000000
61871  -13.576  -22.303  50.593 0.0000000000
61894  -13.004  -22.316  49.978 0.0000000000
63076  -11.371  -22.036  51.163 0.0000000000
63056  -12.501  -21.908  52.058 0.0000000000
63037  -10.876  -21.667  53.461 0.0000000000
63074  -9.181  -22.316  51.359 0.0000000000
63073  -8.201  -22.862  51.209 0.0000000000
63052  -8.041  -22.798  52.281 0.0000000000
61848  -7.713  -23.690  50.886 0.0000000000
61869  -8.169  -23.779  50.055 0.0000000000
70181  -32.822  -16.539  45.135 0.0000000000
71482  -33.612  -16.163  45.852 0.0000000000
71455  -35.039  -15.708  47.421 0.0000000000
72691  -35.524  -14.900  47.407 0.0000000000
71424  -25.789  -14.559  49.508 0.0000000000
70096  -28.197  -15.409  48.732 0.0000000000
70116  -28.638  -15.428  48.115 0.0000000000
70134  -29.766  -15.321  47.217 0.0000000000
71408  -27.111  -15.300  50.381 0.0000000000
71407  -26.226  -14.939  50.339 0.0000000000
71406  -25.298  -15.077  50.242 0.0000000000
89524  -42.350  -0.216  29.814 0.0000000000
89542  -41.658  -0.057  29.322 0.0000000000
90756  -42.283  0.325  28.919 0.0000000000
93137  -44.159  1.595  29.021 0.0000000000
91968  -43.001  1.170  28.230 0.0000000000
93136  -43.345  1.763  28.417 0.0000000000
94349  -42.615  2.384  28.070 0.0000000000
94334  -43.262  2.496  28.433 0.0000000000
94323  -46.224  2.455  30.284 0.0000000000
95498  -45.957  3.133  30.318 0.0000000000
96690  -45.747  5.140  29.188 0.0000000000
96689  -44.873  4.451  28.885 0.0000000000
95521  -43.585  3.961  28.424 0.0000000000
96705  -43.939  4.817  28.041 0.0000000000
96721  -43.088  4.968  26.912 0.0000000000
96724  -46.889  6.299  26.803 0.0000000000
96741  -49.678  5.842  26.635 0.0000000000
97890  -49.985  5.976  25.850 0.0000000000
97891  -50.201  6.714  26.724 0.0000000000
99066  -50.314  7.324  27.087 0.0000000000
79695  -34.131  -8.039  39.541 0.0000000000
80970  -34.094  -7.604  38.359 0.0000000000
80971  -34.525  -7.058  38.242 0.0000000000
80990  -33.829  -7.475  37.580 0.0000000000
80991  -34.491  -6.706  37.330 0.0000000000
80941  -37.787  -6.119  40.104 0.0000000000
80957  -37.406  -6.020  39.157 0.0000000000
80973  -35.958  -5.931  38.152 0.0000000000
81011  -35.746  -6.487  36.202 0.0000000000
79753  -37.439  -7.745  35.111 0.0000000000
79754  -37.922  -7.712  34.993 0.0000000000
81067  -37.850  -7.208  34.801 0.0000000000
81041  -37.472  -5.847  35.940 0.0000000000
83461  -38.866  -4.656  37.406 0.0000000000
83486  -38.356  -4.665  36.584 0.0000000000
84615  -38.633  -4.474  36.953 0.0000000000
85711  -39.006  -3.945  37.492 0.0000000000
86905  -41.240  -3.267  38.935 0.0000000000
88163  -41.635  -2.542  38.620 0.0000000000
88179  -41.515  -2.402  38.307 0.0000000000
89406  -42.362  -1.000  38.062 0.0000000000
63098  -17.222  -21.345  50.196 0.0000000000
63097  -16.825  -21.448  50.516 0.0000000000
63078  -16.689  -21.773  51.347 0.0000000000
61875  -16.266  -21.808  50.128 0.0000000000
61900  -16.662  -22.011  48.225 0.0000000000
61922  -15.861  -22.841  47.960 0.0000000000
61921  -15.094  -22.766  48.031 0.0000000000
61920  -14.283  -22.517  48.063 0.0000000000
61896  -14.246  -22.407  49.311 0.0000000000
59384  0.994  -25.814  59.388 0.0000000000
73830  -33.932  -14.502  39.271 0.0000000000
74932  -33.448  -13.608  39.641 0.0000000000
75978  -33.244  -12.425  41.081 0.0000000000
75990  -32.652  -12.679  40.002 0.0000000000
77119  -32.680  -11.985  40.781 0.0000000000
77118  -32.084  -11.622  40.616 0.0000000000
78385  -32.333  -11.439  41.270 0.0000000000
71495  -34.570  -16.068  44.526 0.0000000000
71496  -35.108  -15.501  44.260 0.0000000000
73789  -35.349  -13.897  44.634 0.0000000000
73795  -35.171  -13.818  43.710 0.0000000000
77066  -33.845  -11.417  44.450 0.0000000000
77067  -34.221  -11.906  44.691 0.0000000000
77082  -34.286  -11.922  43.861 0.0000000000
77094  -34.115  -11.948  43.314 0.0000000000
77093  -33.754  -11.882  42.801 0.0000000000
77080  -33.271  -11.159  43.338 0.0000000000
79647  -32.867  -9.382  43.347 0.0000000000
79660  -32.228  -10.064  41.797 0.0000000000
79677  -32.830  -8.991  41.005 0.0000000000
79650  -35.899  -8.197  42.107 0.0000000000
80875  -36.658  -6.896  45.368 0.0000000000
69007  -19.042  -17.948  43.350 0.0000000000
69008  -19.803  -17.626  42.729 0.0000000000
70149  -25.784  -15.839  46.391 0.0000000000
70200  -25.429  -15.436  44.867 0.0000000000
70229  -24.653  -15.305  44.140 0.0000000000
71512  -24.761  -15.395  43.173 0.0000000000
70232  -27.802  -15.166  43.827 0.0000000000
70255  -27.080  -14.783  42.991 0.0000000000
68918  -17.533  -18.312  50.599 0.0000000000
67731  -17.065  -18.997  50.019 0.0000000000
67791  -17.661  -19.071  46.757 0.0000000000
66542  -17.470  -20.119  47.183 0.0000000000
65421  -17.690  -21.533  46.441 0.0000000000
97899  -47.432  6.138  24.470 0.0000000000
97910  -47.827  6.530  24.427 0.0000000000
99083  -47.820  7.022  24.097 0.0000000000
100304  -47.517  7.861  23.797 0.0000000000
102699  -49.550  9.554  26.314 0.0000000000
101544  -47.614  8.903  23.519 0.0000000000
101553  -46.944  8.958  21.825 0.0000000000
102715  -47.706  9.853  22.390 0.0000000000
102726  -47.951  10.338  22.005 0.0000000000
103917  -48.487  10.682  21.318 0.0000000000
103921  -48.367  10.302  20.847 0.0000000000
103918  -49.236  11.412  21.117 0.0000000000
103914  -49.012  11.642  21.688 0.0000000000
107474  -49.096  13.602  23.539 0.0000000000
107475  -49.823  13.923  23.000 0.0000000000
107476  -50.794  14.154  22.584 0.0000000000
107459  -50.750  14.522  23.494 0.0000000000
59460  -4.187  -26.243  53.992 0.0000000000
59459  -3.845  -26.759  54.134 0.0000000000
58327  -3.972  -26.898  53.083 0.0000000000
79721  -30.933  -9.023  37.992 0.0000000000
88289  -37.118  -1.739  30.962 0.0000000000
88308  -37.647  -1.039  30.041 0.0000000000
89509  -37.983  -0.681  29.785 0.0000000000
82276  -37.711  -6.404  34.615 0.0000000000
82289  -37.619  -6.624  34.000 0.0000000000
84629  -37.452  -5.303  34.731 0.0000000000
86942  -37.802  -3.402  35.328 0.0000000000
88233  -37.551  -2.722  34.653 0.0000000000
89447  -41.081  -0.242  35.183 0.0000000000
89436  -40.229  -0.788  35.808 0.0000000000
89479  -40.410  -0.526  33.196 0.0000000000
89461  -39.584  -0.727  33.649 0.0000000000
89460  -38.742  -0.871  33.447 0.0000000000
89477  -38.431  -0.855  32.448 0.0000000000
88293  -41.480  -0.567  31.758 0.0000000000
88292  -40.418  -0.545  31.455 0.0000000000
88310  -39.999  -0.512  30.482 0.0000000000
88333  -43.607  -0.032  30.618 0.0000000000
90740  -44.910  -0.230  29.716 0.0000000000
89527  -45.154  -0.291  30.306 0.0000000000
61793  -6.409  -23.258  56.243 0.0000000000
61792  -5.709  -23.867  55.747 0.0000000000
60631  -5.126  -24.544  55.186 0.0000000000
60637  -5.354  -24.963  54.217 0.0000000000
60649  -5.882  -25.387  52.101 0.0000000000
59483  -5.357  -25.995  52.181 0.0000000000
59495  -5.647  -26.197  51.203 0.0000000000
58301  -3.157  -26.984  54.902 0.0000000000
58289  -2.622  -26.429  55.791 0.0000000000
57096  -1.873  -27.469  55.850 0.0000000000
58275  -1.539  -27.034  56.618 0.0000000000
58258  -1.326  -26.891  57.219 0.0000000000
53632  -2.378  -31.294  54.850 0.0000000000
55924  -1.020  -29.361  57.541 0.0000000000
55925  -0.979  -28.866  57.131 0.0000000000
57066  -0.675  -28.055  57.967 0.0000000000
55903  -0.625  -27.975  58.263 0.0000000000
57031  -0.673  -26.729  58.500 0.0000000000
55902  -0.403  -28.090  58.000 0.0000000000
55911  0.280  -28.781  58.036 0.0000000000
57065  0.274  -27.991  57.785 0.0000000000
57043  0.547  -27.361  57.803 0.0000000000
53606  0.259  -31.375  55.984 0.0000000000
54783  0.747  -30.433  56.413 0.0000000000
71562  -32.124  -16.724  41.165 0.0000000000
70281  -32.317  -16.933  42.008 0.0000000000
71538  -33.210  -16.800  42.402 0.0000000000
70126  -21.075  -15.617  47.164 0.0000000000
70145  -21.394  -15.515  46.529 0.0000000000
70146  -22.448  -15.175  46.603 0.0000000000
71536  -29.962  -16.170  41.981 0.0000000000
71537  -30.774  -16.413  41.707 0.0000000000
71561  -31.281  -16.405  41.002 0.0000000000
71385  -24.811  -15.787  50.894 0.0000000000
71404  -23.633  -15.453  50.442 0.0000000000
70076  -22.918  -15.166  50.209 0.0000000000
70090  -21.756  -15.404  48.766 0.0000000000
70109  -21.482  -15.562  47.905 0.0000000000
96748  -44.015  4.614  24.374 0.0000000000
77134  -32.049  -12.063  39.729 0.0000000000
79796  -34.912  -7.825  32.677 0.0000000000
63096  -12.322  -22.304  49.996 0.0000000000
63113  -11.541  -22.757  49.171 0.0000000000
63095  -11.436  -22.349  50.108 0.0000000000
63094  -10.446  -22.390  50.258 0.0000000000
63075  -10.253  -22.128  51.348 0.0000000000
63110  -8.911  -23.097  49.866 0.0000000000
61891  -8.880  -23.857  49.138 0.0000000000
71467  -33.666  -16.236  46.731 0.0000000000
71427  -28.291  -16.145  49.505 0.0000000000
70100  -31.215  -16.323  49.117 0.0000000000
70136  -31.483  -16.172  47.222 0.0000000000
71388  -27.248  -16.010  51.255 0.0000000000
89544  -43.441  0.072  29.730 0.0000000000
90757  -43.199  0.325  29.168 0.0000000000
96676  -46.992  4.632  30.435 0.0000000000
96739  -48.273  6.203  26.073 0.0000000000
80938  -35.565  -7.196  39.530 0.0000000000
80975  -37.767  -5.726  38.339 0.0000000000
80994  -37.180  -5.658  37.197 0.0000000000
81012  -36.682  -6.303  36.185 0.0000000000
81013  -37.352  -5.848  36.085 0.0000000000
82243  -38.837  -5.197  37.482 0.0000000000
83462  -39.599  -4.728  38.341 0.0000000000
66501  -17.460  -20.584  51.463 0.0000000000
64275  -17.425  -21.199  50.335 0.0000000000
61946  -15.971  -23.493  46.964 0.0000000000
105102  -50.577  12.109  19.978 0.0000000000
105103  -51.770  12.210  19.707 0.0000000000
105095  -52.438  12.896  20.250 0.0000000000
58200  0.007  -26.003  59.677 0.0000000000
72757  -34.019  -15.592  41.071 0.0000000000
72770  -33.907  -15.365  39.994 0.0000000000
73821  -34.236  -14.262  40.439 0.0000000000
75979  -33.678  -12.948  41.173 0.0000000000
75965  -33.343  -12.233  41.574 0.0000000000
72708  -35.461  -14.698  45.904 0.0000000000
73781  -35.448  -13.702  45.680 0.0000000000
74872  -35.215  -13.318  45.168 0.0000000000
74882  -34.975  -13.067  45.203 0.0000000000
78335  -34.078  -10.837  45.920 0.0000000000
78357  -33.514  -10.989  44.120 0.0000000000
78356  -33.182  -10.252  43.951 0.0000000000
79648  -33.496  -8.472  42.835 0.0000000000
79637  -34.431  -8.185  43.715 0.0000000000
70150  -26.815  -15.439  46.304 0.0000000000
70277  -27.642  -14.637  42.265 0.0000000000
68919  -18.045  -17.688  50.393 0.0000000000
68973  -18.658  -16.863  46.822 0.0000000000
66560  -17.940  -20.047  46.247 0.0000000000
65435  -18.255  -21.214  45.617 0.0000000000
66581  -18.491  -20.764  44.996 0.0000000000
65449  -18.549  -21.301  44.565 0.0000000000
99072  -48.360  6.770  24.653 0.0000000000
100294  -48.861  7.785  24.844 0.0000000000
103906  -49.253  10.096  25.488 0.0000000000
103910  -48.517  10.415  23.858 0.0000000000
105084  -48.553  11.620  22.769 0.0000000000
105088  -48.998  12.152  22.106 0.0000000000
107445  -49.629  14.328  24.623 0.0000000000
58340  -4.374  -27.195  52.205 0.0000000000
58339  -4.060  -27.686  52.620 0.0000000000
81007  -32.399  -7.932  36.994 0.0000000000
79735  -30.963  -8.877  36.911 0.0000000000
79736  -31.615  -8.318  36.426 0.0000000000
79751  -31.712  -8.478  35.292 0.0000000000
85745  -38.140  -4.527  35.892 0.0000000000
85728  -38.161  -3.911  35.932 0.0000000000
88214  -38.309  -2.826  35.688 0.0000000000
89463  -41.230  -0.268  34.148 0.0000000000
89480  -40.878  -0.427  33.550 0.0000000000
88312  -42.280  -0.327  30.973 0.0000000000
88314  -44.364  -0.126  31.146 0.0000000000
64218  -8.862  -21.985  54.196 0.0000000000
64208  -8.115  -22.127  54.299 0.0000000000
63000  -7.733  -22.162  54.936 0.0000000000
62981  -7.047  -22.713  55.668 0.0000000000
61804  -5.840  -24.410  53.700 0.0000000000
61816  -6.075  -24.714  52.748 0.0000000000
60657  -6.106  -25.515  51.441 0.0000000000
57147  -3.022  -28.622  53.708 0.0000000000
57112  -3.003  -27.658  54.946 0.0000000000
57110  -1.972  -28.697  54.986 0.0000000000
57095  -1.715  -28.375  55.484 0.0000000000
54785  -1.433  -30.182  56.489 0.0000000000
53609  -1.380  -31.041  56.190 0.0000000000
54774  -0.836  -30.072  57.421 0.0000000000
54765  -0.554  -29.377  57.941 0.0000000000
55912  -0.262  -29.001  58.412 0.0000000000
55923  0.076  -29.445  57.936 0.0000000000
55922  0.539  -29.313  57.433 0.0000000000
71391  -30.159  -16.067  51.556 0.0000000000
71414  -32.466  -15.648  50.465 0.0000000000
91938  -46.679  0.646  29.701 0.0000000000
93140  -46.303  1.367  29.751 0.0000000000
93123  -46.803  1.507  29.999 0.0000000000
94324  -47.239  2.461  30.731 0.0000000000
95500  -47.643  3.759  30.861 0.0000000000
96693  -49.270  5.396  29.180 0.0000000000
96710  -49.465  5.821  28.254 0.0000000000
80910  -37.420  -6.911  41.546 0.0000000000
80924  -37.408  -6.764  40.643 0.0000000000
80925  -38.022  -6.242  41.021 0.0000000000
80942  -38.605  -5.745  40.375 0.0000000000
80959  -39.199  -5.644  39.704 0.0000000000
82224  -40.260  -5.172  39.305 0.0000000000
64295  -17.144  -21.607  47.837 0.0000000000
63132  -16.857  -21.826  48.126 0.0000000000
63146  -16.885  -22.236  47.114 0.0000000000
61948  -17.027  -23.176  46.697 0.0000000000
59386  -1.441  -25.677  60.016 0.0000000000
58221  -0.945  -25.745  59.242 0.0000000000
71589  -33.574  -16.117  40.708 0.0000000000
73812  -34.458  -13.947  42.241 0.0000000000
79611  -35.255  -8.017  44.902 0.0000000000
68993  -18.643  -18.054  44.665 0.0000000000
70169  -20.781  -15.960  45.710 0.0000000000
71509  -21.915  -16.069  43.735 0.0000000000
70177  -29.232  -15.437  45.443 0.0000000000
70278  -28.411  -14.699  41.979 0.0000000000
68885  -20.321  -17.012  51.450 0.0000000000
68902  -20.306  -16.518  50.522 0.0000000000
68943  -19.232  -16.196  48.764 0.0000000000
68944  -20.055  -15.928  48.245 0.0000000000
68960  -19.290  -16.269  47.695 0.0000000000
68984  -18.733  -17.561  45.799 0.0000000000
96733  -41.825  4.105  26.365 0.0000000000
101524  -50.042  8.285  26.718 0.0000000000
102700  -49.884  9.026  27.107 0.0000000000
106232  -48.735  13.232  27.046 0.0000000000
81036  -34.089  -7.321  35.501 0.0000000000
81062  -33.250  -7.833  34.677 0.0000000000
89420  -41.276  -0.936  37.181 0.0000000000
89419  -40.349  -1.322  36.765 0.0000000000
89448  -42.078  0.171  35.470 0.0000000000
88236  -42.594  0.119  35.091 0.0000000000
88276  -44.385  -0.473  33.157 0.0000000000
61870  -13.008  -22.078  50.752 0.0000000000
61831  -12.963  -21.947  51.939 0.0000000000
63036  -9.910  -21.668  53.754 0.0000000000
64250  -9.451  -22.042  52.963 0.0000000000
64233  -9.358  -21.987  53.396 0.0000000000
64248  -8.555  -22.308  52.707 0.0000000000
63051  -7.389  -23.569  52.241 0.0000000000
61868  -7.577  -24.386  50.468 0.0000000000
70208  -33.002  -16.646  44.128 0.0000000000
71494  -33.698  -16.258  44.830 0.0000000000
72701  -35.532  -14.685  46.679 0.0000000000
72660  -35.126  -15.223  49.125 0.0000000000
70112  -24.740  -15.522  48.127 0.0000000000
70113  -25.854  -15.222  47.921 0.0000000000
70095  -27.437  -14.746  48.655 0.0000000000
70114  -26.911  -14.845  47.778 0.0000000000
70132  -27.449  -15.106  47.081 0.0000000000
70152  -29.020  -15.097  46.296 0.0000000000
71411  -29.715  -16.235  50.602 0.0000000000
70098  -29.685  -16.629  48.716 0.0000000000
70099  -30.632  -16.504  48.921 0.0000000000
70117  -29.303  -15.808  47.951 0.0000000000
70178  -30.049  -16.085  45.470 0.0000000000
70179  -30.814  -16.909  45.497 0.0000000000
70206  -31.152  -16.833  44.478 0.0000000000
71423  -24.935  -14.938  49.595 0.0000000000
88347  -40.350  -0.124  28.971 0.0000000000
89541  -40.809  0.163  28.649 0.0000000000
91954  -42.758  0.669  28.462 0.0000000000
91967  -42.295  1.160  27.975 0.0000000000
91966  -41.388  1.166  27.493 0.0000000000
93139  -45.904  1.351  29.540 0.0000000000
94336  -44.488  2.385  29.252 0.0000000000
95511  -45.570  3.742  29.894 0.0000000000
95510  -44.716  3.380  29.304 0.0000000000
95509  -43.890  3.177  28.827 0.0000000000
95520  -43.051  3.259  28.282 0.0000000000
96703  -42.505  3.697  27.677 0.0000000000
96720  -42.255  4.258  27.054 0.0000000000
96752  -48.580  6.201  25.680 0.0000000000
97901  -49.393  6.333  25.305 0.0000000000
99064  -49.953  6.485  25.225 0.0000000000
100287  -50.284  7.339  25.606 0.0000000000
96727  -49.866  6.133  27.511 0.0000000000
100288  -50.310  7.623  26.528 0.0000000000
79692  -31.072  -9.951  39.691 0.0000000000
80968  -32.647  -8.083  38.157 0.0000000000
80988  -32.465  -7.998  37.584 0.0000000000
80989  -33.020  -7.826  37.556 0.0000000000
81008  -33.163  -7.708  36.749 0.0000000000
80955  -35.754  -6.512  38.934 0.0000000000
80972  -35.094  -6.328  38.194 0.0000000000
81038  -36.225  -7.264  35.442 0.0000000000
81065  -36.220  -7.661  34.725 0.0000000000
79772  -36.668  -7.646  34.375 0.0000000000
81085  -37.380  -7.371  34.004 0.0000000000
81066  -37.738  -7.522  34.408 0.0000000000
82277  -37.563  -5.937  35.212 0.0000000000
82262  -37.653  -5.269  35.905 0.0000000000
83485  -37.935  -4.882  35.930 0.0000000000
85710  -38.677  -3.825  36.963 0.0000000000
82231  -39.913  -4.891  38.806 0.0000000000
83463  -40.041  -4.649  38.692 0.0000000000
84597  -39.757  -4.366  38.247 0.0000000000
85697  -41.070  -3.859  39.098 0.0000000000
85696  -40.813  -3.675  38.600 0.0000000000
85712  -40.388  -3.817  38.327 0.0000000000
86914  -40.555  -3.198  37.929 0.0000000000
88197  -40.773  -2.323  37.580 0.0000000000
89422  -43.061  -0.535  37.446 0.0000000000
61899  -16.416  -21.948  48.773 0.0000000000
63115  -12.939  -22.765  48.514 0.0000000000
61943  -13.265  -23.234  47.038 0.0000000000
63131  -12.818  -23.045  47.687 0.0000000000
63130  -12.287  -23.092  48.028 0.0000000000
106276  -52.669  14.175  21.348 0.0000000000
75989  -32.296  -12.487  39.664 0.0000000000
71516  -35.042  -15.464  43.717 0.0000000000
72737  -34.923  -14.411  43.109 0.0000000000
73803  -34.727  -13.739  42.846 0.0000000000
74899  -34.675  -13.083  42.722 0.0000000000
75928  -34.371  -12.455  45.135 0.0000000000
75967  -34.253  -12.931  42.326 0.0000000000
75953  -33.964  -12.251  42.598 0.0000000000
77106  -33.428  -11.873  42.209 0.0000000000
78375  -32.142  -10.318  41.515 0.0000000000
79625  -36.216  -8.009  43.659 0.0000000000
80887  -36.615  -7.121  43.871 0.0000000000
79639  -36.505  -7.872  42.875 0.0000000000
70129  -24.197  -15.607  47.327 0.0000000000
70172  -24.063  -15.419  45.765 0.0000000000
70173  -25.099  -15.810  45.642 0.0000000000
70198  -23.360  -15.067  44.835 0.0000000000
71493  -23.258  -15.544  44.051 0.0000000000
70202  -27.493  -15.451  44.682 0.0000000000
70254  -26.214  -14.959  43.273 0.0000000000
71531  -24.043  -16.008  42.281 0.0000000000
66500  -17.247  -19.914  51.424 0.0000000000
66509  -17.209  -19.843  50.366 0.0000000000
66520  -17.478  -20.522  49.706 0.0000000000
66531  -17.372  -20.309  48.531 0.0000000000
68901  -19.494  -16.880  50.875 0.0000000000
68920  -18.650  -17.064  50.198 0.0000000000
68941  -17.807  -17.478  49.564 0.0000000000
68958  -17.496  -17.595  48.535 0.0000000000
68957  -17.281  -18.079  49.102 0.0000000000
67751  -17.261  -19.530  48.606 0.0000000000
64296  -17.133  -21.801  47.023 0.0000000000
64303  -17.363  -21.970  46.445 0.0000000000
97898  -46.764  5.746  23.802 0.0000000000
97919  -46.732  6.403  22.750 0.0000000000
101532  -48.953  8.749  24.758 0.0000000000
101545  -48.209  8.375  24.283 0.0000000000
101561  -46.979  8.704  20.885 0.0000000000
102730  -47.374  9.480  21.082 0.0000000000
102733  -47.400  9.215  20.501 0.0000000000
103923  -49.858  11.236  20.099 0.0000000000
103919  -49.729  11.743  20.622 0.0000000000
105089  -49.835  12.747  21.689 0.0000000000
105093  -50.021  12.364  21.016 0.0000000000
106282  -50.422  13.046  21.603 0.0000000000
106274  -50.969  13.721  21.863 0.0000000000
107460  -51.603  14.650  22.982 0.0000000000
60624  -4.141  -24.768  55.517 0.0000000000
60613  -3.472  -24.887  56.128 0.0000000000
59448  -3.650  -26.453  54.583 0.0000000000
58312  -3.600  -27.306  54.087 0.0000000000
58326  -3.760  -27.586  53.244 0.0000000000
57148  -3.449  -28.308  53.357 0.0000000000
79707  -30.792  -9.785  38.985 0.0000000000
79720  -30.513  -9.839  38.047 0.0000000000
79768  -32.063  -8.818  33.863 0.0000000000
83512  -37.460  -6.026  34.022 0.0000000000
84639  -36.972  -5.241  33.956 0.0000000000
85743  -37.208  -4.594  34.601 0.0000000000
85755  -36.732  -4.067  33.881 0.0000000000
86950  -36.730  -2.920  33.526 0.0000000000
88235  -38.696  -1.477  35.040 0.0000000000
89446  -40.274  -0.634  34.805 0.0000000000
89445  -39.499  -0.852  34.503 0.0000000000
88252  -38.089  -1.306  34.382 0.0000000000
89476  -37.611  -1.051  32.585 0.0000000000
89493  -38.753  -0.781  31.832 0.0000000000
88272  -39.828  -0.663  31.996 0.0000000000
88332  -43.010  -0.210  30.402 0.0000000000
89525  -42.944  -0.235  29.983 0.0000000000
90739  -44.437  -0.096  29.716 0.0000000000
90760  -46.028  0.450  29.430 0.0000000000
88296  -44.859  -0.401  32.218 0.0000000000
60615  -4.795  -23.714  56.525 0.0000000000
60630  -4.616  -25.293  54.603 0.0000000000
60642  -5.081  -25.867  53.163 0.0000000000
60658  -6.576  -25.174  51.183 0.0000000000
59425  -2.735  -25.528  56.600 0.0000000000
59408  -2.284  -25.780  57.337 0.0000000000
58288  -2.304  -27.125  55.611 0.0000000000
58276  -2.058  -26.596  56.605 0.0000000000
58237  -1.143  -27.186  59.026 0.0000000000
54806  -2.586  -30.188  54.491 0.0000000000
54795  -2.283  -29.740  54.988 0.0000000000
55934  -1.258  -29.150  55.870 0.0000000000
57067  -0.750  -27.564  57.631 0.0000000000
57047  -1.175  -27.063  58.623 0.0000000000
57032  -0.972  -26.741  58.820 0.0000000000
58218  -0.074  -26.366  58.881 0.0000000000
57044  0.065  -27.088  58.156 0.0000000000
58236  0.275  -26.701  58.406 0.0000000000
58217  0.677  -26.417  58.956 0.0000000000
53607  -0.401  -31.641  56.063 0.0000000000
54772  0.560  -30.220  57.142 0.0000000000
55921  0.941  -29.093  56.860 0.0000000000
54784  -1.151  -30.815  56.646 0.0000000000
54805  -2.469  -30.730  54.756 0.0000000000
54816  -3.080  -29.686  53.323 0.0000000000
55941  -1.863  -29.270  55.190 0.0000000000
57045  -0.648  -27.309  57.924 0.0000000000
57083  -1.663  -27.151  56.340 0.0000000000
57129  -2.777  -28.621  54.179 0.0000000000
58300  -2.719  -27.263  55.186 0.0000000000
59385  -0.836  -25.825  59.898 0.0000000000
59424  -2.439  -26.060  56.810 0.0000000000
59437  -3.707  -25.321  55.389 0.0000000000
59472  -5.136  -26.029  52.764 0.0000000000
59494  -5.142  -26.570  51.644 0.0000000000
60598  -2.889  -25.110  60.025 0.0000000000
60623  -3.620  -25.174  55.633 0.0000000000
61782  -4.737  -23.575  56.765 0.0000000000
61829  -6.259  -24.906  52.229 0.0000000000
61832  -13.184  -22.149  52.132 0.0000000000
61849  -12.983  -21.957  51.557 0.0000000000
63018  -9.086  -21.862  54.647 0.0000000000
63057  -12.945  -21.975  52.348 0.0000000000
63155  -17.655  -22.559  46.129 0.0000000000
64209  -8.392  -22.036  54.659 0.0000000000
64219  -9.436  -21.821  53.995 0.0000000000
64231  -8.184  -22.429  52.992 0.0000000000
64232  -8.710  -22.162  53.296 0.0000000000
64249  -9.124  -22.116  52.858 0.0000000000
65380  -17.523  -20.997  50.917 0.0000000000
65410  -17.340  -21.633  46.810 0.0000000000
65434  -18.152  -20.602  45.937 0.0000000000
66530  -17.273  -19.682  48.879 0.0000000000
66580  -18.323  -20.203  45.350 0.0000000000
67702  -17.247  -19.264  51.914 0.0000000000
67750  -17.099  -18.975  49.029 0.0000000000
67770  -17.235  -18.407  48.642 0.0000000000
70108  -20.677  -15.771  47.706 0.0000000000
70143  -19.718  -16.225  46.528 0.0000000000
70167  -19.192  -16.663  46.151 0.0000000000
70228  -23.904  -15.433  44.312 0.0000000000
70282  -32.718  -16.948  42.087 0.0000000000
71558  -28.676  -14.882  40.987 0.0000000000
72726  -34.976  -15.393  43.425 0.0000000000
72746  -34.087  -15.654  41.523 0.0000000000
75929  -34.595  -12.923  45.314 0.0000000000
78409  -30.425  -10.395  38.254 0.0000000000
79621  -33.461  -9.473  44.749 0.0000000000
79706  -30.519  -9.989  38.452 0.0000000000
79710  -33.930  -7.881  38.791 0.0000000000
79774  -37.918  -7.719  34.745 0.0000000000
80883  -33.483  -8.813  44.575 0.0000000000
80885  -34.338  -8.168  44.279 0.0000000000
80897  -33.394  -8.751  44.193 0.0000000000
80898  -33.786  -8.393  44.161 0.0000000000
80953  -34.564  -7.587  38.863 0.0000000000
81016  -39.282  -5.053  38.062 0.0000000000
82263  -38.351  -5.226  36.470 0.0000000000
83446  -39.879  -5.113  38.849 0.0000000000
83503  -37.624  -5.913  34.620 0.0000000000
83504  -37.554  -5.544  35.238 0.0000000000
83519  -35.281  -5.880  32.222 0.0000000000
84628  -37.243  -5.074  34.435 0.0000000000
84638  -36.071  -5.551  33.224 0.0000000000
85729  -38.456  -3.882  36.319 0.0000000000
85730  -38.864  -3.760  36.982 0.0000000000
86900  -41.447  -2.811  38.771 0.0000000000
86927  -38.194  -3.386  35.830 0.0000000000
86928  -38.492  -3.327  36.344 0.0000000000
89508  -37.780  -0.734  29.650 0.0000000000
89522  -37.618  -0.812  29.463 0.0000000000
89523  -37.882  -0.522  29.395 0.0000000000
93122  -46.381  1.130  29.617 0.0000000000
94322  -45.758  2.892  30.116 0.0000000000
95490  -48.018  3.426  31.080 0.0000000000
95508  -43.488  2.813  28.611 0.0000000000
101534  -49.936  8.006  25.967 0.0000000000
105087  -48.566  11.509  22.500 0.0000000000
106214  -48.881  13.135  27.233 0.0000000000
106233  -48.662  12.956  26.988 0.0000000000
107408  -49.075  13.255  27.290 0.0000000000
107409  -49.183  13.336  27.238 0.0000000000
107425  -48.921  13.334  27.142 0.0000000000
107426  -49.075  13.582  26.966 0.0000000000
107444  -48.865  13.893  25.320 0.0000000000
