#!ascii label  , from subject 4126 vox2ras=TkReg
1874
72619  -34.623  -14.757  54.765 0.0000000000
96657  -52.033  5.138  32.437 0.0000000000
82196  -42.609  -5.865  42.214 0.0000000000
65400  0.493  -22.322  49.431 0.0000000000
66465  -19.231  -19.644  55.343 0.0000000000
73717  -6.626  -14.892  51.808 0.0000000000
75780  -0.753  -13.402  59.811 0.0000000000
88201  -47.528  -0.486  36.633 0.0000000000
71508  -1.630  -15.491  43.595 0.0000000000
59393  1.608  -25.804  58.217 0.0000000000
74856  -34.615  -13.035  47.130 0.0000000000
71390  -29.177  -16.205  51.517 0.0000000000
72586  -25.603  -13.930  55.970 0.0000000000
99044  -54.277  8.462  30.265 0.0000000000
88153  -44.595  -1.322  40.388 0.0000000000
61853  -15.353  -22.593  51.393 0.0000000000
75863  -2.374  -10.839  49.183 0.0000000000
68897  -3.393  -20.239  51.115 0.0000000000
66578  -5.851  -20.358  45.088 0.0000000000
61976  -2.562  -23.548  45.592 0.0000000000
61736  -3.746  -23.472  63.367 0.0000000000
65287  0.550  -21.067  63.148 0.0000000000
82145  -39.836  -5.257  45.788 0.0000000000
71302  -23.052  -15.657  58.924 0.0000000000
68869  -20.930  -16.867  52.303 0.0000000000
74783  -4.306  -14.355  56.600 0.0000000000
70030  -0.760  -18.437  55.013 0.0000000000
90708  -49.807  0.431  33.601 0.0000000000
62949  -8.081  -21.683  60.127 0.0000000000
63004  -11.858  -21.830  55.286 0.0000000000
72688  -5.684  -15.093  47.044 0.0000000000
66643  -1.975  -20.088  40.990 0.0000000000
72501  -0.559  -15.192  63.287 0.0000000000
68835  1.336  -18.752  58.757 0.0000000000
64230  1.155  -23.207  53.711 0.0000000000
73711  -36.309  -13.504  53.551 0.0000000000
72640  -34.185  -15.391  51.432 0.0000000000
72642  -35.589  -14.483  50.679 0.0000000000
71353  -31.853  -15.636  53.527 0.0000000000
71430  -31.010  -16.177  49.743 0.0000000000
71321  -30.357  -15.541  55.343 0.0000000000
97849  -53.465  6.642  31.680 0.0000000000
94312  -48.908  2.764  31.351 0.0000000000
96680  -50.757  5.920  30.592 0.0000000000
96712  -50.730  6.946  29.029 0.0000000000
85685  -43.822  -4.170  41.000 0.0000000000
80927  -39.797  -5.707  41.435 0.0000000000
80961  -40.752  -5.793  40.242 0.0000000000
85698  -41.257  -4.305  39.569 0.0000000000
67729  -0.905  -20.895  50.126 0.0000000000
67785  -2.618  -21.159  47.485 0.0000000000
64294  -1.266  -22.704  48.062 0.0000000000
60728  -3.425  -24.695  46.541 0.0000000000
60697  -1.848  -25.292  48.990 0.0000000000
61758  -4.219  -24.096  60.356 0.0000000000
60588  -2.489  -25.074  62.122 0.0000000000
82125  -37.912  -6.169  47.581 0.0000000000
78301  -35.597  -9.881  49.111 0.0000000000
78335  -34.078  -10.837  45.920 0.0000000000
79600  -35.857  -8.180  46.906 0.0000000000
80875  -36.658  -6.896  45.368 0.0000000000
74726  -24.784  -13.118  60.057 0.0000000000
71364  -25.135  -16.009  51.905 0.0000000000
71327  -23.577  -15.498  53.777 0.0000000000
102688  -52.127  9.799  28.619 0.0000000000
106218  -51.865  12.658  27.957 0.0000000000
75804  -2.472  -13.769  58.363 0.0000000000
72611  -2.660  -16.770  56.195 0.0000000000
73691  -0.768  -16.346  57.385 0.0000000000
88242  -48.381  -0.280  35.243 0.0000000000
89440  -43.607  -0.348  37.019 0.0000000000
88239  -45.948  -0.666  35.114 0.0000000000
89482  -47.078  -0.919  32.524 0.0000000000
62933  -7.871  -23.230  62.979 0.0000000000
62946  -9.909  -21.744  61.451 0.0000000000
76991  -7.414  -11.523  51.596 0.0000000000
75886  -6.733  -12.229  48.766 0.0000000000
72659  -7.926  -15.349  49.039 0.0000000000
63199  -3.137  -23.134  41.693 0.0000000000
66647  -5.200  -20.448  41.833 0.0000000000
63211  -1.146  -23.118  39.850 0.0000000000
69986  -2.078  -16.925  64.248 0.0000000000
61756  2.006  -23.921  60.606 0.0000000000
66438  1.442  -20.561  60.548 0.0000000000
64176  2.180  -22.445  58.635 0.0000000000
66458  0.861  -21.342  55.916 0.0000000000
61791  1.731  -24.685  56.113 0.0000000000
75876  -35.342  -11.796  50.204 0.0000000000
73643  -27.096  -14.043  59.054 0.0000000000
72577  -28.914  -15.066  57.188 0.0000000000
71332  -28.120  -15.297  54.245 0.0000000000
103894  -54.541  10.633  29.685 0.0000000000
100278  -51.816  8.043  28.322 0.0000000000
88168  -46.224  -0.366  38.874 0.0000000000
89396  -42.571  -1.529  38.713 0.0000000000
66491  -17.274  -19.708  52.069 0.0000000000
64234  -18.114  -21.827  53.126 0.0000000000
72668  -1.824  -13.297  47.402 0.0000000000
70061  -5.909  -17.478  51.671 0.0000000000
70106  -7.427  -18.509  48.869 0.0000000000
68953  -5.083  -19.774  48.472 0.0000000000
66594  -3.008  -21.726  44.867 0.0000000000
59633  -1.938  -25.282  43.110 0.0000000000
65277  -4.797  -21.020  63.810 0.0000000000
66420  -2.884  -20.149  62.066 0.0000000000
62916  -1.454  -22.341  62.804 0.0000000000
60585  0.233  -25.394  62.324 0.0000000000
82165  -41.702  -4.863  44.113 0.0000000000
80901  -37.830  -6.076  43.132 0.0000000000
67646  -21.629  -18.533  57.726 0.0000000000
72560  -23.633  -14.497  57.441 0.0000000000
70023  -22.218  -16.876  55.895 0.0000000000
67668  -20.271  -17.618  54.118 0.0000000000
76975  -6.477  -11.623  53.263 0.0000000000
78222  -5.269  -11.449  56.062 0.0000000000
74800  -5.610  -14.585  54.665 0.0000000000
71341  -3.391  -16.838  54.114 0.0000000000
70044  -1.336  -18.434  53.223 0.0000000000
67701  0.348  -19.764  51.541 0.0000000000
91917  -51.226  2.321  32.909 0.0000000000
90730  -48.469  -0.083  31.193 0.0000000000
64122  -6.171  -21.941  64.296 0.0000000000
61753  -6.506  -23.827  61.957 0.0000000000
61777  -5.361  -22.778  57.658 0.0000000000
63026  -16.181  -23.264  54.678 0.0000000000
64200  -14.090  -20.653  56.416 0.0000000000
64157  -11.476  -21.095  59.796 0.0000000000
62961  -9.160  -21.855  58.124 0.0000000000
62966  -7.266  -22.728  56.647 0.0000000000
80815  -4.869  -8.727  49.844 0.0000000000
74838  -4.148  -12.853  48.256 0.0000000000
71462  -3.553  -15.165  45.613 0.0000000000
70141  -7.450  -17.216  46.043 0.0000000000
70222  -4.918  -17.599  43.459 0.0000000000
69019  -1.784  -17.362  41.774 0.0000000000
75743  -0.397  -13.898  62.125 0.0000000000
68822  -0.688  -18.362  61.566 0.0000000000
71291  0.736  -16.641  60.944 0.0000000000
72552  1.682  -15.935  58.705 0.0000000000
70021  1.034  -18.238  56.395 0.0000000000
67663  0.731  -20.833  53.930 0.0000000000
64263  1.149  -23.001  51.293 0.0000000000
58299  0.878  -27.737  55.778 0.0000000000
59470  1.031  -26.866  53.568 0.0000000000
60680  -0.124  -25.546  50.252 0.0000000000
73710  -35.737  -14.134  54.027 0.0000000000
73704  -34.843  -14.122  55.422 0.0000000000
72632  -34.251  -15.390  52.183 0.0000000000
72633  -35.153  -15.140  52.657 0.0000000000
71354  -32.914  -15.517  53.723 0.0000000000
71372  -32.520  -15.511  52.594 0.0000000000
72606  -33.674  -14.629  55.716 0.0000000000
71336  -32.159  -15.525  54.590 0.0000000000
96671  -53.229  6.034  32.149 0.0000000000
95483  -51.254  3.861  32.076 0.0000000000
95492  -49.398  3.513  31.213 0.0000000000
96669  -51.429  5.539  31.689 0.0000000000
96681  -51.705  6.261  30.980 0.0000000000
83418  -43.574  -5.685  41.200 0.0000000000
84551  -45.578  -4.391  41.704 0.0000000000
83410  -45.419  -5.818  42.785 0.0000000000
80944  -40.332  -5.836  40.713 0.0000000000
82206  -41.563  -5.409  41.302 0.0000000000
83439  -41.937  -4.759  40.845 0.0000000000
67744  -0.025  -21.281  49.908 0.0000000000
66541  -0.785  -21.600  48.631 0.0000000000
64293  -0.605  -22.505  48.630 0.0000000000
61937  -1.569  -23.711  48.355 0.0000000000
63127  -0.413  -23.294  49.043 0.0000000000
60603  -3.760  -23.531  58.232 0.0000000000
59396  -2.560  -24.695  59.036 0.0000000000
78302  -36.315  -9.097  49.310 0.0000000000
79579  -35.204  -9.516  48.308 0.0000000000
79593  -36.854  -7.511  48.471 0.0000000000
80854  -36.881  -7.305  47.492 0.0000000000
105047  -53.759  11.589  28.882 0.0000000000
105045  -52.147  11.822  27.993 0.0000000000
107414  -53.369  13.393  28.448 0.0000000000
75792  -1.571  -13.519  58.904 0.0000000000
74767  -1.558  -15.334  57.845 0.0000000000
74754  -0.793  -15.024  58.414 0.0000000000
88222  -48.389  -0.415  35.849 0.0000000000
88204  -49.882  -0.518  36.370 0.0000000000
88200  -46.604  -0.418  36.914 0.0000000000
88238  -44.736  -0.455  35.298 0.0000000000
88220  -46.755  -0.559  35.913 0.0000000000
88240  -46.924  -0.628  35.032 0.0000000000
64132  -10.111  -22.269  63.253 0.0000000000
64138  -10.620  -21.241  61.768 0.0000000000
66455  -19.359  -20.041  56.992 0.0000000000
66459  -19.031  -20.415  56.203 0.0000000000
71488  -0.932  -15.035  44.679 0.0000000000
74807  -7.156  -13.003  51.617 0.0000000000
75875  -7.510  -12.549  50.220 0.0000000000
73730  -7.651  -14.512  50.092 0.0000000000
62017  -2.035  -24.339  41.386 0.0000000000
63212  -1.894  -23.600  40.555 0.0000000000
62025  -1.237  -24.112  40.476 0.0000000000
69968  -2.540  -16.747  66.944 0.0000000000
68804  -3.286  -17.758  64.895 0.0000000000
60596  1.770  -24.855  59.319 0.0000000000
62952  2.317  -23.297  59.289 0.0000000000
61775  2.153  -24.402  58.118 0.0000000000
62964  2.072  -23.527  57.295 0.0000000000
61781  2.033  -24.550  57.382 0.0000000000
74815  -36.172  -13.035  50.629 0.0000000000
73746  -35.037  -13.595  49.594 0.0000000000
75877  -35.891  -11.580  50.503 0.0000000000
77012  -35.613  -10.715  50.159 0.0000000000
71351  -29.856  -15.894  53.412 0.0000000000
71333  -29.076  -15.606  54.283 0.0000000000
71368  -28.543  -16.101  52.438 0.0000000000
71367  -27.569  -16.005  52.319 0.0000000000
101506  -54.303  9.277  29.660 0.0000000000
99042  -52.525  7.794  29.333 0.0000000000
99047  -51.609  7.679  28.478 0.0000000000
100263  -53.075  8.639  29.370 0.0000000000
101511  -53.693  9.023  29.185 0.0000000000
88167  -45.063  -0.561  39.311 0.0000000000
88155  -47.007  -0.771  39.639 0.0000000000
88138  -46.609  -1.175  40.726 0.0000000000
86896  -42.752  -3.048  40.521 0.0000000000
86901  -41.613  -3.085  39.419 0.0000000000
88166  -43.947  -1.261  39.546 0.0000000000
88181  -44.542  -0.588  38.702 0.0000000000
74810  -0.918  -11.645  49.329 0.0000000000
73738  -0.254  -12.670  48.867 0.0000000000
73727  -1.811  -12.096  48.280 0.0000000000
70072  -5.120  -18.634  51.265 0.0000000000
68916  -5.568  -19.798  49.942 0.0000000000
68935  -4.270  -20.221  49.508 0.0000000000
65431  -1.679  -21.953  46.086 0.0000000000
66557  -3.101  -21.009  46.401 0.0000000000
64313  -1.872  -22.513  44.991 0.0000000000
63174  -2.803  -23.553  43.651 0.0000000000
60761  -2.445  -24.458  44.569 0.0000000000
60763  -2.455  -25.218  44.775 0.0000000000
64120  -3.803  -22.048  63.803 0.0000000000
64119  -2.977  -22.050  62.882 0.0000000000
61734  -2.575  -23.009  62.499 0.0000000000
59386  -1.441  -25.677  60.016 0.0000000000
60586  -0.777  -25.324  62.486 0.0000000000
59377  -0.455  -26.842  60.878 0.0000000000
60592  0.673  -25.809  61.533 0.0000000000
82164  -40.880  -4.758  44.483 0.0000000000
82161  -38.113  -5.613  45.780 0.0000000000
80888  -37.712  -5.753  44.603 0.0000000000
80889  -38.787  -5.425  44.372 0.0000000000
82180  -40.076  -4.847  43.833 0.0000000000
70011  -22.527  -16.552  60.177 0.0000000000
68836  -21.563  -17.782  59.224 0.0000000000
70016  -22.300  -17.083  57.866 0.0000000000
72562  -26.186  -14.570  57.742 0.0000000000
73658  -25.704  -14.313  58.527 0.0000000000
72573  -24.606  -14.014  56.747 0.0000000000
70036  -21.799  -16.510  52.790 0.0000000000
70032  -22.283  -15.808  54.251 0.0000000000
68855  -21.107  -17.013  53.534 0.0000000000
68850  -20.957  -17.903  54.084 0.0000000000
68854  -20.604  -17.505  53.239 0.0000000000
68883  -18.779  -17.631  51.777 0.0000000000
75816  -4.202  -13.347  57.424 0.0000000000
75825  -4.913  -13.151  56.421 0.0000000000
75835  -5.480  -12.962  55.446 0.0000000000
74793  -5.261  -14.170  55.458 0.0000000000
72625  -5.082  -15.833  53.949 0.0000000000
73707  -4.634  -15.635  55.577 0.0000000000
71326  -1.404  -17.841  55.693 0.0000000000
71340  -2.414  -17.396  54.503 0.0000000000
70035  -1.192  -18.233  54.108 0.0000000000
70055  -0.463  -19.211  52.120 0.0000000000
70042  0.033  -19.212  52.985 0.0000000000
91909  -51.204  1.110  33.089 0.0000000000
91907  -51.858  2.964  34.342 0.0000000000
90705  -51.596  1.415  34.530 0.0000000000
89484  -48.311  -0.112  33.227 0.0000000000
89497  -47.604  -1.042  31.789 0.0000000000
90718  -48.856  0.339  32.507 0.0000000000
91915  -50.185  1.223  32.149 0.0000000000
64110  -7.659  -21.115  64.673 0.0000000000
61762  -7.807  -23.026  61.590 0.0000000000
61746  -7.193  -23.399  62.847 0.0000000000
61761  -7.038  -23.073  61.378 0.0000000000
61767  -5.644  -22.653  60.100 0.0000000000
61774  -6.387  -22.037  59.247 0.0000000000
63058  -16.694  -22.309  52.395 0.0000000000
63027  -17.426  -22.928  54.812 0.0000000000
61822  -15.679  -23.251  53.557 0.0000000000
63022  -12.718  -22.519  54.060 0.0000000000
63006  -13.880  -22.502  55.321 0.0000000000
64198  -12.649  -20.956  56.108 0.0000000000
64179  -13.377  -20.893  58.183 0.0000000000
64188  -11.633  -21.231  57.343 0.0000000000
62963  -10.884  -21.689  58.470 0.0000000000
62985  -10.965  -21.254  56.343 0.0000000000
62982  -7.918  -22.121  55.989 0.0000000000
80817  -6.898  -8.440  50.336 0.0000000000
73744  -6.509  -13.580  48.234 0.0000000000
75885  -5.459  -11.905  48.518 0.0000000000
73755  -4.947  -13.832  47.658 0.0000000000
72686  -3.997  -14.127  46.718 0.0000000000
71450  -5.100  -15.232  46.337 0.0000000000
68970  -6.816  -18.829  47.073 0.0000000000
70124  -7.674  -17.302  47.199 0.0000000000
67802  -7.332  -18.880  45.406 0.0000000000
67883  -3.208  -20.299  40.961 0.0000000000
69023  -5.267  -18.780  42.502 0.0000000000
69045  -3.753  -18.987  41.743 0.0000000000
69001  -3.456  -17.352  42.705 0.0000000000
69043  -2.052  -18.248  41.386 0.0000000000
69064  -1.153  -18.285  40.248 0.0000000000
73592  -0.369  -14.296  63.091 0.0000000000
66418  -0.906  -20.616  62.919 0.0000000000
67626  -1.319  -19.282  61.381 0.0000000000
66428  -0.265  -20.264  62.174 0.0000000000
67638  2.020  -19.505  59.383 0.0000000000
68828  1.095  -18.731  60.455 0.0000000000
70009  1.095  -17.775  59.862 0.0000000000
72542  1.677  -15.878  59.933 0.0000000000
71303  1.361  -17.103  58.466 0.0000000000
72582  1.205  -16.854  57.436 0.0000000000
70018  1.358  -18.100  57.358 0.0000000000
65340  1.227  -22.474  54.966 0.0000000000
66462  0.833  -21.169  55.143 0.0000000000
65352  1.102  -22.463  53.313 0.0000000000
66489  0.897  -21.530  53.001 0.0000000000
64247  1.170  -23.178  52.179 0.0000000000
55947  1.105  -29.487  54.626 0.0000000000
59458  0.995  -27.014  54.457 0.0000000000
74808  -36.494  -12.915  51.704 0.0000000000
71433  -33.579  -15.824  49.326 0.0000000000
71434  -34.411  -15.595  49.196 0.0000000000
72641  -35.106  -15.231  51.127 0.0000000000
73720  -36.063  -14.119  51.246 0.0000000000
71370  -30.530  -15.825  52.479 0.0000000000
71392  -31.042  -15.606  51.513 0.0000000000
71414  -32.466  -15.648  50.465 0.0000000000
71335  -31.121  -15.690  54.391 0.0000000000
99037  -53.982  7.950  30.588 0.0000000000
95501  -48.384  4.273  30.674 0.0000000000
96693  -49.270  5.396  29.180 0.0000000000
96711  -50.101  6.504  28.604 0.0000000000
96695  -50.728  6.516  29.589 0.0000000000
97854  -51.999  6.605  30.263 0.0000000000
86881  -43.774  -3.129  41.239 0.0000000000
88137  -45.353  -1.365  41.178 0.0000000000
86863  -44.756  -3.057  41.778 0.0000000000
85648  -46.329  -3.040  43.023 0.0000000000
80925  -38.022  -6.242  41.021 0.0000000000
80942  -38.605  -5.745  40.375 0.0000000000
80959  -39.199  -5.644  39.704 0.0000000000
80978  -40.577  -5.508  39.723 0.0000000000
82232  -40.567  -5.029  39.372 0.0000000000
82226  -41.028  -5.478  39.750 0.0000000000
85683  -42.518  -3.859  40.696 0.0000000000
68912  -2.265  -20.733  50.271 0.0000000000
68933  -2.904  -20.601  49.631 0.0000000000
67746  -1.365  -20.933  49.151 0.0000000000
66554  -1.064  -21.908  47.938 0.0000000000
63158  -1.890  -22.839  46.477 0.0000000000
61978  -2.702  -24.162  45.583 0.0000000000
63142  -2.233  -23.487  46.922 0.0000000000
60713  -3.254  -25.042  47.519 0.0000000000
61751  -4.405  -24.358  61.733 0.0000000000
61741  -2.737  -24.113  62.799 0.0000000000
60595  -3.816  -24.831  61.060 0.0000000000
82144  -38.896  -5.522  46.276 0.0000000000
77031  -34.747  -11.852  47.390 0.0000000000
77043  -34.234  -12.113  46.633 0.0000000000
78309  -34.844  -10.145  47.825 0.0000000000
79590  -34.796  -9.429  47.572 0.0000000000
80864  -35.518  -8.079  45.946 0.0000000000
80865  -36.433  -7.844  46.078 0.0000000000
80867  -37.343  -6.535  47.080 0.0000000000
72541  -24.045  -14.292  59.422 0.0000000000
71316  -25.798  -14.372  54.302 0.0000000000
72599  -24.519  -14.153  54.813 0.0000000000
71345  -24.453  -15.784  52.802 0.0000000000
70049  -22.615  -16.120  52.179 0.0000000000
103897  -50.654  10.550  27.472 0.0000000000
105060  -50.629  11.328  27.303 0.0000000000
106234  -49.466  12.295  27.331 0.0000000000
107427  -49.598  13.847  26.838 0.0000000000
74769  -3.627  -14.242  57.424 0.0000000000
73695  -3.513  -15.287  56.852 0.0000000000
74781  -2.298  -15.380  57.512 0.0000000000
73699  -1.725  -16.505  57.006 0.0000000000
72609  -0.703  -17.385  56.342 0.0000000000
88262  -49.017  0.139  34.670 0.0000000000
89441  -50.223  -0.046  35.678 0.0000000000
88237  -43.274  -0.097  35.527 0.0000000000
88257  -45.133  -0.583  34.183 0.0000000000
88277  -45.501  -0.614  33.169 0.0000000000
88258  -46.224  -0.687  34.133 0.0000000000
88260  -47.789  -0.439  34.305 0.0000000000
64124  -8.055  -22.068  64.486 0.0000000000
64125  -9.036  -22.093  64.375 0.0000000000
62940  -9.248  -22.195  62.220 0.0000000000
62945  -9.148  -22.101  61.262 0.0000000000
63056  -12.501  -21.908  52.058 0.0000000000
63003  -10.805  -21.440  55.423 0.0000000000
79544  -7.537  -9.613  50.942 0.0000000000
79555  -7.218  -9.564  50.133 0.0000000000
77010  -7.380  -11.602  49.562 0.0000000000
74842  -7.442  -13.320  49.097 0.0000000000
73758  -7.354  -14.450  48.133 0.0000000000
65461  -4.982  -21.432  43.187 0.0000000000
66630  -5.934  -20.365  42.946 0.0000000000
64343  -4.280  -22.271  41.663 0.0000000000
65485  -3.314  -21.509  40.610 0.0000000000
65483  -1.505  -21.636  40.040 0.0000000000
71235  -1.844  -15.071  67.809 0.0000000000
71258  -1.174  -16.177  66.217 0.0000000000
71275  -0.934  -16.143  64.355 0.0000000000
64145  1.481  -22.571  61.951 0.0000000000
66434  0.816  -20.618  61.434 0.0000000000
64154  1.528  -22.271  60.223 0.0000000000
65318  1.763  -21.434  59.633 0.0000000000
66448  1.836  -20.676  58.106 0.0000000000
66452  1.330  -20.564  57.395 0.0000000000
65328  1.541  -21.827  57.282 0.0000000000
64197  1.396  -22.759  56.362 0.0000000000
63015  1.018  -24.366  54.634 0.0000000000
73766  -35.241  -13.549  47.397 0.0000000000
72661  -35.404  -14.478  48.975 0.0000000000
73759  -35.040  -13.705  48.448 0.0000000000
74849  -34.489  -13.006  48.002 0.0000000000
77011  -35.288  -10.606  49.505 0.0000000000
78293  -35.721  -10.197  49.745 0.0000000000
72588  -27.789  -14.332  56.144 0.0000000000
72590  -29.592  -15.197  56.496 0.0000000000
71310  -28.013  -14.247  55.390 0.0000000000
71317  -26.504  -14.345  54.571 0.0000000000
71347  -26.165  -15.458  53.025 0.0000000000
97892  -50.404  7.316  27.528 0.0000000000
102696  -52.198  9.241  28.693 0.0000000000
103892  -53.759  10.555  29.226 0.0000000000
88184  -47.375  -0.510  37.582 0.0000000000
88171  -48.851  -0.833  38.015 0.0000000000
88156  -48.075  -1.040  39.323 0.0000000000
85713  -40.828  -4.033  38.924 0.0000000000
89407  -43.160  -0.758  38.243 0.0000000000
88198  -44.687  -0.366  37.765 0.0000000000
67665  -17.671  -19.630  54.017 0.0000000000
65342  -18.184  -20.839  54.688 0.0000000000
65354  -18.012  -20.860  53.129 0.0000000000
63078  -16.689  -21.773  51.347 0.0000000000
72682  -0.151  -13.342  47.202 0.0000000000
71459  -1.101  -14.688  45.713 0.0000000000
71382  -6.558  -16.686  51.809 0.0000000000
71403  -7.308  -16.467  50.340 0.0000000000
70074  -6.776  -17.422  50.474 0.0000000000
68938  -6.934  -19.253  48.807 0.0000000000
67800  -5.538  -20.189  45.986 0.0000000000
67786  -3.608  -20.650  47.202 0.0000000000
66558  -4.109  -20.688  46.253 0.0000000000
66596  -4.320  -21.290  44.694 0.0000000000
64324  -3.299  -22.686  43.490 0.0000000000
67618  -4.494  -18.286  62.878 0.0000000000
66408  -3.439  -20.723  62.535 0.0000000000
65274  -1.689  -21.543  62.628 0.0000000000
64131  -0.300  -22.204  64.110 0.0000000000
61740  -2.009  -23.426  62.000 0.0000000000
61738  -0.214  -24.025  63.365 0.0000000000
62926  0.512  -23.186  63.231 0.0000000000
61757  1.590  -24.297  61.316 0.0000000000
60597  1.360  -25.134  59.883 0.0000000000
59394  1.326  -26.061  58.742 0.0000000000
82183  -42.459  -5.636  43.004 0.0000000000
83379  -43.660  -5.651  43.785 0.0000000000
83361  -42.848  -5.022  44.698 0.0000000000
75919  -33.904  -12.401  45.527 0.0000000000
80900  -37.132  -6.983  42.554 0.0000000000
82193  -40.457  -4.905  43.078 0.0000000000
67645  -21.085  -19.170  58.128 0.0000000000
66461  -20.223  -19.600  55.877 0.0000000000
73631  -25.818  -13.647  59.426 0.0000000000
72551  -24.205  -14.415  58.915 0.0000000000
72550  -23.574  -14.748  58.477 0.0000000000
72584  -23.579  -14.338  55.316 0.0000000000
71306  -22.874  -15.151  56.942 0.0000000000
70020  -22.604  -16.190  57.415 0.0000000000
68843  -22.122  -17.798  56.410 0.0000000000
68842  -21.579  -18.507  56.033 0.0000000000
67658  -19.623  -19.179  55.142 0.0000000000
68865  -17.764  -18.351  52.693 0.0000000000
108650  -50.341  14.507  25.780 0.0000000000
108662  -51.245  15.037  24.378 0.0000000000
108663  -51.998  15.335  23.902 0.0000000000
76976  -6.945  -11.562  52.417 0.0000000000
75853  -6.664  -12.490  52.813 0.0000000000
76953  -5.712  -11.631  54.973 0.0000000000
75843  -5.791  -12.769  54.460 0.0000000000
74805  -6.170  -14.205  52.998 0.0000000000
72631  -5.746  -15.872  53.244 0.0000000000
71380  -4.829  -17.487  52.556 0.0000000000
70046  -3.457  -17.986  52.723 0.0000000000
72623  -3.070  -16.856  55.239 0.0000000000
71358  -2.903  -17.592  53.498 0.0000000000
70057  -2.020  -19.175  52.014 0.0000000000
68880  -1.244  -19.627  51.654 0.0000000000
67714  0.039  -20.086  50.991 0.0000000000
66518  0.512  -21.429  50.016 0.0000000000
94306  -51.564  3.305  32.332 0.0000000000
89495  -45.944  -0.871  31.565 0.0000000000
89512  -46.355  -0.764  30.849 0.0000000000
90742  -47.240  0.020  30.045 0.0000000000
91925  -48.357  0.774  30.915 0.0000000000
93104  -50.515  2.152  31.884 0.0000000000
64121  -5.055  -21.987  64.091 0.0000000000
62920  -5.475  -22.903  64.043 0.0000000000
62922  -7.489  -22.734  63.909 0.0000000000
62931  -6.067  -23.341  63.428 0.0000000000
61743  -4.867  -23.907  62.654 0.0000000000
61766  -4.688  -23.187  59.660 0.0000000000
64210  -18.139  -22.020  55.652 0.0000000000
63010  -17.376  -22.478  56.278 0.0000000000
62975  -16.235  -21.252  57.080 0.0000000000
63024  -14.525  -23.221  54.810 0.0000000000
62989  -15.140  -21.854  55.958 0.0000000000
64192  -15.164  -20.735  57.352 0.0000000000
64171  -14.363  -20.725  59.146 0.0000000000
64159  -13.395  -20.536  59.954 0.0000000000
64147  -11.515  -20.929  60.822 0.0000000000
64146  -10.611  -21.237  60.638 0.0000000000
62956  -10.207  -21.649  59.284 0.0000000000
62954  -8.217  -21.727  58.828 0.0000000000
62984  -9.921  -21.434  56.400 0.0000000000
62967  -8.094  -22.107  56.957 0.0000000000
62953  -7.305  -22.040  58.481 0.0000000000
61784  -6.404  -22.946  57.192 0.0000000000
76990  -3.412  -9.980  49.556 0.0000000000
78288  -6.107  -10.603  49.360 0.0000000000
75873  -4.396  -11.578  48.626 0.0000000000
75872  -3.215  -11.135  48.687 0.0000000000
72657  -2.764  -13.209  47.656 0.0000000000
71447  -2.536  -14.689  46.215 0.0000000000
71475  -2.128  -15.483  44.862 0.0000000000
71422  -7.678  -16.618  49.569 0.0000000000
71452  -7.238  -16.043  46.726 0.0000000000
69005  -6.647  -18.693  43.567 0.0000000000
70165  -6.348  -17.180  44.619 0.0000000000
71479  -5.398  -16.447  45.240 0.0000000000
70162  -3.913  -16.118  44.419 0.0000000000
70188  -3.173  -16.284  43.814 0.0000000000
70250  -1.575  -16.583  42.378 0.0000000000
70274  -1.157  -17.026  41.397 0.0000000000
67628  -2.835  -17.858  61.825 0.0000000000
70000  -1.506  -17.213  62.240 0.0000000000
71288  -0.727  -16.448  62.165 0.0000000000
67632  0.636  -19.382  61.035 0.0000000000
69998  -0.197  -17.287  61.680 0.0000000000
71287  -0.415  -16.109  61.684 0.0000000000
73615  -0.345  -14.745  61.603 0.0000000000
74718  0.466  -14.243  60.763 0.0000000000
74743  0.421  -14.316  58.841 0.0000000000
73679  0.224  -15.823  57.840 0.0000000000
72595  -0.211  -17.047  56.921 0.0000000000
70026  0.283  -18.417  55.784 0.0000000000
68841  0.441  -19.380  56.420 0.0000000000
68844  0.125  -19.624  55.571 0.0000000000
68849  0.156  -19.682  54.610 0.0000000000
67683  0.717  -20.356  52.827 0.0000000000
66499  0.860  -20.894  51.782 0.0000000000
64281  1.068  -22.699  49.812 0.0000000000
58257  1.050  -27.140  57.734 0.0000000000
57094  0.822  -28.495  56.358 0.0000000000
59423  1.462  -26.570  57.116 0.0000000000
60622  1.695  -25.752  56.293 0.0000000000
60635  1.095  -26.253  54.101 0.0000000000
60641  1.135  -25.922  53.287 0.0000000000
59493  0.946  -26.519  51.989 0.0000000000
61827  1.037  -24.743  52.237 0.0000000000
61867  0.897  -24.217  51.164 0.0000000000
61890  0.535  -24.124  50.244 0.0000000000
61912  0.185  -24.089  49.966 0.0000000000
60696  -1.067  -25.286  49.490 0.0000000000
58415  -1.939  -27.399  48.565 0.0000000000
72629  -35.209  -14.835  53.773 0.0000000000
72620  -35.276  -14.424  54.368 0.0000000000
72628  -34.164  -15.292  53.516 0.0000000000
72627  -33.503  -15.395  53.814 0.0000000000
71355  -33.520  -15.435  53.474 0.0000000000
72618  -33.387  -15.283  54.536 0.0000000000
72607  -34.354  -14.365  55.442 0.0000000000
96658  -52.899  5.435  32.527 0.0000000000
96655  -50.984  4.240  31.939 0.0000000000
96670  -52.376  5.923  31.808 0.0000000000
82208  -42.958  -5.680  41.568 0.0000000000
83408  -43.961  -6.397  41.602 0.0000000000
82197  -43.274  -6.390  42.181 0.0000000000
82195  -41.778  -5.501  42.174 0.0000000000
80915  -41.417  -5.479  41.613 0.0000000000
82207  -42.121  -5.376  41.563 0.0000000000
82218  -42.170  -5.039  41.222 0.0000000000
65393  0.332  -21.757  49.549 0.0000000000
65401  -0.051  -22.073  49.237 0.0000000000
64287  0.148  -22.560  49.259 0.0000000000
63139  -0.280  -22.866  48.963 0.0000000000
60605  -3.203  -24.366  57.126 0.0000000000
79581  -36.616  -8.368  48.922 0.0000000000
75781  -1.347  -13.301  59.629 0.0000000000
74745  -0.908  -14.123  58.546 0.0000000000
75791  -0.524  -13.760  58.984 0.0000000000
88202  -48.368  -0.562  36.508 0.0000000000
88203  -49.118  -0.611  36.442 0.0000000000
88186  -49.009  -0.763  37.147 0.0000000000
88219  -45.710  -0.492  36.158 0.0000000000
88221  -47.626  -0.473  35.811 0.0000000000
64134  -12.095  -21.204  62.908 0.0000000000
64133  -10.874  -21.963  62.864 0.0000000000
66460  -19.620  -19.830  55.840 0.0000000000
66454  -18.998  -20.338  56.668 0.0000000000
72714  -0.630  -14.631  44.393 0.0000000000
74813  -6.875  -14.112  51.498 0.0000000000
74814  -7.276  -13.518  50.962 0.0000000000
73718  -7.170  -14.451  51.059 0.0000000000
62016  -1.634  -24.397  41.055 0.0000000000
68805  -3.869  -18.133  65.170 0.0000000000
60600  1.776  -25.176  58.665 0.0000000000
61770  2.224  -24.279  58.971 0.0000000000
60604  1.834  -25.243  57.896 0.0000000000
74816  -36.403  -12.140  51.058 0.0000000000
74829  -36.033  -12.343  50.430 0.0000000000
71369  -29.555  -16.089  52.490 0.0000000000
71350  -28.834  -15.953  53.432 0.0000000000
100265  -54.667  8.881  30.142 0.0000000000
99043  -53.246  8.134  29.790 0.0000000000
99049  -52.658  8.213  29.179 0.0000000000
100264  -53.778  8.855  29.674 0.0000000000
101505  -53.926  9.033  29.011 0.0000000000
88154  -45.784  -0.573  40.100 0.0000000000
88152  -43.563  -2.402  40.600 0.0000000000
88151  -43.000  -2.546  40.312 0.0000000000
76988  -2.004  -9.907  49.897 0.0000000000
74811  -1.760  -11.426  48.979 0.0000000000
74823  -1.266  -11.920  48.765 0.0000000000
74812  -2.275  -11.357  48.733 0.0000000000
70071  -4.110  -19.571  51.443 0.0000000000
70084  -4.478  -20.016  50.736 0.0000000000
68914  -3.971  -20.287  50.428 0.0000000000
65430  -1.695  -22.320  46.118 0.0000000000
65442  -1.691  -22.292  45.520 0.0000000000
64312  -1.908  -22.707  45.409 0.0000000000
63173  -2.493  -23.277  44.582 0.0000000000
61988  -2.543  -23.966  44.651 0.0000000000
60762  -2.371  -24.720  44.703 0.0000000000
61989  -2.355  -24.032  44.765 0.0000000000
62919  -4.141  -23.151  63.726 0.0000000000
62918  -3.069  -22.697  63.266 0.0000000000
61735  -3.284  -23.411  63.244 0.0000000000
59378  -1.145  -26.277  60.664 0.0000000000
82146  -40.744  -5.051  45.373 0.0000000000
82129  -41.305  -5.302  45.660 0.0000000000
82128  -40.708  -5.490  46.160 0.0000000000
73773  -35.209  -13.293  46.557 0.0000000000
82162  -38.899  -5.222  45.151 0.0000000000
82163  -39.965  -4.963  44.842 0.0000000000
71298  -22.939  -15.943  59.758 0.0000000000
70014  -22.587  -16.490  59.314 0.0000000000
70017  -22.650  -16.353  58.378 0.0000000000
72574  -25.785  -14.312  56.851 0.0000000000
70031  -21.870  -16.621  53.853 0.0000000000
68868  -20.128  -17.265  52.400 0.0000000000
68884  -19.528  -17.290  51.665 0.0000000000
68885  -20.321  -17.012  51.450 0.0000000000
75824  -4.460  -13.722  56.905 0.0000000000
75817  -4.654  -12.770  56.897 0.0000000000
75834  -5.221  -13.532  55.891 0.0000000000
74792  -4.587  -14.721  55.975 0.0000000000
73703  -4.703  -15.006  55.626 0.0000000000
71325  -0.926  -17.987  55.539 0.0000000000
71339  -1.514  -18.069  54.870 0.0000000000
70034  -0.761  -18.501  54.259 0.0000000000
70033  -0.122  -19.250  53.768 0.0000000000
90709  -50.840  0.630  33.459 0.0000000000
90710  -51.339  1.066  33.642 0.0000000000
90704  -51.230  0.950  34.353 0.0000000000
89485  -48.939  0.408  33.475 0.0000000000
89499  -48.520  0.077  32.876 0.0000000000
90707  -49.162  0.518  33.209 0.0000000000
90719  -50.036  0.649  32.729 0.0000000000
61769  -7.583  -22.321  61.080 0.0000000000
61768  -6.706  -21.964  60.591 0.0000000000
62948  -7.330  -21.761  59.430 0.0000000000
61836  -15.902  -22.661  52.481 0.0000000000
61835  -15.035  -22.909  52.532 0.0000000000
63005  -12.835  -22.381  55.292 0.0000000000
62986  -12.024  -21.260  56.117 0.0000000000
64189  -12.262  -20.913  57.004 0.0000000000
62971  -11.641  -21.034  56.968 0.0000000000
62970  -11.090  -21.403  57.383 0.0000000000
73756  -5.913  -14.039  47.821 0.0000000000
72672  -5.355  -14.386  47.362 0.0000000000
72687  -4.860  -14.537  46.819 0.0000000000
67801  -6.563  -19.705  45.496 0.0000000000
67789  -7.055  -19.012  46.251 0.0000000000
66579  -6.313  -20.027  44.896 0.0000000000
66644  -2.408  -19.943  41.073 0.0000000000
67861  -3.060  -19.703  41.165 0.0000000000
69044  -2.809  -18.661  41.650 0.0000000000
67860  -2.114  -19.346  41.179 0.0000000000
67881  -0.820  -19.662  40.239 0.0000000000
67882  -1.480  -19.744  40.856 0.0000000000
72487  -0.063  -14.860  64.381 0.0000000000
72486  -0.302  -14.613  63.493 0.0000000000
66417  0.126  -20.550  63.069 0.0000000000
66427  0.461  -20.601  62.405 0.0000000000
68832  1.421  -18.643  59.630 0.0000000000
70012  0.909  -17.850  59.034 0.0000000000
70015  1.064  -17.980  58.184 0.0000000000
68837  1.164  -18.900  57.919 0.0000000000
65353  1.210  -22.663  54.186 0.0000000000
65339  1.140  -21.935  54.463 0.0000000000
64229  1.172  -23.527  52.925 0.0000000000
54803  1.058  -30.213  54.242 0.0000000000
74803  -36.641  -12.344  52.863 0.0000000000
71415  -33.378  -15.553  50.292 0.0000000000
71416  -34.244  -15.533  50.131 0.0000000000
71395  -34.031  -15.384  50.901 0.0000000000
73714  -35.825  -14.425  53.122 0.0000000000
73719  -35.759  -14.620  52.132 0.0000000000
73715  -36.388  -13.780  52.458 0.0000000000
71371  -31.482  -15.551  52.497 0.0000000000
71394  -33.294  -15.425  51.521 0.0000000000
71352  -30.837  -15.715  53.420 0.0000000000
97856  -53.686  7.374  31.151 0.0000000000
97857  -54.449  7.681  31.242 0.0000000000
99033  -54.950  7.685  31.568 0.0000000000
93110  -48.330  1.844  31.046 0.0000000000
94324  -47.239  2.461  30.731 0.0000000000
96667  -49.688  4.344  30.938 0.0000000000
96666  -48.977  4.122  30.826 0.0000000000
96679  -49.933  5.138  30.240 0.0000000000
96678  -48.948  4.840  30.182 0.0000000000
96694  -49.967  5.975  29.449 0.0000000000
96682  -52.322  6.434  31.049 0.0000000000
97855  -52.762  6.947  30.667 0.0000000000
99036  -53.254  7.609  30.369 0.0000000000
85670  -43.843  -3.612  41.157 0.0000000000
86882  -44.214  -3.153  41.466 0.0000000000
85671  -44.297  -3.817  41.107 0.0000000000
84540  -45.813  -5.061  42.294 0.0000000000
85660  -45.611  -3.583  42.027 0.0000000000
85647  -46.307  -3.988  42.864 0.0000000000
80926  -38.818  -5.749  41.312 0.0000000000
80945  -40.879  -5.809  40.784 0.0000000000
80960  -40.066  -5.786  40.015 0.0000000000
82220  -41.015  -5.664  39.970 0.0000000000
84559  -43.251  -4.708  41.144 0.0000000000
84571  -42.916  -4.375  41.108 0.0000000000
85684  -43.445  -3.740  41.062 0.0000000000
68911  -1.477  -20.687  50.513 0.0000000000
67730  -1.626  -20.872  49.778 0.0000000000
65407  -0.867  -22.074  48.377 0.0000000000
67782  -1.009  -21.481  48.416 0.0000000000
65417  -1.365  -22.314  47.885 0.0000000000
65418  -1.604  -22.140  47.316 0.0000000000
64302  -1.632  -22.621  47.430 0.0000000000
63152  -2.123  -23.404  46.653 0.0000000000
63151  -1.775  -23.164  47.328 0.0000000000
61915  -2.002  -24.419  48.549 0.0000000000
61938  -2.358  -24.077  47.606 0.0000000000
60712  -2.555  -25.152  48.332 0.0000000000
59566  -3.319  -26.101  48.311 0.0000000000
60590  -3.762  -24.594  61.738 0.0000000000
82126  -38.757  -5.947  47.226 0.0000000000
77020  -34.913  -10.930  48.534 0.0000000000
77030  -34.772  -10.852  47.540 0.0000000000
78300  -35.081  -10.214  48.400 0.0000000000
79591  -35.398  -8.715  47.760 0.0000000000
79599  -34.723  -8.844  46.712 0.0000000000
79601  -36.633  -7.856  46.952 0.0000000000
73629  -24.097  -13.913  59.894 0.0000000000
71346  -25.358  -15.612  52.931 0.0000000000
71328  -24.694  -15.322  53.690 0.0000000000
102695  -51.394  9.148  28.269 0.0000000000
102694  -50.543  9.559  27.793 0.0000000000
103898  -51.385  10.187  28.114 0.0000000000
105061  -51.430  11.125  27.749 0.0000000000
105044  -51.288  11.920  27.675 0.0000000000
106235  -50.421  12.030  27.497 0.0000000000
106217  -51.004  12.723  27.787 0.0000000000
75815  -3.167  -13.966  57.974 0.0000000000
74782  -3.131  -14.897  57.227 0.0000000000
74768  -2.500  -14.553  57.817 0.0000000000
73681  -1.032  -15.775  57.602 0.0000000000
74780  -1.814  -15.719  57.475 0.0000000000
73692  -1.413  -16.156  57.319 0.0000000000
72596  -1.026  -16.863  56.969 0.0000000000
88243  -49.158  -0.114  35.290 0.0000000000
88244  -49.801  -0.023  35.413 0.0000000000
88224  -49.785  -0.267  35.841 0.0000000000
89439  -43.124  -0.284  36.554 0.0000000000
88241  -47.693  -0.471  35.084 0.0000000000
88259  -47.102  -0.621  34.194 0.0000000000
88261  -48.462  -0.141  34.595 0.0000000000
64112  -9.574  -21.219  64.617 0.0000000000
62941  -10.073  -21.986  62.375 0.0000000000
62935  -9.653  -22.395  62.958 0.0000000000
63038  -12.078  -21.818  53.203 0.0000000000
63055  -11.182  -21.871  52.305 0.0000000000
78268  -7.535  -10.556  51.229 0.0000000000
78278  -7.534  -10.537  50.270 0.0000000000
77003  -7.624  -11.530  50.645 0.0000000000
74827  -7.498  -13.446  49.737 0.0000000000
73745  -7.516  -14.056  48.689 0.0000000000
64334  -4.063  -22.503  42.470 0.0000000000
65470  -4.681  -21.917  42.406 0.0000000000
64342  -3.542  -22.798  41.692 0.0000000000
64351  -2.216  -22.589  40.238 0.0000000000
64350  -1.414  -22.524  39.895 0.0000000000
65484  -2.423  -21.561  40.290 0.0000000000
64349  -0.801  -22.401  39.755 0.0000000000
64358  -0.451  -22.615  39.619 0.0000000000
69981  -2.008  -16.994  65.177 0.0000000000
69974  -1.572  -16.525  66.356 0.0000000000
71268  -1.492  -16.566  65.641 0.0000000000
71267  -0.964  -16.144  65.285 0.0000000000
71284  -1.532  -16.540  63.865 0.0000000000
62942  1.889  -23.137  60.915 0.0000000000
64144  1.461  -22.230  61.089 0.0000000000
64165  1.886  -22.304  59.501 0.0000000000
65323  2.054  -21.507  58.841 0.0000000000
66445  2.185  -20.537  59.071 0.0000000000
65327  1.834  -21.686  58.043 0.0000000000
62980  1.727  -23.690  56.396 0.0000000000
62965  1.726  -23.099  56.737 0.0000000000
64207  1.286  -23.075  55.599 0.0000000000
62998  1.360  -24.022  55.440 0.0000000000
73765  -35.561  -14.253  47.161 0.0000000000
72692  -35.437  -14.167  47.731 0.0000000000
72650  -34.951  -15.343  49.916 0.0000000000
72660  -35.126  -15.223  49.125 0.0000000000
72651  -35.409  -14.635  49.989 0.0000000000
74828  -35.213  -12.524  50.217 0.0000000000
74843  -34.440  -12.737  49.157 0.0000000000
75897  -34.760  -12.134  48.375 0.0000000000
75888  -34.947  -11.559  49.650 0.0000000000
72564  -28.243  -14.786  57.834 0.0000000000
72563  -27.256  -14.722  57.757 0.0000000000
72576  -28.094  -14.483  57.119 0.0000000000
72591  -30.654  -15.233  56.335 0.0000000000
71313  -29.998  -15.379  55.998 0.0000000000
71319  -28.398  -14.877  54.932 0.0000000000
71331  -27.195  -15.032  54.079 0.0000000000
71330  -26.353  -14.916  53.876 0.0000000000
71348  -26.969  -15.505  53.151 0.0000000000
71387  -26.477  -15.759  51.078 0.0000000000
105049  -54.567  11.110  29.528 0.0000000000
96728  -50.047  6.670  28.020 0.0000000000
97869  -50.395  7.003  28.421 0.0000000000
99057  -51.886  7.939  28.394 0.0000000000
97882  -50.873  7.464  28.138 0.0000000000
99056  -51.090  7.724  28.050 0.0000000000
101515  -51.579  8.331  28.230 0.0000000000
101516  -52.229  8.304  28.585 0.0000000000
102691  -54.012  9.367  29.654 0.0000000000
102690  -53.663  9.509  29.473 0.0000000000
103893  -54.263  10.370  29.543 0.0000000000
105048  -54.272  11.378  29.263 0.0000000000
88183  -46.467  -0.537  37.874 0.0000000000
88170  -48.191  -0.734  38.317 0.0000000000
88169  -47.254  -0.588  38.567 0.0000000000
88139  -47.756  -1.482  40.248 0.0000000000
88140  -48.666  -2.033  39.831 0.0000000000
88117  -45.151  -2.228  42.195 0.0000000000
88118  -46.194  -1.407  41.868 0.0000000000
83448  -40.774  -4.931  39.328 0.0000000000
83447  -40.450  -4.926  39.179 0.0000000000
84582  -41.022  -4.672  39.406 0.0000000000
88164  -41.920  -2.344  38.840 0.0000000000
88180  -42.060  -1.819  38.284 0.0000000000
88182  -45.521  -0.328  38.247 0.0000000000
66474  -17.552  -20.044  53.494 0.0000000000
65371  -17.670  -20.940  51.857 0.0000000000
63079  -17.145  -21.419  51.287 0.0000000000
74836  0.342  -12.880  49.467 0.0000000000
73753  -1.147  -12.889  47.757 0.0000000000
72666  -0.348  -13.139  47.760 0.0000000000
72683  -1.150  -13.753  46.772 0.0000000000
72699  -1.413  -14.420  46.177 0.0000000000
71401  -6.295  -17.214  51.567 0.0000000000
71402  -6.820  -16.850  50.964 0.0000000000
70073  -6.127  -17.773  50.976 0.0000000000
68936  -4.978  -19.996  49.279 0.0000000000
68917  -6.415  -19.306  49.701 0.0000000000
68937  -5.886  -19.812  48.993 0.0000000000
67769  -5.894  -19.416  47.501 0.0000000000
67768  -5.305  -19.688  47.625 0.0000000000
67766  -3.031  -20.857  48.261 0.0000000000
67748  -3.278  -20.415  48.938 0.0000000000
66575  -2.698  -21.533  45.470 0.0000000000
66576  -3.713  -21.078  45.492 0.0000000000
66559  -4.680  -20.511  46.176 0.0000000000
66595  -3.473  -21.559  44.866 0.0000000000
65447  -3.913  -21.728  44.172 0.0000000000
65458  -3.035  -22.349  44.142 0.0000000000
61997  -2.464  -24.188  43.450 0.0000000000
61998  -2.603  -23.952  43.055 0.0000000000
61960  -3.148  -24.141  46.237 0.0000000000
60747  -3.030  -24.928  45.552 0.0000000000
60729  -4.045  -25.259  46.108 0.0000000000
66409  -4.618  -20.112  63.166 0.0000000000
65276  -3.689  -21.286  63.208 0.0000000000
64118  -1.986  -21.983  62.367 0.0000000000
65275  -2.708  -21.533  62.562 0.0000000000
64117  -1.315  -21.974  63.212 0.0000000000
64116  -0.772  -21.799  63.802 0.0000000000
62915  -0.907  -22.453  63.665 0.0000000000
60583  -2.210  -24.066  62.359 0.0000000000
60580  -0.306  -24.822  62.957 0.0000000000
60581  -1.006  -24.384  62.815 0.0000000000
61737  0.628  -23.942  63.020 0.0000000000
61747  0.980  -24.302  62.303 0.0000000000
59375  0.640  -25.670  59.980 0.0000000000
60591  1.187  -25.413  60.851 0.0000000000
82182  -41.755  -5.259  43.250 0.0000000000
82166  -42.453  -5.138  43.833 0.0000000000
77042  -34.343  -11.383  46.617 0.0000000000
77054  -33.967  -11.996  46.269 0.0000000000
77053  -33.902  -11.859  45.636 0.0000000000
80887  -36.615  -7.121  43.871 0.0000000000
82181  -41.040  -4.774  43.541 0.0000000000
80903  -39.913  -5.033  43.152 0.0000000000
82194  -41.076  -5.158  42.699 0.0000000000
68838  -21.979  -17.887  58.313 0.0000000000
67643  -21.428  -18.529  58.704 0.0000000000
67649  -21.174  -19.143  56.914 0.0000000000
72561  -24.827  -14.428  57.935 0.0000000000
73657  -24.938  -14.257  58.756 0.0000000000
72598  -23.929  -14.821  54.588 0.0000000000
70028  -22.080  -15.779  55.368 0.0000000000
71309  -22.722  -14.954  55.879 0.0000000000
70024  -22.346  -15.978  56.437 0.0000000000
70019  -22.334  -17.002  56.903 0.0000000000
68846  -21.303  -18.338  54.988 0.0000000000
67659  -20.415  -18.474  54.676 0.0000000000
67667  -19.341  -18.021  54.345 0.0000000000
67686  -18.303  -18.200  53.597 0.0000000000
68899  -18.202  -17.955  51.124 0.0000000000
68898  -17.655  -18.347  51.304 0.0000000000
108626  -50.380  13.929  27.188 0.0000000000
108640  -50.126  14.163  26.644 0.0000000000
108641  -51.001  14.770  26.385 0.0000000000
109929  -51.878  15.452  24.397 0.0000000000
78244  -6.521  -10.771  53.842 0.0000000000
78212  -4.919  -11.724  56.691 0.0000000000
78231  -5.608  -11.358  55.413 0.0000000000
74794  -5.733  -13.423  54.851 0.0000000000
74801  -6.017  -13.831  53.913 0.0000000000
73712  -5.987  -14.878  53.307 0.0000000000
72626  -5.648  -15.421  53.673 0.0000000000
71342  -4.414  -16.474  53.766 0.0000000000
71343  -4.946  -16.298  53.608 0.0000000000
71359  -4.019  -17.291  53.108 0.0000000000
71379  -4.273  -17.697  52.613 0.0000000000
73701  -3.287  -16.136  56.806 0.0000000000
72612  -3.764  -16.472  56.040 0.0000000000
71357  -1.925  -17.902  53.805 0.0000000000
70045  -2.448  -18.289  52.875 0.0000000000
68878  -0.022  -19.353  51.799 0.0000000000
68893  -0.306  -19.845  51.233 0.0000000000
67727  0.257  -20.788  50.533 0.0000000000
66508  0.590  -20.788  50.958 0.0000000000
93106  -51.625  2.867  32.749 0.0000000000
94308  -52.152  4.096  33.001 0.0000000000
93101  -51.888  3.356  33.313 0.0000000000
83380  -44.903  -5.769  44.233 0.0000000000
88278  -46.518  -0.722  33.121 0.0000000000
88297  -45.751  -0.744  32.300 0.0000000000
89481  -46.415  -0.956  32.225 0.0000000000
90717  -48.183  -0.634  31.621 0.0000000000
89513  -47.037  -1.016  31.214 0.0000000000
90729  -47.371  -0.591  30.846 0.0000000000
90728  -46.638  -0.540  30.563 0.0000000000
91924  -47.947  0.063  30.448 0.0000000000
91916  -50.929  1.676  32.658 0.0000000000
91927  -49.874  1.728  31.762 0.0000000000
93105  -51.261  2.474  32.319 0.0000000000
65278  -6.108  -20.649  64.360 0.0000000000
62923  -8.426  -22.584  63.724 0.0000000000
61745  -6.637  -23.550  62.774 0.0000000000
61744  -5.788  -23.758  62.690 0.0000000000
61752  -5.559  -24.088  61.794 0.0000000000
61773  -5.344  -22.459  58.854 0.0000000000
61772  -4.278  -23.059  58.367 0.0000000000
65341  -18.142  -21.360  54.015 0.0000000000
65335  -18.196  -21.489  54.868 0.0000000000
64220  -18.135  -22.134  54.286 0.0000000000
63009  -16.534  -23.011  55.988 0.0000000000
62991  -16.552  -21.970  56.861 0.0000000000
62990  -15.791  -22.128  56.391 0.0000000000
61820  -14.373  -23.154  53.097 0.0000000000
61808  -14.367  -23.402  53.961 0.0000000000
62988  -14.268  -21.389  55.628 0.0000000000
63007  -14.814  -22.543  55.422 0.0000000000
62972  -14.772  -21.045  56.280 0.0000000000
62973  -15.257  -21.269  56.623 0.0000000000
64191  -14.393  -20.616  57.184 0.0000000000
64180  -14.304  -20.669  58.224 0.0000000000
64169  -12.409  -21.084  59.012 0.0000000000
64170  -13.411  -20.928  59.113 0.0000000000
64158  -12.432  -20.830  59.918 0.0000000000
64148  -12.476  -20.575  60.902 0.0000000000
62962  -10.114  -21.785  58.304 0.0000000000
62955  -9.174  -21.695  59.142 0.0000000000
63019  -9.484  -21.685  54.542 0.0000000000
63002  -9.727  -21.455  55.420 0.0000000000
62960  -8.188  -21.955  57.854 0.0000000000
62959  -7.289  -22.398  57.542 0.0000000000
80805  -4.798  -7.781  50.496 0.0000000000
79543  -3.851  -8.573  50.089 0.0000000000
79552  -4.537  -9.364  49.693 0.0000000000
78289  -7.000  -10.454  49.517 0.0000000000
77009  -6.433  -11.303  49.040 0.0000000000
74839  -4.779  -12.673  48.311 0.0000000000
75884  -4.735  -12.143  48.337 0.0000000000
74826  -4.398  -12.202  48.312 0.0000000000
74825  -3.753  -12.188  48.254 0.0000000000
73728  -2.838  -12.227  48.078 0.0000000000
73741  -3.533  -13.009  48.003 0.0000000000
71448  -3.339  -14.715  46.205 0.0000000000
72685  -3.105  -14.286  46.693 0.0000000000
71461  -2.695  -15.147  45.683 0.0000000000
71476  -2.937  -15.480  45.030 0.0000000000
71421  -7.143  -17.077  50.230 0.0000000000
70088  -7.828  -17.233  49.017 0.0000000000
71466  -6.926  -16.704  45.601 0.0000000000
66629  -5.585  -20.574  42.345 0.0000000000
67842  -6.244  -19.987  43.214 0.0000000000
67841  -5.946  -19.873  42.634 0.0000000000
69003  -5.096  -18.113  42.886 0.0000000000
70223  -5.729  -17.896  43.450 0.0000000000
70191  -5.633  -17.440  44.058 0.0000000000
71480  -6.211  -16.772  45.203 0.0000000000
70164  -5.471  -17.049  44.734 0.0000000000
70163  -4.630  -16.675  44.665 0.0000000000
70190  -4.746  -17.186  44.098 0.0000000000
69020  -2.578  -17.555  42.246 0.0000000000
70220  -3.390  -16.730  43.161 0.0000000000
70219  -2.486  -16.531  42.930 0.0000000000
70251  -2.046  -17.025  42.347 0.0000000000
75757  -0.050  -13.954  61.344 0.0000000000
67617  -3.462  -18.782  61.578 0.0000000000
68817  -3.291  -17.703  62.783 0.0000000000
68823  -1.434  -18.021  61.621 0.0000000000
69992  -1.117  -16.594  62.574 0.0000000000
69999  -0.907  -17.327  61.976 0.0000000000
66433  1.132  -20.591  60.931 0.0000000000
67631  1.133  -19.921  60.764 0.0000000000
70005  0.790  -17.641  60.527 0.0000000000
68829  0.629  -18.372  60.896 0.0000000000
70006  0.422  -17.523  61.123 0.0000000000
71292  0.095  -16.631  61.256 0.0000000000
72522  0.039  -15.694  61.092 0.0000000000
72521  0.776  -15.950  60.996 0.0000000000
73647  1.539  -15.367  59.512 0.0000000000
73632  1.491  -15.392  59.860 0.0000000000
74731  0.759  -14.098  59.769 0.0000000000
73648  1.345  -14.799  58.974 0.0000000000
73666  0.668  -15.032  58.157 0.0000000000
72569  1.087  -15.778  57.836 0.0000000000
71307  1.242  -17.274  57.040 0.0000000000
72583  0.646  -16.601  57.379 0.0000000000
71308  0.682  -17.262  56.561 0.0000000000
71314  0.193  -17.493  56.150 0.0000000000
70022  0.726  -17.719  56.034 0.0000000000
66453  1.120  -21.093  56.831 0.0000000000
67647  0.712  -20.194  56.903 0.0000000000
67648  0.715  -20.793  56.284 0.0000000000
67655  0.588  -20.530  54.853 0.0000000000
68848  0.330  -20.046  54.886 0.0000000000
67656  0.477  -20.298  54.445 0.0000000000
68852  0.367  -19.840  53.616 0.0000000000
67664  0.533  -20.346  53.823 0.0000000000
65370  0.991  -22.376  52.073 0.0000000000
66498  0.897  -21.613  51.833 0.0000000000
65379  1.044  -22.281  51.038 0.0000000000
65385  1.076  -22.183  50.202 0.0000000000
64274  1.168  -22.846  50.468 0.0000000000
57064  0.591  -27.743  57.458 0.0000000000
57109  0.924  -28.694  55.604 0.0000000000
58287  0.937  -27.526  56.592 0.0000000000
59435  1.219  -26.790  56.048 0.0000000000
58325  1.082  -27.776  53.918 0.0000000000
61803  1.010  -25.286  54.141 0.0000000000
60648  1.063  -25.514  52.369 0.0000000000
60656  0.904  -25.657  51.683 0.0000000000
61846  1.022  -24.411  51.706 0.0000000000
60666  0.587  -25.508  51.221 0.0000000000
60679  0.310  -25.141  50.656 0.0000000000
60694  0.143  -24.787  50.223 0.0000000000
60695  -0.366  -25.216  49.893 0.0000000000
61913  -0.500  -24.062  49.541 0.0000000000
73705  -35.485  -13.780  54.878 0.0000000000
71373  -33.460  -15.486  52.833 0.0000000000
72605  -32.517  -15.228  55.500 0.0000000000
72617  -32.724  -15.394  54.757 0.0000000000
71337  -32.802  -15.442  54.399 0.0000000000
73696  -33.806  -14.061  56.398 0.0000000000
97850  -54.495  7.049  31.889 0.0000000000
96672  -53.946  6.284  32.322 0.0000000000
94313  -49.993  2.680  31.421 0.0000000000
95493  -50.336  3.552  31.403 0.0000000000
96668  -50.594  4.699  31.458 0.0000000000
97848  -52.823  6.362  31.491 0.0000000000
84560  -43.827  -4.710  40.907 0.0000000000
85659  -45.183  -3.886  41.384 0.0000000000
83419  -44.419  -5.727  40.988 0.0000000000
84539  -45.470  -5.354  41.848 0.0000000000
80928  -40.607  -5.672  41.385 0.0000000000
80929  -41.172  -5.634  41.224 0.0000000000
82216  -41.203  -5.547  40.603 0.0000000000
82221  -41.308  -5.259  40.254 0.0000000000
82217  -41.609  -5.185  40.923 0.0000000000
83429  -43.052  -4.963  41.270 0.0000000000
67745  -0.650  -21.242  49.333 0.0000000000
66528  -0.212  -21.588  49.356 0.0000000000
66540  -0.480  -21.787  48.943 0.0000000000
63140  -0.997  -23.070  48.334 0.0000000000
61936  -0.923  -23.609  48.887 0.0000000000
61914  -1.360  -24.300  49.102 0.0000000000
61765  -3.828  -23.628  59.254 0.0000000000
60599  -3.230  -24.504  59.891 0.0000000000
60602  -3.278  -24.033  58.450 0.0000000000
59409  -2.506  -24.828  57.755 0.0000000000
79580  -35.911  -8.913  48.631 0.0000000000
79592  -36.348  -8.114  47.894 0.0000000000
80855  -37.324  -6.582  48.079 0.0000000000
74717  -25.323  -12.713  60.419 0.0000000000
71363  -24.241  -16.043  51.766 0.0000000000
103884  -52.799  10.552  28.797 0.0000000000
103890  -52.323  10.802  28.454 0.0000000000
105046  -53.022  11.718  28.456 0.0000000000
75803  -1.915  -13.895  58.355 0.0000000000
74756  -2.182  -14.132  58.160 0.0000000000
74755  -1.623  -14.359  58.287 0.0000000000
74766  -0.949  -15.474  57.972 0.0000000000
88223  -49.129  -0.410  35.873 0.0000000000
88187  -49.691  -0.637  37.000 0.0000000000
88199  -45.641  -0.360  37.250 0.0000000000
88218  -44.294  -0.330  36.573 0.0000000000
64126  -10.158  -22.156  64.015 0.0000000000
64127  -11.346  -21.528  63.843 0.0000000000
66447  -20.392  -19.465  58.602 0.0000000000
72707  -0.232  -14.512  45.263 0.0000000000
73780  -0.045  -14.347  44.820 0.0000000000
75865  -7.468  -12.441  51.183 0.0000000000
63197  -2.533  -23.941  41.605 0.0000000000
63214  -2.922  -23.191  41.312 0.0000000000
62026  -1.657  -24.156  40.858 0.0000000000
69982  -2.688  -17.296  65.554 0.0000000000
69987  -2.685  -17.314  64.592 0.0000000000
61763  2.021  -24.229  59.852 0.0000000000
62947  1.996  -23.177  60.091 0.0000000000
62958  2.351  -23.417  58.341 0.0000000000
64186  2.032  -22.551  57.734 0.0000000000
62979  2.002  -24.071  56.954 0.0000000000
61790  1.946  -24.579  56.766 0.0000000000
73731  -35.628  -13.704  50.293 0.0000000000
75889  -35.417  -11.425  50.218 0.0000000000
71431  -31.799  -16.069  49.488 0.0000000000
71334  -30.090  -15.740  54.320 0.0000000000
71320  -29.266  -15.369  55.048 0.0000000000
71349  -27.845  -15.758  53.336 0.0000000000
102684  -54.369  9.999  29.814 0.0000000000
97861  -52.127  7.165  29.554 0.0000000000
97870  -51.147  7.280  28.771 0.0000000000
97871  -52.020  7.500  28.940 0.0000000000
99048  -52.280  7.976  28.748 0.0000000000
100269  -52.353  7.722  28.433 0.0000000000
100279  -52.418  8.122  28.750 0.0000000000
101512  -54.093  9.109  29.168 0.0000000000
85690  -41.433  -3.615  39.502 0.0000000000
86902  -42.093  -2.971  40.028 0.0000000000
88165  -42.733  -2.234  39.708 0.0000000000
89397  -43.389  -1.198  38.948 0.0000000000
66510  -17.444  -20.564  50.652 0.0000000000
74837  -0.077  -12.755  49.489 0.0000000000
74822  -0.406  -12.332  49.240 0.0000000000
73726  -0.827  -12.296  48.743 0.0000000000
72656  -2.130  -12.868  47.774 0.0000000000
70060  -5.348  -17.781  51.820 0.0000000000
70086  -5.919  -18.890  50.455 0.0000000000
70085  -5.007  -19.568  50.710 0.0000000000
68915  -4.750  -20.156  50.115 0.0000000000
68952  -4.454  -20.020  48.847 0.0000000000
66555  -1.778  -21.792  47.280 0.0000000000
66556  -2.291  -21.454  46.758 0.0000000000
66574  -2.008  -21.730  46.222 0.0000000000
65432  -2.122  -21.806  45.386 0.0000000000
65444  -2.513  -21.880  44.727 0.0000000000
65457  -2.881  -22.212  44.199 0.0000000000
64321  -2.589  -22.836  44.446 0.0000000000
60776  -2.275  -24.740  43.856 0.0000000000
60777  -2.120  -25.208  43.800 0.0000000000
59620  -2.219  -25.436  44.017 0.0000000000
62917  -2.362  -22.373  62.405 0.0000000000
59379  -2.112  -25.942  61.094 0.0000000000
60587  -1.568  -25.070  62.430 0.0000000000
59373  -1.376  -25.793  61.818 0.0000000000
59372  -0.594  -26.175  61.823 0.0000000000
59371  0.149  -26.320  61.626 0.0000000000
59376  0.439  -26.381  60.644 0.0000000000
82148  -42.192  -4.892  44.556 0.0000000000
82147  -41.606  -4.933  45.041 0.0000000000
78334  -34.062  -10.061  46.144 0.0000000000
80876  -37.376  -6.262  46.026 0.0000000000
80902  -39.187  -5.566  43.528 0.0000000000
82179  -39.370  -5.171  44.327 0.0000000000
70010  -22.007  -17.147  59.775 0.0000000000
70013  -22.169  -17.125  58.812 0.0000000000
68840  -22.147  -17.857  57.364 0.0000000000
73659  -26.679  -14.351  58.434 0.0000000000
70037  -22.574  -16.047  53.221 0.0000000000
71315  -22.822  -14.965  54.761 0.0000000000
70027  -21.994  -16.736  54.879 0.0000000000
68847  -21.913  -17.696  55.417 0.0000000000
68851  -21.513  -17.420  54.473 0.0000000000
68853  -19.818  -17.408  53.341 0.0000000000
67687  -19.070  -17.674  53.311 0.0000000000
68867  -19.367  -17.523  52.487 0.0000000000
103901  -49.416  10.455  26.309 0.0000000000
76945  -5.111  -12.189  56.136 0.0000000000
76952  -5.411  -12.023  55.522 0.0000000000
75826  -5.265  -12.556  55.890 0.0000000000
73709  -5.688  -15.023  54.124 0.0000000000
73708  -5.062  -15.231  54.927 0.0000000000
72624  -4.286  -16.283  54.956 0.0000000000
72610  -1.543  -17.129  56.291 0.0000000000
72622  -2.135  -17.386  55.519 0.0000000000
72621  -1.676  -17.744  55.703 0.0000000000
71356  -1.422  -18.111  54.015 0.0000000000
70056  -0.992  -19.165  52.257 0.0000000000
70043  -0.414  -19.001  52.850 0.0000000000
68863  0.154  -19.216  52.489 0.0000000000
91911  -51.556  2.619  33.658 0.0000000000
91910  -51.241  1.821  33.504 0.0000000000
91906  -51.656  2.113  34.278 0.0000000000
89483  -47.765  -0.621  32.951 0.0000000000
89498  -48.283  -0.479  32.464 0.0000000000
90731  -48.831  0.607  31.676 0.0000000000
91914  -49.431  0.801  32.138 0.0000000000
90720  -50.802  0.888  32.665 0.0000000000
65279  -6.853  -21.166  64.533 0.0000000000
62938  -7.883  -23.242  62.332 0.0000000000
61754  -7.368  -23.427  62.236 0.0000000000
61760  -6.104  -23.254  61.104 0.0000000000
63041  -17.548  -22.528  53.325 0.0000000000
63040  -16.680  -23.083  53.456 0.0000000000
61810  -15.613  -23.371  54.329 0.0000000000
63023  -13.604  -23.133  54.577 0.0000000000
62987  -13.177  -21.506  55.637 0.0000000000
64199  -13.298  -20.776  56.199 0.0000000000
64190  -13.300  -20.701  57.218 0.0000000000
64178  -12.409  -21.189  58.061 0.0000000000
64177  -11.624  -21.443  57.874 0.0000000000
64168  -11.356  -21.417  58.877 0.0000000000
62969  -10.060  -21.642  57.331 0.0000000000
63001  -8.776  -21.840  55.110 0.0000000000
62981  -7.047  -22.713  55.668 0.0000000000
80816  -5.807  -8.537  49.938 0.0000000000
74840  -5.993  -12.836  48.405 0.0000000000
73743  -5.426  -13.366  48.072 0.0000000000
73742  -4.493  -13.258  48.028 0.0000000000
73754  -4.150  -13.690  47.552 0.0000000000
72671  -4.491  -14.073  47.256 0.0000000000
71449  -4.254  -14.751  46.148 0.0000000000
71463  -4.452  -15.390  45.632 0.0000000000
68939  -7.342  -18.634  48.262 0.0000000000
70107  -7.743  -17.814  48.399 0.0000000000
68956  -7.404  -18.328  47.526 0.0000000000
67790  -7.401  -18.512  45.928 0.0000000000
68982  -7.463  -18.053  45.524 0.0000000000
66645  -3.974  -20.464  41.162 0.0000000000
67863  -4.949  -19.947  41.755 0.0000000000
67862  -4.084  -19.876  41.429 0.0000000000
69022  -4.444  -18.447  42.275 0.0000000000
69002  -4.278  -17.740  42.758 0.0000000000
70221  -4.153  -17.148  43.318 0.0000000000
69021  -3.518  -18.128  42.231 0.0000000000
69042  -1.511  -17.804  40.948 0.0000000000
67859  -1.488  -18.865  40.805 0.0000000000
66419  -1.812  -20.656  62.136 0.0000000000
67616  -2.218  -19.774  61.436 0.0000000000
67615  -1.381  -20.247  61.825 0.0000000000
66429  -0.856  -20.153  61.813 0.0000000000
67625  -0.516  -19.522  61.433 0.0000000000
67635  1.646  -19.610  60.213 0.0000000000
71295  1.350  -16.895  60.309 0.0000000000
71299  1.501  -16.958  59.379 0.0000000000
72568  1.357  -16.544  57.829 0.0000000000
71305  1.267  -17.286  57.717 0.0000000000
66463  1.082  -21.775  55.237 0.0000000000
66457  0.698  -20.946  55.685 0.0000000000
66473  0.952  -21.375  54.099 0.0000000000
63071  1.117  -23.708  51.514 0.0000000000
55940  1.117  -29.497  55.405 0.0000000000
57128  0.994  -28.872  54.947 0.0000000000
59447  1.017  -27.108  55.251 0.0000000000
58311  1.034  -27.978  54.875 0.0000000000
59524  0.108  -26.329  51.038 0.0000000000
71391  -30.159  -16.067  51.556 0.0000000000
71413  -31.511  -15.762  50.548 0.0000000000
71393  -32.059  -15.486  51.511 0.0000000000
71432  -32.723  -15.928  49.462 0.0000000000
72603  -30.985  -15.436  55.647 0.0000000000
71323  -31.900  -15.429  55.250 0.0000000000
71322  -31.353  -15.543  55.164 0.0000000000
100259  -55.142  8.613  30.483 0.0000000000
99038  -54.792  8.093  30.818 0.0000000000
95491  -48.461  3.555  31.070 0.0000000000
96677  -47.890  4.948  30.292 0.0000000000
97860  -51.388  6.846  29.552 0.0000000000
97853  -51.349  6.481  30.195 0.0000000000
97862  -52.740  7.563  29.885 0.0000000000
88135  -43.854  -2.656  41.090 0.0000000000
88136  -44.400  -2.446  41.325 0.0000000000
88116  -44.747  -2.558  41.790 0.0000000000
88098  -45.520  -2.234  42.650 0.0000000000
86848  -45.668  -2.708  42.617 0.0000000000
80943  -39.533  -5.723  40.582 0.0000000000
80977  -39.646  -5.387  39.174 0.0000000000
82224  -40.260  -5.172  39.305 0.0000000000
82225  -40.831  -5.393  39.598 0.0000000000
84570  -41.861  -4.366  40.521 0.0000000000
86897  -43.318  -3.061  40.983 0.0000000000
76989  -2.748  -9.729  49.745 0.0000000000
68896  -2.644  -20.388  51.171 0.0000000000
68913  -3.137  -20.542  50.363 0.0000000000
67747  -2.291  -20.697  49.155 0.0000000000
67765  -2.212  -20.850  48.535 0.0000000000
67763  -0.882  -21.366  48.694 0.0000000000
67783  -1.285  -21.487  48.205 0.0000000000
67784  -1.819  -21.425  47.839 0.0000000000
65419  -1.729  -21.987  46.818 0.0000000000
64307  -1.861  -22.624  46.376 0.0000000000
61977  -2.670  -23.873  45.756 0.0000000000
61958  -2.352  -23.477  46.405 0.0000000000
61959  -2.666  -23.957  46.466 0.0000000000
61939  -2.926  -24.252  46.903 0.0000000000
63141  -1.805  -23.359  47.547 0.0000000000
61742  -3.893  -23.812  62.915 0.0000000000
61750  -3.525  -24.392  62.250 0.0000000000
60589  -3.341  -24.915  61.817 0.0000000000
60594  -3.084  -25.404  60.868 0.0000000000
60593  -2.583  -25.532  61.261 0.0000000000
82127  -39.721  -5.687  46.719 0.0000000000
75905  -34.539  -12.543  47.549 0.0000000000
75912  -34.133  -12.619  46.927 0.0000000000
78322  -34.340  -10.141  46.875 0.0000000000
79598  -34.237  -9.658  46.473 0.0000000000
79609  -34.050  -9.305  45.925 0.0000000000
79610  -34.662  -8.306  45.575 0.0000000000
80866  -36.937  -7.193  46.494 0.0000000000
72540  -23.414  -14.895  59.679 0.0000000000
72600  -25.516  -13.977  54.974 0.0000000000
72616  -25.170  -14.212  54.323 0.0000000000
72615  -24.720  -14.718  54.290 0.0000000000
71344  -23.508  -16.004  52.571 0.0000000000
70048  -21.823  -16.357  51.702 0.0000000000
68886  -21.194  -16.755  51.025 0.0000000000
103902  -49.814  10.041  27.165 0.0000000000
103896  -49.952  10.863  26.878 0.0000000000
105059  -49.743  11.557  27.030 0.0000000000
105058  -48.832  12.036  26.640 0.0000000000
106215  -49.307  13.018  27.458 0.0000000000
107411  -50.629  13.526  27.539 0.0000000000
107413  -52.364  13.511  28.154 0.0000000000
74770  -4.219  -13.970  57.142 0.0000000000
73694  -2.782  -15.715  57.217 0.0000000000
73693  -2.083  -16.022  57.264 0.0000000000
73700  -2.314  -16.401  56.861 0.0000000000
89486  -49.532  0.386  33.938 0.0000000000
90703  -50.594  0.336  34.476 0.0000000000
89469  -50.359  0.224  34.827 0.0000000000
89424  -50.335  -0.421  36.078 0.0000000000
88217  -43.598  -0.245  36.197 0.0000000000
88276  -44.385  -0.473  33.157 0.0000000000
88279  -47.332  -0.632  33.444 0.0000000000
89465  -48.076  -0.311  33.781 0.0000000000
89466  -48.631  0.130  34.016 0.0000000000
64111  -8.590  -21.175  64.721 0.0000000000
62925  -9.779  -22.328  63.461 0.0000000000
62924  -9.299  -22.403  63.584 0.0000000000
62934  -8.874  -22.790  62.940 0.0000000000
62939  -8.399  -22.863  62.055 0.0000000000
62944  -8.366  -22.329  61.088 0.0000000000
61852  -14.632  -22.716  51.391 0.0000000000
61851  -14.001  -22.566  51.381 0.0000000000
61833  -13.723  -22.587  52.112 0.0000000000
61818  -13.421  -22.555  52.619 0.0000000000
63039  -12.982  -22.166  52.840 0.0000000000
63021  -11.552  -21.713  54.350 0.0000000000
63020  -10.434  -21.496  54.515 0.0000000000
80818  -7.408  -8.890  50.730 0.0000000000
75887  -7.347  -12.710  49.323 0.0000000000
74841  -7.023  -13.110  48.687 0.0000000000
73757  -6.934  -14.258  47.960 0.0000000000
72673  -6.354  -14.678  47.467 0.0000000000
66597  -5.379  -20.951  44.185 0.0000000000
66598  -6.253  -20.284  44.368 0.0000000000
65471  -5.206  -21.264  42.366 0.0000000000
65477  -4.733  -21.534  41.596 0.0000000000
64352  -3.073  -22.653  40.851 0.0000000000
64353  -3.844  -22.191  40.992 0.0000000000
65486  -4.094  -21.348  41.017 0.0000000000
66660  -3.571  -20.731  40.882 0.0000000000
66659  -2.679  -20.524  40.722 0.0000000000
66658  -1.613  -20.589  40.458 0.0000000000
66657  -0.717  -20.929  40.135 0.0000000000
71243  -1.498  -15.457  67.602 0.0000000000
72455  -0.830  -15.117  67.310 0.0000000000
72473  -0.609  -15.685  65.751 0.0000000000
71266  -0.443  -15.609  64.908 0.0000000000
71274  -0.529  -15.680  63.872 0.0000000000
64137  1.100  -22.383  62.635 0.0000000000
65297  0.943  -21.370  62.521 0.0000000000
65306  1.331  -21.684  61.758 0.0000000000
65305  1.206  -21.183  61.015 0.0000000000
65319  1.447  -21.754  59.997 0.0000000000
66442  1.903  -20.529  59.932 0.0000000000
67641  1.819  -19.633  58.425 0.0000000000
67644  1.324  -19.824  57.637 0.0000000000
66449  1.567  -21.145  57.521 0.0000000000
65331  1.229  -21.958  56.536 0.0000000000
64187  1.665  -22.599  56.970 0.0000000000
65334  1.141  -22.206  55.774 0.0000000000
64216  1.159  -23.395  54.587 0.0000000000
73772  -35.552  -14.003  46.560 0.0000000000
72675  -35.322  -15.156  48.256 0.0000000000
72676  -35.452  -14.490  48.181 0.0000000000
72575  -26.937  -14.579  56.882 0.0000000000
72587  -26.691  -14.175  56.101 0.0000000000
71312  -29.374  -15.311  55.796 0.0000000000
71311  -28.500  -14.852  55.568 0.0000000000
72589  -28.626  -15.052  56.359 0.0000000000
72602  -27.383  -14.068  55.569 0.0000000000
72601  -26.573  -14.017  55.353 0.0000000000
71366  -26.731  -15.813  52.157 0.0000000000
71365  -25.969  -15.930  52.034 0.0000000000
97881  -50.188  6.954  27.698 0.0000000000
97891  -50.201  6.714  26.724 0.0000000000
101510  -52.853  8.669  29.209 0.0000000000
102689  -52.862  9.801  29.162 0.0000000000
102683  -52.960  10.224  29.103 0.0000000000
103891  -53.139  10.717  28.873 0.0000000000
88185  -48.269  -0.656  37.336 0.0000000000
88119  -47.528  -1.480  41.343 0.0000000000
89423  -43.822  -0.425  37.561 0.0000000000
89408  -43.947  -0.625  38.383 0.0000000000
67657  -18.980  -19.499  55.086 0.0000000000
66464  -18.674  -20.058  55.241 0.0000000000
66475  -17.969  -20.227  54.209 0.0000000000
64251  -17.683  -21.422  52.126 0.0000000000
63059  -17.392  -21.936  52.239 0.0000000000
61854  -16.041  -22.173  51.354 0.0000000000
61873  -14.846  -22.511  50.337 0.0000000000
73751  0.097  -13.134  48.108 0.0000000000
72698  -0.550  -14.188  46.071 0.0000000000
71473  -0.779  -14.752  45.433 0.0000000000
71474  -1.328  -15.206  45.165 0.0000000000
73729  -7.313  -15.257  50.944 0.0000000000
72639  -6.912  -15.972  51.498 0.0000000000
70087  -7.118  -18.040  49.754 0.0000000000
68955  -6.806  -18.980  47.843 0.0000000000
67788  -6.055  -19.552  46.801 0.0000000000
68934  -3.579  -20.398  49.614 0.0000000000
67749  -3.920  -20.173  48.987 0.0000000000
67767  -4.149  -20.141  48.121 0.0000000000
67787  -4.787  -20.188  46.774 0.0000000000
66577  -4.834  -20.725  45.512 0.0000000000
65448  -4.575  -21.475  43.898 0.0000000000
64325  -3.763  -22.512  43.167 0.0000000000
64332  -3.110  -23.028  43.068 0.0000000000
64323  -2.991  -22.727  43.863 0.0000000000
64331  -3.063  -23.066  43.351 0.0000000000
63185  -3.057  -23.327  42.553 0.0000000000
60792  -2.211  -24.655  41.906 0.0000000000
60746  -2.526  -24.638  45.249 0.0000000000
66421  -4.205  -19.629  62.223 0.0000000000
66407  -2.310  -21.053  62.347 0.0000000000
66405  -1.187  -20.936  63.195 0.0000000000
65272  -0.680  -21.397  63.671 0.0000000000
64130  0.457  -22.108  63.461 0.0000000000
61733  -1.585  -22.580  62.148 0.0000000000
60582  -1.745  -24.129  62.399 0.0000000000
61739  -1.085  -23.380  62.649 0.0000000000
62928  -0.981  -22.732  63.060 0.0000000000
62927  -0.378  -23.086  63.771 0.0000000000
62937  1.106  -23.308  62.518 0.0000000000
62943  1.535  -23.305  61.724 0.0000000000
60584  1.046  -25.120  61.788 0.0000000000
61764  1.651  -24.622  60.516 0.0000000000
60601  1.417  -25.401  59.184 0.0000000000
82184  -43.139  -6.064  42.974 0.0000000000
82167  -42.951  -5.551  43.520 0.0000000000
83378  -43.006  -5.196  43.896 0.0000000000
75920  -33.927  -12.719  45.960 0.0000000000
80911  -38.003  -6.229  42.011 0.0000000000
80912  -39.030  -5.879  42.313 0.0000000000
80913  -40.162  -5.380  42.407 0.0000000000
67640  -21.079  -18.449  59.567 0.0000000000
67642  -21.037  -19.154  59.155 0.0000000000
66451  -20.354  -19.591  57.554 0.0000000000
66456  -20.306  -19.667  56.458 0.0000000000
73630  -25.049  -13.516  59.479 0.0000000000
73641  -25.393  -14.073  59.166 0.0000000000
73640  -24.622  -14.108  59.291 0.0000000000
72585  -24.476  -13.799  55.687 0.0000000000
72572  -23.488  -14.197  56.370 0.0000000000
71304  -22.965  -15.385  57.946 0.0000000000
67650  -21.802  -18.427  56.892 0.0000000000
67654  -20.722  -19.231  55.627 0.0000000000
67653  -20.081  -19.489  55.624 0.0000000000
67666  -18.384  -19.169  54.518 0.0000000000
67685  -17.400  -19.138  53.364 0.0000000000
67684  -17.292  -19.442  52.475 0.0000000000
68866  -18.549  -17.811  52.632 0.0000000000
68881  -17.470  -18.603  51.905 0.0000000000
107435  -48.813  13.724  26.324 0.0000000000
108660  -49.733  14.376  25.323 0.0000000000
108661  -50.407  14.663  24.963 0.0000000000
107446  -50.378  14.537  24.249 0.0000000000
108678  -52.214  15.100  23.298 0.0000000000
78258  -7.143  -10.649  52.055 0.0000000000
75854  -7.167  -12.452  52.034 0.0000000000
74806  -6.654  -13.616  52.328 0.0000000000
76963  -5.939  -11.745  54.216 0.0000000000
76962  -5.647  -12.208  54.901 0.0000000000
75844  -6.146  -12.575  53.595 0.0000000000
74802  -6.357  -13.117  53.151 0.0000000000
73713  -6.284  -14.560  52.592 0.0000000000
73716  -6.184  -15.238  52.646 0.0000000000
72638  -6.354  -16.037  52.381 0.0000000000
71381  -5.901  -17.102  52.353 0.0000000000
72630  -5.228  -16.190  53.513 0.0000000000
71360  -5.137  -16.695  53.188 0.0000000000
70059  -4.304  -18.254  52.193 0.0000000000
70058  -3.196  -18.807  52.142 0.0000000000
73702  -4.234  -15.490  56.292 0.0000000000
70070  -2.937  -19.656  51.610 0.0000000000
70069  -2.341  -19.829  51.538 0.0000000000
68895  -1.817  -20.198  51.274 0.0000000000
68894  -0.898  -20.231  51.083 0.0000000000
68879  -0.604  -19.516  51.668 0.0000000000
67715  -0.379  -20.394  50.761 0.0000000000
67728  -0.233  -20.863  50.294 0.0000000000
65392  0.751  -22.075  49.636 0.0000000000
95484  -51.756  4.185  32.554 0.0000000000
95486  -53.123  5.158  32.864 0.0000000000
95485  -52.490  4.601  32.922 0.0000000000
83397  -44.785  -6.113  43.268 0.0000000000
83398  -45.455  -5.672  43.291 0.0000000000
88315  -45.276  -0.460  31.614 0.0000000000
89511  -45.373  -0.363  30.946 0.0000000000
89496  -46.737  -1.071  31.674 0.0000000000
89528  -45.736  -0.446  30.512 0.0000000000
90741  -46.172  -0.240  30.026 0.0000000000
91938  -46.679  0.646  29.701 0.0000000000
91939  -47.580  0.796  30.198 0.0000000000
91940  -47.964  1.200  30.627 0.0000000000
93111  -49.394  2.043  31.467 0.0000000000
91926  -49.215  1.255  31.590 0.0000000000
93112  -49.970  2.119  31.627 0.0000000000
94305  -51.023  3.032  31.693 0.0000000000
62929  -4.480  -23.583  63.189 0.0000000000
64123  -7.113  -22.033  64.461 0.0000000000
62921  -6.529  -22.781  64.039 0.0000000000
62932  -6.952  -23.226  63.362 0.0000000000
62930  -5.118  -23.488  63.348 0.0000000000
61759  -5.235  -23.847  60.676 0.0000000000
61771  -3.763  -23.530  58.574 0.0000000000
60606  -3.811  -23.625  57.622 0.0000000000
65336  -18.445  -20.989  55.700 0.0000000000
64211  -18.260  -21.312  56.471 0.0000000000
64202  -17.590  -21.597  56.896 0.0000000000
64193  -15.848  -20.770  57.411 0.0000000000
61821  -14.938  -23.291  53.452 0.0000000000
63025  -15.331  -23.242  54.903 0.0000000000
63008  -15.581  -22.870  55.696 0.0000000000
64182  -15.956  -20.256  58.138 0.0000000000
64172  -15.258  -20.451  59.114 0.0000000000
64139  -11.650  -20.972  61.933 0.0000000000
64156  -10.678  -21.384  59.647 0.0000000000
62951  -9.910  -21.571  60.428 0.0000000000
62950  -9.145  -21.698  60.267 0.0000000000
62968  -9.068  -21.805  57.199 0.0000000000
62983  -8.910  -21.725  56.241 0.0000000000
61778  -6.351  -22.396  58.128 0.0000000000
61793  -6.409  -23.258  56.243 0.0000000000
78267  -3.297  -9.187  49.849 0.0000000000
77000  -3.236  -10.469  49.274 0.0000000000
79565  -6.827  -9.840  49.748 0.0000000000
79564  -6.320  -10.036  49.642 0.0000000000
79553  -5.495  -9.635  49.684 0.0000000000
77008  -5.531  -11.113  49.036 0.0000000000
78277  -4.670  -10.178  49.539 0.0000000000
77001  -3.933  -10.630  49.240 0.0000000000
75871  -2.579  -11.284  48.661 0.0000000000
74824  -2.423  -11.672  48.413 0.0000000000
73740  -2.443  -12.578  47.937 0.0000000000
72658  -3.496  -13.582  47.473 0.0000000000
72669  -2.899  -13.790  47.138 0.0000000000
72684  -2.085  -14.299  46.536 0.0000000000
71446  -2.164  -14.629  46.193 0.0000000000
71490  -2.035  -15.507  44.202 0.0000000000
72649  -7.625  -15.709  50.143 0.0000000000
71438  -7.913  -16.439  48.185 0.0000000000
72674  -7.413  -15.058  47.745 0.0000000000
72690  -7.142  -15.505  47.225 0.0000000000
71451  -6.044  -15.629  46.478 0.0000000000
67825  -6.608  -19.673  43.833 0.0000000000
69006  -7.032  -19.092  44.111 0.0000000000
70193  -7.149  -17.856  44.255 0.0000000000
69024  -5.901  -19.138  42.890 0.0000000000
70224  -6.262  -18.164  43.421 0.0000000000
70166  -7.194  -17.380  44.849 0.0000000000
71481  -6.751  -16.932  45.033 0.0000000000
71465  -6.203  -16.245  45.856 0.0000000000
71464  -5.291  -15.856  45.801 0.0000000000
71478  -4.621  -15.971  45.065 0.0000000000
71477  -3.768  -15.592  44.990 0.0000000000
70189  -3.974  -16.710  43.936 0.0000000000
70161  -3.102  -15.797  44.449 0.0000000000
70187  -2.416  -15.754  43.960 0.0000000000
70218  -1.826  -15.828  43.356 0.0000000000
70293  -1.074  -17.371  40.577 0.0000000000
75769  -0.605  -13.442  60.485 0.0000000000
68818  -3.856  -17.866  63.421 0.0000000000
70002  -2.517  -17.341  62.976 0.0000000000
67627  -2.236  -18.522  61.386 0.0000000000
68824  -2.102  -17.652  61.936 0.0000000000
69994  -2.050  -17.002  63.400 0.0000000000
69993  -1.531  -16.762  63.011 0.0000000000
71283  -1.032  -16.256  63.433 0.0000000000
71282  -0.742  -15.944  62.931 0.0000000000
67624  0.070  -19.985  61.421 0.0000000000
68821  0.094  -18.636  61.345 0.0000000000
71281  -0.799  -15.571  62.379 0.0000000000
72510  -0.715  -15.186  61.823 0.0000000000
74706  -0.107  -14.292  61.509 0.0000000000
72532  0.865  -15.469  60.795 0.0000000000
73622  0.308  -14.904  60.938 0.0000000000
75768  -0.120  -13.710  60.514 0.0000000000
75779  -0.004  -13.849  59.463 0.0000000000
75790  -0.054  -14.017  58.967 0.0000000000
73667  -0.102  -15.302  58.143 0.0000000000
73680  -0.536  -15.725  57.811 0.0000000000
73690  -0.188  -16.365  57.540 0.0000000000
71324  -0.252  -17.791  55.766 0.0000000000
70029  -0.369  -18.723  55.085 0.0000000000
68839  0.979  -19.070  57.102 0.0000000000
67651  0.462  -20.476  55.862 0.0000000000
70025  0.379  -18.864  56.116 0.0000000000
68845  -0.103  -19.164  55.371 0.0000000000
68862  0.364  -19.583  52.800 0.0000000000
67700  0.651  -20.056  51.826 0.0000000000
66490  0.939  -21.042  52.546 0.0000000000
66507  0.849  -21.551  50.763 0.0000000000
66517  0.900  -21.769  50.051 0.0000000000
59407  1.384  -26.431  58.014 0.0000000000
55921  0.941  -29.093  56.860 0.0000000000
57080  0.726  -28.297  56.991 0.0000000000
58274  1.053  -27.407  56.963 0.0000000000
59406  1.737  -25.961  57.644 0.0000000000
60612  1.844  -25.979  56.961 0.0000000000
60629  1.223  -26.172  55.106 0.0000000000
61798  1.299  -25.049  55.313 0.0000000000
63033  0.993  -24.132  53.634 0.0000000000
58338  1.043  -27.619  53.045 0.0000000000
59481  1.045  -26.645  52.733 0.0000000000
61828  1.010  -24.996  52.514 0.0000000000
63032  1.092  -24.324  52.720 0.0000000000
63050  1.178  -23.968  52.175 0.0000000000
60678  0.657  -24.759  51.014 0.0000000000
61889  0.725  -24.150  50.634 0.0000000000
63091  1.030  -23.526  50.816 0.0000000000
63108  0.962  -23.412  50.116 0.0000000000
63125  0.892  -23.097  49.647 0.0000000000
63126  0.295  -23.219  49.479 0.0000000000
59565  -2.345  -26.289  48.675 0.0000000000
59374  -1.877  -25.474  61.895 0.0000000000
59380  -2.564  -25.658  60.749 0.0000000000
59422  1.833  -26.024  57.245 0.0000000000
60611  1.898  -25.433  57.121 0.0000000000
60621  1.871  -25.119  56.585 0.0000000000
60647  0.981  -25.107  52.180 0.0000000000
60655  0.957  -25.051  51.909 0.0000000000
60665  0.798  -24.915  51.436 0.0000000000
60745  -2.534  -24.349  45.243 0.0000000000
61748  0.291  -24.543  62.892 0.0000000000
61749  -3.017  -24.628  62.302 0.0000000000
61755  -7.878  -23.224  62.055 0.0000000000
61809  -15.109  -23.460  54.176 0.0000000000
61814  1.016  -24.742  52.596 0.0000000000
61815  1.032  -24.985  53.003 0.0000000000
61979  -2.886  -24.624  45.814 0.0000000000
62936  -10.165  -22.204  62.880 0.0000000000
62957  -10.820  -21.690  58.916 0.0000000000
62974  -15.832  -21.352  56.903 0.0000000000
63109  0.672  -23.536  49.866 0.0000000000
63153  -2.259  -23.618  46.573 0.0000000000
63159  -2.442  -23.440  46.224 0.0000000000
63165  -2.209  -23.149  45.491 0.0000000000
63184  -2.829  -23.666  42.769 0.0000000000
63186  -3.196  -23.109  42.344 0.0000000000
63187  -3.363  -22.973  42.142 0.0000000000
63198  -2.932  -23.557  41.805 0.0000000000
63200  -3.259  -23.041  41.939 0.0000000000
63213  -2.609  -23.327  40.987 0.0000000000
64155  1.357  -22.004  60.035 0.0000000000
64166  1.503  -21.963  59.832 0.0000000000
64167  -10.755  -21.584  59.143 0.0000000000
64181  -15.141  -20.523  58.214 0.0000000000
64286  0.740  -22.642  49.474 0.0000000000
64301  -1.165  -22.450  48.138 0.0000000000
64314  -2.289  -22.295  44.715 0.0000000000
64320  -1.929  -23.100  44.912 0.0000000000
64322  -2.930  -22.473  44.205 0.0000000000
64330  -3.072  -23.079  43.651 0.0000000000
64333  -3.471  -22.875  42.627 0.0000000000
64341  -3.206  -22.886  41.356 0.0000000000
64354  -4.298  -21.884  41.222 0.0000000000
65273  -1.112  -21.313  63.344 0.0000000000
65288  -0.215  -21.288  63.693 0.0000000000
65289  -0.716  -21.135  63.512 0.0000000000
65312  1.444  -21.482  60.302 0.0000000000
65313  1.357  -21.822  60.193 0.0000000000
65355  -18.031  -20.846  54.015 0.0000000000
65408  -0.966  -22.143  48.087 0.0000000000
65433  -2.412  -21.815  45.032 0.0000000000
65443  -1.855  -22.037  45.122 0.0000000000
65445  -2.721  -21.969  44.690 0.0000000000
65446  -3.277  -21.934  44.457 0.0000000000
65459  -3.584  -22.191  43.802 0.0000000000
65460  -4.239  -21.979  43.301 0.0000000000
65478  -5.172  -20.943  41.812 0.0000000000
65482  -0.758  -21.800  39.871 0.0000000000
66406  -1.540  -20.993  62.898 0.0000000000
66416  0.487  -20.705  62.936 0.0000000000
66529  -0.620  -21.450  48.991 0.0000000000
66573  -1.777  -21.888  46.588 0.0000000000
66612  -5.583  -20.865  43.076 0.0000000000
66613  -6.118  -20.438  43.576 0.0000000000
66646  -4.558  -20.676  41.418 0.0000000000
66661  -4.065  -20.809  41.079 0.0000000000
67652  0.662  -20.876  55.920 0.0000000000
67682  0.824  -20.839  53.268 0.0000000000
67713  0.395  -20.244  51.148 0.0000000000
67764  -1.226  -20.938  48.719 0.0000000000
67799  -4.966  -20.408  46.119 0.0000000000
67813  -6.629  -19.734  44.601 0.0000000000
67814  -7.071  -19.255  44.722 0.0000000000
67826  -6.847  -19.420  44.310 0.0000000000
67840  -5.423  -19.483  42.247 0.0000000000
67864  -5.516  -20.057  42.070 0.0000000000
67884  -3.569  -20.221  41.118 0.0000000000
68810  -3.309  -17.680  63.920 0.0000000000
68825  -2.559  -17.530  62.414 0.0000000000
68864  -17.326  -18.916  52.500 0.0000000000
68877  0.401  -19.479  52.060 0.0000000000
68882  -17.990  -17.960  51.900 0.0000000000
68954  -5.975  -19.376  48.085 0.0000000000
68969  -6.283  -19.187  47.464 0.0000000000
68971  -7.387  -18.152  46.504 0.0000000000
68990  -7.064  -18.135  43.945 0.0000000000
68991  -7.276  -18.404  44.504 0.0000000000
69000  -2.945  -17.005  42.721 0.0000000000
69004  -5.835  -18.464  43.094 0.0000000000
69025  -6.294  -19.477  43.221 0.0000000000
69046  -4.674  -19.225  41.935 0.0000000000
69967  -1.676  -16.443  66.750 0.0000000000
69975  -1.960  -16.886  66.170 0.0000000000
69995  -2.661  -17.316  63.656 0.0000000000
70001  -2.039  -17.214  62.646 0.0000000000
70047  -4.005  -17.807  52.660 0.0000000000
70160  -2.602  -15.621  44.561 0.0000000000
70186  -2.002  -15.534  43.872 0.0000000000
70192  -6.594  -17.733  43.907 0.0000000000
70217  -1.517  -15.631  43.355 0.0000000000
71250  -1.240  -15.835  67.038 0.0000000000
71259  -1.525  -16.557  66.121 0.0000000000
71276  -1.490  -16.533  64.766 0.0000000000
71318  -27.529  -14.334  54.843 0.0000000000
71329  -25.501  -14.957  53.875 0.0000000000
71338  -0.989  -18.321  54.971 0.0000000000
71361  -5.875  -16.483  52.889 0.0000000000
71458  -0.793  -14.553  45.700 0.0000000000
71460  -1.889  -14.838  45.864 0.0000000000
71489  -1.676  -15.348  44.154 0.0000000000
72463  -0.655  -15.430  66.515 0.0000000000
72500  -0.676  -14.826  62.719 0.0000000000
72531  1.300  -16.068  60.707 0.0000000000
72543  1.306  -15.573  60.409 0.0000000000
72553  1.376  -15.269  58.261 0.0000000000
72597  -1.410  -16.702  56.979 0.0000000000
72608  -0.254  -17.400  56.304 0.0000000000
72613  -4.406  -16.096  55.840 0.0000000000
72614  -24.295  -15.170  54.196 0.0000000000
72648  -7.267  -16.074  50.805 0.0000000000
72667  -0.857  -13.170  47.491 0.0000000000
72670  -3.754  -13.898  47.124 0.0000000000
72689  -6.668  -15.350  47.130 0.0000000000
72700  -1.788  -14.546  46.175 0.0000000000
72701  -35.532  -14.685  46.679 0.0000000000
73605  -0.592  -14.565  62.304 0.0000000000
73633  1.080  -15.066  60.086 0.0000000000
73706  -36.051  -13.438  54.325 0.0000000000
73725  -0.448  -12.453  49.023 0.0000000000
73736  0.724  -13.109  48.899 0.0000000000
73737  0.456  -13.008  48.889 0.0000000000
73739  -1.344  -12.553  48.075 0.0000000000
73752  -0.604  -12.879  48.056 0.0000000000
74744  -0.291  -14.321  58.685 0.0000000000
74753  -0.005  -14.784  58.419 0.0000000000
74784  -4.956  -13.816  56.120 0.0000000000
75814  -2.548  -14.121  58.074 0.0000000000
75864  -2.897  -10.595  49.188 0.0000000000
75874  -5.029  -11.386  48.796 0.0000000000
76873  -0.463  -13.726  61.873 0.0000000000
77002  -4.809  -10.916  49.103 0.0000000000
77019  -34.994  -10.558  48.056 0.0000000000
78221  -4.992  -11.868  56.349 0.0000000000
78276  -3.925  -9.672  49.631 0.0000000000
78287  -5.411  -10.481  49.424 0.0000000000
78321  -34.201  -9.957  46.505 0.0000000000
79542  -3.194  -8.610  50.302 0.0000000000
79554  -6.481  -9.324  49.839 0.0000000000
79563  -5.839  -10.220  49.569 0.0000000000
80873  -35.389  -8.021  45.339 0.0000000000
82222  -41.670  -4.971  40.772 0.0000000000
83396  -44.061  -6.374  42.743 0.0000000000
83409  -45.201  -6.092  42.035 0.0000000000
83430  -43.681  -5.317  40.996 0.0000000000
83441  -40.788  -5.294  39.414 0.0000000000
83442  -40.987  -5.198  39.560 0.0000000000
84550  -45.187  -4.924  41.266 0.0000000000
84572  -43.546  -4.261  41.042 0.0000000000
84581  -40.766  -4.560  39.149 0.0000000000
84598  -40.379  -4.451  38.796 0.0000000000
86864  -45.144  -2.849  42.284 0.0000000000
88280  -47.708  -0.502  33.614 0.0000000000
89398  -43.970  -0.894  38.918 0.0000000000
89442  -50.569  -0.051  35.898 0.0000000000
89450  -49.601  0.109  34.882 0.0000000000
89451  -49.972  0.123  34.946 0.0000000000
89467  -49.302  0.307  34.251 0.0000000000
89468  -49.973  0.267  34.415 0.0000000000
90702  -50.152  0.333  34.181 0.0000000000
90716  -47.753  -0.855  31.361 0.0000000000
91905  -51.465  1.376  34.090 0.0000000000
93100  -51.518  2.682  33.192 0.0000000000
93107  -51.791  3.095  33.040 0.0000000000
94299  -52.079  3.842  33.098 0.0000000000
94304  -50.577  2.645  31.544 0.0000000000
94307  -51.889  3.674  32.885 0.0000000000
94314  -50.539  2.938  31.446 0.0000000000
95482  -50.850  3.842  31.743 0.0000000000
96656  -51.289  4.644  32.185 0.0000000000
99045  -54.801  8.571  30.407 0.0000000000
100270  -52.792  8.440  29.079 0.0000000000
100271  -53.383  8.904  29.279 0.0000000000
102682  -52.658  10.240  28.898 0.0000000000
102685  -54.618  9.848  30.090 0.0000000000
103885  -52.933  10.417  28.960 0.0000000000
103886  -54.498  10.412  29.761 0.0000000000
106216  -50.129  12.849  27.627 0.0000000000
107410  -49.804  13.582  27.229 0.0000000000
108627  -50.955  14.319  27.284 0.0000000000
108639  -49.414  13.926  26.535 0.0000000000
108649  -49.519  14.170  25.980 0.0000000000
109917  -51.872  15.703  25.034 0.0000000000
