#!ascii label  , from subject 4126 vox2ras=TkReg
897
79182  -23.201  -10.229  -19.056 0.4285714328
81678  -24.391  -9.005  -19.546 0.2857142985
81677  -23.747  -9.212  -19.793 0.4285714328
81680  -26.601  -8.093  -19.442 0.4285714328
82908  -24.989  -7.958  -20.107 0.2857142985
82909  -25.980  -7.687  -19.992 0.4285714328
82910  -26.808  -7.391  -19.854 0.4285714328
84148  -24.896  -6.860  -21.272 0.4285714328
84149  -25.907  -6.235  -21.144 0.4285714328
84163  -25.487  -5.664  -22.036 0.4285714328
85299  -26.136  -5.116  -21.653 0.4285714328
86432  -25.540  -4.408  -22.962 0.5714285970
85310  -25.616  -4.988  -22.396 0.5714285970
86433  -26.344  -4.226  -22.361 0.4285714328
87660  -27.226  -3.687  -22.083 0.2857142985
87668  -26.008  -3.673  -23.130 0.7142857313
87669  -26.833  -3.223  -22.842 0.7142857313
88984  -27.483  -2.443  -22.537 0.7142857313
88975  -28.016  -2.392  -22.048 0.4285714328
87670  -27.472  -3.179  -22.446 0.5714285970
91359  -27.927  -0.811  -22.203 0.5714285970
90182  -26.799  -1.695  -22.879 0.5714285970
91369  -27.246  -0.698  -22.625 0.5714285970
91370  -28.030  -0.319  -22.368 0.5714285970
91368  -26.689  -1.038  -22.819 0.5714285970
92577  -28.396  0.474  -22.205 0.4285714328
93774  -27.852  1.109  -22.646 0.5714285970
93784  -28.228  1.813  -23.007 0.5714285970
92588  -26.684  0.310  -23.831 0.7142857313
93783  -27.644  1.643  -23.351 0.7142857313
94966  -28.040  2.373  -23.386 0.7142857313
94959  -28.599  2.630  -22.793 0.5714285970
92589  -27.267  0.566  -23.138 0.5714285970
92604  -26.117  0.299  -24.611 0.5714285970
94964  -26.775  2.258  -24.196 0.8571428657
96137  -28.002  3.282  -23.481 0.7142857313
96130  -28.499  3.836  -22.981 0.5714285970
93796  -26.390  1.832  -24.297 0.7142857313
93795  -25.744  1.622  -24.794 0.5714285970
97338  -28.023  4.444  -23.667 0.7142857313
94965  -27.333  2.616  -23.898 0.7142857313
98513  -27.779  5.377  -24.037 0.5714285970
96136  -27.497  3.803  -24.177 0.7142857313
98514  -28.266  5.363  -23.489 0.5714285970
96145  -26.910  3.326  -24.550 0.5714285970
97348  -27.040  4.434  -25.069 0.7142857313
97337  -27.570  4.707  -24.354 0.7142857313
99752  -27.526  6.243  -24.270 0.7142857313
99739  -27.953  6.005  -23.741 0.7142857313
98542  -26.810  5.491  -25.257 0.7142857313
98526  -27.322  5.471  -24.702 0.7142857313
100973  -27.318  7.241  -24.374 0.7142857313
100956  -27.884  6.793  -23.786 0.5714285970
97347  -26.661  4.190  -25.366 0.5714285970
102155  -27.370  8.273  -24.545 0.5714285970
103272  -27.188  9.357  -24.606 0.5714285970
99764  -26.329  6.202  -25.583 0.8571428657
102169  -26.930  8.800  -25.149 0.7142857313
100985  -26.191  7.339  -25.714 0.8571428657
100986  -26.840  7.797  -25.120 0.7142857313
104461  -26.378  10.529  -25.074 0.8571428657
104448  -26.854  10.043  -24.680 0.5714285970
103282  -26.552  9.507  -25.266 0.8571428657
103281  -25.814  9.180  -25.952 0.8571428657
102168  -26.187  8.514  -25.809 0.8571428657
106807  -25.465  12.072  -25.445 0.8571428657
109209  -24.829  13.820  -25.361 0.8571428657
106806  -24.752  12.111  -26.171 0.8571428657
106816  -24.312  12.297  -27.019 1.0000000000
104459  -25.123  10.381  -26.090 0.8571428657
108002  -24.447  13.287  -26.317 1.0000000000
109221  -23.927  14.263  -26.760 1.0000000000
109220  -23.338  14.673  -27.184 0.7142857313
108014  -23.927  13.193  -27.221 1.0000000000
111686  -22.901  17.234  -28.698 1.0000000000
112779  -22.085  17.770  -29.316 0.8571428657
113873  -20.601  18.727  -32.411 0.8571428657
112796  -21.355  18.181  -31.132 0.8571428657
112797  -21.572  18.280  -30.777 1.0000000000
114881  -18.962  19.895  -33.332 0.8571428657
114891  -19.519  19.053  -33.610 0.8571428657
115895  -19.157  20.655  -32.363 0.7142857313
115896  -19.864  20.337  -31.094 0.5714285970
157773  -19.129  22.214  -32.653 0.7142857313
118790  -20.335  22.872  -29.890 0.5714285970
157785  -20.100  21.001  -30.594 0.5714285970
117858  -20.311  22.665  -28.981 0.4285714328
119780  -19.796  24.754  -30.268 0.4285714328
119752  -19.988  24.406  -27.315 0.2857142985
119743  -19.769  24.198  -26.401 0.2857142985
118765  -19.616  23.716  -26.972 0.2857142985
119735  -20.301  24.283  -25.546 0.2857142985
81693  -24.202  -8.289  -20.407 0.2857142985
106808  -26.105  11.829  -25.077 0.8571428657
108003  -24.959  12.871  -25.618 0.8571428657
111664  -23.559  16.195  -27.152 0.8571428657
119711  -21.136  24.743  -23.323 0.1428571492
82942  -23.965  -7.504  -21.411 0.2857142985
82922  -24.471  -7.461  -20.969 0.2857142985
82924  -26.340  -6.933  -20.316 0.4285714328
84150  -26.934  -6.180  -20.207 0.4285714328
85289  -26.761  -5.322  -20.839 0.4285714328
84174  -25.262  -5.407  -22.481 0.5714285970
87677  -25.706  -3.105  -23.764 0.2857142985
87678  -26.272  -3.163  -23.299 0.7142857313
88983  -26.909  -2.506  -22.920 0.7142857313
90183  -27.356  -1.626  -22.507 0.4285714328
90190  -26.159  -1.738  -23.398 0.5714285970
93766  -28.977  1.169  -21.856 0.4285714328
91379  -26.470  -0.780  -23.425 0.7142857313
92587  -26.438  -0.223  -24.097 0.7142857313
92576  -27.777  0.220  -22.616 0.7142857313
93775  -28.506  1.562  -22.415 0.4285714328
92605  -26.290  1.109  -24.186 0.5714285970
99740  -28.478  6.233  -23.302 0.5714285970
94975  -26.314  2.652  -24.613 0.5714285970
97329  -28.507  4.710  -23.133 0.5714285970
96144  -26.390  3.669  -25.289 0.8571428657
99765  -26.838  6.540  -24.943 0.7142857313
103291  -25.301  9.525  -26.297 1.0000000000
109208  -24.428  14.486  -25.986 1.0000000000
105637  -24.389  11.228  -26.703 1.0000000000
108013  -23.488  13.846  -27.526 0.8571428657
110500  -22.515  15.254  -27.701 0.7142857313
110501  -23.019  15.506  -27.416 1.0000000000
111678  -23.300  16.523  -28.051 0.7142857313
111677  -22.709  15.847  -28.048 0.7142857313
112780  -22.806  17.908  -28.769 0.8571428657
112808  -20.916  18.269  -31.548 0.8571428657
113867  -21.585  18.350  -30.540 1.0000000000
113859  -21.484  18.420  -29.953 1.0000000000
118789  -20.135  23.677  -29.443 0.7142857313
157777  -19.763  21.505  -31.316 0.7142857313
157789  -19.690  23.158  -31.012 0.7142857313
116870  -20.538  21.768  -28.486 0.4285714328
119764  -20.107  24.815  -28.556 0.4285714328
119744  -20.296  24.854  -26.546 0.2857142985
88990  -25.775  -2.252  -23.702 0.4285714328
90189  -25.716  -1.410  -24.097 0.4285714328
118779  -20.018  23.823  -27.976 0.2857142985
119753  -20.252  25.134  -27.521 0.2857142985
80442  -23.476  -9.659  -19.476 0.4285714328
81666  -24.806  -9.343  -18.908 0.4285714328
81692  -23.390  -9.007  -20.386 0.2857142985
80458  -23.181  -9.480  -20.050 0.2857142985
81668  -26.386  -8.750  -18.820 0.4285714328
81679  -25.619  -8.403  -19.425 0.4285714328
82921  -23.803  -8.054  -21.083 0.2857142985
82923  -25.417  -7.164  -20.601 0.4285714328
84162  -24.966  -6.332  -21.906 0.2857142985
84173  -24.933  -5.796  -22.540 0.4285714328
85309  -24.999  -5.117  -22.940 0.4285714328
86444  -25.313  -3.907  -23.535 0.2857142985
88991  -26.378  -2.549  -23.285 0.5714285970
91380  -26.952  -0.166  -23.280 0.5714285970
94946  -29.051  2.110  -22.092 0.5714285970
93782  -26.915  1.476  -23.837 0.7142857313
91378  -26.130  -0.580  -24.279 0.7142857313
97362  -26.684  4.944  -25.405 0.8571428657
103271  -26.874  9.642  -24.871 0.8571428657
104460  -25.559  10.132  -25.857 0.8571428657
105628  -25.851  11.152  -25.415 0.8571428657
100996  -25.890  8.083  -26.151 0.8571428657
105627  -25.009  10.981  -25.905 1.0000000000
114882  -19.821  19.417  -32.114 0.8571428657
116877  -20.352  21.790  -29.937 0.5714285970
117849  -20.306  22.600  -27.863 0.4285714328
117857  -20.054  23.191  -28.324 0.4285714328
118799  -19.723  23.937  -30.433 0.4285714328
119734  -19.728  23.926  -25.942 0.2857142985
119736  -20.834  24.872  -25.218 0.2857142985
120724  -21.126  25.205  -24.144 0.1428571492
84147  -24.495  -7.081  -21.319 0.2857142985
122900  -18.493  28.016  -29.613 0.2857142985
123874  -18.478  29.090  -28.320 0.1428571492
121839  -18.775  26.822  -30.058 0.2857142985
121848  -18.679  27.484  -30.371 0.2857142985
122889  -18.718  28.004  -28.397 0.1428571492
123854  -19.188  29.038  -26.625 0.1428571492
120767  -19.633  26.235  -28.011 0.1428571492
120781  -19.867  25.996  -29.372 0.2857142985
120752  -19.492  26.685  -27.184 0.1428571492
121863  -18.143  26.423  -32.079 0.2857142985
121850  -19.042  26.366  -31.272 0.2857142985
120873  -19.775  23.743  -35.990 0.2857142985
119833  -19.544  25.270  -33.026 0.2857142985
122866  -19.943  28.029  -26.371 0.1428571492
119798  -18.901  24.920  -31.370 0.2857142985
157772  -18.655  22.377  -33.904 0.2857142985
120816  -17.981  25.916  -32.388 0.2857142985
120792  -19.347  25.897  -30.973 0.2857142985
157792  -20.562  20.730  -35.256 0.1428571492
157793  -18.984  23.249  -34.249 0.2857142985
119832  -18.785  25.292  -32.447 0.2857142985
121806  -19.215  27.190  -27.760 0.1428571492
119815  -18.226  24.887  -32.019 0.2857142985
120803  -18.168  25.816  -31.499 0.2857142985
157780  -22.274  22.814  -33.685 0.1428571492
157776  -22.121  21.646  -35.043 0.1428571492
119874  -19.247  21.833  -35.438 0.4285714328
157774  -19.075  22.944  -33.388 0.2857142985
115898  -21.983  20.438  -31.620 0.2857142985
114896  -19.803  19.699  -34.827 0.4285714328
119781  -19.189  24.133  -30.852 0.2857142985
157787  -21.680  22.509  -30.054 0.1428571492
157770  -21.402  20.707  -34.592 0.2857142985
114890  -18.586  19.913  -34.522 0.4285714328
114893  -21.659  19.653  -33.160 0.5714285970
116871  -22.815  21.006  -28.344 0.1428571492
116878  -21.722  21.521  -30.036 0.1428571492
157771  -18.393  21.068  -33.719 0.4285714328
115897  -22.029  19.585  -31.855 0.4285714328
115865  -23.494  20.271  -26.745 0.2857142985
115877  -23.018  20.353  -27.915 0.7142857313
157769  -20.673  18.726  -33.748 0.7142857313
113849  -22.201  18.593  -29.031 0.8571428657
114866  -22.087  19.608  -29.205 0.8571428657
114892  -21.991  19.078  -32.034 0.5714285970
115853  -24.429  20.129  -25.592 0.2857142985
115852  -23.812  19.660  -26.224 0.2857142985
114883  -21.778  19.502  -31.392 0.7142857313
113865  -20.642  18.657  -31.286 0.5714285970
113866  -21.590  18.693  -31.014 0.8571428657
114837  -24.262  18.966  -25.371 0.1428571492
114858  -23.196  19.357  -27.744 0.7142857313
114821  -24.662  19.135  -24.836 0.1428571492
103307  -23.878  9.869  -28.216 0.5714285970
106825  -23.845  12.402  -27.755 0.8571428657
105659  -23.735  11.741  -28.014 0.4285714328
108022  -23.617  13.108  -27.812 0.5714285970
112773  -23.462  17.597  -28.234 0.8571428657
111647  -23.915  16.305  -26.423 0.8571428657
113850  -23.068  18.485  -28.344 0.8571428657
112736  -24.643  17.416  -24.481 0.2857142985
113832  -23.920  18.199  -26.576 0.8571428657
113858  -21.129  19.005  -30.201 0.8571428657
112737  -25.368  17.445  -23.905 0.4285714328
113818  -23.997  18.200  -25.655 0.7142857313
114848  -23.646  19.145  -26.787 0.7142857313
102195  -23.530  8.823  -28.386 0.2857142985
105646  -24.009  11.523  -27.512 0.5714285970
104486  -23.746  10.977  -28.064 0.5714285970
110482  -23.704  15.412  -26.641 0.8571428657
112762  -24.120  17.154  -27.314 0.8571428657
111636  -24.557  16.416  -24.936 0.4285714328
111648  -24.176  16.604  -25.709 0.8571428657
112747  -24.062  17.304  -26.151 0.8571428657
111637  -25.055  16.659  -24.211 0.4285714328
97370  -25.129  4.405  -26.599 0.7142857313
98562  -24.079  5.503  -27.183 0.4285714328
98551  -25.357  5.330  -26.330 0.7142857313
100995  -25.505  7.483  -26.474 0.8571428657
101004  -24.817  7.755  -27.208 0.5714285970
101014  -24.052  8.032  -28.307 0.5714285970
102187  -24.982  8.367  -26.887 0.8571428657
102186  -24.683  8.671  -27.299 0.5714285970
104470  -25.243  9.920  -26.243 0.8571428657
103297  -24.492  9.546  -27.420 0.7142857313
107990  -25.492  13.144  -24.902 0.7142857313
110469  -24.269  15.620  -25.842 0.8571428657
109186  -25.925  14.293  -23.542 0.2857142985
110460  -25.400  14.957  -23.873 0.4285714328
110459  -25.120  15.622  -24.197 0.5714285970
94974  -25.640  2.836  -25.465 0.4285714328
96154  -25.451  3.626  -26.137 0.4285714328
97369  -24.448  4.421  -27.029 0.4285714328
100984  -25.862  6.657  -26.019 0.7142857313
103290  -24.880  9.196  -26.760 0.8571428657
106795  -25.983  12.418  -24.902 0.7142857313
107978  -26.609  13.072  -23.755 0.2857142985
107991  -26.115  12.880  -24.449 0.5714285970
93809  -25.162  1.886  -25.684 0.4285714328
93808  -24.674  1.608  -26.485 0.5714285970
96155  -25.972  3.967  -25.743 0.5714285970
97360  -25.717  4.488  -26.052 0.5714285970
104449  -27.270  10.260  -24.071 0.4285714328
106796  -26.507  12.058  -24.424 0.4285714328
91395  -25.591  -0.615  -24.939 0.5714285970
97330  -28.958  4.510  -22.538 0.4285714328
98505  -28.746  5.373  -22.967 0.4285714328
103259  -28.470  8.889  -23.263 0.4285714328
102138  -27.816  7.728  -23.879 0.4285714328
104434  -27.787  9.658  -23.626 0.4285714328
86414  -27.811  -4.458  -20.754 0.1428571492
100957  -28.430  7.266  -23.392 0.4285714328
102118  -28.978  7.917  -22.909 0.4285714328
87652  -28.246  -3.640  -21.063 0.1428571492
87662  -28.468  -3.084  -21.354 0.1428571492
91348  -29.121  -0.299  -21.303 0.2857142985
96102  -30.599  3.830  -21.038 0.2857142985
98481  -30.698  5.501  -20.918 0.2857142985
97315  -30.047  4.551  -21.654 0.2857142985
99706  -30.436  6.246  -21.406 0.2857142985
98490  -29.761  5.421  -22.057 0.2857142985
96115  -29.507  3.967  -21.991 0.2857142985
100936  -29.694  7.111  -22.361 0.2857142985
99722  -29.485  6.153  -22.476 0.4285714328
86415  -28.805  -4.394  -20.363 0.1428571492
86424  -27.001  -4.472  -21.391 0.1428571492
88967  -29.097  -2.318  -20.967 0.2857142985
90163  -29.164  -1.393  -21.132 0.2857142985
92553  -30.743  0.749  -20.168 0.2857142985
94928  -30.591  2.708  -20.539 0.2857142985
93768  -30.163  2.353  -21.265 0.2857142985
93748  -29.830  0.945  -21.215 0.2857142985
94948  -30.180  3.076  -21.228 0.2857142985
87653  -28.975  -3.133  -20.773 0.1428571492
90165  -30.751  -0.886  -19.834 0.2857142985
88968  -29.697  -2.372  -20.397 0.2857142985
91349  -29.619  -0.378  -20.769 0.2857142985
88976  -28.514  -2.326  -21.487 0.2857142985
91350  -30.284  -0.183  -20.174 0.2857142985
84140  -27.778  -5.911  -19.781 0.1428571492
85291  -28.219  -4.909  -20.285 0.1428571492
80429  -23.766  -9.838  -18.923 0.2857142985
79168  -23.701  -10.326  -18.575 0.2857142985
77939  -22.989  -10.685  -18.794 0.2857142985
82911  -27.571  -6.890  -19.693 0.2857142985
79170  -25.759  -10.389  -18.262 0.1428571492
77917  -23.325  -11.514  -18.389 0.1428571492
90142  -30.429  -1.861  -19.848 0.2857142985
93749  -30.399  1.503  -20.859 0.2857142985
96131  -28.972  3.433  -22.334 0.4285714328
98506  -29.250  5.378  -22.510 0.4285714328
99705  -29.977  6.210  -21.957 0.2857142985
102105  -30.195  7.550  -21.896 0.2857142985
99771  -24.697  6.015  -26.694 0.7142857313
103258  -27.760  8.664  -23.852 0.4285714328
105617  -26.940  10.966  -24.176 0.4285714328
106782  -27.127  11.801  -23.530 0.2857142985
109187  -26.970  13.838  -23.027 0.2857142985
109185  -25.625  14.199  -24.033 0.5714285970
112787  -21.460  18.191  -30.308 0.7142857313
110458  -24.613  15.633  -24.993 0.7142857313
113874  -21.313  18.622  -32.265 0.7142857313
110447  -25.540  15.830  -23.718 0.2857142985
114867  -22.692  19.157  -28.545 0.8571428657
119816  -19.434  23.962  -32.814 0.2857142985
157786  -21.906  21.482  -30.724 0.4285714328
122847  -20.305  27.668  -25.410 0.1428571492
119884  -20.692  21.674  -35.917 0.2857142985
80431  -25.227  -9.750  -18.547 0.1428571492
80441  -22.956  -9.919  -19.748 0.2857142985
81669  -27.370  -8.348  -18.831 0.1428571492
82925  -26.926  -6.867  -20.034 0.2857142985
86416  -29.463  -3.740  -20.231 0.1428571492
87640  -30.083  -3.311  -19.818 0.1428571492
90175  -28.511  -1.488  -21.605 0.2857142985
92552  -30.027  0.499  -20.709 0.2857142985
92568  -29.000  0.272  -21.614 0.2857142985
96103  -30.990  3.583  -20.219 0.2857142985
93767  -29.666  1.674  -21.551 0.2857142985
96166  -24.310  3.739  -27.454 0.2857142985
100924  -30.197  6.853  -21.813 0.2857142985
102119  -29.798  8.272  -22.284 0.2857142985
99763  -25.890  5.837  -25.976 0.5714285970
99780  -23.789  6.223  -27.815 0.4285714328
99781  -24.308  6.729  -27.412 0.5714285970
103306  -23.109  9.683  -28.809 0.2857142985
103242  -29.183  8.971  -22.714 0.2857142985
104485  -23.177  10.627  -28.695 0.2857142985
104435  -28.790  9.996  -22.882 0.1428571492
105602  -27.699  10.856  -23.481 0.4285714328
105618  -27.269  10.690  -23.884 0.4285714328
106783  -27.830  11.833  -22.664 0.1428571492
110483  -24.151  14.965  -26.361 0.8571428657
107979  -27.396  12.802  -22.945 0.1428571492
107977  -25.827  13.640  -24.148 0.5714285970
110448  -25.781  15.464  -23.307 0.2857142985
112748  -24.180  17.361  -25.243 0.7142857313
113804  -25.909  18.434  -23.792 0.2857142985
114822  -25.351  19.250  -24.408 0.1428571492
119765  -20.196  25.288  -28.069 0.2857142985
113803  -24.939  18.355  -24.251 0.4285714328
115884  -22.030  20.445  -29.661 0.5714285970
115866  -24.018  20.755  -26.267 0.1428571492
116872  -23.319  21.257  -27.542 0.1428571492
117859  -22.507  22.382  -28.740 0.1428571492
115890  -21.844  20.379  -30.531 0.5714285970
116880  -22.899  21.657  -28.324 0.1428571492
157778  -21.888  21.606  -33.381 0.2857142985
157788  -21.841  22.032  -31.604 0.1428571492
120882  -20.027  22.961  -36.248 0.2857142985
119875  -20.664  22.561  -36.343 0.2857142985
119885  -21.588  22.093  -36.504 0.1428571492
118869  -22.152  21.906  -36.181 0.1428571492
81659  -27.787  -8.826  -17.994 0.1428571492
85282  -29.232  -5.158  -19.648 0.1428571492
97305  -31.088  4.601  -20.392 0.2857142985
109172  -26.434  14.661  -23.006 0.2857142985
118853  -23.546  22.379  -35.126 0.1428571492
120883  -20.668  23.714  -36.982 0.2857142985
79181  -22.721  -10.303  -19.461 0.2857142985
80430  -24.235  -9.653  -18.861 0.2857142985
81667  -25.448  -9.122  -18.874 0.1428571492
81681  -27.317  -7.727  -19.466 0.1428571492
86413  -27.271  -4.853  -20.762 0.1428571492
86425  -27.630  -3.849  -21.426 0.1428571492
90174  -27.939  -1.572  -22.092 0.4285714328
87661  -27.979  -3.133  -21.905 0.1428571492
91360  -28.531  -0.654  -21.840 0.2857142985
94960  -28.999  2.759  -22.207 0.4285714328
96143  -25.850  3.538  -25.639 0.4285714328
98540  -25.975  5.100  -25.937 0.7142857313
102178  -25.488  8.589  -26.384 0.7142857313
109196  -24.666  14.901  -25.087 0.7142857313
104469  -24.871  10.132  -26.520 0.8571428657
105629  -26.401  11.323  -24.879 0.4285714328
85290  -27.640  -5.297  -20.231 0.1428571492
92551  -29.406  0.301  -21.172 0.2857142985
99721  -29.017  5.991  -22.850 0.4285714328
104476  -24.188  10.520  -27.415 0.5714285970
113848  -21.426  19.009  -29.492 0.8571428657
119799  -18.937  24.228  -31.603 0.2857142985
120782  -20.061  25.609  -28.376 0.2857142985
101005  -25.221  8.069  -26.779 0.8571428657
122888  -18.460  28.562  -28.834 0.1428571492
122901  -18.782  27.432  -29.220 0.2857142985
122878  -19.238  28.119  -27.297 0.1428571492
121824  -19.178  26.940  -28.811 0.2857142985
121849  -18.922  26.852  -31.447 0.2857142985
157794  -19.267  23.431  -35.174 0.2857142985
121785  -19.431  27.369  -26.977 0.1428571492
157775  -19.076  23.275  -33.592 0.2857142985
118868  -21.524  21.403  -35.720 0.1428571492
157782  -22.966  22.378  -34.453 0.1428571492
157781  -22.214  21.734  -35.787 0.1428571492
113879  -20.952  19.582  -34.661 0.4285714328
116879  -22.129  21.341  -29.172 0.1428571492
115876  -22.565  20.420  -28.812 0.4285714328
114857  -22.785  19.779  -28.462 0.7142857313
114876  -21.665  19.948  -30.109 0.7142857313
114836  -24.009  19.058  -26.025 0.5714285970
113819  -24.276  18.267  -24.845 0.4285714328
113842  -23.631  18.330  -27.522 0.8571428657
106824  -23.496  12.706  -28.119 0.4285714328
110468  -23.915  15.785  -26.273 0.8571428657
98550  -24.698  5.117  -26.712 0.4285714328
99772  -25.369  6.379  -26.374 0.7142857313
100994  -24.921  6.892  -26.823 0.7142857313
99791  -24.346  7.536  -27.888 0.5714285970
102196  -24.158  8.844  -27.892 0.5714285970
99790  -23.927  6.997  -28.396 0.4285714328
109197  -25.274  14.343  -24.415 0.5714285970
94983  -25.031  2.665  -26.438 0.5714285970
105601  -27.240  11.190  -23.707 0.4285714328
97314  -29.510  4.770  -22.151 0.2857142985
102139  -28.289  8.097  -23.464 0.4285714328
100935  -29.037  6.785  -22.909 0.4285714328
92550  -29.135  0.094  -21.339 0.2857142985
96116  -30.000  3.652  -21.554 0.2857142985
98491  -30.229  5.454  -21.511 0.2857142985
94947  -29.532  2.879  -21.730 0.2857142985
87654  -29.562  -3.153  -20.322 0.1428571492
90164  -30.059  -1.198  -20.444 0.2857142985
79169  -24.797  -10.405  -18.305 0.1428571492
77918  -24.410  -11.290  -18.028 0.1428571492
79171  -26.334  -10.356  -18.159 0.1428571492
122867  -20.107  27.313  -26.076 0.1428571492
80432  -26.378  -9.742  -18.359 0.1428571492
121765  -20.199  26.661  -25.877 0.1428571492
112785  -21.103  17.992  -29.760 0.5714285970
112778  -21.617  17.487  -28.964 0.4285714328
112786  -21.469  18.142  -30.020 0.5714285970
111684  -21.711  16.434  -28.319 0.4285714328
109236  -22.251  14.872  -27.679 0.4285714328
110513  -22.134  15.528  -28.048 0.4285714328
111685  -22.383  16.649  -28.565 0.5714285970
99696  -31.367  6.380  -20.364 0.1428571492
100925  -30.698  7.115  -21.400 0.1428571492
85321  -24.964  -4.518  -23.403 0.2857142985
97304  -30.534  4.784  -21.104 0.1428571492
98473  -33.413  5.282  -18.757 0.1428571492
98483  -31.633  5.700  -19.832 0.1428571492
99686  -33.003  6.021  -18.668 0.1428571492
99697  -31.802  6.525  -19.805 0.1428571492
100903  -33.033  7.169  -19.077 0.1428571492
94914  -31.691  3.244  -19.112 0.1428571492
96079  -32.717  3.892  -18.854 0.1428571492
97295  -32.155  4.772  -19.384 0.1428571492
98460  -34.811  5.647  -18.572 0.1428571492
97296  -32.897  4.942  -18.901 0.1428571492
100906  -36.228  6.855  -20.165 0.1428571492
99688  -35.683  6.404  -19.210 0.1428571492
100916  -35.963  7.493  -20.213 0.1428571492
85308  -24.362  -5.690  -23.099 0.2857142985
85319  -23.553  -5.639  -23.627 0.2857142985
91352  -31.674  0.225  -19.174 0.1428571492
92555  -32.092  0.981  -18.655 0.1428571492
93750  -31.104  1.774  -19.973 0.1428571492
94929  -31.242  2.849  -19.555 0.1428571492
96080  -33.520  3.756  -18.539 0.1428571492
94915  -32.299  2.836  -18.717 0.1428571492
97282  -33.971  4.780  -18.482 0.1428571492
98461  -35.450  5.193  -18.703 0.1428571492
98484  -36.636  5.096  -20.081 0.1428571492
99698  -36.607  6.175  -20.517 0.1428571492
99689  -36.218  6.196  -19.761 0.1428571492
84172  -24.270  -6.288  -22.526 0.2857142985
84171  -23.259  -6.718  -22.723 0.2857142985
84160  -23.631  -7.096  -22.131 0.2857142985
90166  -31.451  -0.560  -19.363 0.1428571492
91353  -32.066  0.192  -18.815 0.1428571492
93752  -32.207  1.615  -18.695 0.1428571492
94899  -33.763  2.612  -18.503 0.1428571492
93733  -32.280  2.214  -18.726 0.1428571492
96082  -35.468  3.583  -18.306 0.1428571492
98475  -36.001  5.366  -19.197 0.1428571492
97284  -35.834  4.429  -18.706 0.1428571492
99707  -36.817  6.309  -21.384 0.1428571492
90144  -31.817  -0.951  -18.692 0.1428571492
92529  -33.149  0.391  -18.006 0.1428571492
91307  -32.956  -0.405  -17.747 0.1428571492
93719  -35.478  1.791  -18.141 0.1428571492
92528  -33.041  0.981  -18.307 0.1428571492
94900  -34.953  2.647  -18.258 0.1428571492
93717  -33.654  1.671  -18.297 0.1428571492
94901  -35.947  2.599  -18.284 0.1428571492
97316  -37.051  4.229  -20.868 0.1428571492
96095  -37.104  3.161  -19.371 0.1428571492
98492  -36.834  5.279  -21.158 0.1428571492
90122  -32.114  -1.709  -18.047 0.1428571492
88954  -30.265  -2.559  -19.865 0.1428571492
90126  -34.763  -0.815  -17.388 0.1428571492
90105  -33.603  -0.889  -17.436 0.1428571492
92508  -31.870  -1.124  -18.311 0.1428571492
92512  -34.396  0.254  -17.388 0.1428571492
91308  -33.626  -0.169  -17.512 0.1428571492
90145  -32.130  -0.182  -18.680 0.1428571492
93721  -37.031  1.129  -18.739 0.1428571492
92513  -36.218  0.772  -18.015 0.1428571492
93735  -36.948  1.769  -18.856 0.1428571492
96096  -37.249  2.562  -19.521 0.1428571492
97307  -36.984  4.014  -19.975 0.1428571492
94902  -36.713  2.482  -18.725 0.1428571492
90107  -35.517  -1.211  -17.295 0.1428571492
88942  -34.135  -1.743  -17.051 0.1428571492
90123  -32.893  -1.497  -17.562 0.1428571492
91299  -36.900  -0.397  -17.749 0.1428571492
90108  -36.663  -1.246  -17.335 0.1428571492
92514  -36.850  0.478  -18.254 0.1428571492
92501  -36.400  0.243  -17.723 0.1428571492
96105  -37.355  2.677  -19.834 0.1428571492
93736  -37.247  1.389  -19.422 0.1428571492
91297  -35.101  -0.117  -17.133 0.1428571492
91327  -32.543  0.075  -18.322 0.1428571492
93705  -34.786  1.179  -17.880 0.1428571492
98507  -36.756  5.468  -22.058 0.1428571492
99723  -36.679  6.392  -22.283 0.1428571492
98459  -34.095  5.801  -18.492 0.1428571492
100912  -31.524  7.212  -20.449 0.1428571492
96104  -37.385  3.162  -20.399 0.1428571492
98516  -36.315  5.532  -22.715 0.1428571492
100937  -36.652  7.356  -22.546 0.1428571492
109237  -22.768  14.415  -27.703 0.4285714328
100926  -36.739  7.257  -21.653 0.1428571492
100917  -36.429  7.187  -20.789 0.1428571492
100892  -34.792  7.373  -19.010 0.1428571492
102098  -35.915  8.177  -20.606 0.1428571492
102093  -31.148  7.585  -21.068 0.1428571492
113857  -21.004  18.543  -30.315 0.4285714328
120884  -22.046  24.513  -37.169 0.1428571492
112795  -21.000  18.117  -30.739 0.4285714328
120874  -21.059  25.347  -36.306 0.1428571492
98482  -31.192  5.592  -20.379 0.1428571492
91351  -31.017  0.046  -19.654 0.1428571492
90143  -31.114  -1.495  -19.296 0.1428571492
88955  -30.768  -2.641  -19.268 0.1428571492
100911  -31.176  6.912  -20.873 0.1428571492
98472  -32.642  5.594  -19.059 0.1428571492
99685  -32.382  6.427  -19.308 0.1428571492
97297  -33.352  4.897  -18.693 0.1428571492
97306  -31.463  5.056  -19.902 0.1428571492
99674  -34.433  6.638  -18.701 0.1428571492
100913  -32.192  7.461  -19.822 0.1428571492
100914  -32.952  8.156  -19.603 0.1428571492
94930  -31.705  2.724  -19.009 0.1428571492
96094  -32.077  3.735  -19.138 0.1428571492
96093  -31.552  3.906  -19.668 0.1428571492
97280  -32.744  4.523  -18.956 0.1428571492
99675  -35.112  6.545  -18.857 0.1428571492
97281  -33.191  4.471  -18.698 0.1428571492
100905  -35.770  7.146  -19.662 0.1428571492
92554  -31.341  0.956  -19.365 0.1428571492
93751  -31.856  1.973  -18.993 0.1428571492
94898  -33.072  3.130  -18.700 0.1428571492
96081  -34.448  3.666  -18.284 0.1428571492
94916  -32.978  2.606  -18.646 0.1428571492
97283  -35.032  4.584  -18.345 0.1428571492
97298  -36.502  4.268  -19.309 0.1428571492
92510  -33.326  1.339  -18.322 0.1428571492
96083  -36.345  3.456  -18.681 0.1428571492
90121  -31.401  -2.068  -18.611 0.1428571492
91309  -34.388  -0.360  -17.278 0.1428571492
91294  -32.970  -0.913  -17.614 0.1428571492
93718  -34.536  1.632  -18.124 0.1428571492
93720  -36.405  1.531  -18.333 0.1428571492
93706  -35.195  1.190  -17.880 0.1428571492
92511  -33.896  0.908  -17.984 0.1428571492
92499  -34.845  0.785  -17.606 0.1428571492
94917  -37.102  2.259  -19.258 0.1428571492
94932  -37.348  2.336  -20.262 0.1428571492
92500  -35.693  0.556  -17.618 0.1428571492
91298  -36.095  -0.341  -17.344 0.1428571492
76682  -21.174  -12.103  -19.074 0.1428571492
77938  -22.340  -11.314  -18.954 0.1428571492
77936  -20.598  -11.738  -19.594 0.1428571492
77937  -21.443  -11.347  -19.462 0.1428571492
79180  -21.998  -10.691  -19.610 0.1428571492
80457  -22.640  -9.725  -20.257 0.1428571492
81691  -22.798  -9.221  -20.615 0.1428571492
81706  -22.353  -8.892  -21.171 0.1428571492
82939  -21.892  -8.132  -22.145 0.1428571492
81707  -23.163  -8.330  -21.308 0.1428571492
82941  -23.461  -7.534  -21.839 0.1428571492
80471  -21.430  -9.408  -21.200 0.1428571492
82940  -22.731  -8.016  -21.918 0.1428571492
82950  -22.983  -7.474  -22.283 0.1428571492
82948  -21.500  -7.374  -22.588 0.1428571492
84170  -22.035  -6.788  -23.009 0.1428571492
84181  -22.946  -5.993  -23.437 0.1428571492
85320  -24.408  -4.976  -23.741 0.1428571492
86443  -24.675  -4.176  -23.893 0.1428571492
85330  -23.095  -5.041  -24.334 0.2857142985
87693  -25.181  -3.051  -24.187 0.2857142985
92624  -25.180  0.631  -25.474 0.4285714328
108021  -23.150  13.339  -28.110 0.2857142985
109254  -22.564  13.645  -28.130 0.2857142985
111676  -21.173  16.469  -27.971 0.2857142985
112772  -21.307  17.122  -28.406 0.2857142985
112777  -20.954  17.622  -28.943 0.2857142985
85307  -23.869  -6.100  -23.008 0.1428571492
86442  -22.528  -4.730  -24.481 0.1428571492
85331  -23.724  -4.826  -24.398 0.2857142985
87676  -24.989  -3.516  -24.048 0.1428571492
80456  -21.683  -9.944  -20.674 0.1428571492
81705  -21.123  -8.626  -21.828 0.1428571492
84179  -21.626  -6.103  -23.255 0.1428571492
84180  -22.346  -6.114  -23.394 0.1428571492
85318  -22.571  -5.404  -23.922 0.1428571492
86457  -23.010  -4.312  -24.913 0.2857142985
86459  -24.410  -3.749  -24.463 0.2857142985
86458  -23.805  -4.030  -24.796 0.2857142985
87690  -23.337  -3.524  -25.305 0.2857142985
89007  -25.195  -2.411  -24.269 0.2857142985
90208  -25.008  -1.573  -24.936 0.4285714328
91416  -24.688  -0.712  -25.516 0.4285714328
92623  -24.187  0.445  -26.182 0.2857142985
105658  -23.364  11.589  -28.330 0.2857142985
106837  -22.502  12.402  -28.536 0.2857142985
108032  -22.202  13.228  -28.419 0.2857142985
109253  -21.970  14.300  -27.912 0.2857142985
110512  -21.436  15.411  -27.899 0.2857142985
110511  -20.838  15.038  -27.722 0.2857142985
87692  -24.740  -3.069  -24.528 0.2857142985
106838  -23.108  12.416  -28.370 0.2857142985
108033  -22.743  13.042  -28.451 0.2857142985
105656  -22.215  11.624  -28.695 0.2857142985
108031  -21.502  13.373  -28.320 0.2857142985
109252  -21.168  14.265  -27.939 0.2857142985
79201  -21.884  -10.337  -20.151 0.1428571492
85332  -24.217  -4.390  -24.297 0.1428571492
82949  -22.419  -7.473  -22.506 0.1428571492
79200  -21.180  -10.481  -20.410 0.1428571492
80472  -22.022  -9.494  -20.823 0.1428571492
81716  -21.113  -7.931  -22.301 0.1428571492
110499  -20.904  15.837  -27.775 0.2857142985
90207  -24.508  -1.844  -25.218 0.4285714328
108030  -20.770  13.403  -28.198 0.2857142985
96167  -24.833  3.500  -26.961 0.2857142985
123912  -20.843  29.562  -35.198 0.1428571492
122939  -20.899  27.782  -35.016 0.1428571492
121904  -20.028  27.110  -34.098 0.1428571492
120828  -19.861  26.064  -33.367 0.1428571492
120861  -19.698  24.889  -34.604 0.1428571492
124902  -21.241  29.330  -33.914 0.1428571492
121881  -18.332  27.377  -32.888 0.1428571492
125834  -18.780  30.028  -31.023 0.1428571492
94982  -24.691  2.389  -27.068 0.2857142985
94994  -24.515  2.905  -27.596 0.2857142985
121905  -21.174  26.896  -33.958 0.1428571492
120846  -20.585  26.150  -34.190 0.1428571492
120862  -20.967  26.021  -35.049 0.1428571492
157848  -17.937  28.924  -33.676 0.1428571492
157845  -18.874  29.311  -31.013 0.1428571492
157844  -18.116  28.627  -33.090 0.1428571492
122910  -18.791  28.411  -30.795 0.1428571492
123881  -18.311  29.107  -29.846 0.1428571492
157842  -18.912  27.802  -31.876 0.1428571492
120827  -18.754  26.131  -32.944 0.1428571492
122938  -19.718  28.130  -34.965 0.1428571492
124911  -20.062  30.189  -34.305 0.1428571492
121882  -19.034  26.875  -33.471 0.1428571492
121903  -18.767  27.639  -34.104 0.1428571492
157843  -19.967  29.041  -32.288 0.1428571492
121902  -17.994  27.963  -33.959 0.1428571492
120847  -21.164  26.421  -34.516 0.1428571492
105655  -21.530  11.631  -28.621 0.1428571492
106836  -21.846  12.477  -28.599 0.1428571492
109251  -20.554  14.187  -27.800 0.1428571492
109235  -19.355  14.252  -27.028 0.1428571492
105657  -22.831  11.588  -28.576 0.1428571492
110481  -18.916  15.226  -26.969 0.1428571492
111674  -19.993  16.437  -27.271 0.1428571492
111663  -19.222  16.289  -26.787 0.2857142985
98561  -23.369  5.500  -27.763 0.1428571492
103305  -22.394  9.536  -28.914 0.1428571492
103315  -22.955  10.200  -28.937 0.1428571492
104483  -21.960  10.762  -28.929 0.1428571492
111623  -25.672  16.393  -23.649 0.1428571492
106835  -21.110  12.529  -28.495 0.1428571492
112771  -20.775  17.364  -28.171 0.1428571492
112770  -20.248  17.406  -27.503 0.2857142985
113840  -20.312  18.326  -28.309 0.2857142985
115875  -20.446  20.879  -27.838 0.2857142985
116859  -20.647  21.795  -27.331 0.2857142985
120768  -20.088  25.645  -27.770 0.1428571492
118737  -20.564  23.212  -24.260 0.1428571492
113847  -20.721  18.442  -29.305 0.2857142985
114864  -20.673  19.040  -29.261 0.2857142985
115888  -20.266  20.086  -29.150 0.2857142985
115882  -20.152  20.063  -28.302 0.2857142985
115883  -20.445  20.815  -28.946 0.2857142985
115874  -20.228  20.030  -27.189 0.2857142985
117848  -19.905  23.213  -27.439 0.1428571492
115851  -20.952  20.727  -25.760 0.2857142985
120742  -20.608  25.502  -25.536 0.1428571492
114847  -19.585  19.241  -26.397 0.1428571492
112761  -19.572  17.323  -26.839 0.2857142985
115864  -20.658  20.857  -26.773 0.2857142985
117834  -20.253  22.780  -26.715 0.1428571492
116845  -20.970  21.780  -26.261 0.2857142985
117819  -20.624  22.613  -25.600 0.1428571492
111662  -18.232  16.158  -26.117 0.2857142985
115835  -20.818  20.422  -24.608 0.1428571492
117803  -20.708  22.714  -23.578 0.1428571492
116833  -21.041  21.608  -25.041 0.1428571492
110464  -17.075  14.923  -24.921 0.1428571492
102194  -22.770  8.732  -28.688 0.1428571492
103313  -22.213  10.116  -29.084 0.1428571492
112724  -26.223  17.356  -23.420 0.1428571492
105645  -20.150  11.664  -27.878 0.1428571492
106834  -20.374  12.545  -28.172 0.1428571492
108020  -19.533  13.485  -27.425 0.1428571492
110510  -20.418  14.861  -27.474 0.1428571492
111675  -20.627  16.553  -27.648 0.1428571492
113831  -19.889  18.298  -27.119 0.1428571492
114856  -20.037  19.212  -27.700 0.2857142985
118766  -19.797  23.373  -26.527 0.1428571492
118748  -20.502  23.397  -25.045 0.1428571492
111624  -26.581  16.363  -22.838 0.1428571492
115889  -20.487  20.460  -29.973 0.2857142985
118756  -19.660  23.717  -26.311 0.1428571492
119723  -20.584  23.960  -24.907 0.1428571492
118757  -19.965  23.396  -25.880 0.1428571492
120743  -20.871  25.178  -25.247 0.1428571492
101013  -23.327  7.847  -28.711 0.1428571492
114874  -20.746  19.414  -30.272 0.2857142985
113841  -20.600  17.881  -28.717 0.1428571492
108029  -20.101  13.417  -27.882 0.1428571492
105654  -20.787  11.653  -28.389 0.1428571492
104482  -21.203  10.756  -28.587 0.1428571492
109250  -20.015  14.226  -27.476 0.1428571492
110497  -19.866  15.279  -27.108 0.1428571492
110498  -20.444  15.681  -27.535 0.1428571492
104491  -22.444  10.431  -28.973 0.1428571492
113846  -20.411  18.765  -28.956 0.2857142985
115863  -20.331  20.084  -26.167 0.1428571492
118738  -20.781  23.677  -23.720 0.1428571492
114863  -20.255  19.317  -28.955 0.2857142985
114873  -20.482  19.808  -29.557 0.2857142985
120731  -20.921  25.872  -24.479 0.1428571492
117811  -20.669  22.551  -24.593 0.1428571492
86455  -21.299  -4.093  -24.642 0.1428571492
87689  -22.434  -3.328  -25.360 0.1428571492
87703  -23.049  -2.920  -25.491 0.1428571492
89002  -20.847  -2.446  -24.531 0.1428571492
90205  -21.214  -1.539  -24.652 0.1428571492
91394  -21.462  -0.899  -24.880 0.1428571492
89017  -22.413  -2.716  -25.314 0.1428571492
91413  -21.988  -0.616  -25.337 0.1428571492
89004  -22.342  -1.900  -24.926 0.1428571492
89019  -23.659  -2.414  -25.416 0.1428571492
91414  -22.872  -0.621  -25.602 0.1428571492
90226  -24.119  -1.547  -25.448 0.1428571492
92622  -23.241  0.161  -26.165 0.1428571492
91415  -23.750  -0.616  -25.665 0.1428571492
91412  -21.358  -0.289  -25.061 0.1428571492
92621  -22.328  0.300  -25.983 0.1428571492
92644  -24.065  1.328  -26.889 0.1428571492
96178  -23.749  3.480  -27.850 0.1428571492
112760  -18.763  17.211  -26.203 0.1428571492
89018  -22.746  -2.275  -25.238 0.1428571492
89006  -24.518  -2.397  -24.928 0.1428571492
86440  -20.839  -4.394  -23.944 0.1428571492
87675  -20.767  -3.432  -24.406 0.1428571492
89003  -21.935  -2.394  -24.945 0.1428571492
115850  -20.481  20.160  -25.407 0.1428571492
97379  -23.796  4.475  -27.374 0.1428571492
87688  -21.481  -3.336  -24.944 0.1428571492
86456  -22.058  -4.165  -24.904 0.1428571492
87704  -23.542  -3.032  -25.413 0.1428571492
90204  -20.346  -1.414  -24.125 0.1428571492
90206  -21.939  -1.457  -24.887 0.1428571492
90224  -22.566  -1.386  -25.131 0.1428571492
90225  -23.308  -1.480  -25.352 0.1428571492
92620  -21.593  0.328  -25.462 0.1428571492
77958  -21.445  -10.754  -19.908 0.1428571492
79202  -22.317  -10.284  -19.888 0.1428571492
80443  -24.022  -9.427  -19.279 0.4285714328
84161  -24.139  -6.964  -21.769 0.2857142985
86403  -29.099  -4.913  -19.872 0.1428571492
87691  -24.073  -3.149  -25.124 0.1428571492
87702  -22.640  -2.824  -25.427 0.1428571492
89005  -24.147  -2.566  -25.272 0.1428571492
89020  -24.215  -2.178  -25.318 0.1428571492
90104  -33.273  -1.067  -17.511 0.1428571492
90106  -33.755  -0.664  -17.397 0.1428571492
90124  -33.565  -1.369  -17.364 0.1428571492
90125  -34.072  -0.922  -17.302 0.1428571492
90146  -32.228  0.090  -18.676 0.1428571492
90167  -31.902  -0.209  -18.995 0.1428571492
90168  -31.977  0.191  -19.158 0.1428571492
90227  -24.602  -1.438  -25.313 0.4285714328
91295  -33.330  -0.671  -17.541 0.1428571492
91296  -33.578  -0.603  -17.470 0.1428571492
91305  -31.997  -1.275  -18.180 0.1428571492
91306  -32.446  -0.951  -17.900 0.1428571492
91325  -31.967  -0.998  -18.391 0.1428571492
91326  -32.183  -0.557  -18.339 0.1428571492
91328  -33.021  0.035  -17.864 0.1428571492
92498  -34.526  1.123  -17.908 0.1428571492
92509  -32.128  -1.177  -17.997 0.1428571492
92526  -32.020  -1.037  -18.146 0.1428571492
92527  -32.193  -0.917  -18.018 0.1428571492
92569  -29.387  0.868  -21.490 0.2857142985
93707  -35.787  1.148  -18.034 0.1428571492
93734  -32.739  1.878  -18.561 0.1428571492
94976  -26.832  2.725  -24.290 0.5714285970
94995  -24.774  2.852  -27.064 0.2857142985
97294  -31.538  4.586  -19.808 0.1428571492
97361  -26.387  4.513  -25.585 0.5714285970
98471  -32.097  5.810  -19.449 0.1428571492
98474  -35.463  5.861  -18.838 0.1428571492
98541  -26.369  5.346  -25.631 0.7142857313
99687  -33.948  6.445  -18.525 0.1428571492
99695  -30.942  6.292  -20.905 0.1428571492
100893  -35.311  7.163  -19.187 0.1428571492
101015  -24.475  8.174  -27.802 0.5714285970
102079  -35.084  7.672  -19.185 0.1428571492
102167  -25.811  8.769  -26.037 0.8571428657
102177  -24.927  8.711  -26.804 0.7142857313
102179  -25.843  8.408  -26.105 0.8571428657
103283  -26.925  9.238  -25.046 0.8571428657
103304  -21.597  9.821  -28.897 0.1428571492
103314  -22.670  10.061  -29.037 0.1428571492
104484  -22.577  10.899  -28.833 0.1428571492
104492  -22.791  10.416  -28.916 0.1428571492
104493  -23.016  10.391  -28.861 0.1428571492
106839  -23.526  12.180  -28.153 0.4285714328
109198  -25.539  14.504  -23.990 0.4285714328
112809  -21.054  18.339  -31.882 0.8571428657
114865  -21.375  19.482  -29.868 0.8571428657
114875  -21.509  19.425  -30.603 0.8571428657
114884  -21.717  19.965  -30.880 0.7142857313
115903  -22.019  19.589  -32.194 0.4285714328
116884  -21.974  20.924  -30.295 0.1428571492
117833  -19.826  23.267  -26.891 0.1428571492
118749  -20.598  23.742  -24.476 0.1428571492
120732  -21.001  25.176  -24.894 0.1428571492
120793  -19.198  26.165  -31.223 0.2857142985
120804  -18.853  26.157  -31.311 0.2857142985
121786  -19.728  26.959  -26.488 0.1428571492
121838  -18.546  27.400  -30.013 0.2857142985
121840  -19.164  26.440  -30.987 0.2857142985
121880  -18.015  28.358  -33.640 0.1428571492
122937  -18.609  28.779  -34.307 0.1428571492
122951  -20.762  28.812  -35.271 0.1428571492
122952  -21.255  28.432  -35.039 0.1428571492
122959  -20.370  29.446  -35.136 0.1428571492
122960  -20.484  29.239  -35.221 0.1428571492
123865  -18.810  29.027  -27.614 0.1428571492
123904  -21.170  29.231  -35.145 0.1428571492
123905  -21.181  28.975  -34.583 0.1428571492
123911  -20.262  29.780  -34.965 0.1428571492
123913  -21.269  29.546  -34.935 0.1428571492
124906  -20.912  30.375  -34.190 0.1428571492
124907  -21.397  29.899  -34.429 0.1428571492
124912  -20.844  30.158  -34.804 0.1428571492
124913  -21.218  29.894  -34.964 0.1428571492
125837  -20.802  29.376  -33.554 0.1428571492
125840  -20.475  29.988  -33.547 0.1428571492
125841  -21.209  30.113  -33.825 0.1428571492
125842  -21.436  29.800  -33.856 0.1428571492
157779  -18.868  22.956  -33.808 0.2857142985
157849  -20.474  28.834  -33.138 0.1428571492
157852  -19.550  29.578  -33.446 0.1428571492
