#!ascii label  , from subject 4126 vox2ras=TkReg
572
78510  27.318  -12.929  -18.899 0.1428571492
77204  26.781  -13.305  -18.646 0.1428571492
78528  27.272  -12.124  -19.663 0.1428571492
78494  28.245  -12.860  -18.159 0.1428571492
78509  28.257  -12.170  -19.221 0.2857142985
78529  26.512  -12.307  -19.383 0.1428571492
80915  27.349  -10.697  -20.409 0.5714285970
79795  28.659  -11.469  -19.315 0.1428571492
81981  29.987  -10.100  -19.212 0.2857142985
80899  30.210  -10.540  -18.980 0.2857142985
81979  31.313  -9.716  -19.013 0.1428571492
81980  30.451  -9.926  -19.124 0.2857142985
85445  31.482  -6.527  -19.670 0.2857142985
84222  31.071  -7.315  -19.487 0.1428571492
84223  30.172  -7.414  -19.816 0.2857142985
87933  32.401  -4.837  -19.728 0.2857142985
86715  31.846  -5.768  -19.761 0.2857142985
89172  32.266  -3.358  -20.490 0.2857142985
89173  31.709  -3.850  -20.580 0.2857142985
91634  32.850  -2.032  -20.987 0.2857142985
94096  32.242  0.544  -22.253 0.8571428657
92943  32.492  -0.326  -22.005 0.4285714328
90372  32.933  -2.525  -20.513 0.2857142985
96378  32.529  2.638  -22.427 0.7142857313
95193  32.918  1.576  -21.444 0.7142857313
95194  32.447  1.247  -21.944 0.7142857313
97590  33.005  3.525  -22.231 0.8571428657
96358  33.030  2.594  -21.832 0.5714285970
95208  32.529  1.965  -21.977 0.7142857313
95209  32.084  1.587  -22.489 0.7142857313
99993  33.055  5.516  -22.421 0.4285714328
98845  32.861  4.484  -22.675 0.7142857313
102115  33.679  7.707  -22.685 0.2857142985
102116  33.021  7.243  -22.942 0.5714285970
103235  33.825  8.832  -22.893 0.1428571492
101049  32.692  6.455  -22.914 0.5714285970
105627  33.291  10.576  -23.562 0.1428571492
103253  33.330  8.684  -23.343 0.1428571492
101062  32.097  6.402  -23.406 0.8571428657
106718  33.302  11.650  -23.558 0.1428571492
105626  33.673  11.113  -23.452 0.1428571492
106719  32.626  11.535  -23.731 0.1428571492
104466  32.878  9.580  -23.602 0.1428571492
104467  32.062  9.535  -23.720 0.4285714328
103254  32.634  8.602  -23.647 0.5714285970
102133  32.448  7.486  -23.445 0.7142857313
107857  32.164  12.423  -23.634 0.1428571492
105628  32.370  10.539  -23.651 0.1428571492
103255  31.781  8.488  -23.668 0.8571428657
102134  31.511  7.408  -23.500 0.8571428657
108910  31.903  12.971  -23.334 0.2857142985
106720  31.823  11.498  -23.595 0.1428571492
104468  31.176  9.493  -23.434 0.8571428657
109903  31.641  14.652  -22.979 0.1428571492
109918  32.360  14.684  -23.193 0.1428571492
107858  31.530  12.443  -23.232 0.4285714328
107841  30.727  12.684  -22.590 0.8571428657
106721  30.949  11.501  -22.890 0.8571428657
105630  30.509  10.460  -23.229 0.8571428657
104469  30.155  9.504  -23.349 0.8571428657
108894  31.449  13.571  -22.939 0.4285714328
106722  29.697  11.269  -22.821 0.8571428657
110902  31.218  15.504  -22.809 0.2857142985
109904  30.781  14.601  -22.677 0.8571428657
108895  30.268  13.710  -22.523 0.8571428657
106704  30.086  12.005  -22.326 0.8571428657
107842  29.529  13.143  -22.122 0.8571428657
111874  31.799  16.402  -22.725 0.2857142985
110903  30.254  15.531  -22.613 0.8571428657
108896  29.161  13.774  -22.492 0.8571428657
106705  29.059  12.076  -22.391 0.8571428657
110904  29.231  15.592  -22.683 0.8571428657
109905  29.702  14.656  -22.592 0.8571428657
155356  28.587  14.719  -22.707 0.7142857313
111876  29.801  16.452  -22.287 0.8571428657
111877  28.811  16.524  -22.606 0.8571428657
112917  29.208  17.339  -21.835 0.8571428657
155357  28.259  15.679  -23.042 0.7142857313
113998  30.442  18.585  -21.707 0.7142857313
112897  29.722  18.180  -21.529 0.8571428657
113978  29.903  18.921  -21.471 0.8571428657
113979  29.234  18.816  -21.477 0.8571428657
116035  29.276  20.432  -22.043 0.7142857313
112898  29.040  18.115  -21.605 0.8571428657
118240  32.356  22.181  -24.862 0.1428571492
115033  29.649  19.576  -21.629 0.8571428657
117144  30.131  20.932  -21.917 0.7142857313
117162  29.630  21.461  -22.271 0.7142857313
115034  28.850  19.507  -21.791 0.8571428657
120140  32.175  23.889  -25.041 0.1428571492
118201  31.082  22.153  -22.538 0.5714285970
119182  30.894  22.920  -22.673 0.5714285970
119199  29.622  23.648  -23.231 0.5714285970
119197  31.653  23.230  -23.373 0.1428571492
120157  31.585  24.313  -26.836 0.1428571492
120119  30.088  24.366  -23.560 0.5714285970
121125  31.536  25.170  -26.181 0.1428571492
121131  31.067  25.862  -27.764 0.1428571492
121101  31.302  24.964  -24.281 0.1428571492
121959  31.079  26.645  -27.318 0.1428571492
120118  31.082  24.476  -23.581 0.5714285970
121954  31.293  26.254  -26.447 0.1428571492
121946  31.212  25.927  -25.500 0.1428571492
121963  30.935  27.221  -27.897 0.1428571492
121947  30.757  26.640  -25.297 0.1428571492
77187  27.165  -13.749  -18.104 0.1428571492
77188  26.655  -14.056  -18.035 0.1428571492
78508  28.888  -11.741  -18.864 0.2857142985
79793  30.616  -11.122  -18.526 0.2857142985
79794  29.475  -11.164  -18.934 0.2857142985
84221  32.065  -7.366  -19.496 0.2857142985
83077  31.689  -8.149  -19.369 0.2857142985
83078  30.741  -8.188  -19.417 0.1428571492
90389  32.268  -2.601  -21.018 0.2857142985
89190  32.003  -3.085  -20.840 0.2857142985
92929  32.949  -0.314  -21.460 0.4285714328
91653  32.526  -1.449  -21.617 0.5714285970
98829  33.476  4.503  -21.834 0.2857142985
94097  31.772  0.563  -22.841 0.7142857313
99978  33.670  5.652  -21.703 0.1428571492
98846  32.278  4.447  -23.240 0.8571428657
107856  32.875  12.526  -23.666 0.1428571492
105629  31.505  10.505  -23.447 0.8571428657
111875  30.855  16.412  -22.367 0.8571428657
116051  30.805  19.848  -21.918 0.8571428657
117161  30.612  21.513  -22.181 0.7142857313
121968  30.222  26.881  -29.190 0.1428571492
79811  28.641  -10.891  -19.571 0.4285714328
81997  29.608  -9.539  -19.478 0.2857142985
80913  28.991  -10.250  -19.512 0.4285714328
80914  28.123  -10.211  -20.218 0.2857142985
81996  30.524  -9.094  -19.294 0.1428571492
85444  32.399  -6.486  -19.595 0.2857142985
86714  32.652  -5.502  -19.645 0.2857142985
86716  31.131  -5.841  -19.982 0.2857142985
86730  31.442  -5.144  -20.136 0.2857142985
91668  32.274  -0.897  -22.250 0.7142857313
105611  33.662  10.104  -23.198 0.1428571492
107855  33.595  12.524  -23.470 0.1428571492
108909  32.418  13.526  -23.307 0.1428571492
108893  32.018  14.090  -22.967 0.2857142985
103256  30.848  8.453  -23.293 0.8571428657
102135  30.474  7.329  -23.442 1.0000000000
110920  32.043  15.530  -23.140 0.1428571492
112915  31.502  17.355  -22.243 0.2857142985
108911  28.155  13.763  -22.815 0.8571428657
115047  31.352  19.148  -22.605 0.5714285970
116050  31.323  20.070  -22.304 0.5714285970
117143  30.853  20.844  -21.936 0.7142857313
118217  31.589  22.220  -22.936 0.4285714328
117175  32.142  21.235  -23.449 0.2857142985
118216  31.946  22.221  -23.415 0.2857142985
119196  32.083  22.675  -23.733 0.1428571492
119209  32.039  23.555  -24.017 0.1428571492
120130  31.808  24.159  -24.194 0.1428571492
121089  29.567  24.881  -24.086 0.2857142985
120150  31.857  24.180  -25.915 0.1428571492
121932  30.573  26.064  -24.802 0.1428571492
121130  31.430  25.428  -27.199 0.1428571492
122778  30.951  27.437  -26.529 0.1428571492
122769  30.413  27.490  -25.550 0.1428571492
114007  31.661  18.271  -22.792 0.4285714328
116065  31.673  19.787  -22.822 0.4285714328
116049  31.745  20.395  -22.753 0.4285714328
117142  31.214  20.621  -22.130 0.5714285970
117160  31.531  21.187  -22.524 0.5714285970
77205  26.240  -13.541  -18.400 0.1428571492
78527  27.732  -11.821  -19.812 0.4285714328
79812  28.083  -11.325  -19.966 0.5714285970
79778  30.218  -11.678  -18.122 0.1428571492
101048  33.226  6.584  -22.348 0.5714285970
102132  33.093  7.912  -23.325 0.5714285970
104448  33.481  9.568  -23.277 0.1428571492
107843  28.566  12.932  -22.193 0.8571428657
112916  30.448  17.444  -21.751 0.8571428657
119218  32.468  23.040  -25.208 0.1428571492
119198  30.599  23.707  -23.050 0.5714285970
119183  30.012  23.026  -22.734 0.5714285970
121136  31.144  25.168  -27.910 0.1428571492
121088  30.422  24.977  -23.953 0.4285714328
121115  31.650  24.870  -25.118 0.1428571492
121960  30.852  26.436  -27.949 0.1428571492
121137  30.596  25.597  -28.316 0.1428571492
121102  30.774  25.416  -24.306 0.1428571492
83076  32.695  -8.368  -19.352 0.1428571492
113997  31.110  18.346  -22.125 0.5714285970
81998  28.659  -9.396  -19.979 0.4285714328
87948  30.623  -4.879  -21.106 0.5714285970
121103  29.994  25.581  -24.291 0.1428571492
86746  29.812  -5.460  -21.674 0.5714285970
85475  29.192  -6.009  -22.067 0.5714285970
85492  27.854  -6.261  -22.659 0.2857142985
87962  30.457  -4.463  -21.784 0.5714285970
86759  28.989  -5.349  -23.014 0.5714285970
85477  27.506  -6.843  -22.145 0.4285714328
87963  29.872  -4.973  -22.220 0.5714285970
86761  27.113  -5.482  -22.703 0.2857142985
86760  28.124  -5.552  -23.279 0.4285714328
89206  31.391  -3.133  -21.892 0.4285714328
89208  30.139  -3.653  -22.704 0.5714285970
87996  29.252  -3.838  -23.196 0.5714285970
89230  28.197  -3.432  -23.693 0.4285714328
90405  30.839  -2.696  -22.769 0.5714285970
90426  30.429  -2.349  -23.282 0.5714285970
89228  29.783  -3.331  -23.194 0.4285714328
90425  31.113  -2.064  -22.887 0.7142857313
91691  30.140  -1.311  -23.956 0.4285714328
91690  31.024  -1.346  -23.328 0.4285714328
86777  28.161  -4.830  -23.588 0.4285714328
87980  27.084  -4.362  -22.854 0.2857142985
89229  29.034  -3.343  -23.594 0.4285714328
92963  31.455  -0.399  -23.081 0.7142857313
94127  30.195  0.515  -24.390 0.4285714328
95225  30.683  1.088  -24.359 0.7142857313
95243  30.115  1.452  -24.645 0.5714285970
96416  30.423  2.233  -24.361 0.7142857313
92944  32.028  -0.327  -22.536 0.5714285970
94109  31.324  0.507  -23.503 0.5714285970
94110  30.792  0.462  -24.035 0.7142857313
96398  30.955  2.497  -23.846 0.7142857313
97629  30.086  3.410  -24.189 0.7142857313
98864  30.400  3.991  -24.016 0.7142857313
97645  29.562  3.561  -24.480 0.7142857313
98883  29.241  4.230  -24.461 0.4285714328
96379  31.948  2.555  -23.029 0.5714285970
96380  31.481  2.153  -23.499 0.5714285970
97627  31.289  3.486  -23.569 0.5714285970
98863  30.922  4.207  -23.766 0.7142857313
100008  30.262  4.804  -23.972 0.7142857313
101064  30.105  6.046  -23.702 0.7142857313
100026  29.622  4.729  -24.256 0.7142857313
100027  29.030  5.132  -24.555 0.5714285970
101065  28.831  6.222  -24.280 0.5714285970
99994  32.483  5.435  -23.042 0.7142857313
98862  31.625  4.369  -23.559 0.5714285970
100007  31.055  5.171  -23.678 0.7142857313
102136  29.243  7.328  -23.561 0.7142857313
102137  28.314  7.505  -24.334 0.5714285970
100006  31.875  5.350  -23.516 0.5714285970
103258  28.595  8.701  -23.919 0.7142857313
103272  27.921  8.574  -24.856 0.5714285970
104482  28.059  9.585  -24.696 0.2857142985
103257  29.705  8.487  -23.247 0.7142857313
106734  27.955  11.039  -24.118 0.7142857313
104470  29.176  9.585  -23.672 0.8571428657
106723  28.217  11.642  -23.429 0.8571428657
105643  27.970  10.488  -24.472 0.5714285970
106735  27.245  11.627  -24.773 0.7142857313
105631  29.387  10.485  -23.389 0.8571428657
107859  28.000  12.808  -23.039 0.8571428657
106706  28.432  12.334  -22.723 0.8571428657
107860  27.383  12.758  -23.787 0.7142857313
111892  28.020  16.569  -23.183 0.7142857313
112918  28.306  17.529  -22.557 0.5714285970
112933  27.703  17.181  -23.331 0.7142857313
113980  28.551  18.535  -21.963 0.7142857313
115049  28.300  19.423  -22.395 0.8571428657
115050  27.838  19.386  -23.126 0.7142857313
114000  27.533  18.503  -23.558 0.7142857313
116067  27.564  20.436  -24.108 0.7142857313
116053  28.315  20.494  -22.926 0.7142857313
116066  28.098  20.975  -23.707 0.7142857313
116077  26.812  20.380  -25.074 0.5714285970
117178  27.877  21.493  -24.169 0.4285714328
117189  27.277  21.334  -24.874 0.5714285970
117163  28.854  21.562  -22.742 0.5714285970
118218  28.160  22.387  -23.916 0.5714285970
118219  27.544  22.317  -24.712 0.5714285970
118230  26.936  22.148  -25.213 0.5714285970
117190  26.417  21.358  -25.248 0.4285714328
116078  25.771  20.287  -25.358 0.5714285970
118231  26.215  22.463  -25.391 0.5714285970
117192  24.906  20.981  -24.616 0.4285714328
115073  24.677  19.358  -25.173 0.4285714328
117191  25.430  21.538  -24.921 0.5714285970
118221  24.673  21.939  -23.102 0.4285714328
94083  33.143  0.590  -21.093 0.2857142985
117179  25.077  22.173  -24.432 0.2857142985
117180  24.779  21.430  -23.930 0.4285714328
117165  24.524  21.263  -22.751 0.2857142985
85462  29.492  -6.499  -20.955 0.5714285970
84246  28.555  -7.524  -21.291 0.5714285970
87961  31.099  -4.018  -21.389 0.2857142985
85476  28.524  -6.741  -21.864 0.5714285970
89191  31.596  -3.380  -21.128 0.2857142985
89207  30.794  -3.446  -22.369 0.5714285970
85493  27.224  -6.283  -22.491 0.2857142985
87998  27.889  -4.217  -23.470 0.4285714328
90427  29.559  -2.469  -23.760 0.4285714328
89209  26.466  -3.469  -22.472 0.2857142985
89231  27.320  -3.546  -23.320 0.2857142985
92985  30.298  -0.269  -24.139 0.5714285970
95169  33.485  1.502  -20.759 0.2857142985
94129  28.429  0.504  -24.707 0.2857142985
96417  29.782  2.648  -24.798 0.7142857313
104471  28.533  9.783  -24.182 0.7142857313
155355  27.412  14.783  -23.369 0.7142857313
116054  27.683  19.954  -23.446 0.7142857313
116079  25.021  20.518  -25.027 0.2857142985
116052  28.989  21.004  -22.450 0.5714285970
117177  28.364  21.547  -23.446 0.5714285970
118203  29.433  22.310  -22.644 0.5714285970
118204  28.738  22.376  -23.164 0.5714285970
91693  28.654  -1.943  -24.309 0.4285714328
87947  31.161  -4.424  -20.825 0.2857142985
97609  32.487  3.530  -22.884 0.7142857313
95210  31.652  1.460  -23.235 0.5714285970
101063  31.233  6.281  -23.550 0.7142857313
116036  28.624  20.002  -22.209 0.8571428657
91669  31.761  -1.386  -22.568 0.5714285970
108912  27.522  13.575  -23.480 0.7142857313
86745  30.298  -5.190  -21.231 0.5714285970
86758  29.462  -5.372  -22.445 0.5714285970
85491  28.646  -6.000  -22.642 0.5714285970
87976  30.224  -3.991  -22.395 0.5714285970
87977  29.607  -4.432  -22.793 0.5714285970
87997  28.693  -4.254  -23.342 0.4285714328
84247  27.954  -7.485  -21.664 0.5714285970
87999  27.491  -4.258  -23.231 0.4285714328
89227  30.398  -3.101  -22.868 0.5714285970
90429  27.693  -2.477  -23.893 0.4285714328
91712  29.918  -0.685  -24.227 0.4285714328
92964  30.858  -0.397  -23.693 0.5714285970
94128  29.420  0.580  -24.602 0.4285714328
92986  29.726  -0.193  -24.424 0.4285714328
95224  31.198  1.402  -23.931 0.7142857313
95242  30.726  1.739  -24.274 0.7142857313
95244  29.108  1.479  -25.181 0.2857142985
96397  31.534  2.852  -23.432 0.7142857313
97628  30.650  3.397  -23.832 0.7142857313
98882  29.888  4.123  -24.229 0.7142857313
97610  31.925  3.543  -23.338 0.5714285970
100009  29.566  5.366  -24.096 0.7142857313
101066  28.233  6.843  -24.781 0.2857142985
104483  27.648  9.495  -25.474 0.2857142985
105632  28.555  10.507  -23.898 0.8571428657
113999  27.964  18.533  -22.738 0.7142857313
90430  26.691  -2.399  -23.171 0.1428571492
90444  27.868  -1.703  -24.160 0.4285714328
80916  26.572  -10.868  -20.351 0.4285714328
87932  32.989  -4.471  -19.752 0.1428571492
87945  32.617  -3.886  -20.072 0.1428571492
91652  33.132  -0.888  -21.182 0.1428571492
89171  33.218  -3.374  -19.991 0.1428571492
89154  33.562  -3.956  -19.743 0.1428571492
91632  33.903  -0.892  -20.081 0.1428571492
89170  33.744  -2.984  -19.855 0.1428571492
92928  33.413  -0.309  -20.903 0.1428571492
96333  33.548  2.457  -21.193 0.2857142985
97570  33.485  3.405  -21.556 0.1428571492
123665  30.004  28.315  -25.858 0.1428571492
123666  29.304  28.866  -25.796 0.1428571492
122752  30.211  26.774  -24.971 0.1428571492
110921  27.538  15.901  -23.644 0.4285714328
111893  27.413  16.587  -23.800 0.4285714328
121106  26.671  25.931  -24.966 0.2857142985
120131  27.081  24.523  -25.577 0.2857142985
119201  27.916  23.239  -24.483 0.2857142985
120122  27.681  24.143  -24.820 0.2857142985
155389  26.137  16.097  -25.878 0.1428571492
112934  27.252  17.423  -24.032 0.5714285970
119221  25.788  24.440  -26.162 0.2857142985
119200  28.714  23.283  -23.658 0.4285714328
112939  26.677  17.524  -24.987 0.4285714328
114014  26.556  18.603  -25.026 0.5714285970
119220  26.505  24.124  -26.037 0.2857142985
112940  26.234  18.035  -25.239 0.4285714328
114015  26.060  18.638  -25.560 0.2857142985
118232  25.558  22.973  -24.802 0.1428571492
119211  26.045  23.561  -25.711 0.1428571492
114021  25.378  18.660  -25.463 0.1428571492
116091  25.411  19.695  -25.482 0.4285714328
118220  24.891  22.676  -23.761 0.1428571492
119202  25.053  23.958  -24.301 0.1428571492
120132  25.125  24.962  -24.796 0.1428571492
114022  24.825  18.721  -25.266 0.2857142985
117146  25.144  21.425  -21.477 0.1428571492
118205  25.024  22.373  -22.436 0.1428571492
119172  25.332  23.439  -21.884 0.1428571492
119185  24.968  23.716  -23.035 0.1428571492
80934  26.647  -10.153  -20.613 0.4285714328
83096  25.912  -8.667  -20.839 0.2857142985
86713  33.607  -5.418  -19.556 0.1428571492
90357  34.104  -2.179  -19.924 0.1428571492
94063  33.663  0.552  -20.527 0.1428571492
118202  30.283  22.252  -22.460 0.4285714328
120121  28.337  24.015  -24.218 0.2857142985
120142  25.641  25.242  -26.114 0.2857142985
121105  27.659  25.278  -24.603 0.2857142985
83097  25.304  -9.037  -20.396 0.2857142985
81994  32.065  -8.731  -19.323 0.1428571492
81995  31.457  -8.890  -19.242 0.1428571492
85443  33.308  -6.379  -19.519 0.1428571492
112951  25.631  17.894  -25.290 0.1428571492
108923  26.930  13.842  -24.533 0.4285714328
111911  26.260  16.784  -25.500 0.2857142985
115064  27.008  19.453  -24.689 0.5714285970
121117  26.128  25.568  -25.610 0.2857142985
121116  26.776  25.258  -25.447 0.2857142985
121090  28.642  24.718  -24.290 0.2857142985
121935  27.470  26.672  -24.734 0.2857142985
122754  28.318  27.517  -24.857 0.1428571492
122753  29.443  27.275  -24.888 0.1428571492
120124  25.239  25.128  -23.589 0.2857142985
121118  25.633  25.575  -25.593 0.2857142985
121933  29.639  26.285  -24.604 0.1428571492
98814  33.690  3.971  -21.289 0.2857142985
120120  29.190  24.139  -23.882 0.4285714328
121104  29.002  25.534  -24.361 0.2857142985
80933  27.320  -9.920  -20.648 0.4285714328
119184  29.274  22.968  -23.017 0.4285714328
112919  27.687  17.827  -23.199 0.5714285970
115058  27.421  19.375  -23.876 0.5714285970
118206  24.697  21.802  -22.621 0.2857142985
114008  27.088  18.479  -24.389 0.5714285970
115065  26.394  19.461  -25.367 0.5714285970
119210  27.076  23.289  -25.448 0.2857142985
91633  33.441  -1.418  -20.572 0.1428571492
89153  34.132  -3.473  -19.688 0.1428571492
92911  33.857  -0.335  -20.345 0.1428571492
111901  27.021  15.844  -25.007 0.2857142985
119212  25.339  24.241  -25.444 0.1428571492
112950  26.136  17.487  -25.351 0.2857142985
115071  25.698  19.352  -25.623 0.4285714328
82017  25.467  -9.627  -20.377 0.2857142985
94062  34.184  0.493  -19.996 0.1428571492
121934  28.575  26.446  -24.519 0.2857142985
101085  28.626  5.698  -24.806 0.4285714328
121093  25.455  26.278  -23.650 0.1428571492
121107  25.670  26.035  -24.821 0.1428571492
121923  25.330  27.194  -24.175 0.1428571492
120101  25.640  24.169  -21.300 0.1428571492
121922  25.523  27.214  -23.237 0.1428571492
120107  25.618  25.509  -22.569 0.1428571492
120100  25.827  25.134  -21.553 0.1428571492
120123  25.555  25.802  -23.181 0.1428571492
121077  25.927  26.162  -21.918 0.1428571492
122743  25.566  28.116  -23.682 0.1428571492
121092  25.632  26.350  -22.809 0.1428571492
121899  26.344  27.008  -21.445 0.1428571492
121913  25.797  27.189  -22.305 0.1428571492
102154  27.738  7.508  -25.319 0.2857142985
122722  26.518  28.005  -22.096 0.1428571492
122744  25.303  28.201  -24.501 0.1428571492
91654  31.841  -1.929  -22.032 0.2857142985
121936  26.519  26.992  -24.968 0.1428571492
121937  25.716  27.457  -24.917 0.1428571492
121067  26.660  25.774  -21.016 0.1428571492
90390  31.825  -2.489  -21.671 0.4285714328
83092  29.175  -7.896  -20.402 0.2857142985
85447  29.836  -6.901  -20.204 0.2857142985
84233  29.504  -7.400  -20.288 0.1428571492
83080  29.058  -8.873  -19.899 0.2857142985
86731  30.636  -5.447  -20.607 0.2857142985
83093  28.619  -8.376  -20.714 0.4285714328
85446  30.433  -6.447  -20.069 0.1428571492
83079  29.638  -8.333  -19.846 0.1428571492
85461  30.114  -6.006  -20.627 0.2857142985
85463  28.897  -7.067  -21.240 0.4285714328
84234  29.040  -7.473  -20.827 0.2857142985
82014  27.385  -9.257  -20.902 0.2857142985
82015  26.661  -9.360  -20.844 0.2857142985
83094  27.702  -8.668  -21.149 0.2857142985
83095  26.815  -8.419  -21.154 0.2857142985
83114  27.819  -8.072  -21.358 0.2857142985
91692  29.189  -1.789  -24.235 0.2857142985
91713  29.405  -0.944  -24.296 0.2857142985
92987  28.870  -0.331  -24.525 0.2857142985
96418  28.889  2.546  -25.422 0.1428571492
97662  28.504  3.031  -25.341 0.1428571492
97646  28.846  3.465  -24.898 0.2857142985
100028  28.494  5.251  -25.137 0.1428571492
103283  27.212  8.571  -26.311 0.1428571492
105656  27.214  10.249  -25.985 0.1428571492
106745  27.023  11.121  -25.798 0.1428571492
106746  26.802  11.988  -25.783 0.1428571492
155390  26.278  14.469  -25.282 0.1428571492
116092  25.088  19.857  -25.318 0.1428571492
116080  24.679  20.340  -24.329 0.1428571492
115066  24.548  19.470  -24.550 0.1428571492
116068  24.438  20.456  -23.294 0.1428571492
80935  26.081  -10.305  -20.453 0.2857142985
82013  28.064  -9.307  -20.663 0.1428571492
106724  27.227  12.116  -24.033 0.2857142985
107871  27.122  12.751  -25.265 0.1428571492
80917  25.722  -10.729  -20.064 0.2857142985
90428  28.660  -2.550  -24.067 0.2857142985
91714  28.470  -1.315  -24.299 0.2857142985
92988  27.668  -0.505  -24.191 0.2857142985
97647  28.286  3.976  -24.904 0.1428571492
101086  28.262  6.269  -25.353 0.1428571492
102164  27.684  6.854  -25.811 0.1428571492
104522  26.626  9.026  -26.977 0.1428571492
104495  27.292  9.426  -26.210 0.1428571492
105667  26.710  10.110  -26.503 0.1428571492
106754  26.715  10.741  -26.338 0.1428571492
108924  27.099  13.228  -24.982 0.1428571492
115059  24.478  19.592  -23.727 0.1428571492
116093  24.761  19.914  -24.928 0.1428571492
91715  27.814  -1.233  -24.130 0.2857142985
80932  27.720  -9.686  -20.618 0.2857142985
98884  28.616  4.437  -24.785 0.1428571492
105644  27.531  10.431  -25.212 0.1428571492
114023  24.470  18.776  -24.829 0.1428571492
107870  27.203  12.738  -24.598 0.1428571492
104509  26.459  9.718  -26.829 0.1428571492
81982  24.343  -9.543  -19.330 0.1428571492
82000  25.053  -9.798  -20.105 0.1428571492
84235  26.595  -7.886  -21.303 0.1428571492
98828  33.907  4.953  -21.593 0.1428571492
98813  34.057  4.520  -21.145 0.1428571492
115057  31.782  19.157  -23.205 0.1428571492
79815  25.621  -11.602  -19.231 0.1428571492
84236  26.014  -7.716  -21.276 0.1428571492
84248  26.951  -7.566  -21.597 0.1428571492
85478  26.584  -6.313  -22.072 0.1428571492
114006  32.116  18.297  -23.533 0.1428571492
86747  26.439  -5.450  -22.163 0.1428571492
112932  32.233  17.394  -22.919 0.1428571492
79814  26.472  -11.577  -19.890 0.1428571492
99977  34.055  5.179  -21.409 0.1428571492
82016  25.936  -9.616  -20.605 0.1428571492
80918  24.931  -10.606  -19.549 0.1428571492
84249  26.058  -6.926  -21.693 0.1428571492
79813  27.257  -11.465  -20.121 0.4285714328
80900  29.660  -10.337  -19.242 0.1428571492
81999  25.628  -10.033  -20.359 0.1428571492
83113  28.258  -7.898  -21.305 0.5714285970
83115  27.327  -8.180  -21.298 0.2857142985
85490  29.068  -5.708  -22.571 0.5714285970
86729  32.015  -5.097  -19.734 0.2857142985
86732  30.026  -5.694  -20.990 0.2857142985
86776  28.628  -5.020  -23.421 0.4285714328
87931  33.914  -4.505  -19.619 0.1428571492
87946  32.024  -4.349  -20.088 0.2857142985
87978  29.011  -4.803  -23.227 0.5714285970
87979  27.584  -4.832  -23.315 0.4285714328
89192  31.115  -3.727  -21.752 0.5714285970
90371  33.616  -2.428  -20.099 0.1428571492
90404  31.395  -2.467  -22.344 0.4285714328
90443  28.248  -2.033  -24.278 0.4285714328
91613  33.858  -1.866  -20.105 0.1428571492
94084  32.670  0.547  -21.680 0.8571428657
96399  30.338  2.812  -24.120 0.7142857313
103273  27.535  8.617  -25.683 0.1428571492
104508  26.776  9.344  -26.734 0.1428571492
104523  26.302  9.416  -27.075 0.1428571492
105668  26.537  9.866  -26.705 0.1428571492
106736  26.985  12.340  -25.477 0.1428571492
106765  26.366  10.761  -26.634 0.1428571492
112899  28.740  17.856  -21.925 0.8571428657
112952  25.065  18.131  -25.160 0.1428571492
114016  24.433  18.828  -24.115 0.1428571492
115032  30.362  19.405  -21.709 0.8571428657
115048  30.884  19.236  -22.089 0.7142857313
115072  25.123  19.280  -25.515 0.2857142985
116033  30.960  20.321  -21.922 0.8571428657
116034  30.301  20.208  -21.805 0.8571428657
117159  31.931  20.752  -22.967 0.4285714328
117176  31.850  21.737  -23.048 0.2857142985
118229  32.277  22.120  -24.014 0.2857142985
119181  31.342  22.663  -22.839 0.2857142985
119208  32.311  23.026  -24.244 0.1428571492
119222  25.215  24.792  -26.061 0.2857142985
120129  32.155  23.637  -24.433 0.1428571492
120139  32.316  23.424  -24.722 0.1428571492
120141  26.375  24.933  -26.094 0.2857142985
120143  25.248  25.213  -25.538 0.2857142985
121087  30.938  25.026  -23.964 0.1428571492
121091  28.023  24.532  -24.379 0.2857142985
121931  31.178  25.512  -24.788 0.1428571492
122768  31.018  26.787  -25.848 0.1428571492
