#!ascii label  , from subject 4075 vox2ras=TkReg
387
68972  -26.095  -2.969  -27.589 0.0000000000
65811  -22.172  -6.426  -24.418 0.0000000000
64723  -27.344  -7.755  -24.785 0.0000000000
60193  -23.841  -11.706  -22.068 0.0000000000
85579  -25.764  11.713  -29.791 0.0000000000
81214  -27.518  7.694  -28.445 0.0000000000
75046  -23.847  1.772  -29.595 0.0000000000
56717  -22.598  -14.850  -19.608 0.0000000000
63576  -22.768  -8.731  -22.995 0.0000000000
61331  -21.854  -10.684  -21.713 0.0000000000
83382  -26.984  9.607  -29.096 0.0000000000
81234  -24.799  7.443  -30.070 0.0000000000
70104  -22.574  -2.426  -26.317 0.0000000000
72529  -21.865  -0.056  -27.335 0.0000000000
72553  -25.514  -0.287  -29.226 0.0000000000
76239  -27.476  2.861  -28.286 0.0000000000
73747  -28.319  0.436  -27.135 0.0000000000
70110  -28.990  -2.294  -26.082 0.0000000000
67915  -21.280  -4.489  -24.715 0.0000000000
67928  -23.758  -4.857  -26.186 0.0000000000
66890  -26.664  -4.928  -26.412 0.0000000000
64744  -25.010  -6.971  -25.278 0.0000000000
62474  -25.336  -9.672  -23.606 0.0000000000
59135  -25.771  -12.554  -22.771 0.0000000000
78310  -21.952  4.768  -30.123 0.0000000000
78290  -26.251  4.740  -29.188 0.0000000000
79253  -28.849  6.097  -27.173 0.0000000000
60182  -21.341  -11.934  -20.409 0.0000000000
59100  -22.973  -13.129  -21.120 0.0000000000
63556  -21.234  -8.999  -22.167 0.0000000000
62433  -20.373  -9.625  -21.208 0.0000000000
82284  -24.307  8.213  -30.366 0.0000000000
81231  -22.168  7.609  -30.659 0.0000000000
70128  -24.720  -2.440  -27.300 0.0000000000
71317  -24.215  -1.683  -27.856 0.0000000000
71319  -26.091  -1.578  -28.448 0.0000000000
72532  -26.740  -0.591  -28.468 0.0000000000
71320  -27.137  -1.540  -27.885 0.0000000000
72514  -29.118  -0.655  -26.301 0.0000000000
70108  -27.433  -2.394  -27.094 0.0000000000
66845  -21.632  -5.498  -24.452 0.0000000000
67926  -21.972  -4.511  -25.623 0.0000000000
65836  -22.649  -6.030  -24.908 0.0000000000
65838  -24.006  -6.300  -25.683 0.0000000000
64719  -23.141  -7.212  -24.641 0.0000000000
61348  -23.517  -10.366  -22.370 0.0000000000
62473  -24.465  -9.481  -23.324 0.0000000000
61349  -24.596  -10.594  -23.069 0.0000000000
61370  -25.640  -10.638  -23.514 0.0000000000
60212  -24.861  -11.794  -22.882 0.0000000000
85601  -24.488  11.579  -30.536 0.0000000000
86615  -22.802  11.872  -30.646 0.0000000000
86599  -24.457  12.729  -30.349 0.0000000000
88718  -25.355  14.768  -30.237 0.0000000000
86585  -26.888  12.737  -29.112 0.0000000000
83383  -27.646  9.378  -28.717 0.0000000000
75024  -22.585  1.207  -28.723 0.0000000000
76236  -21.565  2.273  -28.162 0.0000000000
77305  -22.438  3.445  -29.774 0.0000000000
78313  -24.253  4.778  -30.768 0.0000000000
77307  -24.641  3.244  -30.201 0.0000000000
76226  -29.091  2.835  -27.524 0.0000000000
77279  -28.300  3.941  -27.674 0.0000000000
78234  -30.088  4.824  -26.434 0.0000000000
66847  -27.670  -6.135  -25.214 0.0000000000
66870  -28.210  -4.761  -25.483 0.0000000000
57946  -21.425  -13.734  -19.252 0.0000000000
57965  -21.819  -13.382  -19.775 0.0000000000
59099  -22.310  -12.900  -20.699 0.0000000000
57948  -22.854  -14.070  -19.948 0.0000000000
64701  -21.359  -7.536  -23.296 0.0000000000
64703  -22.591  -7.785  -24.104 0.0000000000
63575  -21.550  -8.439  -22.751 0.0000000000
62452  -22.433  -9.485  -22.493 0.0000000000
61332  -22.872  -10.911  -21.814 0.0000000000
84519  -24.813  10.115  -30.158 0.0000000000
85560  -26.337  11.219  -29.461 0.0000000000
83397  -25.705  9.263  -29.605 0.0000000000
82272  -26.082  8.297  -29.351 0.0000000000
81224  -26.365  7.435  -29.156 0.0000000000
71284  -21.799  -1.872  -26.150 0.0000000000
71315  -22.619  -1.291  -27.224 0.0000000000
72551  -23.586  -0.426  -28.488 0.0000000000
73798  -24.311  0.689  -29.418 0.0000000000
75048  -25.849  1.791  -29.553 0.0000000000
73782  -26.496  0.880  -29.144 0.0000000000
75006  -28.212  1.323  -27.760 0.0000000000
76191  -29.802  2.171  -26.229 0.0000000000
73732  -30.432  0.644  -25.531 0.0000000000
55609  -23.556  -16.021  -19.107 0.0000000000
55619  -23.552  -15.401  -19.641 0.0000000000
68932  -22.292  -3.511  -25.989 0.0000000000
68950  -23.232  -3.389  -26.381 0.0000000000
68952  -24.785  -3.411  -27.033 0.0000000000
68954  -26.659  -3.361  -26.979 0.0000000000
66889  -25.764  -5.092  -26.561 0.0000000000
66867  -25.358  -5.823  -26.152 0.0000000000
64722  -26.191  -7.499  -25.010 0.0000000000
63616  -23.840  -7.804  -24.489 0.0000000000
63618  -25.537  -8.299  -24.397 0.0000000000
63619  -26.616  -8.805  -24.377 0.0000000000
62476  -26.757  -10.145  -23.986 0.0000000000
60237  -26.846  -11.299  -23.812 0.0000000000
86574  -27.725  12.617  -28.736 0.0000000000
79309  -23.584  5.535  -30.728 0.0000000000
79311  -25.153  5.642  -30.215 0.0000000000
80275  -26.726  6.713  -28.845 0.0000000000
77293  -26.801  3.791  -28.834 0.0000000000
78264  -27.757  4.970  -28.217 0.0000000000
80262  -28.429  6.689  -27.671 0.0000000000
68933  -28.150  -3.650  -26.099 0.0000000000
68920  -29.475  -3.275  -25.003 0.0000000000
61314  -20.067  -10.729  -19.921 0.0000000000
60191  -21.591  -11.290  -21.185 0.0000000000
60192  -22.487  -11.749  -21.305 0.0000000000
59114  -23.470  -12.686  -21.457 0.0000000000
56734  -23.789  -14.067  -20.488 0.0000000000
57982  -24.282  -13.345  -21.304 0.0000000000
59115  -24.532  -12.761  -21.970 0.0000000000
81230  -21.368  7.374  -29.918 0.0000000000
68971  -25.311  -2.971  -27.363 0.0000000000
70129  -25.615  -2.360  -27.841 0.0000000000
70130  -26.449  -2.259  -27.851 0.0000000000
70131  -26.966  -2.259  -27.626 0.0000000000
71297  -27.681  -1.560  -27.351 0.0000000000
70107  -26.742  -2.688  -27.478 0.0000000000
65795  -21.303  -6.675  -23.727 0.0000000000
66836  -21.122  -5.630  -23.839 0.0000000000
65810  -21.539  -6.062  -24.116 0.0000000000
66846  -22.222  -5.686  -24.834 0.0000000000
65837  -23.224  -6.260  -25.242 0.0000000000
65812  -22.817  -6.478  -24.782 0.0000000000
62454  -23.986  -9.749  -22.826 0.0000000000
60211  -24.233  -11.121  -22.572 0.0000000000
85578  -25.049  12.237  -30.192 0.0000000000
86583  -25.219  12.854  -29.733 0.0000000000
87633  -26.704  13.689  -29.259 0.0000000000
86584  -26.116  12.854  -29.426 0.0000000000
82262  -27.893  8.616  -28.317 0.0000000000
83361  -28.360  9.717  -28.199 0.0000000000
82239  -28.613  8.659  -27.732 0.0000000000
75045  -23.009  1.643  -29.263 0.0000000000
75023  -22.000  1.514  -28.319 0.0000000000
76256  -22.423  2.567  -29.096 0.0000000000
76257  -23.168  2.615  -29.853 0.0000000000
76279  -23.801  3.326  -30.518 0.0000000000
76258  -24.140  2.746  -30.172 0.0000000000
77265  -30.259  3.634  -26.301 0.0000000000
77264  -29.692  3.880  -26.808 0.0000000000
65814  -26.974  -6.723  -25.374 0.0000000000
65815  -27.956  -6.731  -24.751 0.0000000000
56705  -22.422  -15.380  -19.173 0.0000000000
56716  -22.002  -14.370  -19.280 0.0000000000
57947  -22.237  -13.926  -19.580 0.0000000000
57966  -22.342  -13.505  -20.156 0.0000000000
64694  -20.880  -7.528  -22.834 0.0000000000
63593  -21.760  -7.926  -23.361 0.0000000000
62434  -21.092  -9.739  -21.920 0.0000000000
62451  -21.603  -9.327  -22.312 0.0000000000
62435  -21.838  -9.955  -22.215 0.0000000000
61347  -22.493  -10.277  -22.115 0.0000000000
84520  -25.468  10.419  -29.978 0.0000000000
83396  -24.884  9.618  -30.081 0.0000000000
82271  -25.084  8.486  -29.922 0.0000000000
81223  -25.597  7.457  -29.555 0.0000000000
82260  -26.648  8.046  -29.048 0.0000000000
71296  -22.909  -1.817  -26.896 0.0000000000
71334  -24.436  -1.037  -28.402 0.0000000000
72531  -23.334  -0.920  -27.962 0.0000000000
72552  -24.577  -0.254  -29.118 0.0000000000
73781  -23.892  0.077  -29.099 0.0000000000
72567  -24.649  0.206  -29.346 0.0000000000
73799  -25.295  0.965  -29.527 0.0000000000
72569  -25.792  0.409  -29.432 0.0000000000
73746  -27.923  0.171  -27.592 0.0000000000
73763  -27.439  0.376  -28.035 0.0000000000
73764  -28.011  0.558  -27.664 0.0000000000
74993  -29.015  1.404  -26.758 0.0000000000
74971  -29.641  1.497  -26.180 0.0000000000
73748  -29.050  0.140  -26.433 0.0000000000
71299  -29.031  -1.579  -26.189 0.0000000000
72498  -29.735  -0.503  -25.806 0.0000000000
70089  -29.776  -2.013  -25.326 0.0000000000
54549  -23.504  -16.610  -18.581 0.0000000000
68918  -20.871  -3.482  -24.659 0.0000000000
68931  -21.431  -3.534  -25.351 0.0000000000
67927  -23.117  -4.476  -26.156 0.0000000000
67944  -23.600  -3.953  -26.508 0.0000000000
68951  -23.954  -3.457  -26.759 0.0000000000
67945  -24.157  -4.379  -26.580 0.0000000000
67946  -25.225  -4.337  -26.792 0.0000000000
66888  -24.866  -5.068  -26.353 0.0000000000
64743  -24.356  -6.790  -25.405 0.0000000000
65839  -24.845  -6.386  -25.714 0.0000000000
65840  -25.923  -6.602  -25.556 0.0000000000
64745  -25.575  -7.144  -25.162 0.0000000000
63594  -22.324  -8.167  -23.497 0.0000000000
63595  -23.555  -8.411  -23.755 0.0000000000
63596  -24.895  -8.790  -23.821 0.0000000000
63597  -25.810  -9.139  -23.999 0.0000000000
63598  -26.304  -9.368  -24.065 0.0000000000
62475  -26.162  -9.877  -23.787 0.0000000000
60213  -26.103  -11.671  -23.298 0.0000000000
60236  -26.280  -11.083  -23.588 0.0000000000
60214  -27.249  -11.922  -23.554 0.0000000000
84503  -26.550  10.577  -29.371 0.0000000000
85561  -26.878  11.631  -29.028 0.0000000000
84504  -27.619  10.462  -28.828 0.0000000000
72510  -21.589  -0.442  -26.671 0.0000000000
79270  -20.833  5.132  -28.778 0.0000000000
79292  -21.427  5.375  -29.553 0.0000000000
80284  -22.045  6.483  -30.579 0.0000000000
79307  -21.984  5.503  -30.378 0.0000000000
78314  -24.952  4.785  -30.523 0.0000000000
79293  -25.779  5.647  -29.544 0.0000000000
79294  -26.486  5.750  -28.949 0.0000000000
76238  -26.588  2.598  -29.126 0.0000000000
76260  -25.714  2.907  -29.601 0.0000000000
78243  -28.658  4.909  -27.343 0.0000000000
78242  -28.183  4.639  -27.846 0.0000000000
79274  -28.384  5.758  -27.587 0.0000000000
79273  -27.943  5.898  -27.957 0.0000000000
80245  -29.127  6.928  -27.358 0.0000000000
80246  -29.603  6.684  -26.818 0.0000000000
67948  -26.970  -4.134  -26.495 0.0000000000
68955  -27.667  -3.488  -26.408 0.0000000000
67949  -27.475  -4.132  -26.298 0.0000000000
67916  -28.844  -4.235  -25.002 0.0000000000
60167  -21.047  -12.298  -19.533 0.0000000000
60181  -20.513  -11.399  -20.030 0.0000000000
61315  -20.531  -11.033  -20.464 0.0000000000
60183  -22.195  -12.296  -20.889 0.0000000000
59113  -22.673  -12.567  -21.115 0.0000000000
56718  -23.617  -14.605  -20.183 0.0000000000
63555  -20.723  -8.545  -21.873 0.0000000000
61330  -20.861  -10.736  -21.189 0.0000000000
83406  -24.050  9.138  -30.338 0.0000000000
82283  -23.400  8.501  -30.600 0.0000000000
81232  -23.119  7.609  -30.864 0.0000000000
81233  -24.030  7.479  -30.566 0.0000000000
70105  -23.714  -2.450  -26.821 0.0000000000
70127  -24.027  -1.990  -27.372 0.0000000000
71318  -25.059  -1.714  -28.149 0.0000000000
71335  -25.291  -0.994  -28.787 0.0000000000
71336  -26.061  -0.805  -29.016 0.0000000000
72533  -27.328  -0.625  -28.011 0.0000000000
72512  -27.852  -0.640  -27.472 0.0000000000
72513  -28.564  -0.645  -26.692 0.0000000000
71298  -28.162  -1.577  -26.821 0.0000000000
67905  -21.234  -5.017  -24.168 0.0000000000
66863  -21.899  -5.160  -25.067 0.0000000000
66864  -22.628  -5.418  -25.457 0.0000000000
66865  -23.610  -5.462  -25.870 0.0000000000
64742  -23.771  -6.814  -25.227 0.0000000000
62453  -23.326  -9.340  -22.729 0.0000000000
62472  -23.763  -9.135  -23.100 0.0000000000
61369  -24.992  -10.119  -23.411 0.0000000000
61350  -25.260  -11.236  -23.305 0.0000000000
85600  -22.737  11.327  -30.497 0.0000000000
87647  -24.832  13.758  -30.233 0.0000000000
84488  -28.392  10.770  -28.262 0.0000000000
76223  -20.973  2.350  -27.615 0.0000000000
77292  -21.089  3.258  -28.160 0.0000000000
77304  -21.799  3.420  -28.996 0.0000000000
78288  -22.272  4.176  -30.126 0.0000000000
78311  -22.719  4.674  -30.499 0.0000000000
77320  -23.323  3.777  -30.648 0.0000000000
77321  -24.228  3.781  -30.632 0.0000000000
77308  -25.135  3.752  -30.145 0.0000000000
76225  -28.345  2.776  -27.856 0.0000000000
76224  -27.878  3.548  -27.995 0.0000000000
77280  -29.042  3.656  -27.336 0.0000000000
78244  -29.338  4.538  -26.887 0.0000000000
79254  -29.367  5.521  -26.733 0.0000000000
66869  -27.377  -5.473  -25.795 0.0000000000
66848  -28.314  -5.553  -24.876 0.0000000000
59080  -21.363  -12.826  -19.688 0.0000000000
59098  -21.773  -12.944  -20.199 0.0000000000
57967  -23.165  -13.710  -20.605 0.0000000000
65787  -20.945  -7.097  -23.227 0.0000000000
65796  -21.865  -6.988  -24.128 0.0000000000
64718  -22.309  -7.210  -24.267 0.0000000000
64702  -21.883  -7.511  -23.822 0.0000000000
84536  -22.127  10.341  -30.408 0.0000000000
84537  -23.999  10.329  -30.325 0.0000000000
84538  -24.859  10.834  -30.428 0.0000000000
85602  -25.245  11.131  -30.327 0.0000000000
84502  -26.099  10.982  -29.718 0.0000000000
84521  -26.268  9.762  -29.458 0.0000000000
82273  -26.588  8.458  -29.074 0.0000000000
82261  -27.110  8.539  -28.839 0.0000000000
72511  -22.203  -0.953  -27.096 0.0000000000
71316  -23.386  -1.511  -27.530 0.0000000000
72530  -22.576  -0.500  -27.663 0.0000000000
73761  -21.986  0.131  -27.655 0.0000000000
72550  -22.903  0.026  -28.357 0.0000000000
73780  -23.158  0.518  -29.059 0.0000000000
75047  -24.762  1.772  -29.675 0.0000000000
75025  -26.598  1.676  -29.142 0.0000000000
73762  -26.701  0.275  -28.575 0.0000000000
73783  -26.966  0.751  -28.554 0.0000000000
75027  -27.889  2.194  -28.150 0.0000000000
75007  -28.940  2.189  -27.455 0.0000000000
76210  -29.612  2.793  -26.941 0.0000000000
76211  -30.034  2.856  -26.266 0.0000000000
74972  -30.143  1.605  -25.764 0.0000000000
74973  -31.048  1.645  -25.440 0.0000000000
55618  -22.888  -15.615  -19.397 0.0000000000
70086  -21.670  -2.579  -25.758 0.0000000000
70106  -24.311  -2.960  -26.949 0.0000000000
68953  -25.691  -3.608  -27.166 0.0000000000
67947  -26.146  -4.253  -26.726 0.0000000000
66866  -24.472  -5.698  -26.000 0.0000000000
66868  -26.324  -5.772  -26.188 0.0000000000
65841  -26.659  -6.167  -25.768 0.0000000000
64720  -24.244  -7.339  -24.933 0.0000000000
63617  -24.535  -8.021  -24.361 0.0000000000
64721  -25.180  -7.517  -24.820 0.0000000000
62489  -27.320  -9.819  -24.180 0.0000000000
61371  -26.482  -10.645  -23.796 0.0000000000
85580  -26.396  12.227  -29.277 0.0000000000
85562  -28.051  11.595  -28.510 0.0000000000
80285  -22.937  6.559  -30.752 0.0000000000
80286  -23.793  6.557  -30.721 0.0000000000
79327  -23.530  5.171  -30.681 0.0000000000
79310  -24.425  5.641  -30.660 0.0000000000
80288  -25.306  6.538  -29.822 0.0000000000
80274  -26.024  6.584  -29.269 0.0000000000
80260  -27.234  6.957  -28.529 0.0000000000
76259  -25.043  2.702  -29.869 0.0000000000
77309  -25.972  3.739  -29.416 0.0000000000
77294  -27.508  4.027  -28.379 0.0000000000
78263  -26.953  4.864  -28.567 0.0000000000
79272  -27.217  5.994  -28.373 0.0000000000
80261  -27.701  6.822  -28.099 0.0000000000
81215  -28.113  7.700  -27.899 0.0000000000
81197  -28.886  7.688  -27.506 0.0000000000
68956  -28.267  -3.329  -26.153 0.0000000000
70087  -28.860  -2.927  -25.933 0.0000000000
67930  -28.422  -4.187  -25.569 0.0000000000
68934  -28.657  -3.472  -25.752 0.0000000000
70074  -29.598  -2.776  -25.200 0.0000000000
61329  -20.251  -10.367  -20.675 0.0000000000
57968  -24.020  -13.745  -20.771 0.0000000000
57981  -23.573  -13.363  -21.093 0.0000000000
60194  -24.569  -12.236  -22.379 0.0000000000
62488  -26.634  -9.609  -24.071 0.0000000000
63577  -23.365  -8.856  -23.093 0.0000000000
65813  -26.366  -6.945  -25.316 0.0000000000
66887  -24.176  -5.089  -26.170 0.0000000000
66891  -27.299  -4.607  -26.237 0.0000000000
67929  -27.941  -4.249  -26.003 0.0000000000
68919  -29.029  -3.556  -25.298 0.0000000000
68935  -29.132  -3.237  -25.441 0.0000000000
68970  -24.961  -2.944  -27.184 0.0000000000
70088  -29.261  -2.581  -25.627 0.0000000000
70109  -28.502  -2.641  -26.253 0.0000000000
71333  -23.790  -1.137  -28.065 0.0000000000
72554  -26.230  -0.041  -29.005 0.0000000000
72568  -25.036  0.257  -29.401 0.0000000000
73731  -29.643  0.802  -26.042 0.0000000000
73797  -23.572  1.134  -29.391 0.0000000000
73800  -25.914  0.978  -29.554 0.0000000000
74992  -28.479  1.067  -27.188 0.0000000000
75005  -27.644  1.060  -28.093 0.0000000000
75026  -27.262  1.511  -28.480 0.0000000000
75044  -22.478  1.841  -28.742 0.0000000000
76237  -22.073  2.194  -28.570 0.0000000000
76240  -27.894  2.587  -28.053 0.0000000000
76255  -21.773  2.730  -28.621 0.0000000000
76278  -23.478  3.111  -30.365 0.0000000000
77278  -27.925  4.214  -28.027 0.0000000000
77306  -22.972  3.292  -30.308 0.0000000000
77319  -22.707  3.842  -30.351 0.0000000000
77322  -24.652  4.270  -30.554 0.0000000000
78265  -28.214  5.228  -27.842 0.0000000000
78287  -21.819  4.324  -29.489 0.0000000000
78289  -25.573  4.711  -29.885 0.0000000000
78312  -23.529  4.728  -30.735 0.0000000000
78333  -23.158  5.067  -30.604 0.0000000000
78334  -23.381  5.023  -30.631 0.0000000000
79271  -21.429  4.809  -29.075 0.0000000000
79308  -22.847  5.595  -30.600 0.0000000000
79326  -23.318  5.275  -30.635 0.0000000000
80287  -24.605  6.545  -30.398 0.0000000000
81213  -26.967  7.556  -28.836 0.0000000000
83398  -26.443  8.992  -29.148 0.0000000000
