#!ascii label  , from subject 4075 vox2ras=TkReg
997
61422  7.303  -11.739  63.443 0.0000000000
51422  1.579  -18.869  52.542 0.0000000000
54467  -2.098  -16.171  65.522 0.0000000000
61506  0.361  -10.358  59.572 0.0000000000
65690  1.656  -6.186  54.851 0.0000000000
59030  1.261  -12.420  66.773 0.0000000000
60238  0.790  -11.280  63.585 0.0000000000
60167  10.273  -12.325  65.005 0.0000000000
57752  4.556  -14.260  67.851 0.0000000000
51140  0.742  -18.443  66.859 0.0000000000
66570  -0.271  -4.692  61.705 0.0000000000
63604  0.535  -8.248  57.297 0.0000000000
71066  0.439  -2.010  58.884 0.0000000000
49991  -0.551  -20.138  61.991 0.0000000000
54513  0.770  -17.007  59.556 0.0000000000
57805  -0.850  -13.869  62.339 0.0000000000
64584  0.530  -7.952  61.819 0.0000000000
56638  2.259  -14.836  57.134 0.0000000000
59195  3.408  -11.779  52.536 0.0000000000
62627  2.169  -9.393  50.320 0.0000000000
69986  1.825  -2.474  51.412 0.0000000000
60195  4.767  -11.110  65.295 0.0000000000
60214  3.818  -11.587  64.292 0.0000000000
61361  8.327  -11.277  65.255 0.0000000000
59004  6.953  -13.095  66.781 0.0000000000
60148  5.575  -11.697  66.546 0.0000000000
57763  2.875  -12.983  67.699 0.0000000000
69890  0.279  -2.968  60.610 0.0000000000
52311  -2.193  -17.794  64.070 0.0000000000
53486  -2.363  -17.160  62.466 0.0000000000
55490  -1.718  -15.517  64.274 0.0000000000
61487  2.329  -9.489  60.664 0.0000000000
62505  1.287  -9.527  61.641 0.0000000000
52291  -0.729  -17.502  66.207 0.0000000000
47334  0.028  -19.688  65.195 0.0000000000
49915  -1.048  -18.790  64.638 0.0000000000
48601  -1.393  -20.995  63.013 0.0000000000
56593  0.509  -14.050  59.627 0.0000000000
55526  0.683  -16.618  57.934 0.0000000000
57845  1.045  -13.471  58.362 0.0000000000
64662  1.140  -7.260  55.918 0.0000000000
61555  1.070  -9.764  55.827 0.0000000000
63638  1.792  -8.259  54.058 0.0000000000
60391  2.792  -10.807  51.356 0.0000000000
64692  1.366  -7.471  52.126 0.0000000000
57767  -0.170  -14.142  66.604 0.0000000000
59047  -0.522  -13.379  65.220 0.0000000000
60199  1.242  -12.159  64.942 0.0000000000
61449  3.083  -10.571  61.715 0.0000000000
56558  11.106  -13.905  64.944 0.0000000000
54484  10.383  -14.239  63.912 0.0000000000
56547  8.673  -13.968  65.643 0.0000000000
55463  6.623  -15.375  65.993 0.0000000000
54441  2.450  -15.913  67.311 0.0000000000
55451  0.582  -15.379  67.612 0.0000000000
64609  -0.454  -7.826  59.942 0.0000000000
62544  0.476  -9.120  58.463 0.0000000000
65649  -0.360  -6.636  59.020 0.0000000000
66632  0.554  -5.505  57.793 0.0000000000
68820  0.637  -3.611  56.386 0.0000000000
61445  10.208  -11.410  62.502 0.0000000000
55477  15.456  -13.559  63.850 0.0000000000
59052  16.332  -11.438  64.666 0.0000000000
60191  12.565  -12.044  64.135 0.0000000000
61418  11.335  -11.361  63.213 0.0000000000
48650  -0.031  -21.328  60.376 0.0000000000
51284  -0.051  -19.370  58.727 0.0000000000
52367  -0.699  -18.124  60.287 0.0000000000
55503  -0.295  -15.613  60.617 0.0000000000
59081  -0.181  -12.870  61.031 0.0000000000
60240  -0.355  -11.660  63.537 0.0000000000
61473  -0.186  -10.578  61.935 0.0000000000
62529  -0.247  -9.612  60.831 0.0000000000
65625  0.085  -6.526  61.253 0.0000000000
53567  0.201  -18.437  57.508 0.0000000000
53575  1.133  -18.123  56.096 0.0000000000
55588  2.687  -16.552  54.516 0.0000000000
59147  1.017  -11.446  57.061 0.0000000000
57906  3.693  -13.516  55.054 0.0000000000
55618  3.509  -15.285  51.531 0.0000000000
56730  2.398  -14.036  50.203 0.0000000000
57986  2.251  -13.230  49.281 0.0000000000
72288  0.996  -0.485  57.988 0.0000000000
71115  1.185  -2.516  55.025 0.0000000000
72338  1.425  -0.412  53.877 0.0000000000
67787  2.109  -3.958  53.520 0.0000000000
66719  1.711  -5.939  50.956 0.0000000000
61380  5.806  -10.851  64.947 0.0000000000
60212  5.505  -11.246  64.160 0.0000000000
60231  7.247  -11.637  63.024 0.0000000000
61397  8.384  -11.837  64.097 0.0000000000
61362  7.439  -11.238  65.341 0.0000000000
61363  6.662  -11.046  65.424 0.0000000000
60194  5.346  -10.984  65.620 0.0000000000
50105  1.988  -19.924  51.607 0.0000000000
52581  2.111  -18.108  51.206 0.0000000000
53458  -2.269  -17.005  64.923 0.0000000000
53465  -2.313  -16.843  64.233 0.0000000000
55483  -1.701  -15.433  65.085 0.0000000000
54493  12.489  -13.776  62.777 0.0000000000
54456  -0.864  -16.435  65.829 0.0000000000
52298  -1.209  -17.613  65.888 0.0000000000
52302  -1.639  -17.721  65.537 0.0000000000
51204  -1.752  -18.686  64.154 0.0000000000
59107  -0.060  -12.655  59.526 0.0000000000
56592  0.814  -14.373  59.101 0.0000000000
59106  -0.109  -12.101  58.900 0.0000000000
65689  1.476  -6.411  55.347 0.0000000000
63628  1.254  -8.112  55.327 0.0000000000
64672  1.746  -7.117  54.804 0.0000000000
63645  1.681  -7.955  52.894 0.0000000000
65697  2.012  -6.438  53.769 0.0000000000
57778  0.241  -13.146  67.067 0.0000000000
60154  0.217  -12.681  66.213 0.0000000000
60153  1.562  -12.276  66.179 0.0000000000
60235  3.587  -11.281  63.355 0.0000000000
61485  3.707  -10.318  60.330 0.0000000000
59042  10.952  -13.099  64.774 0.0000000000
56546  9.700  -14.091  65.399 0.0000000000
57775  9.208  -13.716  65.558 0.0000000000
58995  5.890  -13.373  67.141 0.0000000000
56533  6.701  -13.782  66.278 0.0000000000
55448  5.422  -14.547  66.397 0.0000000000
55443  3.058  -15.216  67.780 0.0000000000
59010  2.134  -12.755  67.380 0.0000000000
57747  1.383  -13.980  68.540 0.0000000000
57765  0.823  -13.225  67.618 0.0000000000
56538  0.067  -14.834  67.195 0.0000000000
65626  -0.284  -6.495  60.620 0.0000000000
64618  -0.453  -7.078  59.566 0.0000000000
66595  -0.178  -5.552  60.239 0.0000000000
69889  0.411  -2.677  60.066 0.0000000000
68781  0.333  -3.752  59.345 0.0000000000
68791  0.350  -3.606  58.558 0.0000000000
67722  0.715  -3.998  56.883 0.0000000000
69915  0.503  -2.699  57.385 0.0000000000
60164  13.716  -12.510  64.502 0.0000000000
48635  0.115  -21.136  61.612 0.0000000000
50003  -0.018  -20.199  60.946 0.0000000000
51244  -0.695  -19.260  61.173 0.0000000000
55497  -2.005  -15.312  62.265 0.0000000000
54501  -2.141  -16.249  61.723 0.0000000000
56580  -1.254  -14.552  61.717 0.0000000000
56584  -0.427  -14.707  61.087 0.0000000000
59071  -0.119  -13.052  61.944 0.0000000000
60201  -0.106  -12.226  64.878 0.0000000000
60202  -0.526  -12.634  64.723 0.0000000000
60239  0.135  -11.422  63.618 0.0000000000
62506  0.659  -9.330  61.726 0.0000000000
61454  -0.136  -10.590  62.396 0.0000000000
62507  -0.103  -9.588  61.886 0.0000000000
61489  -0.025  -10.358  61.363 0.0000000000
63564  -0.304  -8.687  61.370 0.0000000000
63565  -0.527  -8.568  60.786 0.0000000000
64592  0.251  -7.338  61.604 0.0000000000
53453  9.119  -14.813  64.406 0.0000000000
53471  9.148  -14.295  62.672 0.0000000000
51138  1.619  -18.145  66.075 0.0000000000
48556  1.519  -19.280  63.992 0.0000000000
49874  1.205  -18.984  65.791 0.0000000000
47365  -0.660  -20.599  64.514 0.0000000000
47363  0.621  -20.919  64.053 0.0000000000
49976  -1.526  -20.164  62.625 0.0000000000
48616  -0.600  -21.029  62.453 0.0000000000
52419  -0.487  -18.284  59.121 0.0000000000
51299  -0.131  -19.609  57.838 0.0000000000
53553  -0.208  -17.826  58.284 0.0000000000
55524  1.691  -15.704  57.654 0.0000000000
54543  0.863  -17.331  56.891 0.0000000000
55554  1.492  -17.099  56.536 0.0000000000
54571  1.538  -17.593  55.699 0.0000000000
55552  2.616  -16.189  56.295 0.0000000000
62552  0.520  -8.970  57.916 0.0000000000
60319  -0.083  -11.063  57.706 0.0000000000
61546  0.588  -10.312  57.419 0.0000000000
60356  2.608  -11.117  53.954 0.0000000000
59170  2.830  -11.436  54.967 0.0000000000
59183  3.295  -12.178  53.576 0.0000000000
57920  3.853  -14.035  53.312 0.0000000000
57945  3.667  -13.463  51.874 0.0000000000
55636  2.958  -15.317  50.444 0.0000000000
57958  3.029  -13.230  50.928 0.0000000000
61584  2.296  -10.174  50.500 0.0000000000
59234  2.575  -12.004  49.960 0.0000000000
59250  2.398  -11.664  49.672 0.0000000000
73518  1.546  0.122  56.668 0.0000000000
72302  0.519  -1.070  56.413 0.0000000000
72317  1.073  -0.479  56.036 0.0000000000
71132  0.922  -0.880  52.050 0.0000000000
71131  1.542  -1.310  52.730 0.0000000000
69974  2.315  -2.640  53.380 0.0000000000
68860  2.040  -3.286  52.579 0.0000000000
66708  2.371  -4.834  52.234 0.0000000000
67805  2.233  -4.631  51.333 0.0000000000
60151  2.945  -12.222  66.400 0.0000000000
60197  2.948  -11.844  65.042 0.0000000000
60196  3.889  -11.609  65.151 0.0000000000
61360  9.275  -11.407  65.204 0.0000000000
60144  9.050  -12.489  65.889 0.0000000000
60169  8.328  -11.484  65.935 0.0000000000
59024  6.289  -12.237  66.931 0.0000000000
59006  5.277  -12.693  67.306 0.0000000000
58992  3.735  -13.425  68.321 0.0000000000
60137  4.297  -12.305  67.078 0.0000000000
60150  3.753  -12.085  66.568 0.0000000000
68752  0.082  -3.458  62.471 0.0000000000
68767  -0.156  -3.518  60.885 0.0000000000
69881  0.340  -2.525  61.716 0.0000000000
71047  0.295  -2.011  60.653 0.0000000000
72252  1.326  -1.314  60.512 0.0000000000
51216  -2.140  -18.922  63.121 0.0000000000
52330  -2.347  -18.249  62.072 0.0000000000
52318  -2.324  -17.861  63.100 0.0000000000
55494  -1.894  -15.453  63.382 0.0000000000
57800  -1.167  -13.887  63.225 0.0000000000
61451  1.751  -10.162  61.992 0.0000000000
61428  0.521  -10.758  63.009 0.0000000000
61472  1.721  -9.657  61.110 0.0000000000
62516  1.405  -8.897  61.124 0.0000000000
64607  1.542  -7.155  60.715 0.0000000000
65637  1.377  -6.712  61.044 0.0000000000
51141  0.007  -18.148  66.816 0.0000000000
49875  0.543  -19.171  66.014 0.0000000000
51159  -0.448  -18.419  66.218 0.0000000000
49894  -0.718  -18.798  65.098 0.0000000000
48574  -1.048  -19.835  64.561 0.0000000000
48587  -1.558  -20.852  63.924 0.0000000000
49934  -1.419  -19.383  64.249 0.0000000000
49955  -1.858  -19.895  63.576 0.0000000000
55508  0.803  -15.637  59.713 0.0000000000
55516  0.659  -16.661  58.992 0.0000000000
55507  1.010  -15.158  58.799 0.0000000000
55506  1.022  -14.885  58.441 0.0000000000
56604  1.363  -14.270  57.939 0.0000000000
64649  0.784  -7.753  56.653 0.0000000000
62566  0.833  -8.671  56.799 0.0000000000
62582  0.855  -8.872  55.960 0.0000000000
62590  1.240  -9.015  54.930 0.0000000000
61566  2.246  -9.919  53.455 0.0000000000
59207  3.357  -11.610  51.513 0.0000000000
61572  2.626  -9.738  52.103 0.0000000000
62611  2.017  -9.238  51.671 0.0000000000
63659  1.609  -8.534  50.826 0.0000000000
71155  1.513  -1.440  50.850 0.0000000000
68892  2.160  -3.484  50.684 0.0000000000
68891  2.403  -3.219  50.343 0.0000000000
55464  -0.734  -15.813  65.727 0.0000000000
56560  -0.877  -15.036  65.188 0.0000000000
59033  -0.318  -13.535  65.776 0.0000000000
60179  0.006  -12.471  65.465 0.0000000000
60217  1.035  -11.676  64.275 0.0000000000
60215  2.807  -11.585  64.206 0.0000000000
60236  2.556  -11.000  63.247 0.0000000000
61426  2.034  -10.667  62.740 0.0000000000
61471  2.344  -10.190  61.175 0.0000000000
55480  12.219  -14.086  64.401 0.0000000000
54483  11.359  -14.072  63.469 0.0000000000
55481  11.130  -13.903  64.511 0.0000000000
59002  8.170  -13.597  66.051 0.0000000000
55462  7.335  -15.155  65.999 0.0000000000
54465  7.354  -16.235  65.749 0.0000000000
52278  2.140  -17.242  66.450 0.0000000000
53434  1.388  -16.958  67.106 0.0000000000
56530  2.302  -14.633  68.395 0.0000000000
55445  1.707  -15.279  67.967 0.0000000000
53435  0.455  -16.613  67.046 0.0000000000
54450  -0.106  -16.135  66.717 0.0000000000
55458  -0.403  -15.708  66.158 0.0000000000
62537  0.319  -9.307  59.607 0.0000000000
61505  0.464  -10.117  58.952 0.0000000000
63583  0.047  -8.432  59.378 0.0000000000
63589  0.137  -8.357  58.860 0.0000000000
65666  0.100  -6.939  57.824 0.0000000000
67658  0.116  -4.937  59.714 0.0000000000
66623  0.355  -5.587  58.785 0.0000000000
65665  0.453  -6.275  57.445 0.0000000000
66642  0.731  -6.157  56.731 0.0000000000
66655  1.064  -5.709  56.237 0.0000000000
67739  1.271  -4.540  55.598 0.0000000000
61446  9.129  -11.330  62.582 0.0000000000
55478  14.305  -13.824  63.839 0.0000000000
60159  18.750  -10.956  65.122 0.0000000000
60186  17.853  -10.516  65.069 0.0000000000
59016  17.531  -12.106  64.743 0.0000000000
57786  16.177  -12.648  64.371 0.0000000000
56555  14.433  -13.266  64.652 0.0000000000
55467  13.798  -13.630  64.513 0.0000000000
59041  12.585  -12.864  65.010 0.0000000000
60192  11.457  -11.914  64.443 0.0000000000
61393  12.339  -11.536  63.549 0.0000000000
61375  10.289  -11.586  64.406 0.0000000000
61395  10.305  -11.465  63.842 0.0000000000
61420  9.286  -11.547  63.328 0.0000000000
51267  -0.216  -19.116  59.500 0.0000000000
53525  0.168  -17.449  60.239 0.0000000000
53499  -2.042  -17.285  61.114 0.0000000000
53513  -0.482  -17.341  60.550 0.0000000000
54510  0.220  -16.589  60.455 0.0000000000
56588  0.158  -14.610  60.339 0.0000000000
57813  0.037  -13.795  60.765 0.0000000000
60290  0.277  -11.726  60.338 0.0000000000
57792  -0.711  -14.208  64.838 0.0000000000
57796  -1.138  -14.035  64.151 0.0000000000
59064  -0.577  -13.060  62.765 0.0000000000
61429  -0.078  -10.925  63.063 0.0000000000
61430  -0.370  -11.282  62.949 0.0000000000
60258  -0.004  -12.124  62.292 0.0000000000
60275  0.313  -11.962  61.349 0.0000000000
61490  0.289  -10.622  60.729 0.0000000000
62530  0.134  -9.476  60.091 0.0000000000
64595  -0.472  -8.527  60.187 0.0000000000
64593  -0.513  -7.669  60.969 0.0000000000
66583  0.536  -5.680  61.660 0.0000000000
66582  1.399  -5.720  61.815 0.0000000000
66568  0.955  -5.166  62.380 0.0000000000
67600  0.462  -4.339  62.840 0.0000000000
48570  1.686  -19.774  63.497 0.0000000000
48559  0.829  -19.781  64.883 0.0000000000
54533  0.484  -17.185  57.781 0.0000000000
53566  0.671  -18.066  56.969 0.0000000000
53598  1.902  -18.108  53.523 0.0000000000
60308  -0.082  -11.017  58.359 0.0000000000
57863  0.349  -12.150  57.622 0.0000000000
57876  2.035  -12.492  57.010 0.0000000000
60344  1.474  -10.677  55.843 0.0000000000
59158  2.023  -11.762  56.017 0.0000000000
57893  2.904  -13.431  56.290 0.0000000000
56671  3.802  -14.662  54.414 0.0000000000
54602  2.828  -16.431  53.271 0.0000000000
53626  2.150  -17.668  52.108 0.0000000000
54618  2.377  -16.927  50.768 0.0000000000
59219  2.989  -11.896  50.568 0.0000000000
57987  2.230  -13.713  49.602 0.0000000000
72263  1.259  -1.209  59.745 0.0000000000
72277  1.617  -0.548  58.784 0.0000000000
72278  0.732  -1.204  58.634 0.0000000000
71091  0.378  -1.967  56.777 0.0000000000
69931  0.594  -3.029  55.840 0.0000000000
68834  1.530  -3.618  55.174 0.0000000000
69950  2.163  -1.981  54.478 0.0000000000
69962  1.900  -2.862  54.530 0.0000000000
67769  1.973  -4.152  54.117 0.0000000000
66710  1.798  -6.145  52.335 0.0000000000
65713  1.474  -6.646  51.659 0.0000000000
64705  1.390  -7.675  50.467 0.0000000000
64712  1.534  -7.656  49.956 0.0000000000
61399  6.552  -11.367  64.314 0.0000000000
61423  6.344  -11.399  63.861 0.0000000000
61398  7.407  -11.883  64.217 0.0000000000
61378  7.470  -11.530  64.790 0.0000000000
61379  6.671  -11.250  64.868 0.0000000000
61364  6.056  -10.898  65.438 0.0000000000
51423  1.632  -19.125  51.934 0.0000000000
52580  1.797  -18.347  52.141 0.0000000000
54476  -2.163  -16.156  64.675 0.0000000000
54481  13.052  -13.692  63.097 0.0000000000
53468  12.900  -13.758  61.968 0.0000000000
54461  -1.448  -16.373  65.796 0.0000000000
53447  -1.438  -17.039  65.917 0.0000000000
53452  -2.073  -17.071  65.701 0.0000000000
60300  0.175  -11.741  59.491 0.0000000000
60299  0.214  -10.891  58.896 0.0000000000
64671  1.603  -6.581  55.132 0.0000000000
64683  1.843  -7.320  53.467 0.0000000000
57777  0.656  -12.913  67.199 0.0000000000
59044  0.895  -12.337  66.280 0.0000000000
59043  10.106  -12.875  65.050 0.0000000000
59020  9.834  -13.303  65.278 0.0000000000
60143  9.553  -12.818  65.391 0.0000000000
57751  4.998  -13.874  67.487 0.0000000000
57750  5.853  -13.785  66.957 0.0000000000
56535  5.207  -14.263  66.982 0.0000000000
54445  4.624  -15.137  66.275 0.0000000000
55449  4.307  -14.998  66.946 0.0000000000
55450  3.574  -15.390  67.022 0.0000000000
56527  4.271  -14.772  67.788 0.0000000000
59029  2.108  -12.385  66.914 0.0000000000
59001  1.475  -13.061  67.630 0.0000000000
59011  1.390  -12.727  67.318 0.0000000000
66584  -0.262  -5.335  61.226 0.0000000000
65638  -0.267  -6.497  59.845 0.0000000000
71056  0.621  -1.978  59.743 0.0000000000
69896  0.154  -2.846  59.306 0.0000000000
69904  0.289  -2.720  58.293 0.0000000000
51232  -1.745  -19.425  61.829 0.0000000000
56574  -1.469  -14.342  62.362 0.0000000000
57809  -0.985  -14.207  61.995 0.0000000000
57810  -0.384  -13.964  61.624 0.0000000000
60218  0.307  -11.735  64.308 0.0000000000
60219  -0.297  -11.930  64.249 0.0000000000
63554  0.797  -8.410  61.634 0.0000000000
63555  0.207  -8.659  61.770 0.0000000000
64585  -0.159  -8.038  61.755 0.0000000000
51139  1.223  -18.528  66.413 0.0000000000
51158  1.401  -18.547  66.018 0.0000000000
49862  1.105  -18.822  66.271 0.0000000000
48572  -0.739  -21.089  64.313 0.0000000000
47364  -0.100  -21.068  64.098 0.0000000000
53539  -0.162  -17.345  59.319 0.0000000000
54522  0.012  -17.055  58.765 0.0000000000
56639  1.946  -15.448  57.524 0.0000000000
55538  1.934  -16.210  57.166 0.0000000000
55553  1.967  -16.885  56.463 0.0000000000
55537  2.463  -15.558  56.802 0.0000000000
62567  0.729  -9.279  57.456 0.0000000000
60370  2.886  -11.170  53.120 0.0000000000
59184  2.876  -11.624  53.701 0.0000000000
59194  3.628  -12.191  52.872 0.0000000000
57933  3.956  -12.758  52.824 0.0000000000
57934  3.814  -12.272  52.427 0.0000000000
57946  3.647  -12.790  51.513 0.0000000000
59206  3.691  -12.042  51.649 0.0000000000
60410  2.314  -11.057  50.105 0.0000000000
61590  2.253  -10.391  50.098 0.0000000000
73498  2.262  0.284  57.363 0.0000000000
73535  1.758  0.069  55.638 0.0000000000
71142  1.354  -1.597  51.804 0.0000000000
69973  1.926  -2.493  52.560 0.0000000000
68876  2.056  -3.394  51.816 0.0000000000
60174  3.821  -11.741  65.902 0.0000000000
60253  6.437  -11.572  62.584 0.0000000000
61376  9.288  -11.462  64.531 0.0000000000
60171  6.520  -11.100  66.106 0.0000000000
60147  6.420  -11.666  66.570 0.0000000000
59025  5.469  -12.161  66.953 0.0000000000
59007  4.490  -12.509  67.431 0.0000000000
59026  4.881  -12.159  66.903 0.0000000000
60173  4.644  -11.468  66.049 0.0000000000
69870  0.644  -2.613  62.546 0.0000000000
71036  1.628  -1.422  62.138 0.0000000000
71035  1.813  -1.148  61.933 0.0000000000
71046  1.139  -1.378  61.121 0.0000000000
71045  1.767  -1.221  61.617 0.0000000000
54486  -2.048  -16.221  63.869 0.0000000000
56571  -1.549  -14.727  63.787 0.0000000000
62527  1.701  -8.696  60.726 0.0000000000
63562  1.175  -8.222  61.412 0.0000000000
52290  -0.255  -17.415  66.565 0.0000000000
51142  -0.521  -17.947  66.400 0.0000000000
51176  -1.197  -18.204  65.320 0.0000000000
57830  0.401  -13.165  58.790 0.0000000000
57829  0.817  -13.829  58.761 0.0000000000
56605  1.179  -14.565  58.175 0.0000000000
64663  0.890  -7.290  56.538 0.0000000000
63617  0.863  -8.133  56.246 0.0000000000
62597  1.727  -9.195  53.982 0.0000000000
62605  1.739  -8.940  52.732 0.0000000000
64693  1.622  -7.367  52.761 0.0000000000
62604  1.564  -8.686  52.299 0.0000000000
62610  1.573  -8.746  51.962 0.0000000000
62618  1.709  -8.813  51.361 0.0000000000
63651  1.339  -8.289  51.589 0.0000000000
71156  1.049  -0.670  50.995 0.0000000000
69998  2.042  -2.468  50.908 0.0000000000
69997  2.328  -2.528  50.482 0.0000000000
56544  -0.341  -15.064  66.115 0.0000000000
57768  -0.259  -14.522  65.991 0.0000000000
57779  -0.192  -13.865  66.111 0.0000000000
60178  0.574  -12.371  65.756 0.0000000000
60155  0.006  -12.671  65.933 0.0000000000
60200  0.498  -12.147  64.946 0.0000000000
61425  2.480  -10.649  62.685 0.0000000000
61450  2.604  -10.466  62.062 0.0000000000
61470  2.940  -10.529  61.247 0.0000000000
55469  11.657  -14.006  64.942 0.0000000000
55460  9.204  -14.328  65.445 0.0000000000
55459  9.651  -14.320  65.313 0.0000000000
55471  8.992  -14.673  65.395 0.0000000000
59022  8.015  -12.778  66.410 0.0000000000
59003  7.823  -13.326  66.341 0.0000000000
55455  6.446  -14.555  65.941 0.0000000000
56541  7.233  -13.949  66.019 0.0000000000
54457  7.836  -15.628  66.083 0.0000000000
54458  7.021  -15.919  66.237 0.0000000000
54459  6.236  -15.774  65.611 0.0000000000
53450  4.601  -16.443  64.720 0.0000000000
54448  2.781  -16.073  67.053 0.0000000000
53427  2.310  -16.393  67.164 0.0000000000
52279  1.718  -17.424  66.566 0.0000000000
53428  2.016  -16.470  67.259 0.0000000000
58999  3.292  -13.110  68.061 0.0000000000
57745  3.023  -13.874  68.418 0.0000000000
57754  3.001  -13.288  68.039 0.0000000000
56532  0.923  -14.734  68.148 0.0000000000
56531  1.566  -14.682  68.417 0.0000000000
55446  1.092  -15.354  67.930 0.0000000000
54444  0.681  -16.029  67.547 0.0000000000
54449  0.204  -16.027  67.201 0.0000000000
55452  0.135  -15.443  67.205 0.0000000000
56543  -0.186  -14.933  66.654 0.0000000000
63584  -0.053  -8.595  59.753 0.0000000000
64620  -0.356  -8.245  59.866 0.0000000000
65650  -0.408  -7.274  58.767 0.0000000000
64631  -0.164  -7.611  58.392 0.0000000000
65661  -0.283  -6.971  58.391 0.0000000000
67635  -0.009  -4.306  60.422 0.0000000000
67634  0.321  -4.014  60.116 0.0000000000
66631  0.581  -5.054  58.415 0.0000000000
66622  0.518  -5.106  58.760 0.0000000000
65660  0.181  -6.382  58.220 0.0000000000
65671  0.611  -6.232  57.006 0.0000000000
66641  0.682  -5.659  56.939 0.0000000000
67723  0.865  -4.577  56.556 0.0000000000
68830  1.005  -3.713  55.783 0.0000000000
61466  9.904  -11.514  61.405 0.0000000000
55487  15.755  -13.834  63.264 0.0000000000
54478  15.281  -14.365  62.877 0.0000000000
55488  14.981  -14.196  63.431 0.0000000000
60187  17.020  -10.868  64.547 0.0000000000
61369  17.846  -10.114  64.811 0.0000000000
60161  16.904  -10.949  64.760 0.0000000000
60142  17.235  -11.372  64.964 0.0000000000
59037  16.626  -11.610  64.829 0.0000000000
57772  16.918  -12.309  64.525 0.0000000000
59018  16.417  -11.969  64.887 0.0000000000
57788  14.108  -13.099  64.926 0.0000000000
56556  13.442  -13.597  65.104 0.0000000000
60165  12.849  -12.424  64.502 0.0000000000
60166  11.779  -12.454  64.643 0.0000000000
61394  11.323  -11.365  63.734 0.0000000000
61374  11.368  -11.503  64.186 0.0000000000
61419  10.305  -11.412  63.265 0.0000000000
47444  0.114  -22.229  60.275 0.0000000000
51253  -0.367  -19.261  60.273 0.0000000000
52391  -0.170  -17.700  59.930 0.0000000000
53512  -0.155  -17.543  60.373 0.0000000000
52346  -1.500  -18.385  60.967 0.0000000000
55500  -1.331  -15.419  61.217 0.0000000000
54506  -1.025  -16.439  60.897 0.0000000000
59093  -0.080  -12.727  60.162 0.0000000000
57780  -0.440  -14.270  65.541 0.0000000000
60220  -0.644  -12.438  63.985 0.0000000000
59054  -0.778  -13.306  64.459 0.0000000000
59060  -0.873  -13.140  63.634 0.0000000000
61452  0.947  -10.081  62.318 0.0000000000
61453  0.266  -10.222  62.405 0.0000000000
61455  -0.215  -11.294  62.426 0.0000000000
61474  0.170  -11.130  61.729 0.0000000000
63578  -0.301  -8.805  60.255 0.0000000000
63566  -0.480  -8.636  60.393 0.0000000000
65624  0.911  -6.524  61.478 0.0000000000
53460  10.814  -14.212  63.340 0.0000000000
53459  11.321  -14.175  63.216 0.0000000000
48557  1.253  -19.553  64.314 0.0000000000
48547  0.200  -19.471  65.539 0.0000000000
48546  0.658  -19.516  65.319 0.0000000000
47333  0.244  -19.748  65.084 0.0000000000
47425  0.201  -22.116  61.044 0.0000000000
52472  0.012  -19.148  57.312 0.0000000000
52491  0.122  -19.400  56.844 0.0000000000
55515  0.940  -16.126  58.558 0.0000000000
54521  0.470  -16.900  58.385 0.0000000000
54555  1.111  -17.525  56.508 0.0000000000
54544  0.906  -17.695  56.713 0.0000000000
54556  0.946  -17.993  56.556 0.0000000000
53576  0.769  -18.563  56.431 0.0000000000
54570  1.879  -17.389  55.361 0.0000000000
54590  1.474  -17.919  54.833 0.0000000000
54589  2.052  -17.301  54.622 0.0000000000
53599  1.762  -18.073  54.086 0.0000000000
54604  2.042  -17.634  53.753 0.0000000000
61520  0.373  -10.068  58.578 0.0000000000
60333  0.374  -11.188  57.276 0.0000000000
59135  -0.095  -11.916  57.457 0.0000000000
59134  0.404  -11.950  57.352 0.0000000000
57862  1.068  -12.291  57.736 0.0000000000
57877  1.402  -11.957  57.196 0.0000000000
61545  0.942  -9.552  56.780 0.0000000000
57908  2.936  -11.914  55.243 0.0000000000
57894  2.664  -12.171  55.768 0.0000000000
57892  3.405  -14.038  55.918 0.0000000000
56656  3.529  -14.507  55.508 0.0000000000
56696  3.676  -14.592  52.602 0.0000000000
55586  3.649  -15.377  53.104 0.0000000000
55619  3.309  -15.840  51.933 0.0000000000
54615  2.861  -16.412  52.499 0.0000000000
54631  3.003  -16.228  51.704 0.0000000000
54617  2.417  -16.957  51.282 0.0000000000
54632  2.919  -16.294  51.081 0.0000000000
55637  2.492  -15.177  49.853 0.0000000000
55655  2.263  -15.421  49.571 0.0000000000
57971  2.444  -12.909  49.641 0.0000000000
56756  2.191  -14.113  49.054 0.0000000000
72276  2.698  -0.366  58.828 0.0000000000
73482  1.489  -0.198  58.163 0.0000000000
71079  0.392  -1.934  57.916 0.0000000000
72289  0.445  -1.092  57.484 0.0000000000
71104  0.286  -1.724  55.738 0.0000000000
71092  0.019  -2.485  55.986 0.0000000000
71105  0.630  -2.420  55.398 0.0000000000
69943  1.156  -2.985  55.397 0.0000000000
69952  1.574  -2.952  54.868 0.0000000000
72346  1.381  -0.672  53.185 0.0000000000
72331  1.293  -0.702  54.985 0.0000000000
71113  1.819  -1.333  54.295 0.0000000000
68861  2.216  -3.241  53.457 0.0000000000
69961  2.418  -2.721  54.170 0.0000000000
68862  2.210  -3.751  53.974 0.0000000000
67768  2.176  -4.387  53.734 0.0000000000
66697  2.143  -5.950  52.860 0.0000000000
66696  2.367  -5.180  52.830 0.0000000000
67806  2.035  -5.437  51.115 0.0000000000
66709  1.935  -5.669  51.890 0.0000000000
65721  1.454  -6.758  50.709 0.0000000000
64699  1.252  -7.558  51.182 0.0000000000
67821  2.055  -4.702  50.391 0.0000000000
61401  5.338  -11.065  64.487 0.0000000000
61400  5.738  -11.104  64.292 0.0000000000
60232  6.728  -11.583  63.231 0.0000000000
61377  8.347  -11.479  64.647 0.0000000000
60172  5.614  -11.204  66.051 0.0000000000
51434  2.154  -18.545  50.467 0.0000000000
52603  2.550  -17.666  50.445 0.0000000000
53442  -0.868  -16.984  66.006 0.0000000000
51193  -1.464  -18.388  64.812 0.0000000000
52306  -1.945  -17.824  64.940 0.0000000000
57820  0.025  -13.541  59.947 0.0000000000
57831  0.033  -13.148  59.307 0.0000000000
65682  1.315  -6.282  55.695 0.0000000000
64661  1.466  -6.664  55.440 0.0000000000
59012  0.019  -13.413  66.878 0.0000000000
59013  -0.112  -13.468  66.539 0.0000000000
59031  0.316  -12.819  66.678 0.0000000000
60177  1.411  -12.258  65.663 0.0000000000
60273  4.023  -11.158  61.451 0.0000000000
60274  3.368  -10.787  61.342 0.0000000000
60289  3.257  -10.631  60.883 0.0000000000
60288  3.782  -10.719  60.603 0.0000000000
57791  10.795  -13.703  65.008 0.0000000000
56559  10.283  -14.165  65.184 0.0000000000
57774  10.067  -13.747  65.316 0.0000000000
57761  7.078  -13.511  66.405 0.0000000000
58994  6.434  -13.445  66.775 0.0000000000
56534  6.082  -14.077  66.442 0.0000000000
55447  5.983  -14.334  66.245 0.0000000000
54440  3.091  -15.581  67.251 0.0000000000
59009  2.877  -12.698  67.363 0.0000000000
57755  2.124  -13.410  68.007 0.0000000000
59000  1.860  -13.149  67.727 0.0000000000
57756  1.193  -13.474  68.055 0.0000000000
57748  0.727  -14.169  68.206 0.0000000000
56537  0.488  -14.756  67.662 0.0000000000
57757  0.367  -14.016  67.699 0.0000000000
57766  0.207  -13.572  67.232 0.0000000000
64608  -0.382  -7.289  60.063 0.0000000000
66611  -0.008  -5.758  59.505 0.0000000000
68773  0.391  -3.539  60.037 0.0000000000
67702  0.662  -4.356  57.682 0.0000000000
68819  0.651  -3.461  57.081 0.0000000000
56565  16.389  -13.189  63.851 0.0000000000
59053  15.820  -11.752  64.633 0.0000000000
59040  13.835  -12.844  64.910 0.0000000000
60190  13.604  -12.245  64.005 0.0000000000
60210  13.517  -11.877  63.648 0.0000000000
60180  -0.362  -12.700  65.252 0.0000000000
62508  -0.270  -10.166  61.989 0.0000000000
62519  -0.250  -9.934  61.565 0.0000000000
62518  -0.308  -9.326  61.275 0.0000000000
63576  -0.435  -8.985  61.054 0.0000000000
53461  9.519  -14.508  63.863 0.0000000000
53470  10.502  -14.429  62.707 0.0000000000
51137  1.923  -18.062  65.772 0.0000000000
49873  1.764  -18.650  65.328 0.0000000000
49891  1.419  -19.114  65.060 0.0000000000
48558  1.080  -19.628  64.809 0.0000000000
47350  0.428  -20.134  64.610 0.0000000000
47406  0.118  -21.878  62.041 0.0000000000
52447  -0.117  -18.783  58.069 0.0000000000
55525  1.214  -16.021  57.738 0.0000000000
54532  0.795  -16.913  57.380 0.0000000000
55539  1.146  -16.845  56.987 0.0000000000
55573  1.726  -17.249  56.158 0.0000000000
55572  2.152  -17.107  55.682 0.0000000000
55571  2.768  -16.413  55.302 0.0000000000
61532  0.314  -9.990  57.993 0.0000000000
60357  2.211  -10.658  54.580 0.0000000000
59171  1.925  -11.222  55.484 0.0000000000
59169  2.924  -11.915  54.262 0.0000000000
57922  3.692  -12.753  54.034 0.0000000000
57921  3.999  -13.588  53.721 0.0000000000
57932  3.765  -13.779  52.652 0.0000000000
56712  3.388  -14.156  51.538 0.0000000000
56728  3.214  -14.548  50.861 0.0000000000
56713  3.150  -13.709  51.234 0.0000000000
56729  2.719  -14.034  50.675 0.0000000000
57959  3.048  -12.874  50.733 0.0000000000
60399  2.444  -11.024  50.608 0.0000000000
59233  2.405  -12.412  49.521 0.0000000000
73499  1.439  0.045  57.602 0.0000000000
72301  0.832  -0.345  57.029 0.0000000000
72318  0.772  -1.121  55.514 0.0000000000
71123  1.856  -1.245  53.614 0.0000000000
69959  2.272  -1.557  53.788 0.0000000000
69960  2.450  -1.927  53.513 0.0000000000
67786  2.173  -4.024  52.592 0.0000000000
67822  2.043  -5.352  50.608 0.0000000000
60152  2.157  -12.268  66.312 0.0000000000
60175  2.979  -11.989  65.777 0.0000000000
60213  4.980  -11.265  64.420 0.0000000000
60234  4.652  -11.447  63.470 0.0000000000
61359  9.974  -11.764  65.035 0.0000000000
60168  9.308  -11.787  65.793 0.0000000000
60145  8.206  -12.109  66.284 0.0000000000
59023  7.166  -12.449  66.767 0.0000000000
60170  7.416  -11.227  66.044 0.0000000000
60146  7.309  -11.813  66.495 0.0000000000
59005  6.109  -12.840  67.143 0.0000000000
58996  5.070  -13.313  67.598 0.0000000000
58990  4.630  -13.808  67.928 0.0000000000
58991  4.352  -13.626  68.206 0.0000000000
58997  4.442  -13.006  67.951 0.0000000000
58998  3.579  -12.902  68.038 0.0000000000
59008  3.575  -12.553  67.476 0.0000000000
60149  4.662  -11.902  66.600 0.0000000000
60138  3.937  -12.278  66.957 0.0000000000
59027  3.404  -12.423  67.065 0.0000000000
59028  2.867  -12.436  66.952 0.0000000000
67601  -0.242  -4.206  62.094 0.0000000000
67617  -0.408  -4.243  61.314 0.0000000000
68753  -0.259  -3.482  61.660 0.0000000000
69871  0.068  -2.916  61.940 0.0000000000
69882  0.057  -2.863  61.247 0.0000000000
71027  1.160  -1.928  62.507 0.0000000000
71037  0.675  -1.937  61.720 0.0000000000
71048  0.170  -2.536  60.893 0.0000000000
71055  0.937  -1.590  60.341 0.0000000000
53474  -2.324  -17.030  63.498 0.0000000000
54495  -2.107  -16.265  62.952 0.0000000000
56575  -1.538  -14.508  62.629 0.0000000000
61427  1.262  -10.676  62.876 0.0000000000
61488  1.806  -9.117  60.754 0.0000000000
62517  1.121  -9.114  61.509 0.0000000000
63563  1.052  -8.775  61.490 0.0000000000
63553  1.011  -8.171  61.607 0.0000000000
64583  0.944  -7.960  61.662 0.0000000000
64591  1.094  -7.465  61.402 0.0000000000
51126  0.366  -17.604  66.986 0.0000000000
49864  0.385  -18.808  66.542 0.0000000000
49876  -0.140  -19.030  66.063 0.0000000000
48560  -0.155  -19.458  65.304 0.0000000000
51160  -0.811  -18.158  65.856 0.0000000000
49877  -0.508  -18.678  65.723 0.0000000000
49893  -0.380  -19.064  65.386 0.0000000000
47352  -0.703  -20.091  64.696 0.0000000000
47366  -0.937  -20.361  64.589 0.0000000000
48573  -1.101  -20.755  64.432 0.0000000000
55514  1.058  -15.347  58.249 0.0000000000
56621  1.252  -15.225  57.982 0.0000000000
56620  1.643  -14.858  57.782 0.0000000000
57860  1.806  -14.196  57.614 0.0000000000
64650  0.706  -7.391  56.992 0.0000000000
63603  0.742  -8.179  56.780 0.0000000000
61560  1.578  -9.883  54.735 0.0000000000
60371  2.597  -10.675  53.520 0.0000000000
60381  3.102  -11.212  52.602 0.0000000000
59196  3.228  -11.288  52.279 0.0000000000
60382  2.949  -10.721  52.491 0.0000000000
61578  2.428  -10.000  51.137 0.0000000000
62619  2.148  -9.244  50.907 0.0000000000
63660  2.045  -8.970  50.644 0.0000000000
71143  0.933  -0.871  51.386 0.0000000000
70017  2.727  -2.680  50.200 0.0000000000
51406  1.581  -19.056  52.945 0.0000000000
55473  -1.237  -15.691  65.549 0.0000000000
56549  -0.574  -15.126  65.652 0.0000000000
59032  -0.167  -13.120  66.212 0.0000000000
59046  -0.320  -12.955  65.707 0.0000000000
60237  1.584  -11.179  63.487 0.0000000000
60176  2.190  -12.222  65.674 0.0000000000
60198  2.094  -12.134  64.927 0.0000000000
60216  1.880  -11.668  64.179 0.0000000000
61486  3.198  -10.083  60.532 0.0000000000
54469  12.660  -13.933  63.734 0.0000000000
54482  12.188  -13.933  63.362 0.0000000000
54470  11.727  -13.994  63.926 0.0000000000
54471  10.773  -14.017  64.033 0.0000000000
55470  10.146  -14.220  65.098 0.0000000000
55482  10.312  -14.212  64.603 0.0000000000
54472  10.013  -14.397  64.416 0.0000000000
54473  9.206  -14.821  64.657 0.0000000000
54474  8.215  -15.318  65.213 0.0000000000
59021  8.719  -13.226  65.834 0.0000000000
57776  8.436  -13.715  65.806 0.0000000000
56539  8.201  -13.845  65.842 0.0000000000
57760  7.795  -13.695  66.133 0.0000000000
56540  7.944  -14.073  65.923 0.0000000000
55461  8.141  -14.596  65.650 0.0000000000
54464  7.975  -15.610  65.630 0.0000000000
54475  7.856  -15.975  65.433 0.0000000000
53455  7.270  -15.750  64.918 0.0000000000
53443  5.921  -15.915  65.357 0.0000000000
52297  2.541  -17.759  65.661 0.0000000000
52289  1.718  -17.785  66.240 0.0000000000
51123  1.470  -18.012  66.443 0.0000000000
51124  1.204  -17.962  66.838 0.0000000000
57744  3.709  -14.100  68.473 0.0000000000
56529  3.018  -14.650  68.259 0.0000000000
55444  2.371  -15.247  67.886 0.0000000000
57746  2.212  -13.923  68.457 0.0000000000
54442  1.828  -15.916  67.549 0.0000000000
53429  1.351  -16.699  67.264 0.0000000000
52273  0.940  -17.006  67.119 0.0000000000
52281  0.675  -17.170  67.001 0.0000000000
52282  0.217  -17.281  66.825 0.0000000000
53436  0.048  -16.703  66.714 0.0000000000
53441  -0.395  -16.851  66.370 0.0000000000
55457  -0.159  -15.558  66.687 0.0000000000
54455  -0.440  -16.298  66.233 0.0000000000
62536  0.402  -9.210  59.136 0.0000000000
64619  -0.352  -7.795  59.350 0.0000000000
63597  0.199  -8.313  58.084 0.0000000000
64642  0.252  -7.544  57.598 0.0000000000
67657  0.337  -4.193  59.790 0.0000000000
67681  0.273  -5.243  59.285 0.0000000000
66656  0.830  -6.352  56.608 0.0000000000
65683  0.931  -6.721  56.455 0.0000000000
67703  0.735  -5.041  57.206 0.0000000000
66668  1.462  -5.360  55.173 0.0000000000
61421  8.305  -11.685  63.405 0.0000000000
61447  8.203  -11.416  62.712 0.0000000000
60268  9.130  -11.423  61.050 0.0000000000
54468  13.588  -13.854  63.471 0.0000000000
60160  17.895  -10.884  65.201 0.0000000000
56553  16.309  -12.950  64.073 0.0000000000
56566  15.867  -13.200  63.974 0.0000000000
59038  15.864  -12.064  64.736 0.0000000000
55465  15.205  -13.445  64.126 0.0000000000
55466  14.766  -13.502  64.231 0.0000000000
55479  13.244  -13.959  64.171 0.0000000000
55468  12.855  -14.122  64.934 0.0000000000
57789  13.065  -13.334  65.372 0.0000000000
57790  11.856  -13.525  65.169 0.0000000000
60211  12.747  -11.769  63.686 0.0000000000
61373  12.121  -11.620  64.083 0.0000000000
60193  10.659  -11.806  64.586 0.0000000000
61396  9.318  -11.625  63.937 0.0000000000
50015  -0.189  -20.138  59.649 0.0000000000
52418  -0.334  -17.545  59.604 0.0000000000
53526  0.555  -17.243  60.120 0.0000000000
56567  -1.214  -14.889  64.594 0.0000000000
60241  -0.561  -12.118  63.088 0.0000000000
64610  -0.450  -8.449  60.041 0.0000000000
64594  -0.529  -8.334  60.334 0.0000000000
66569  0.083  -4.977  62.083 0.0000000000
61448  7.625  -11.509  62.716 0.0000000000
54494  11.917  -14.006  63.103 0.0000000000
53469  11.713  -14.233  62.712 0.0000000000
53481  11.390  -14.599  61.747 0.0000000000
48545  1.030  -19.456  65.256 0.0000000000
47348  1.001  -20.016  64.291 0.0000000000
47362  1.119  -20.750  63.769 0.0000000000
54534  0.192  -17.386  58.193 0.0000000000
53552  0.344  -17.755  57.660 0.0000000000
53551  0.659  -17.479  57.220 0.0000000000
52471  0.355  -18.836  56.899 0.0000000000
52490  0.473  -19.180  56.526 0.0000000000
53585  1.164  -18.310  55.244 0.0000000000
52579  1.899  -18.189  52.734 0.0000000000
59120  -0.204  -12.045  58.166 0.0000000000
57846  0.423  -12.422  58.068 0.0000000000
57861  1.572  -13.652  57.800 0.0000000000
57875  2.128  -13.822  57.297 0.0000000000
60332  0.979  -10.503  56.796 0.0000000000
59159  1.580  -11.360  56.259 0.0000000000
59146  1.618  -11.744  56.776 0.0000000000
56657  2.919  -14.860  56.258 0.0000000000
55551  3.330  -15.495  55.510 0.0000000000
55570  3.358  -15.853  54.586 0.0000000000
56670  3.807  -14.871  53.939 0.0000000000
55569  3.729  -15.312  53.884 0.0000000000
54588  2.626  -16.645  53.823 0.0000000000
54603  2.424  -17.036  53.303 0.0000000000
53612  2.119  -17.765  53.059 0.0000000000
53627  2.234  -17.577  51.378 0.0000000000
53628  2.389  -17.268  50.703 0.0000000000
57972  2.575  -13.101  50.106 0.0000000000
56742  2.394  -14.415  49.891 0.0000000000
55673  2.196  -15.209  49.309 0.0000000000
72251  2.060  -1.076  60.889 0.0000000000
72262  2.366  -0.720  59.733 0.0000000000
72264  0.788  -1.614  59.261 0.0000000000
69930  0.517  -2.845  56.546 0.0000000000
67751  1.705  -4.345  54.749 0.0000000000
72332  0.904  -1.163  55.089 0.0000000000
71114  1.055  -1.729  54.914 0.0000000000
69951  1.709  -2.467  54.695 0.0000000000
66684  2.048  -5.177  53.968 0.0000000000
65707  1.685  -6.726  52.558 0.0000000000
65714  1.631  -6.274  52.091 0.0000000000
65706  1.424  -6.926  52.098 0.0000000000
63669  1.942  -8.826  50.496 0.0000000000
65728  1.481  -6.915  50.142 0.0000000000
62626  2.087  -9.095  50.157 0.0000000000
48561  -0.510  -19.514  64.896 0.0000000000
48585  -0.613  -21.316  64.039 0.0000000000
48586  -0.984  -21.339  64.040 0.0000000000
49863  0.882  -18.865  66.414 0.0000000000
49892  1.206  -19.282  65.265 0.0000000000
51125  0.687  -17.793  67.063 0.0000000000
51157  1.663  -18.430  65.721 0.0000000000
52272  1.146  -16.999  67.126 0.0000000000
52280  1.190  -17.239  67.035 0.0000000000
52288  2.323  -17.508  66.054 0.0000000000
52366  -0.027  -17.605  60.267 0.0000000000
52392  -0.466  -18.497  59.832 0.0000000000
52552  1.871  -18.281  53.227 0.0000000000
53430  0.872  -16.606  67.282 0.0000000000
53432  2.456  -16.728  66.769 0.0000000000
53433  1.683  -16.954  67.043 0.0000000000
53448  7.038  -16.316  65.331 0.0000000000
53449  6.223  -16.194  65.316 0.0000000000
53538  0.208  -17.435  59.789 0.0000000000
53565  0.801  -17.625  56.891 0.0000000000
53613  1.953  -17.924  53.631 0.0000000000
54443  1.234  -16.015  67.670 0.0000000000
54466  6.697  -16.225  65.900 0.0000000000
54485  9.796  -14.489  64.242 0.0000000000
54492  13.495  -13.817  62.442 0.0000000000
54587  2.835  -16.399  53.585 0.0000000000
54616  2.555  -16.942  52.126 0.0000000000
55441  4.107  -15.037  67.496 0.0000000000
55442  3.743  -15.145  67.566 0.0000000000
55453  7.936  -14.319  65.819 0.0000000000
55454  7.574  -14.440  65.813 0.0000000000
55587  3.090  -16.066  53.690 0.0000000000
55589  2.406  -16.902  55.050 0.0000000000
55603  3.559  -15.328  52.254 0.0000000000
55604  3.241  -15.947  52.779 0.0000000000
55634  3.501  -15.204  51.172 0.0000000000
55635  3.405  -15.519  51.078 0.0000000000
55638  2.404  -14.793  50.172 0.0000000000
56528  3.720  -14.771  68.179 0.0000000000
56536  4.649  -14.417  67.451 0.0000000000
56542  6.623  -14.026  66.106 0.0000000000
56545  10.412  -13.962  65.237 0.0000000000
56548  8.152  -14.050  65.756 0.0000000000
56554  15.433  -13.194  64.278 0.0000000000
56579  -1.396  -14.335  62.110 0.0000000000
56591  0.953  -14.389  58.610 0.0000000000
56619  1.952  -14.438  57.487 0.0000000000
56683  3.795  -14.643  53.498 0.0000000000
56684  3.924  -14.194  53.732 0.0000000000
56697  3.586  -14.178  52.079 0.0000000000
56711  3.578  -14.754  51.739 0.0000000000
56714  3.032  -13.438  51.040 0.0000000000
56726  3.564  -15.018  51.333 0.0000000000
56727  3.506  -14.830  51.172 0.0000000000
56774  2.142  -14.544  48.993 0.0000000000
56775  2.182  -14.797  48.806 0.0000000000
57742  4.537  -14.026  68.009 0.0000000000
57743  4.336  -14.235  68.234 0.0000000000
57749  6.425  -13.670  66.569 0.0000000000
57753  3.276  -13.022  67.968 0.0000000000
57758  -0.016  -14.293  67.117 0.0000000000
57759  8.070  -13.817  66.000 0.0000000000
57762  3.248  -12.870  67.772 0.0000000000
57764  2.379  -13.003  67.622 0.0000000000
57773  16.269  -12.270  64.692 0.0000000000
57804  -1.259  -14.224  62.279 0.0000000000
57844  1.246  -13.988  58.061 0.0000000000
57907  3.220  -12.305  54.930 0.0000000000
57931  3.746  -14.219  53.009 0.0000000000
57944  3.599  -13.838  52.026 0.0000000000
57947  3.577  -12.283  51.192 0.0000000000
58993  3.318  -13.305  68.200 0.0000000000
59017  16.959  -11.912  64.897 0.0000000000
59019  10.411  -13.502  65.090 0.0000000000
59045  0.489  -12.540  66.268 0.0000000000
59148  0.318  -11.655  57.282 0.0000000000
60233  5.759  -11.340  63.643 0.0000000000
60252  7.196  -11.569  62.619 0.0000000000
60257  2.753  -10.666  62.604 0.0000000000
60427  2.298  -11.030  49.846 0.0000000000
61356  18.597  -11.186  65.042 0.0000000000
61381  5.303  -10.948  64.711 0.0000000000
61424  5.968  -11.194  63.951 0.0000000000
61467  8.787  -11.134  61.882 0.0000000000
61468  7.954  -11.209  62.135 0.0000000000
62528  -0.422  -9.238  60.956 0.0000000000
63577  -0.403  -9.167  60.810 0.0000000000
63644  1.472  -8.362  52.260 0.0000000000
65672  0.620  -6.723  57.100 0.0000000000
65681  1.378  -6.436  55.558 0.0000000000
66682  2.338  -4.524  52.942 0.0000000000
66683  2.314  -4.680  53.263 0.0000000000
66695  2.331  -4.601  52.823 0.0000000000
67680  0.482  -4.644  58.964 0.0000000000
67767  2.224  -4.342  53.155 0.0000000000
67788  2.208  -4.148  54.093 0.0000000000
68774  0.179  -3.577  60.494 0.0000000000
68805  0.489  -3.355  57.784 0.0000000000
68843  2.453  -3.086  54.039 0.0000000000
68844  2.021  -3.378  54.382 0.0000000000
69949  2.306  -1.636  54.097 0.0000000000
71038  0.220  -2.325  61.239 0.0000000000
71112  2.118  -1.498  54.206 0.0000000000
71122  2.142  -1.416  53.981 0.0000000000
