#!ascii label  , from subject 3592 vox2ras=TkReg
1375
67017  -43.761  -37.793  46.865 0.0000000000
87459  -53.797  -20.619  44.698 0.0000000000
77921  -48.841  -28.605  44.985 0.0000000000
35854  -13.124  -64.114  63.481 0.0000000000
64668  -39.367  -40.552  53.121 0.0000000000
45594  -27.331  -55.940  61.460 0.0000000000
48073  -35.957  -53.775  59.737 0.0000000000
56493  -39.620  -46.759  57.569 0.0000000000
61142  -41.373  -43.041  57.558 0.0000000000
44451  -20.042  -56.695  59.568 0.0000000000
45568  -23.327  -55.704  63.132 0.0000000000
48089  -23.474  -54.283  59.231 0.0000000000
49349  -32.479  -52.343  55.578 0.0000000000
53003  -35.267  -49.730  56.903 0.0000000000
65776  -47.255  -38.952  53.933 0.0000000000
69449  -49.598  -35.599  50.818 0.0000000000
83976  -50.906  -23.567  44.852 0.0000000000
73123  -46.124  -33.276  45.114 0.0000000000
88738  -52.640  -20.406  39.431 0.0000000000
31782  -10.297  -66.386  64.537 0.0000000000
64613  -43.655  -40.661  56.169 0.0000000000
64750  -41.288  -39.894  50.046 0.0000000000
48143  -27.820  -54.273  56.872 0.0000000000
45641  -32.272  -56.194  59.624 0.0000000000
71923  -52.908  -32.924  48.669 0.0000000000
88778  -60.391  -19.410  36.899 0.0000000000
56528  -37.569  -46.457  55.438 0.0000000000
58718  -39.114  -44.690  55.539 0.0000000000
45638  -21.529  -55.043  59.448 0.0000000000
54232  -33.579  -48.725  54.855 0.0000000000
55390  -35.144  -47.840  54.831 0.0000000000
55355  -37.300  -47.805  56.739 0.0000000000
65827  -45.626  -38.564  50.279 0.0000000000
66958  -48.289  -37.521  52.357 0.0000000000
68209  -46.843  -36.716  49.185 0.0000000000
86293  -51.900  -21.904  45.159 0.0000000000
83970  -53.788  -23.660  46.934 0.0000000000
89928  -55.672  -18.716  44.083 0.0000000000
37180  -11.788  -63.495  60.865 0.0000000000
33141  -11.961  -65.431  64.298 0.0000000000
63543  -40.335  -40.861  55.257 0.0000000000
62381  -42.179  -41.393  57.490 0.0000000000
64626  -41.913  -40.528  54.685 0.0000000000
64672  -43.389  -40.317  53.090 0.0000000000
64699  -40.656  -40.587  51.865 0.0000000000
45570  -25.013  -55.523  62.853 0.0000000000
44377  -24.831  -56.408  64.981 0.0000000000
44394  -26.961  -56.290  64.459 0.0000000000
44397  -29.121  -56.775  62.750 0.0000000000
49324  -25.559  -53.576  55.701 0.0000000000
50547  -28.112  -52.836  54.598 0.0000000000
48123  -34.461  -53.412  57.912 0.0000000000
46922  -32.305  -54.855  57.393 0.0000000000
45643  -34.276  -55.734  59.374 0.0000000000
44441  -34.149  -56.958  61.484 0.0000000000
40822  -17.077  -60.128  60.939 0.0000000000
39591  -18.447  -60.457  63.363 0.0000000000
38394  -18.574  -61.479  65.694 0.0000000000
75455  -47.468  -31.127  44.679 0.0000000000
73094  -49.048  -33.353  47.102 0.0000000000
75422  -50.920  -30.551  47.094 0.0000000000
90030  -62.663  -17.898  35.376 0.0000000000
34479  -13.397  -65.515  66.801 0.0000000000
55317  -41.273  -46.824  60.082 0.0000000000
57541  -42.387  -45.040  59.454 0.0000000000
58693  -40.719  -44.748  57.315 0.0000000000
62392  -39.072  -42.599  55.622 0.0000000000
43278  -19.524  -57.640  60.981 0.0000000000
43258  -21.285  -57.215  63.034 0.0000000000
44433  -21.546  -56.191  61.207 0.0000000000
46824  -22.965  -55.175  60.789 0.0000000000
46851  -25.165  -55.135  60.488 0.0000000000
50548  -29.944  -52.261  54.287 0.0000000000
51798  -31.683  -50.756  54.203 0.0000000000
51738  -33.762  -50.948  56.518 0.0000000000
50496  -35.850  -51.838  58.199 0.0000000000
51717  -37.064  -50.428  58.908 0.0000000000
54161  -39.393  -48.798  59.279 0.0000000000
43331  -18.409  -57.791  58.855 0.0000000000
65745  -47.857  -38.922  57.048 0.0000000000
68016  -48.993  -37.052  58.712 0.0000000000
66904  -49.456  -37.272  55.572 0.0000000000
68121  -50.729  -35.853  54.222 0.0000000000
80301  -49.969  -26.533  44.798 0.0000000000
77889  -51.834  -28.510  47.009 0.0000000000
81466  -52.869  -25.542  46.929 0.0000000000
24776  -6.055  -71.635  67.878 0.0000000000
69530  -44.973  -35.653  46.039 0.0000000000
75471  -45.286  -31.241  43.412 0.0000000000
80325  -47.405  -26.398  43.451 0.0000000000
82737  -48.153  -24.307  43.383 0.0000000000
85201  -49.952  -23.309  42.849 0.0000000000
86324  -51.488  -22.266  42.192 0.0000000000
87490  -54.040  -21.098  41.437 0.0000000000
86360  -50.850  -21.589  39.346 0.0000000000
31748  -10.901  -66.998  67.992 0.0000000000
30348  -9.430  -67.905  68.979 0.0000000000
27555  -6.759  -69.758  69.732 0.0000000000
63453  -45.908  -39.991  61.574 0.0000000000
61128  -43.155  -42.614  60.073 0.0000000000
64541  -44.373  -40.948  59.528 0.0000000000
64589  -45.823  -40.059  58.636 0.0000000000
63564  -45.288  -40.285  54.765 0.0000000000
64702  -44.252  -40.112  51.937 0.0000000000
65841  -43.068  -38.926  48.361 0.0000000000
44374  -22.007  -56.981  65.328 0.0000000000
48118  -26.027  -54.432  58.085 0.0000000000
46877  -27.939  -54.974  59.284 0.0000000000
48164  -29.941  -53.908  56.023 0.0000000000
48122  -29.907  -54.814  58.162 0.0000000000
45597  -29.425  -55.950  60.887 0.0000000000
43266  -31.613  -57.315  61.918 0.0000000000
37195  -13.487  -62.855  60.563 0.0000000000
38440  -15.696  -61.722  60.263 0.0000000000
37169  -15.286  -63.083  62.625 0.0000000000
70751  -47.884  -34.837  47.698 0.0000000000
70710  -50.925  -34.777  49.790 0.0000000000
73020  -54.399  -33.281  51.486 0.0000000000
75406  -53.331  -30.460  48.215 0.0000000000
89942  -55.291  -19.381  41.588 0.0000000000
89957  -56.536  -18.178  40.517 0.0000000000
91163  -58.780  -17.372  40.418 0.0000000000
88759  -58.182  -19.779  38.446 0.0000000000
92273  -61.590  -16.249  38.582 0.0000000000
57615  -36.564  -45.669  54.158 0.0000000000
58731  -37.451  -44.786  54.307 0.0000000000
58746  -36.437  -44.821  53.191 0.0000000000
55399  -34.668  -47.509  54.212 0.0000000000
56539  -35.323  -46.905  53.951 0.0000000000
56526  -36.529  -47.134  54.853 0.0000000000
65843  -44.615  -38.444  48.751 0.0000000000
66976  -45.827  -37.837  49.997 0.0000000000
67005  -45.448  -37.468  48.516 0.0000000000
86294  -52.837  -21.732  45.145 0.0000000000
86272  -53.156  -21.884  46.166 0.0000000000
87443  -53.614  -20.373  46.186 0.0000000000
88669  -54.234  -19.514  46.196 0.0000000000
88689  -54.653  -19.828  44.597 0.0000000000
35877  -12.616  -63.835  61.785 0.0000000000
34537  -11.583  -64.709  62.317 0.0000000000
34528  -12.674  -64.474  63.539 0.0000000000
63559  -39.642  -40.908  54.435 0.0000000000
63544  -41.200  -40.543  55.164 0.0000000000
64646  -40.710  -40.564  53.817 0.0000000000
64670  -40.941  -40.534  52.856 0.0000000000
63603  -40.282  -40.662  52.368 0.0000000000
40770  -19.480  -59.527  64.341 0.0000000000
45571  -25.949  -55.686  62.577 0.0000000000
45555  -25.602  -55.457  63.685 0.0000000000
45572  -27.074  -56.347  62.213 0.0000000000
44396  -28.284  -56.691  63.486 0.0000000000
45573  -27.959  -56.189  62.135 0.0000000000
49272  -35.333  -53.106  58.522 0.0000000000
46906  -34.366  -54.128  58.024 0.0000000000
46884  -35.394  -54.752  59.295 0.0000000000
45644  -35.257  -55.668  59.594 0.0000000000
42059  -19.105  -58.996  61.943 0.0000000000
40785  -19.084  -59.978  63.270 0.0000000000
39582  -18.969  -60.368  64.517 0.0000000000
65676  -47.104  -38.969  61.669 0.0000000000
75475  -48.130  -29.741  44.716 0.0000000000
75441  -48.881  -30.580  45.791 0.0000000000
76664  -49.823  -29.444  45.922 0.0000000000
56473  -40.191  -46.957  57.998 0.0000000000
56475  -41.504  -46.268  58.798 0.0000000000
57573  -40.522  -45.952  57.543 0.0000000000
59911  -38.949  -43.648  55.638 0.0000000000
62402  -37.859  -42.136  54.517 0.0000000000
63541  -38.368  -41.699  54.501 0.0000000000
43296  -19.803  -57.164  60.197 0.0000000000
43279  -20.359  -57.307  61.139 0.0000000000
44452  -20.560  -56.326  60.085 0.0000000000
46875  -22.524  -54.493  59.256 0.0000000000
46847  -22.004  -54.819  59.802 0.0000000000
46876  -22.987  -54.554  59.721 0.0000000000
46850  -24.281  -54.732  60.509 0.0000000000
48069  -23.994  -54.548  59.737 0.0000000000
51815  -31.558  -50.307  53.408 0.0000000000
53048  -34.602  -49.113  55.436 0.0000000000
53027  -33.770  -50.123  55.654 0.0000000000
51739  -34.438  -50.637  56.877 0.0000000000
50512  -34.957  -51.897  57.353 0.0000000000
51740  -35.390  -50.632  57.425 0.0000000000
51716  -36.472  -50.604  58.621 0.0000000000
53004  -36.182  -49.708  57.612 0.0000000000
55378  -38.241  -47.498  56.966 0.0000000000
54200  -38.470  -48.486  57.822 0.0000000000
55336  -39.275  -47.869  58.130 0.0000000000
55302  -40.509  -48.137  60.052 0.0000000000
43310  -19.575  -57.103  59.245 0.0000000000
65764  -47.225  -39.153  54.783 0.0000000000
65755  -48.393  -38.592  56.230 0.0000000000
66920  -47.865  -38.377  54.157 0.0000000000
68194  -48.159  -36.511  51.007 0.0000000000
68143  -49.473  -36.541  52.837 0.0000000000
69398  -50.143  -35.953  52.526 0.0000000000
69373  -51.740  -35.034  54.023 0.0000000000
69425  -50.859  -35.281  52.126 0.0000000000
81491  -50.852  -25.423  45.169 0.0000000000
80303  -51.440  -25.958  45.409 0.0000000000
81482  -51.969  -25.387  45.830 0.0000000000
83942  -54.847  -23.570  48.217 0.0000000000
81498  -47.826  -25.542  43.683 0.0000000000
82736  -47.289  -24.853  43.236 0.0000000000
84030  -48.791  -23.723  42.139 0.0000000000
85220  -49.269  -23.416  41.622 0.0000000000
86323  -50.684  -22.577  42.637 0.0000000000
85222  -51.071  -22.676  41.175 0.0000000000
86338  -51.828  -22.290  40.950 0.0000000000
33150  -10.507  -65.714  63.265 0.0000000000
30385  -8.807  -67.598  65.776 0.0000000000
33101  -13.044  -66.073  68.164 0.0000000000
31763  -12.407  -66.181  66.809 0.0000000000
33094  -11.965  -66.364  68.911 0.0000000000
30326  -9.907  -68.325  70.025 0.0000000000
27557  -8.673  -69.705  70.340 0.0000000000
28889  -8.050  -69.141  69.595 0.0000000000
26158  -7.711  -70.917  69.480 0.0000000000
21916  -7.023  -72.842  68.831 0.0000000000
58682  -42.142  -44.079  58.690 0.0000000000
59849  -43.199  -43.587  60.464 0.0000000000
61144  -42.618  -42.622  59.027 0.0000000000
64586  -43.237  -40.623  57.406 0.0000000000
63490  -43.805  -41.267  58.582 0.0000000000
64587  -44.049  -40.539  57.818 0.0000000000
64567  -45.041  -40.183  59.274 0.0000000000
64600  -44.665  -40.384  57.275 0.0000000000
64615  -45.526  -40.425  56.285 0.0000000000
63531  -44.790  -40.781  55.948 0.0000000000
64701  -42.883  -40.369  51.911 0.0000000000
64673  -44.584  -40.230  53.227 0.0000000000
64729  -43.421  -39.732  50.847 0.0000000000
64752  -43.488  -39.351  49.908 0.0000000000
64751  -42.480  -39.528  49.855 0.0000000000
44413  -21.506  -56.653  62.412 0.0000000000
44392  -21.943  -56.855  63.834 0.0000000000
44393  -22.929  -56.162  63.818 0.0000000000
49305  -27.133  -53.877  56.381 0.0000000000
49304  -26.080  -54.082  56.411 0.0000000000
48142  -26.639  -54.306  57.167 0.0000000000
48092  -26.392  -54.978  58.760 0.0000000000
48120  -28.134  -54.858  57.906 0.0000000000
50550  -31.442  -51.915  54.759 0.0000000000
49346  -29.689  -52.944  54.686 0.0000000000
48172  -30.823  -53.452  55.599 0.0000000000
45655  -32.568  -55.623  58.778 0.0000000000
46921  -31.340  -54.879  57.617 0.0000000000
46881  -30.867  -55.506  59.223 0.0000000000
46856  -30.309  -55.249  59.838 0.0000000000
44468  -30.672  -56.193  60.033 0.0000000000
44437  -30.464  -56.541  60.998 0.0000000000
44456  -31.958  -56.806  60.430 0.0000000000
51662  -37.841  -50.862  61.347 0.0000000000
38441  -16.444  -61.196  60.539 0.0000000000
38428  -15.855  -62.073  61.407 0.0000000000
37184  -15.183  -62.595  61.464 0.0000000000
38380  -18.250  -62.187  66.791 0.0000000000
70783  -45.721  -34.658  45.673 0.0000000000
69532  -46.325  -35.538  46.685 0.0000000000
71938  -47.239  -34.413  46.823 0.0000000000
71942  -50.416  -33.060  47.578 0.0000000000
71921  -50.723  -34.054  48.584 0.0000000000
71906  -51.944  -34.335  49.678 0.0000000000
71894  -52.520  -34.371  50.728 0.0000000000
71896  -53.754  -33.475  49.969 0.0000000000
79054  -52.951  -28.027  48.008 0.0000000000
76626  -52.840  -29.456  47.906 0.0000000000
76628  -54.522  -29.582  48.793 0.0000000000
87498  -53.035  -21.291  40.280 0.0000000000
88721  -54.531  -20.238  41.326 0.0000000000
88730  -54.308  -19.902  40.224 0.0000000000
89968  -55.223  -19.196  39.744 0.0000000000
89969  -56.040  -18.956  39.894 0.0000000000
89958  -57.570  -17.974  40.465 0.0000000000
89970  -57.064  -18.714  39.816 0.0000000000
88797  -59.075  -19.710  36.143 0.0000000000
88776  -58.554  -19.877  37.208 0.0000000000
88777  -59.621  -19.698  37.179 0.0000000000
89980  -60.412  -18.128  38.507 0.0000000000
91202  -61.166  -17.559  37.224 0.0000000000
91203  -61.820  -17.011  36.751 0.0000000000
90032  -64.120  -17.339  35.075 0.0000000000
57587  -38.282  -46.304  55.842 0.0000000000
57599  -39.184  -45.603  55.828 0.0000000000
57598  -38.269  -45.835  55.586 0.0000000000
45637  -20.983  -55.519  59.509 0.0000000000
54254  -33.437  -48.265  54.141 0.0000000000
54233  -34.490  -48.415  55.058 0.0000000000
54217  -35.128  -48.823  55.601 0.0000000000
54197  -35.938  -48.850  56.760 0.0000000000
55375  -36.201  -47.637  55.761 0.0000000000
55377  -37.810  -47.450  56.560 0.0000000000
65789  -46.188  -39.141  51.959 0.0000000000
65791  -47.564  -38.294  52.414 0.0000000000
66955  -46.365  -37.844  50.460 0.0000000000
68166  -47.321  -36.886  50.702 0.0000000000
69447  -48.123  -35.833  50.069 0.0000000000
85177  -51.380  -22.573  45.042 0.0000000000
83967  -52.137  -23.546  45.519 0.0000000000
85170  -52.654  -22.443  45.916 0.0000000000
85161  -54.262  -22.481  47.185 0.0000000000
91127  -56.305  -18.191  43.189 0.0000000000
33163  -10.918  -65.217  62.641 0.0000000000
33140  -11.053  -65.856  64.249 0.0000000000
62394  -40.875  -42.082  56.437 0.0000000000
62380  -41.467  -41.797  57.413 0.0000000000
62395  -41.434  -41.612  56.717 0.0000000000
63528  -42.386  -40.531  56.224 0.0000000000
64612  -42.880  -40.255  55.869 0.0000000000
64628  -43.513  -40.569  55.405 0.0000000000
64648  -42.614  -40.402  54.013 0.0000000000
64671  -42.194  -40.469  52.945 0.0000000000
64727  -41.040  -40.425  50.990 0.0000000000
45569  -24.124  -55.261  62.687 0.0000000000
45553  -23.938  -55.655  63.658 0.0000000000
45554  -24.714  -55.272  63.717 0.0000000000
45543  -26.090  -55.957  64.379 0.0000000000
44382  -29.071  -57.192  63.998 0.0000000000
49343  -27.104  -52.957  55.157 0.0000000000
49327  -28.245  -53.434  55.743 0.0000000000
49307  -33.283  -53.287  56.794 0.0000000000
48166  -32.331  -53.924  56.112 0.0000000000
46924  -33.910  -54.079  57.570 0.0000000000
45656  -33.342  -55.459  58.481 0.0000000000
45642  -33.330  -55.797  59.266 0.0000000000
45622  -33.110  -56.280  59.970 0.0000000000
44472  -34.584  -56.247  59.811 0.0000000000
40841  -17.647  -59.395  60.137 0.0000000000
40823  -17.718  -59.677  61.024 0.0000000000
39590  -17.873  -60.995  63.160 0.0000000000
38415  -17.441  -61.437  63.620 0.0000000000
38416  -18.307  -60.965  63.795 0.0000000000
73125  -47.243  -32.115  45.620 0.0000000000
73109  -47.416  -32.929  46.072 0.0000000000
74276  -47.920  -31.902  45.986 0.0000000000
74262  -50.022  -31.747  46.975 0.0000000000
74247  -51.304  -31.503  47.705 0.0000000000
88752  -51.519  -20.238  38.641 0.0000000000
88739  -53.494  -20.228  39.450 0.0000000000
88769  -51.826  -19.342  37.816 0.0000000000
88798  -60.175  -19.685  36.090 0.0000000000
88800  -61.800  -18.364  35.921 0.0000000000
88816  -60.870  -19.391  35.166 0.0000000000
90042  -61.590  -18.823  33.767 0.0000000000
35844  -13.902  -63.965  64.343 0.0000000000
34504  -12.959  -64.584  64.949 0.0000000000
57512  -42.811  -45.470  62.232 0.0000000000
57528  -41.920  -46.029  59.850 0.0000000000
58674  -41.909  -44.915  58.901 0.0000000000
59881  -41.241  -43.782  57.622 0.0000000000
58706  -39.901  -44.744  56.120 0.0000000000
59897  -40.180  -43.754  56.789 0.0000000000
61180  -40.071  -42.927  56.590 0.0000000000
63525  -39.666  -41.712  55.462 0.0000000000
63542  -39.381  -41.434  55.030 0.0000000000
42060  -19.691  -58.542  62.204 0.0000000000
43239  -20.363  -57.992  63.385 0.0000000000
43257  -20.551  -57.579  62.415 0.0000000000
44412  -20.894  -56.793  61.655 0.0000000000
44434  -22.243  -56.059  61.846 0.0000000000
45616  -21.613  -55.435  60.279 0.0000000000
45590  -22.262  -55.473  61.109 0.0000000000
45591  -23.124  -55.411  61.967 0.0000000000
46805  -24.208  -54.789  61.978 0.0000000000
46826  -24.629  -54.849  61.382 0.0000000000
46852  -26.266  -55.237  60.335 0.0000000000
51797  -30.980  -51.162  53.945 0.0000000000
50551  -32.249  -51.722  55.256 0.0000000000
53046  -33.228  -49.942  54.808 0.0000000000
51761  -32.910  -50.961  55.565 0.0000000000
50530  -32.811  -51.893  55.706 0.0000000000
50511  -33.925  -51.581  56.794 0.0000000000
50495  -35.401  -52.374  57.903 0.0000000000
49273  -35.917  -52.708  58.856 0.0000000000
49264  -37.015  -52.527  60.377 0.0000000000
50483  -36.719  -51.656  59.988 0.0000000000
51681  -36.892  -50.934  60.289 0.0000000000
52942  -38.351  -50.478  60.454 0.0000000000
53005  -37.290  -49.311  57.798 0.0000000000
52965  -38.826  -49.595  59.494 0.0000000000
54140  -39.288  -49.335  59.882 0.0000000000
54142  -40.804  -48.637  61.082 0.0000000000
42101  -18.249  -58.785  60.207 0.0000000000
64591  -47.586  -39.087  58.617 0.0000000000
65739  -48.727  -38.056  58.143 0.0000000000
66875  -49.384  -37.253  57.149 0.0000000000
68055  -50.373  -36.290  56.731 0.0000000000
66921  -48.605  -37.705  53.874 0.0000000000
68095  -49.702  -36.864  54.925 0.0000000000
79106  -49.805  -27.410  45.012 0.0000000000
77906  -50.570  -28.641  45.842 0.0000000000
79091  -50.897  -27.582  45.901 0.0000000000
80268  -51.900  -27.030  46.709 0.0000000000
79055  -53.720  -27.490  48.364 0.0000000000
82690  -53.371  -24.790  47.192 0.0000000000
81452  -54.056  -26.093  48.162 0.0000000000
68250  -42.953  -36.980  45.638 0.0000000000
68252  -44.612  -36.505  46.353 0.0000000000
69542  -43.953  -35.751  45.082 0.0000000000
70801  -44.573  -34.561  44.944 0.0000000000
71991  -45.491  -33.742  44.922 0.0000000000
74304  -46.251  -31.892  43.988 0.0000000000
75473  -46.765  -31.014  44.242 0.0000000000
76694  -47.114  -29.928  43.855 0.0000000000
76695  -47.686  -29.235  44.289 0.0000000000
79128  -48.095  -27.507  43.799 0.0000000000
80311  -48.281  -26.322  43.823 0.0000000000
81500  -49.271  -25.517  44.493 0.0000000000
82724  -49.372  -24.673  44.494 0.0000000000
84010  -47.795  -23.998  42.090 0.0000000000
83996  -48.552  -23.790  43.156 0.0000000000
85183  -50.125  -23.084  44.157 0.0000000000
85192  -50.714  -22.664  43.777 0.0000000000
86313  -51.914  -21.977  43.354 0.0000000000
86314  -53.161  -21.741  43.509 0.0000000000
87468  -54.176  -21.026  43.634 0.0000000000
86325  -52.620  -21.918  42.437 0.0000000000
86351  -52.423  -21.775  40.504 0.0000000000
87507  -51.467  -21.141  39.309 0.0000000000
88751  -50.341  -19.923  38.274 0.0000000000
33131  -12.429  -65.218  65.134 0.0000000000
33118  -11.366  -66.066  66.001 0.0000000000
33117  -10.861  -66.356  65.855 0.0000000000
31728  -10.840  -67.409  69.518 0.0000000000
31747  -10.097  -67.368  68.501 0.0000000000
31771  -9.781  -67.277  66.151 0.0000000000
30360  -8.261  -68.057  67.632 0.0000000000
30346  -7.518  -68.202  68.342 0.0000000000
28896  -6.357  -68.988  68.884 0.0000000000
26165  -6.486  -71.131  68.777 0.0000000000
64545  -46.592  -38.758  60.945 0.0000000000
61115  -43.560  -41.785  61.428 0.0000000000
62367  -42.412  -41.844  58.309 0.0000000000
62343  -43.393  -41.900  59.444 0.0000000000
63471  -45.359  -40.385  61.082 0.0000000000
64568  -45.987  -39.886  59.834 0.0000000000
64590  -46.965  -39.523  59.078 0.0000000000
64602  -46.621  -39.853  57.794 0.0000000000
64630  -46.708  -39.626  55.609 0.0000000000
64652  -46.586  -39.589  54.535 0.0000000000
63563  -44.617  -40.445  54.913 0.0000000000
64703  -45.382  -39.823  52.420 0.0000000000
65788  -45.236  -39.329  51.491 0.0000000000
65825  -44.102  -38.976  49.389 0.0000000000
65853  -43.591  -38.425  47.783 0.0000000000
64724  -37.955  -40.441  51.375 0.0000000000
64725  -39.049  -40.595  51.240 0.0000000000
64749  -40.285  -40.457  50.115 0.0000000000
64772  -40.455  -40.015  49.136 0.0000000000
64773  -41.569  -39.861  48.957 0.0000000000
64789  -41.720  -39.552  47.903 0.0000000000
65865  -42.545  -38.501  46.928 0.0000000000
67016  -42.970  -38.043  46.531 0.0000000000
44376  -23.939  -56.346  65.111 0.0000000000
48138  -23.385  -53.549  57.702 0.0000000000
48140  -24.490  -53.875  57.440 0.0000000000
48116  -24.070  -53.937  58.340 0.0000000000
48091  -25.349  -54.760  58.852 0.0000000000
48072  -26.696  -55.040  59.537 0.0000000000
46829  -27.742  -55.528  60.904 0.0000000000
49359  -29.141  -52.649  54.337 0.0000000000
49328  -29.168  -53.605  55.382 0.0000000000
48163  -28.688  -53.902  56.248 0.0000000000
48146  -31.774  -54.575  56.734 0.0000000000
48145  -30.347  -54.621  57.261 0.0000000000
48144  -29.021  -54.245  57.173 0.0000000000
48095  -28.744  -54.966  58.947 0.0000000000
46854  -28.557  -55.327  60.299 0.0000000000
46830  -28.231  -55.587  61.007 0.0000000000
45575  -29.239  -56.118  61.734 0.0000000000
44418  -30.051  -56.687  61.946 0.0000000000
37194  -12.456  -62.991  60.399 0.0000000000
37167  -13.742  -63.588  62.022 0.0000000000
38453  -15.362  -61.191  59.439 0.0000000000
38452  -14.613  -61.502  59.360 0.0000000000
37196  -14.427  -62.527  60.492 0.0000000000
37183  -14.325  -63.007  61.460 0.0000000000
35867  -14.495  -63.659  62.963 0.0000000000
35846  -15.372  -63.481  64.480 0.0000000000
38393  -17.850  -62.012  66.076 0.0000000000
68239  -46.051  -36.233  47.629 0.0000000000
69490  -47.162  -36.049  48.238 0.0000000000
69469  -48.698  -35.512  49.583 0.0000000000
71940  -48.672  -34.249  47.457 0.0000000000
70729  -49.737  -34.870  48.804 0.0000000000
70687  -50.560  -35.425  50.840 0.0000000000
70669  -51.775  -34.659  51.587 0.0000000000
76644  -51.137  -29.974  46.845 0.0000000000
75404  -51.832  -30.488  47.981 0.0000000000
73081  -53.458  -31.948  48.656 0.0000000000
87469  -54.612  -20.380  43.025 0.0000000000
88710  -55.427  -19.321  42.342 0.0000000000
91135  -56.151  -18.138  42.197 0.0000000000
89955  -54.808  -19.268  40.016 0.0000000000
91152  -55.761  -18.100  40.977 0.0000000000
92254  -56.504  -17.335  41.498 0.0000000000
91145  -57.647  -16.928  41.524 0.0000000000
92257  -58.949  -16.269  40.861 0.0000000000
88758  -56.967  -19.866  38.340 0.0000000000
89971  -58.671  -18.803  39.831 0.0000000000
91165  -60.316  -17.385  39.399 0.0000000000
91218  -63.130  -16.722  35.767 0.0000000000
57614  -36.074  -45.966  53.983 0.0000000000
57633  -36.346  -45.265  53.700 0.0000000000
56550  -34.820  -46.395  53.521 0.0000000000
56551  -35.435  -46.364  53.832 0.0000000000
56540  -35.947  -46.538  54.308 0.0000000000
67003  -44.232  -38.016  47.598 0.0000000000
67004  -44.913  -37.625  48.010 0.0000000000
87450  -53.391  -21.113  45.036 0.0000000000
87442  -53.221  -21.084  45.720 0.0000000000
87451  -53.577  -20.459  45.470 0.0000000000
88678  -53.913  -19.945  45.880 0.0000000000
88688  -53.968  -20.038  45.075 0.0000000000
88679  -54.470  -19.684  45.528 0.0000000000
88698  -54.271  -20.306  44.354 0.0000000000
35865  -12.911  -63.998  62.768 0.0000000000
64645  -39.885  -40.626  53.846 0.0000000000
64669  -40.153  -40.647  53.233 0.0000000000
63582  -40.191  -40.678  52.767 0.0000000000
63602  -39.738  -40.624  52.491 0.0000000000
42022  -19.742  -58.984  63.957 0.0000000000
45593  -26.511  -55.889  61.715 0.0000000000
45557  -27.643  -56.318  63.038 0.0000000000
44416  -27.955  -56.006  61.715 0.0000000000
48097  -35.730  -53.918  58.934 0.0000000000
46859  -36.781  -54.793  60.483 0.0000000000
76680  -48.664  -29.313  45.122 0.0000000000
76663  -48.945  -29.905  45.761 0.0000000000
76681  -49.222  -29.329  45.535 0.0000000000
56494  -40.327  -46.648  57.828 0.0000000000
57572  -39.876  -46.219  57.283 0.0000000000
61198  -38.180  -42.914  54.595 0.0000000000
43297  -20.380  -56.852  60.569 0.0000000000
48088  -22.885  -54.141  58.706 0.0000000000
48068  -23.602  -54.520  59.715 0.0000000000
54196  -35.362  -49.052  56.285 0.0000000000
53028  -34.612  -49.706  56.017 0.0000000000
52984  -36.359  -50.270  58.151 0.0000000000
56492  -39.014  -46.986  57.250 0.0000000000
55357  -38.740  -47.720  57.496 0.0000000000
55358  -39.387  -47.438  57.871 0.0000000000
55337  -39.876  -47.386  58.368 0.0000000000
65777  -47.532  -38.781  54.451 0.0000000000
66919  -47.550  -38.625  53.852 0.0000000000
69448  -48.680  -36.004  50.672 0.0000000000
69397  -49.358  -36.220  52.190 0.0000000000
69423  -49.367  -35.882  51.647 0.0000000000
69399  -50.806  -35.366  52.543 0.0000000000
69424  -50.364  -35.550  51.697 0.0000000000
82714  -50.308  -24.634  44.859 0.0000000000
81492  -51.402  -25.294  45.429 0.0000000000
82715  -51.342  -24.487  45.337 0.0000000000
83943  -55.593  -23.572  48.876 0.0000000000
82735  -46.267  -25.193  42.576 0.0000000000
85221  -50.226  -22.898  41.271 0.0000000000
85234  -49.558  -22.832  40.437 0.0000000000
85235  -50.543  -22.630  40.258 0.0000000000
31792  -10.410  -66.111  63.897 0.0000000000
31781  -9.285  -67.096  64.762 0.0000000000
33095  -12.533  -66.370  68.975 0.0000000000
31726  -12.072  -67.319  69.580 0.0000000000
26151  -8.174  -70.269  70.084 0.0000000000
23345  -7.632  -72.607  68.687 0.0000000000
59863  -41.599  -43.643  58.042 0.0000000000
59864  -42.187  -43.302  58.690 0.0000000000
61143  -41.845  -42.719  58.312 0.0000000000
64598  -43.020  -40.460  56.628 0.0000000000
64599  -43.783  -40.493  57.009 0.0000000000
64614  -44.438  -40.721  56.510 0.0000000000
63530  -44.207  -40.801  55.980 0.0000000000
64728  -42.163  -40.186  50.889 0.0000000000
44414  -22.508  -56.157  62.825 0.0000000000
48119  -27.092  -54.606  57.962 0.0000000000
49348  -31.802  -52.860  55.440 0.0000000000
49347  -30.632  -52.881  55.151 0.0000000000
45654  -31.761  -55.702  59.122 0.0000000000
45620  -30.777  -55.835  59.636 0.0000000000
45640  -31.277  -56.067  59.584 0.0000000000
44455  -31.114  -56.625  60.513 0.0000000000
51663  -38.536  -50.657  61.516 0.0000000000
38414  -16.602  -62.057  63.644 0.0000000000
71972  -45.935  -33.858  45.555 0.0000000000
71955  -46.271  -34.206  46.072 0.0000000000
71973  -46.569  -33.554  45.753 0.0000000000
71922  -52.062  -33.393  48.585 0.0000000000
71907  -52.936  -33.641  49.325 0.0000000000
77874  -54.432  -28.453  48.755 0.0000000000
77873  -53.383  -28.594  48.295 0.0000000000
88728  -52.683  -20.793  39.827 0.0000000000
88729  -53.596  -20.578  40.429 0.0000000000
88743  -56.484  -19.477  39.198 0.0000000000
89992  -60.647  -18.519  37.407 0.0000000000
90014  -61.378  -18.046  36.582 0.0000000000
56512  -37.928  -46.741  55.983 0.0000000000
57616  -37.477  -45.825  54.866 0.0000000000
59923  -37.057  -44.400  53.690 0.0000000000
55409  -33.524  -47.340  53.417 0.0000000000
54234  -35.257  -48.154  55.365 0.0000000000
54218  -35.719  -48.065  56.104 0.0000000000
56527  -37.089  -47.018  55.285 0.0000000000
56511  -37.331  -46.900  55.773 0.0000000000
65808  -46.019  -38.441  50.935 0.0000000000
65809  -47.032  -38.534  51.628 0.0000000000
66994  -46.344  -37.415  49.540 0.0000000000
66977  -46.607  -37.419  50.034 0.0000000000
68192  -47.188  -36.965  50.145 0.0000000000
68193  -47.733  -36.390  50.403 0.0000000000
68210  -47.356  -36.486  49.800 0.0000000000
86282  -51.506  -22.224  45.385 0.0000000000
85169  -51.710  -22.423  45.396 0.0000000000
86283  -51.838  -22.157  45.568 0.0000000000
86273  -53.673  -21.447  46.768 0.0000000000
86257  -55.023  -21.871  48.174 0.0000000000
86274  -54.544  -21.179  47.354 0.0000000000
91119  -56.385  -18.121  44.264 0.0000000000
34527  -12.031  -64.760  63.150 0.0000000000
33151  -11.498  -65.296  63.356 0.0000000000
63527  -41.481  -41.130  56.054 0.0000000000
64611  -42.086  -40.483  55.541 0.0000000000
64627  -42.798  -40.593  55.012 0.0000000000
64700  -41.659  -40.433  51.920 0.0000000000
45556  -26.611  -56.186  63.594 0.0000000000
45544  -26.582  -56.167  64.431 0.0000000000
49344  -27.872  -52.990  55.150 0.0000000000
49326  -27.495  -53.379  55.773 0.0000000000
48149  -34.069  -53.394  57.478 0.0000000000
48148  -33.473  -53.606  57.236 0.0000000000
46925  -34.224  -53.754  57.719 0.0000000000
46883  -34.758  -54.824  58.722 0.0000000000
46905  -33.889  -54.958  57.940 0.0000000000
46882  -33.944  -55.395  58.722 0.0000000000
44471  -34.125  -55.986  59.939 0.0000000000
45624  -35.986  -55.806  60.800 0.0000000000
42077  -18.119  -59.086  60.872 0.0000000000
39598  -18.341  -60.162  62.463 0.0000000000
39583  -19.438  -59.852  64.974 0.0000000000
74289  -47.726  -31.510  45.280 0.0000000000
74290  -48.242  -31.377  45.567 0.0000000000
74279  -50.255  -31.195  46.802 0.0000000000
74278  -49.697  -31.191  46.531 0.0000000000
73096  -50.410  -32.222  47.384 0.0000000000
74264  -51.312  -31.116  47.666 0.0000000000
88814  -58.488  -19.300  35.329 0.0000000000
88815  -59.659  -19.414  34.879 0.0000000000
34518  -14.031  -64.398  65.053 0.0000000000
33102  -13.980  -65.817  68.399 0.0000000000
56437  -41.953  -46.806  61.583 0.0000000000
56446  -41.860  -46.359  60.524 0.0000000000
57553  -41.404  -45.738  58.287 0.0000000000
57574  -41.110  -45.066  57.771 0.0000000000
58681  -41.515  -44.592  58.256 0.0000000000
58694  -41.200  -44.262  57.670 0.0000000000
57600  -39.604  -45.399  56.013 0.0000000000
61179  -39.111  -42.965  56.093 0.0000000000
59896  -39.456  -43.835  56.190 0.0000000000
61161  -40.369  -43.252  56.872 0.0000000000
62393  -39.698  -42.253  55.739 0.0000000000
42061  -20.106  -58.254  61.943 0.0000000000
42080  -20.050  -57.884  61.560 0.0000000000
44432  -20.853  -56.622  60.847 0.0000000000
46848  -22.631  -54.737  60.090 0.0000000000
46823  -22.268  -55.065  60.437 0.0000000000
45592  -23.787  -54.925  62.032 0.0000000000
46825  -23.761  -54.811  61.320 0.0000000000
46827  -25.632  -55.404  61.483 0.0000000000
51814  -30.998  -50.960  53.039 0.0000000000
51781  -32.017  -51.351  54.703 0.0000000000
54231  -33.148  -48.904  54.566 0.0000000000
54253  -32.992  -49.126  53.774 0.0000000000
51762  -33.498  -50.735  55.965 0.0000000000
53026  -33.273  -50.405  55.592 0.0000000000
50531  -33.356  -51.570  56.168 0.0000000000
49332  -33.540  -52.175  56.501 0.0000000000
50513  -35.599  -51.286  57.713 0.0000000000
49288  -35.453  -52.578  58.340 0.0000000000
50482  -36.193  -51.720  59.215 0.0000000000
51698  -36.506  -50.867  59.482 0.0000000000
51699  -37.336  -50.488  59.673 0.0000000000
51682  -37.656  -50.733  60.623 0.0000000000
52964  -38.235  -50.250  59.874 0.0000000000
54198  -36.893  -48.446  57.054 0.0000000000
54199  -37.906  -48.578  57.566 0.0000000000
54180  -38.789  -48.577  58.389 0.0000000000
52987  -38.745  -49.144  58.945 0.0000000000
52944  -40.103  -49.515  61.124 0.0000000000
54141  -39.787  -48.837  60.224 0.0000000000
55316  -40.826  -47.201  59.519 0.0000000000
55303  -41.296  -47.461  60.732 0.0000000000
42124  -18.188  -58.281  59.378 0.0000000000
42079  -19.418  -58.079  61.505 0.0000000000
64603  -47.471  -39.388  57.928 0.0000000000
65738  -48.056  -38.673  58.141 0.0000000000
66903  -48.695  -37.940  55.180 0.0000000000
66889  -48.925  -37.888  56.564 0.0000000000
66890  -49.401  -37.363  56.206 0.0000000000
68054  -49.786  -36.714  56.866 0.0000000000
68075  -50.081  -36.994  56.037 0.0000000000
66957  -47.698  -37.769  51.898 0.0000000000
66938  -48.062  -38.198  52.908 0.0000000000
68120  -50.237  -36.357  53.746 0.0000000000
68119  -49.240  -36.978  53.789 0.0000000000
68096  -50.630  -36.122  54.848 0.0000000000
68076  -50.546  -36.289  55.826 0.0000000000
69340  -51.086  -35.528  55.695 0.0000000000
69353  -51.236  -35.669  54.716 0.0000000000
70611  -52.168  -34.761  54.585 0.0000000000
79107  -50.359  -27.453  45.534 0.0000000000
80302  -50.723  -26.670  45.311 0.0000000000
80290  -52.262  -25.968  46.444 0.0000000000
80269  -52.406  -26.753  46.843 0.0000000000
79072  -53.176  -27.433  47.871 0.0000000000
80270  -53.344  -26.649  47.655 0.0000000000
83968  -52.795  -23.511  46.365 0.0000000000
83957  -53.041  -24.208  46.860 0.0000000000
83958  -53.652  -24.101  47.109 0.0000000000
81468  -54.277  -25.482  47.890 0.0000000000
27568  -5.442  -69.886  68.053 0.0000000000
24782  -5.361  -71.443  66.772 0.0000000000
71989  -43.919  -33.707  43.899 0.0000000000
71990  -44.847  -33.935  44.638 0.0000000000
73133  -44.007  -33.161  43.761 0.0000000000
74303  -45.235  -31.918  43.527 0.0000000000
75472  -45.696  -31.008  43.670 0.0000000000
76693  -46.270  -30.166  43.629 0.0000000000
76707  -46.701  -29.290  43.519 0.0000000000
76708  -47.234  -29.248  43.798 0.0000000000
79127  -47.649  -27.509  43.543 0.0000000000
80326  -48.059  -27.030  43.663 0.0000000000
79114  -48.580  -27.416  44.141 0.0000000000
82722  -47.713  -25.025  43.705 0.0000000000
81499  -48.676  -25.519  44.182 0.0000000000
82723  -48.254  -24.845  43.826 0.0000000000
83984  -48.941  -24.119  43.733 0.0000000000
84012  -49.040  -23.571  42.654 0.0000000000
83997  -49.384  -23.518  43.431 0.0000000000
83985  -49.817  -23.506  44.172 0.0000000000
85191  -50.050  -22.979  43.788 0.0000000000
85184  -50.679  -22.938  44.407 0.0000000000
86312  -50.967  -22.216  43.264 0.0000000000
86349  -51.013  -22.007  39.879 0.0000000000
86350  -51.700  -21.828  40.014 0.0000000000
87497  -52.286  -21.175  39.839 0.0000000000
30384  -8.083  -67.929  65.315 0.0000000000
34492  -13.109  -65.059  65.779 0.0000000000
31749  -11.729  -66.446  67.680 0.0000000000
31762  -11.883  -66.326  66.729 0.0000000000
31761  -10.857  -66.679  66.659 0.0000000000
31722  -11.115  -67.873  70.037 0.0000000000
30335  -9.653  -68.117  69.599 0.0000000000
31737  -10.114  -67.416  69.343 0.0000000000
31760  -9.924  -67.188  67.392 0.0000000000
30361  -9.390  -68.078  67.960 0.0000000000
30374  -8.976  -67.621  66.909 0.0000000000
30347  -8.522  -68.197  68.663 0.0000000000
28898  -7.575  -69.047  69.472 0.0000000000
30333  -7.827  -68.571  69.310 0.0000000000
28897  -7.106  -69.024  69.245 0.0000000000
30332  -6.875  -68.564  68.744 0.0000000000
27564  -6.673  -69.347  69.372 0.0000000000
26156  -6.276  -70.228  69.448 0.0000000000
26149  -6.485  -70.186  69.697 0.0000000000
21919  -7.181  -73.099  68.362 0.0000000000
64528  -46.473  -39.604  62.035 0.0000000000
65675  -46.578  -39.404  61.783 0.0000000000
65694  -46.344  -39.321  61.440 0.0000000000
57520  -42.849  -45.411  61.234 0.0000000000
58658  -43.088  -44.578  60.848 0.0000000000
61114  -43.406  -42.586  61.249 0.0000000000
63489  -43.923  -41.340  59.159 0.0000000000
63469  -44.029  -41.113  59.976 0.0000000000
63450  -44.057  -41.106  60.905 0.0000000000
63470  -44.640  -40.712  60.563 0.0000000000
64542  -44.644  -40.704  59.750 0.0000000000
64616  -46.458  -39.875  56.722 0.0000000000
64629  -45.866  -40.097  55.136 0.0000000000
64651  -45.817  -39.982  54.256 0.0000000000
64649  -43.804  -40.333  54.400 0.0000000000
64674  -45.614  -39.989  53.387 0.0000000000
64730  -44.460  -39.476  51.067 0.0000000000
65824  -43.225  -39.126  49.187 0.0000000000
65806  -44.350  -39.371  50.214 0.0000000000
65842  -43.777  -38.661  48.643 0.0000000000
64747  -38.204  -40.344  50.355 0.0000000000
64771  -39.450  -40.504  49.230 0.0000000000
64788  -40.688  -39.968  48.044 0.0000000000
64802  -40.785  -39.380  47.220 0.0000000000
43240  -21.081  -57.600  63.567 0.0000000000
45541  -24.362  -55.864  64.378 0.0000000000
45540  -23.572  -56.047  64.304 0.0000000000
48141  -25.513  -54.225  57.282 0.0000000000
49303  -25.028  -53.514  56.683 0.0000000000
48117  -24.923  -54.382  58.157 0.0000000000
48093  -27.453  -55.061  58.868 0.0000000000
46853  -27.494  -55.142  59.981 0.0000000000
49360  -29.555  -52.469  54.340 0.0000000000
49329  -29.943  -53.463  55.291 0.0000000000
48147  -32.791  -53.963  56.822 0.0000000000
46902  -30.526  -55.065  58.351 0.0000000000
48121  -29.146  -54.784  58.287 0.0000000000
46901  -29.653  -55.177  58.601 0.0000000000
45618  -29.877  -55.502  60.344 0.0000000000
46855  -29.624  -54.889  60.068 0.0000000000
45617  -29.233  -55.502  60.527 0.0000000000
45596  -28.725  -55.725  61.168 0.0000000000
44438  -31.213  -56.968  61.333 0.0000000000
44419  -31.153  -57.046  62.233 0.0000000000
44458  -33.851  -56.505  60.389 0.0000000000
44440  -33.072  -56.866  61.444 0.0000000000
37182  -13.343  -63.486  61.516 0.0000000000
40840  -17.044  -59.915  60.198 0.0000000000
39623  -16.510  -60.174  59.474 0.0000000000
39612  -16.595  -60.572  60.178 0.0000000000
39611  -15.994  -61.083  59.866 0.0000000000
38439  -14.853  -62.035  60.080 0.0000000000
37205  -14.228  -62.089  59.659 0.0000000000
37168  -14.172  -63.471  62.142 0.0000000000
35868  -14.998  -63.379  63.260 0.0000000000
35856  -14.728  -63.522  63.808 0.0000000000
35857  -15.532  -63.332  63.604 0.0000000000
38406  -18.360  -61.243  64.584 0.0000000000
38405  -17.436  -62.019  64.785 0.0000000000
67968  -49.117  -37.049  59.942 0.0000000000
68253  -45.200  -36.324  46.588 0.0000000000
68238  -45.593  -36.485  47.206 0.0000000000
69531  -45.715  -35.738  46.483 0.0000000000
69515  -47.417  -35.457  47.711 0.0000000000
69514  -46.795  -35.858  47.288 0.0000000000
69491  -47.844  -35.464  48.426 0.0000000000
69492  -48.260  -35.480  48.957 0.0000000000
71958  -48.630  -33.534  46.838 0.0000000000
71957  -48.035  -33.706  46.575 0.0000000000
71905  -51.199  -34.435  49.300 0.0000000000
71920  -49.396  -34.356  48.152 0.0000000000
70730  -50.322  -34.807  49.194 0.0000000000
70709  -49.776  -35.269  49.775 0.0000000000
70688  -51.408  -35.073  50.819 0.0000000000
71879  -53.057  -34.111  51.294 0.0000000000
71862  -53.808  -33.999  52.044 0.0000000000
77907  -51.436  -28.540  46.380 0.0000000000
76665  -50.850  -29.463  46.237 0.0000000000
76645  -51.722  -29.329  47.169 0.0000000000
76625  -52.032  -29.910  47.777 0.0000000000
74249  -52.840  -31.426  48.296 0.0000000000
74250  -53.769  -31.296  48.450 0.0000000000
87478  -54.135  -21.134  42.485 0.0000000000
87479  -54.515  -20.596  42.469 0.0000000000
88709  -55.094  -20.057  42.442 0.0000000000
89943  -55.745  -18.741  41.883 0.0000000000
88740  -54.282  -19.864  39.356 0.0000000000
89956  -55.681  -18.666  40.547 0.0000000000
91153  -56.196  -17.627  41.076 0.0000000000
92255  -56.860  -17.144  41.493 0.0000000000
91154  -57.024  -17.330  40.930 0.0000000000
89959  -58.269  -17.802  40.442 0.0000000000
91155  -58.147  -17.213  41.044 0.0000000000
92264  -59.278  -16.509  40.360 0.0000000000
93296  -59.810  -16.086  40.242 0.0000000000
88775  -57.436  -19.938  37.287 0.0000000000
88774  -56.328  -20.001  37.336 0.0000000000
88744  -57.460  -19.401  39.195 0.0000000000
89978  -58.906  -19.381  38.660 0.0000000000
91171  -60.616  -17.486  38.821 0.0000000000
89973  -60.325  -17.805  39.002 0.0000000000
92272  -60.997  -16.699  39.122 0.0000000000
93304  -61.302  -16.031  39.229 0.0000000000
91217  -62.407  -17.122  36.034 0.0000000000
56541  -36.891  -46.515  54.664 0.0000000000
58730  -36.772  -44.976  53.815 0.0000000000
55410  -34.161  -47.047  53.755 0.0000000000
55400  -35.409  -47.304  54.463 0.0000000000
55391  -35.881  -47.609  55.090 0.0000000000
65826  -45.189  -38.699  49.627 0.0000000000
66992  -45.342  -38.032  48.839 0.0000000000
66993  -46.061  -37.578  48.925 0.0000000000
68208  -46.209  -36.848  48.656 0.0000000000
86284  -52.706  -21.838  45.721 0.0000000000
87431  -53.368  -21.123  46.276 0.0000000000
89896  -54.176  -19.056  46.840 0.0000000000
89907  -54.735  -19.001  46.093 0.0000000000
89908  -55.692  -18.348  46.204 0.0000000000
89917  -55.073  -19.228  44.934 0.0000000000
89927  -55.166  -19.348  43.930 0.0000000000
35876  -11.657  -63.929  61.207 0.0000000000
35864  -12.262  -64.243  62.133 0.0000000000
34538  -12.296  -64.438  62.777 0.0000000000
33152  -12.210  -65.054  63.693 0.0000000000
63560  -40.471  -40.600  54.554 0.0000000000
63561  -41.179  -40.510  54.433 0.0000000000
64647  -41.609  -40.619  53.807 0.0000000000
40757  -19.744  -59.587  65.184 0.0000000000
46807  -25.313  -55.380  62.272 0.0000000000
44395  -27.426  -56.615  63.983 0.0000000000
45558  -28.441  -56.266  62.653 0.0000000000
48096  -34.822  -53.647  58.464 0.0000000000
40804  -18.916  -59.526  62.404 0.0000000000
40769  -19.060  -60.134  63.877 0.0000000000
75456  -48.368  -30.623  45.163 0.0000000000
75442  -49.362  -30.456  46.186 0.0000000000
75443  -50.337  -30.443  46.633 0.0000000000
56454  -40.966  -46.757  59.177 0.0000000000
56455  -41.384  -46.495  59.465 0.0000000000
56474  -40.803  -46.682  58.499 0.0000000000
57552  -41.004  -46.204  58.015 0.0000000000
57590  -40.310  -45.169  56.816 0.0000000000
59910  -38.363  -43.946  54.862 0.0000000000
61199  -38.749  -43.013  55.343 0.0000000000
62403  -38.887  -42.221  55.048 0.0000000000
44453  -21.196  -56.109  60.469 0.0000000000
46874  -21.720  -54.653  58.977 0.0000000000
46849  -23.440  -54.655  60.170 0.0000000000
48070  -24.744  -54.925  59.651 0.0000000000
53047  -34.013  -49.302  55.346 0.0000000000
51763  -34.077  -50.540  56.150 0.0000000000
51697  -36.160  -51.119  58.779 0.0000000000
51715  -35.972  -50.749  58.108 0.0000000000
52985  -36.861  -49.997  58.295 0.0000000000
55356  -37.781  -47.885  57.093 0.0000000000
55314  -39.496  -48.147  58.660 0.0000000000
55301  -39.949  -48.293  59.853 0.0000000000
55315  -40.137  -48.080  59.210 0.0000000000
55338  -40.395  -47.332  58.898 0.0000000000
42125  -18.724  -58.060  59.824 0.0000000000
43309  -19.104  -57.726  59.459 0.0000000000
43295  -19.092  -57.781  60.358 0.0000000000
65754  -47.664  -39.236  55.956 0.0000000000
65766  -48.171  -38.655  55.562 0.0000000000
66902  -48.059  -38.267  54.776 0.0000000000
68168  -48.639  -36.786  51.798 0.0000000000
66939  -48.667  -37.245  52.933 0.0000000000
68144  -50.086  -36.249  53.036 0.0000000000
69371  -50.446  -36.096  53.153 0.0000000000
69372  -51.018  -35.514  53.568 0.0000000000
70627  -51.043  -34.936  53.032 0.0000000000
70648  -51.140  -34.924  52.524 0.0000000000
81490  -49.950  -25.577  44.743 0.0000000000
81483  -52.413  -25.361  46.423 0.0000000000
83959  -54.176  -23.625  47.255 0.0000000000
93280  -58.474  -15.801  41.916 0.0000000000
75491  -45.557  -30.232  43.277 0.0000000000
81508  -46.648  -25.679  43.157 0.0000000000
80310  -47.855  -26.064  43.623 0.0000000000
81509  -47.238  -25.583  43.468 0.0000000000
86322  -50.397  -22.923  42.762 0.0000000000
85202  -50.123  -22.844  42.204 0.0000000000
85203  -50.683  -22.617  41.914 0.0000000000
85236  -51.288  -22.397  40.408 0.0000000000
30395  -8.659  -67.528  65.076 0.0000000000
34475  -13.284  -65.801  67.514 0.0000000000
33106  -12.327  -66.031  67.829 0.0000000000
33100  -12.134  -66.153  68.442 0.0000000000
31739  -11.539  -66.537  68.630 0.0000000000
27559  -10.406  -69.609  70.024 0.0000000000
28885  -9.298  -69.129  70.398 0.0000000000
30325  -9.092  -68.491  69.997 0.0000000000
30334  -8.852  -68.366  69.463 0.0000000000
28883  -8.488  -68.937  69.952 0.0000000000
27556  -7.937  -69.556  69.940 0.0000000000
26150  -7.233  -70.279  69.842 0.0000000000
26157  -6.799  -70.966  69.163 0.0000000000
24767  -7.355  -71.757  69.091 0.0000000000
23344  -7.172  -72.883  68.753 0.0000000000
58675  -42.437  -44.422  59.239 0.0000000000
58667  -42.891  -44.497  59.855 0.0000000000
59857  -42.689  -43.573  59.413 0.0000000000
63518  -42.430  -40.888  56.935 0.0000000000
63510  -42.832  -41.120  57.765 0.0000000000
63511  -43.591  -40.898  58.103 0.0000000000
64566  -44.292  -40.746  58.867 0.0000000000
64588  -44.812  -40.163  58.241 0.0000000000
64601  -45.596  -40.054  57.494 0.0000000000
63547  -45.128  -40.554  55.415 0.0000000000
64774  -42.544  -39.578  48.695 0.0000000000
44375  -22.936  -56.543  64.953 0.0000000000
44365  -25.321  -56.858  65.580 0.0000000000
44364  -24.456  -56.726  65.723 0.0000000000
49325  -26.645  -53.604  55.691 0.0000000000
50549  -30.525  -52.202  54.510 0.0000000000
46904  -32.886  -55.268  57.918 0.0000000000
46903  -31.749  -55.300  58.324 0.0000000000
46880  -29.926  -55.403  59.172 0.0000000000
46857  -30.563  -55.591  59.661 0.0000000000
45598  -30.044  -56.144  60.580 0.0000000000
44454  -30.600  -56.307  60.357 0.0000000000
43286  -31.631  -57.207  61.580 0.0000000000
39603  -17.011  -60.783  61.288 0.0000000000
38429  -16.485  -61.510  61.329 0.0000000000
37197  -15.265  -62.293  60.694 0.0000000000
38421  -15.814  -62.390  62.170 0.0000000000
37157  -15.696  -63.184  63.215 0.0000000000
38382  -19.153  -61.323  66.430 0.0000000000
38381  -18.677  -61.658  66.637 0.0000000000
70770  -45.568  -35.154  45.871 0.0000000000
70771  -46.139  -34.792  46.161 0.0000000000
70772  -46.695  -35.051  46.683 0.0000000000
70750  -47.266  -34.895  47.030 0.0000000000
71941  -49.685  -33.660  47.589 0.0000000000
70711  -51.621  -34.798  50.228 0.0000000000
71895  -53.158  -34.139  50.282 0.0000000000
71880  -53.638  -33.410  51.008 0.0000000000
77890  -52.416  -28.568  47.444 0.0000000000
76646  -52.272  -29.332  47.535 0.0000000000
77872  -52.906  -28.662  47.905 0.0000000000
76627  -53.757  -29.506  48.484 0.0000000000
75407  -54.281  -30.489  48.573 0.0000000000
87499  -53.556  -21.358  40.846 0.0000000000
87491  -54.391  -20.772  41.920 0.0000000000
88720  -54.134  -20.623  40.988 0.0000000000
88796  -57.873  -19.741  36.162 0.0000000000
88760  -59.084  -19.846  38.039 0.0000000000
89979  -59.717  -19.060  38.330 0.0000000000
91181  -60.962  -17.433  38.092 0.0000000000
91182  -61.438  -16.981  37.556 0.0000000000
90044  -63.496  -17.891  34.348 0.0000000000
90031  -63.641  -17.303  35.057 0.0000000000
56514  -39.192  -46.666  57.073 0.0000000000
57589  -39.570  -45.992  56.678 0.0000000000
57588  -38.667  -46.282  56.054 0.0000000000
58717  -38.186  -45.024  54.966 0.0000000000
44467  -20.444  -56.226  59.176 0.0000000000
48087  -21.313  -54.485  58.666 0.0000000000
46900  -22.540  -54.292  58.681 0.0000000000
54277  -32.958  -48.088  53.624 0.0000000000
55398  -33.925  -47.627  54.037 0.0000000000
54255  -33.959  -48.072  54.536 0.0000000000
54219  -36.262  -48.135  56.593 0.0000000000
55392  -36.500  -47.388  55.452 0.0000000000
55376  -36.815  -47.461  56.216 0.0000000000
56513  -38.633  -46.910  56.764 0.0000000000
65790  -47.059  -38.779  52.773 0.0000000000
66956  -47.004  -37.611  50.859 0.0000000000
68167  -47.651  -36.883  51.182 0.0000000000
83977  -51.495  -23.652  45.154 0.0000000000
85178  -51.562  -23.069  45.094 0.0000000000
85171  -53.406  -22.869  46.454 0.0000000000
85159  -53.037  -22.179  46.153 0.0000000000
85160  -53.288  -22.133  46.455 0.0000000000
85172  -53.895  -23.249  46.754 0.0000000000
85144  -54.862  -22.636  48.194 0.0000000000
91128  -56.854  -17.514  43.355 0.0000000000
34536  -10.747  -64.864  62.065 0.0000000000
62379  -41.155  -42.396  57.139 0.0000000000
62366  -41.280  -42.268  57.934 0.0000000000
63517  -41.829  -41.391  56.921 0.0000000000
63529  -43.925  -40.767  55.963 0.0000000000
45552  -23.426  -55.863  63.740 0.0000000000
45542  -25.236  -55.755  64.378 0.0000000000
44378  -25.808  -56.431  64.952 0.0000000000
44381  -28.003  -56.983  64.434 0.0000000000
49342  -26.182  -53.104  54.951 0.0000000000
49306  -27.777  -53.688  56.250 0.0000000000
49331  -32.976  -52.890  56.041 0.0000000000
49330  -32.204  -53.498  55.724 0.0000000000
46923  -33.223  -54.490  57.424 0.0000000000
45621  -32.565  -56.572  60.110 0.0000000000
44459  -35.020  -56.697  60.382 0.0000000000
44442  -35.259  -56.881  61.588 0.0000000000
39604  -17.667  -60.235  61.621 0.0000000000
38423  -17.345  -61.277  62.723 0.0000000000
39572  -18.974  -60.827  65.336 0.0000000000
73124  -46.573  -32.878  45.354 0.0000000000
73108  -46.877  -33.373  45.848 0.0000000000
73110  -48.623  -32.681  46.504 0.0000000000
74277  -48.829  -31.353  46.016 0.0000000000
73111  -49.443  -31.981  46.504 0.0000000000
73095  -49.614  -32.641  47.160 0.0000000000
73078  -51.222  -32.380  47.923 0.0000000000
73079  -52.282  -32.275  48.322 0.0000000000
88753  -52.572  -19.968  38.615 0.0000000000
88754  -53.467  -20.060  38.524 0.0000000000
88799  -61.108  -19.096  36.231 0.0000000000
88817  -61.736  -18.776  35.236 0.0000000000
88829  -60.703  -19.066  34.114 0.0000000000
88830  -61.449  -18.952  34.496 0.0000000000
90043  -62.422  -18.602  34.208 0.0000000000
35855  -13.764  -63.906  63.678 0.0000000000
34529  -13.173  -64.139  63.925 0.0000000000
34517  -13.579  -64.212  64.543 0.0000000000
34505  -13.639  -64.588  65.363 0.0000000000
56447  -42.467  -45.885  60.829 0.0000000000
57529  -42.568  -45.529  60.170 0.0000000000
57540  -41.998  -45.793  59.204 0.0000000000
59862  -41.276  -43.534  57.602 0.0000000000
58705  -39.515  -44.384  55.909 0.0000000000
58707  -40.346  -44.339  56.911 0.0000000000
59898  -40.378  -43.933  57.049 0.0000000000
59879  -40.505  -43.416  57.022 0.0000000000
61162  -40.818  -42.991  57.032 0.0000000000
61181  -40.796  -42.631  56.730 0.0000000000
63526  -40.244  -41.539  55.651 0.0000000000
62404  -39.406  -41.854  55.338 0.0000000000
64644  -39.018  -40.815  53.621 0.0000000000
42041  -19.896  -58.566  63.377 0.0000000000
43238  -20.024  -58.080  62.826 0.0000000000
45615  -21.106  -55.815  60.078 0.0000000000
46806  -24.829  -54.989  62.166 0.0000000000
46828  -26.825  -55.539  60.969 0.0000000000
50565  -30.428  -51.670  53.891 0.0000000000
50566  -30.992  -51.509  54.307 0.0000000000
53066  -32.447  -49.972  54.200 0.0000000000
51799  -32.467  -50.392  54.503 0.0000000000
51782  -32.444  -50.862  54.841 0.0000000000
49308  -33.833  -52.701  56.982 0.0000000000
49309  -34.460  -52.849  57.558 0.0000000000
49287  -34.924  -52.817  58.068 0.0000000000
48098  -36.214  -53.334  59.402 0.0000000000
48074  -36.582  -53.555  60.143 0.0000000000
49274  -36.483  -52.568  59.626 0.0000000000
50470  -37.235  -51.627  60.910 0.0000000000
50471  -37.513  -51.152  61.140 0.0000000000
51683  -38.292  -50.589  60.891 0.0000000000
52986  -37.909  -49.580  58.745 0.0000000000
54179  -38.207  -48.893  58.082 0.0000000000
52943  -39.123  -50.141  60.570 0.0000000000
40856  -17.632  -58.978  59.262 0.0000000000
42102  -18.666  -58.208  60.378 0.0000000000
66853  -48.153  -37.804  59.295 0.0000000000
65746  -48.576  -38.381  57.267 0.0000000000
66874  -49.013  -37.717  57.536 0.0000000000
66865  -49.096  -37.039  57.902 0.0000000000
68036  -49.651  -36.534  57.765 0.0000000000
66937  -47.556  -38.590  53.512 0.0000000000
68094  -49.054  -37.380  54.424 0.0000000000
69325  -50.872  -35.690  56.632 0.0000000000
69354  -51.714  -35.224  54.619 0.0000000000
79105  -49.073  -28.015  44.722 0.0000000000
77922  -49.450  -28.613  45.330 0.0000000000
79090  -50.069  -28.012  45.725 0.0000000000
79092  -51.411  -27.611  46.397 0.0000000000
80288  -51.030  -26.991  45.884 0.0000000000
79070  -51.913  -27.643  46.861 0.0000000000
79071  -52.710  -27.520  47.441 0.0000000000
82705  -52.104  -24.501  45.637 0.0000000000
82706  -52.492  -24.576  46.404 0.0000000000
82691  -54.301  -24.665  47.645 0.0000000000
81467  -53.702  -25.546  47.560 0.0000000000
80253  -53.855  -26.704  48.327 0.0000000000
27562  -5.686  -69.181  68.530 0.0000000000
68236  -44.388  -37.228  46.636 0.0000000000
68251  -43.770  -36.717  46.041 0.0000000000
69529  -44.358  -35.999  45.810 0.0000000000
69543  -44.582  -35.447  45.446 0.0000000000
70781  -44.380  -34.976  45.160 0.0000000000
70782  -45.110  -34.715  45.346 0.0000000000
71971  -45.337  -34.062  45.112 0.0000000000
73134  -44.523  -32.968  43.910 0.0000000000
73135  -45.784  -33.027  44.523 0.0000000000
73136  -46.438  -32.235  44.661 0.0000000000
74305  -46.618  -31.709  44.469 0.0000000000
75454  -47.041  -31.326  44.572 0.0000000000
75474  -47.616  -30.289  44.453 0.0000000000
76696  -48.169  -29.195  44.712 0.0000000000
77931  -48.363  -28.565  44.499 0.0000000000
77943  -47.313  -28.507  43.645 0.0000000000
77930  -47.818  -28.583  44.130 0.0000000000
79115  -49.176  -27.317  44.592 0.0000000000
80312  -49.227  -26.437  44.451 0.0000000000
82713  -49.806  -24.911  44.774 0.0000000000
82725  -50.162  -23.948  44.506 0.0000000000
82752  -47.284  -24.364  42.287 0.0000000000
83995  -47.807  -24.055  42.862 0.0000000000
83986  -50.380  -23.453  44.454 0.0000000000
86292  -51.451  -22.398  45.117 0.0000000000
86311  -50.516  -22.804  43.228 0.0000000000
86301  -51.410  -22.315  44.237 0.0000000000
86302  -52.291  -21.786  44.350 0.0000000000
86303  -53.133  -21.506  44.433 0.0000000000
87458  -53.592  -21.102  44.384 0.0000000000
87467  -53.492  -21.322  44.009 0.0000000000
86315  -53.754  -21.414  43.023 0.0000000000
86340  -53.196  -21.575  41.611 0.0000000000
86339  -52.444  -21.960  41.451 0.0000000000
86352  -53.043  -21.717  40.888 0.0000000000
88727  -52.383  -20.845  39.690 0.0000000000
88737  -52.134  -20.684  39.510 0.0000000000
87515  -51.133  -20.829  38.775 0.0000000000
34516  -12.957  -64.393  64.271 0.0000000000
33142  -12.563  -64.892  64.302 0.0000000000
33119  -12.304  -65.628  66.252 0.0000000000
33130  -11.626  -65.657  65.217 0.0000000000
33129  -10.862  -66.067  65.257 0.0000000000
31772  -10.348  -66.664  65.527 0.0000000000
31725  -11.393  -67.568  69.671 0.0000000000
31738  -10.780  -66.867  69.012 0.0000000000
31727  -10.297  -67.850  69.801 0.0000000000
27563  -6.013  -69.605  68.970 0.0000000000
26164  -6.120  -70.770  68.559 0.0000000000
24771  -6.256  -71.378  68.381 0.0000000000
24766  -6.941  -71.943  68.897 0.0000000000
24777  -6.400  -72.139  68.172 0.0000000000
65665  -46.911  -39.374  62.145 0.0000000000
58638  -42.793  -44.650  63.073 0.0000000000
62344  -43.483  -41.682  58.696 0.0000000000
62322  -43.609  -41.643  60.809 0.0000000000
62323  -43.687  -41.599  61.283 0.0000000000
63451  -44.625  -40.736  61.318 0.0000000000
64543  -45.301  -40.287  60.269 0.0000000000
64544  -46.037  -39.587  61.094 0.0000000000
64569  -46.887  -39.329  60.437 0.0000000000
64617  -47.191  -39.489  56.932 0.0000000000
64631  -46.994  -39.543  56.284 0.0000000000
64675  -46.457  -39.510  53.598 0.0000000000
63562  -44.070  -40.545  55.199 0.0000000000
64650  -44.942  -40.165  54.171 0.0000000000
64704  -46.227  -39.578  52.775 0.0000000000
65807  -45.184  -39.050  50.609 0.0000000000
65854  -44.235  -38.260  48.169 0.0000000000
64697  -38.984  -40.173  52.316 0.0000000000
64698  -39.800  -40.609  51.915 0.0000000000
64726  -40.053  -40.812  51.066 0.0000000000
64748  -39.244  -40.512  50.246 0.0000000000
64790  -42.474  -39.171  48.010 0.0000000000
64803  -41.463  -39.044  47.162 0.0000000000
65851  -42.122  -38.917  47.397 0.0000000000
65852  -42.833  -38.742  47.619 0.0000000000
65866  -43.166  -38.361  47.136 0.0000000000
42042  -20.321  -58.352  63.886 0.0000000000
43223  -20.778  -58.088  64.191 0.0000000000
43224  -21.394  -57.511  64.659 0.0000000000
49285  -23.049  -53.596  57.776 0.0000000000
48115  -23.311  -53.811  58.138 0.0000000000
48090  -24.456  -54.279  59.069 0.0000000000
48071  -25.771  -55.050  59.604 0.0000000000
49345  -28.628  -53.159  54.737 0.0000000000
48162  -28.089  -53.795  56.289 0.0000000000
48165  -31.321  -53.870  56.097 0.0000000000
48094  -28.327  -54.940  58.801 0.0000000000
46878  -28.377  -55.002  59.446 0.0000000000
46879  -29.128  -55.071  59.260 0.0000000000
45595  -28.030  -55.785  61.536 0.0000000000
45574  -28.565  -55.987  61.975 0.0000000000
44417  -29.250  -56.468  62.159 0.0000000000
45576  -29.796  -56.339  61.227 0.0000000000
44398  -30.186  -57.278  62.930 0.0000000000
44457  -32.800  -56.655  60.620 0.0000000000
44439  -32.130  -57.120  61.300 0.0000000000
43287  -31.885  -57.365  61.733 0.0000000000
37181  -12.218  -63.445  61.047 0.0000000000
35878  -13.119  -63.733  62.148 0.0000000000
35866  -13.683  -63.809  62.427 0.0000000000
35845  -14.522  -64.101  64.712 0.0000000000
68237  -45.035  -37.095  47.002 0.0000000000
68223  -45.646  -36.837  48.174 0.0000000000
68224  -46.434  -36.415  48.201 0.0000000000
69513  -46.154  -36.062  46.993 0.0000000000
69468  -47.728  -35.922  49.429 0.0000000000
69470  -49.156  -35.557  50.217 0.0000000000
71939  -47.639  -34.338  47.011 0.0000000000
70752  -48.339  -34.710  47.956 0.0000000000
71919  -48.896  -34.451  48.053 0.0000000000
70728  -48.728  -34.934  48.450 0.0000000000
70708  -49.233  -35.166  49.134 0.0000000000
70667  -50.686  -35.501  51.428 0.0000000000
70668  -51.096  -35.220  51.702 0.0000000000
70649  -51.625  -34.626  52.340 0.0000000000
71878  -52.261  -34.186  51.494 0.0000000000
71860  -51.919  -34.000  52.194 0.0000000000
75423  -51.420  -30.477  47.540 0.0000000000
74248  -51.752  -31.233  48.066 0.0000000000
73080  -52.952  -32.219  48.550 0.0000000000
73065  -53.852  -32.358  49.078 0.0000000000
71908  -53.514  -32.982  49.217 0.0000000000
73052  -54.192  -32.790  49.666 0.0000000000
88699  -54.786  -19.972  43.546 0.0000000000
89935  -55.264  -19.481  43.377 0.0000000000
88700  -55.328  -19.608  42.946 0.0000000000
89936  -55.670  -18.950  42.982 0.0000000000
91136  -56.551  -17.490  42.425 0.0000000000
89949  -55.071  -19.332  40.756 0.0000000000
89950  -55.615  -18.654  41.129 0.0000000000
91143  -55.939  -18.042  41.411 0.0000000000
91144  -56.328  -17.545  41.677 0.0000000000
92245  -56.736  -17.101  41.901 0.0000000000
92246  -57.541  -16.555  42.040 0.0000000000
92247  -58.206  -16.397  41.598 0.0000000000
92256  -58.564  -16.541  41.209 0.0000000000
93287  -58.737  -16.102  41.262 0.0000000000
93288  -59.439  -15.866  40.851 0.0000000000
88757  -55.947  -19.950  38.317 0.0000000000
89972  -59.900  -18.176  39.242 0.0000000000
91164  -59.510  -17.437  39.886 0.0000000000
92265  -60.075  -16.574  39.868 0.0000000000
90015  -61.991  -17.687  36.110 0.0000000000
91219  -63.992  -17.078  35.602 0.0000000000
21917  -7.082  -73.081  68.688 0.0000000000
21918  -6.914  -72.976  68.534 0.0000000000
23340  -6.862  -72.506  68.749 0.0000000000
23341  -7.164  -72.554  68.904 0.0000000000
23342  -7.504  -72.218  68.990 0.0000000000
24772  -6.498  -71.706  68.594 0.0000000000
26148  -6.239  -70.147  69.749 0.0000000000
27551  -8.312  -69.223  69.904 0.0000000000
27552  -8.539  -69.212  70.153 0.0000000000
27553  -8.968  -69.268  70.441 0.0000000000
27554  -6.201  -69.964  69.724 0.0000000000
28884  -8.996  -68.800  70.338 0.0000000000
28888  -7.338  -69.365  69.593 0.0000000000
28890  -9.443  -68.614  70.173 0.0000000000
28895  -5.603  -68.842  68.241 0.0000000000
30320  -8.497  -68.560  70.038 0.0000000000
30321  -8.762  -68.637  69.997 0.0000000000
30323  -11.104  -68.090  70.127 0.0000000000
30324  -8.550  -68.719  69.828 0.0000000000
31721  -10.954  -67.884  70.228 0.0000000000
31723  -10.395  -68.046  70.059 0.0000000000
31729  -11.748  -66.830  69.318 0.0000000000
31750  -12.283  -66.286  67.271 0.0000000000
38367  -18.432  -62.196  67.034 0.0000000000
43256  -20.125  -58.179  62.410 0.0000000000
43265  -31.376  -57.132  61.770 0.0000000000
43308  -18.586  -57.995  59.384 0.0000000000
44415  -27.716  -56.238  61.814 0.0000000000
44435  -27.450  -56.227  61.675 0.0000000000
44436  -27.732  -55.979  61.558 0.0000000000
44469  -30.980  -56.375  60.003 0.0000000000
44470  -31.521  -56.492  59.975 0.0000000000
45559  -28.916  -56.206  62.314 0.0000000000
45619  -30.439  -55.847  60.022 0.0000000000
45623  -33.744  -55.955  59.856 0.0000000000
45639  -30.802  -56.115  59.805 0.0000000000
48139  -23.749  -53.572  57.643 0.0000000000
48171  -30.334  -53.482  55.489 0.0000000000
49286  -23.226  -53.549  57.734 0.0000000000
53006  -37.839  -49.116  58.017 0.0000000000
54162  -39.809  -48.477  59.668 0.0000000000
56542  -37.357  -46.524  54.991 0.0000000000
58719  -39.532  -45.143  55.750 0.0000000000
59880  -40.786  -43.760  57.276 0.0000000000
62302  -43.855  -41.347  61.102 0.0000000000
62365  -41.189  -42.622  57.414 0.0000000000
62368  -43.318  -41.451  58.216 0.0000000000
63472  -45.776  -40.145  61.407 0.0000000000
63545  -43.966  -40.701  55.708 0.0000000000
63546  -44.464  -40.657  55.528 0.0000000000
63580  -39.559  -40.620  52.980 0.0000000000
63581  -39.781  -40.666  52.880 0.0000000000
63601  -39.481  -40.537  52.760 0.0000000000
64527  -46.030  -39.827  61.815 0.0000000000
64565  -44.228  -41.095  59.396 0.0000000000
65674  -46.238  -39.526  61.546 0.0000000000
65695  -46.543  -38.984  61.332 0.0000000000
65753  -47.365  -39.192  55.310 0.0000000000
65765  -47.794  -38.667  55.006 0.0000000000
65810  -47.390  -38.402  52.143 0.0000000000
66975  -45.649  -38.088  49.359 0.0000000000
67018  -44.586  -37.735  47.126 0.0000000000
68017  -49.329  -36.658  58.595 0.0000000000
68222  -45.255  -36.972  47.631 0.0000000000
69341  -51.621  -35.333  55.313 0.0000000000
69467  -47.419  -36.075  48.799 0.0000000000
70689  -51.944  -34.569  50.781 0.0000000000
70727  -48.162  -34.939  48.162 0.0000000000
71924  -53.350  -32.511  48.800 0.0000000000
71956  -46.893  -34.085  46.344 0.0000000000
74263  -50.790  -31.285  47.322 0.0000000000
74288  -46.938  -31.711  44.914 0.0000000000
75405  -52.399  -30.483  48.075 0.0000000000
75490  -44.822  -30.882  43.059 0.0000000000
76666  -51.349  -29.355  46.603 0.0000000000
77905  -49.993  -28.681  45.664 0.0000000000
79113  -48.020  -28.049  43.897 0.0000000000
80289  -51.541  -26.745  46.238 0.0000000000
81453  -54.749  -25.409  48.532 0.0000000000
82689  -52.890  -24.758  46.923 0.0000000000
83969  -53.397  -23.596  46.738 0.0000000000
85168  -51.349  -22.296  45.229 0.0000000000
86326  -53.464  -21.494  42.410 0.0000000000
86361  -51.269  -21.659  39.615 0.0000000000
88668  -53.962  -19.653  46.580 0.0000000000
89906  -54.210  -19.248  46.541 0.0000000000
89991  -60.169  -19.324  37.502 0.0000000000
91146  -58.182  -16.766  41.438 0.0000000000
91231  -64.334  -17.488  35.185 0.0000000000
92263  -58.782  -16.714  40.816 0.0000000000
92282  -61.386  -16.690  38.176 0.0000000000
