#!ascii label  , from subject 3592 vox2ras=TkReg
390
104015  -23.599  -5.590  -4.547 0.0000000000
97944  -21.432  -11.322  -2.964 0.0000000000
101083  -28.214  -8.528  -6.516 0.0000000000
94934  -25.755  -14.148  -5.732 0.0000000000
115301  -23.270  5.526  -3.756 0.0000000000
113242  -25.364  3.383  -6.514 0.0000000000
105968  -20.419  -3.414  -1.669 0.0000000000
90609  -25.704  -18.234  -5.777 0.0000000000
96913  -23.133  -12.394  -4.458 0.0000000000
93886  -23.201  -14.964  -3.889 0.0000000000
114257  -24.063  4.557  -5.133 0.0000000000
111108  -22.141  1.267  -3.341 0.0000000000
101974  -20.010  -7.158  -1.744 0.0000000000
103943  -17.749  -5.506  -0.391 0.0000000000
104984  -21.753  -4.639  -3.062 0.0000000000
108092  -23.857  -1.594  -5.081 0.0000000000
106025  -24.928  -3.412  -5.431 0.0000000000
105036  -26.816  -4.269  -5.863 0.0000000000
99028  -18.994  -10.329  -1.290 0.0000000000
101042  -22.265  -8.560  -3.788 0.0000000000
102032  -25.953  -7.023  -5.614 0.0000000000
100100  -24.305  -9.622  -5.159 0.0000000000
99112  -26.713  -11.223  -6.539 0.0000000000
96936  -29.593  -12.640  -5.991 0.0000000000
109045  -19.687  -0.876  -0.677 0.0000000000
110094  -22.959  0.242  -4.300 0.0000000000
110124  -25.448  0.893  -6.334 0.0000000000
91751  -22.895  -17.120  -3.933 0.0000000000
93932  -25.754  -16.118  -6.155 0.0000000000
94896  -21.434  -14.346  -2.919 0.0000000000
93884  -21.869  -15.393  -2.971 0.0000000000
112121  -21.783  2.370  -2.592 0.0000000000
110054  -20.878  0.988  -1.842 0.0000000000
102994  -21.791  -6.694  -3.480 0.0000000000
102972  -21.022  -6.100  -2.496 0.0000000000
103997  -21.809  -5.698  -3.247 0.0000000000
106011  -23.428  -3.530  -4.494 0.0000000000
105018  -24.477  -4.328  -5.336 0.0000000000
106041  -26.607  -3.705  -5.729 0.0000000000
104029  -24.772  -5.373  -5.509 0.0000000000
99047  -20.629  -10.212  -2.320 0.0000000000
100065  -21.023  -9.386  -2.663 0.0000000000
99062  -22.035  -9.871  -3.903 0.0000000000
100088  -22.871  -9.507  -4.531 0.0000000000
99074  -22.202  -10.337  -4.306 0.0000000000
95906  -24.146  -13.156  -4.749 0.0000000000
97985  -24.626  -11.512  -5.283 0.0000000000
96925  -26.160  -12.481  -5.736 0.0000000000
96934  -27.749  -12.212  -6.652 0.0000000000
95927  -27.372  -13.389  -6.538 0.0000000000
114230  -22.773  4.589  -2.617 0.0000000000
115282  -22.600  5.393  -1.526 0.0000000000
116371  -23.863  6.476  -4.384 0.0000000000
117356  -24.308  7.425  -4.551 0.0000000000
116391  -24.408  6.308  -5.798 0.0000000000
113225  -24.644  3.339  -5.767 0.0000000000
104937  -18.843  -4.483  -0.751 0.0000000000
105952  -18.741  -3.232  -0.619 0.0000000000
107002  -19.575  -2.284  -0.794 0.0000000000
109059  -20.850  -0.635  -2.008 0.0000000000
109077  -22.013  -1.340  -3.087 0.0000000000
109111  -25.903  -0.904  -5.645 0.0000000000
109110  -24.860  -0.738  -5.728 0.0000000000
110125  -26.125  0.365  -6.281 0.0000000000
102048  -25.831  -7.833  -5.840 0.0000000000
103052  -27.390  -6.221  -6.223 0.0000000000
90607  -24.035  -18.603  -4.882 0.0000000000
91767  -24.081  -17.589  -4.810 0.0000000000
92840  -24.275  -16.597  -4.901 0.0000000000
91787  -25.640  -17.289  -5.914 0.0000000000
96884  -20.696  -12.390  -2.476 0.0000000000
97958  -22.346  -11.933  -3.918 0.0000000000
95890  -21.822  -13.410  -3.256 0.0000000000
95892  -23.050  -13.749  -4.050 0.0000000000
94922  -23.782  -14.449  -4.644 0.0000000000
114238  -22.920  4.303  -3.349 0.0000000000
114249  -23.575  4.375  -4.294 0.0000000000
113203  -22.943  3.151  -2.933 0.0000000000
113204  -23.455  2.986  -3.764 0.0000000000
112145  -23.644  2.114  -4.638 0.0000000000
101013  -18.070  -8.045  -0.894 0.0000000000
102950  -18.790  -6.475  -1.066 0.0000000000
103961  -20.241  -5.289  -1.855 0.0000000000
105989  -21.640  -3.602  -2.773 0.0000000000
107035  -22.024  -2.672  -3.044 0.0000000000
107057  -23.055  -2.601  -4.166 0.0000000000
107073  -24.396  -2.512  -5.298 0.0000000000
108095  -26.565  -1.973  -5.652 0.0000000000
107076  -27.095  -2.796  -5.917 0.0000000000
89416  -27.551  -19.120  -6.217 0.0000000000
90627  -27.997  -18.242  -6.475 0.0000000000
100050  -19.944  -9.023  -1.681 0.0000000000
101992  -21.215  -8.069  -2.589 0.0000000000
102018  -22.555  -7.652  -4.178 0.0000000000
103029  -24.623  -6.609  -5.191 0.0000000000
102019  -23.339  -7.690  -4.496 0.0000000000
101065  -24.717  -8.664  -5.279 0.0000000000
101067  -25.862  -8.966  -5.716 0.0000000000
97972  -23.686  -11.431  -4.747 0.0000000000
99089  -25.473  -10.650  -5.698 0.0000000000
100115  -26.772  -9.595  -6.326 0.0000000000
99102  -28.135  -10.467  -6.461 0.0000000000
97996  -29.431  -11.480  -6.080 0.0000000000
115344  -25.169  6.074  -6.176 0.0000000000
110066  -20.564  -0.029  -1.821 0.0000000000
111114  -22.421  0.930  -4.084 0.0000000000
111124  -23.625  1.199  -5.225 0.0000000000
109096  -23.358  -0.658  -4.728 0.0000000000
110107  -24.167  0.283  -5.561 0.0000000000
112173  -25.015  2.390  -6.483 0.0000000000
103050  -25.970  -5.772  -5.898 0.0000000000
104049  -27.843  -5.190  -6.330 0.0000000000
92824  -22.190  -16.498  -3.255 0.0000000000
93899  -22.896  -16.043  -4.158 0.0000000000
93917  -24.424  -15.542  -5.061 0.0000000000
94925  -25.773  -14.792  -5.675 0.0000000000
91818  -27.916  -16.812  -7.257 0.0000000000
93935  -28.082  -15.455  -6.714 0.0000000000
94937  -27.750  -14.407  -6.553 0.0000000000
110042  -20.119  0.412  -0.574 0.0000000000
103012  -22.386  -6.734  -3.905 0.0000000000
103998  -22.297  -5.962  -3.586 0.0000000000
104014  -22.866  -5.746  -3.962 0.0000000000
105002  -23.795  -4.424  -4.820 0.0000000000
104028  -24.116  -5.112  -5.124 0.0000000000
105019  -25.308  -4.305  -5.644 0.0000000000
96860  -20.418  -11.760  -2.191 0.0000000000
97922  -20.305  -11.139  -1.906 0.0000000000
97943  -20.769  -11.175  -2.497 0.0000000000
99048  -21.232  -10.298  -2.857 0.0000000000
99061  -21.661  -10.343  -3.685 0.0000000000
99073  -21.879  -10.774  -4.088 0.0000000000
95916  -24.667  -13.491  -5.159 0.0000000000
96924  -25.161  -12.512  -5.411 0.0000000000
96932  -26.472  -12.960  -6.084 0.0000000000
95926  -26.679  -13.520  -6.252 0.0000000000
116385  -24.538  6.816  -5.723 0.0000000000
116384  -24.346  6.196  -5.194 0.0000000000
114272  -25.060  4.059  -6.233 0.0000000000
104951  -18.757  -3.745  -0.688 0.0000000000
105954  -19.713  -3.263  -1.250 0.0000000000
105953  -19.144  -3.096  -0.844 0.0000000000
107003  -20.243  -2.404  -1.206 0.0000000000
108044  -21.127  -1.616  -2.324 0.0000000000
107016  -20.841  -2.513  -1.874 0.0000000000
109112  -26.612  -1.234  -5.716 0.0000000000
109125  -26.356  -0.558  -5.797 0.0000000000
101082  -27.219  -8.495  -6.368 0.0000000000
102050  -27.775  -7.398  -6.500 0.0000000000
102051  -28.789  -7.585  -6.433 0.0000000000
89414  -26.273  -19.179  -6.001 0.0000000000
90608  -24.844  -18.544  -5.206 0.0000000000
91785  -24.415  -18.080  -5.117 0.0000000000
91786  -24.877  -17.502  -5.443 0.0000000000
91803  -26.260  -17.439  -6.278 0.0000000000
95878  -21.126  -13.396  -2.728 0.0000000000
96885  -21.595  -12.395  -3.064 0.0000000000
94897  -22.168  -14.414  -3.421 0.0000000000
94898  -22.890  -14.403  -3.738 0.0000000000
94911  -23.358  -14.422  -4.163 0.0000000000
113192  -22.307  3.256  -2.525 0.0000000000
112136  -21.935  1.921  -3.156 0.0000000000
112137  -22.636  2.163  -3.239 0.0000000000
112138  -23.286  1.842  -3.810 0.0000000000
111109  -22.669  1.462  -3.805 0.0000000000
101973  -19.095  -7.346  -1.333 0.0000000000
103980  -21.390  -5.495  -2.671 0.0000000000
103979  -20.857  -5.370  -2.266 0.0000000000
104967  -20.542  -4.395  -2.149 0.0000000000
104968  -21.223  -4.516  -2.507 0.0000000000
105990  -22.202  -3.669  -3.342 0.0000000000
106024  -24.098  -3.440  -5.069 0.0000000000
107074  -25.282  -2.561  -5.538 0.0000000000
108094  -25.554  -1.770  -5.693 0.0000000000
107075  -26.254  -2.649  -5.558 0.0000000000
108096  -27.208  -2.288  -5.771 0.0000000000
106042  -27.166  -3.484  -5.920 0.0000000000
105038  -28.033  -4.263  -6.105 0.0000000000
88138  -27.784  -19.871  -6.092 0.0000000000
89398  -28.677  -19.235  -5.503 0.0000000000
100048  -18.553  -9.497  -1.022 0.0000000000
100049  -19.279  -9.275  -1.326 0.0000000000
100076  -21.446  -9.423  -3.230 0.0000000000
101033  -21.364  -8.611  -2.823 0.0000000000
101041  -21.743  -8.553  -3.341 0.0000000000
102008  -22.035  -7.648  -3.594 0.0000000000
101051  -22.773  -8.589  -4.327 0.0000000000
100099  -23.580  -9.605  -4.872 0.0000000000
101052  -23.532  -8.674  -4.760 0.0000000000
101064  -23.940  -8.987  -5.221 0.0000000000
101066  -25.428  -8.884  -5.519 0.0000000000
100101  -25.174  -9.646  -5.376 0.0000000000
96900  -22.580  -12.458  -4.086 0.0000000000
97971  -22.543  -11.437  -4.376 0.0000000000
97986  -25.633  -11.636  -5.616 0.0000000000
99100  -26.354  -10.724  -6.285 0.0000000000
99099  -25.838  -10.214  -6.030 0.0000000000
99101  -27.235  -10.597  -6.577 0.0000000000
97994  -27.755  -11.240  -6.653 0.0000000000
96935  -28.774  -12.434  -6.401 0.0000000000
97997  -30.119  -11.950  -5.700 0.0000000000
115331  -24.571  5.629  -5.487 0.0000000000
115332  -25.340  5.283  -5.920 0.0000000000
102936  -17.329  -6.502  -0.410 0.0000000000
108019  -18.747  -1.376  -0.347 0.0000000000
109032  -20.171  -0.063  -0.809 0.0000000000
109046  -20.315  -0.544  -1.079 0.0000000000
109061  -22.244  -0.257  -3.046 0.0000000000
110068  -22.012  0.361  -2.844 0.0000000000
110080  -22.558  0.179  -3.504 0.0000000000
111115  -23.059  1.183  -4.468 0.0000000000
108079  -23.259  -1.619  -4.415 0.0000000000
108078  -22.635  -1.714  -3.868 0.0000000000
110108  -25.207  0.298  -5.901 0.0000000000
111142  -24.930  1.419  -6.237 0.0000000000
111143  -25.583  1.482  -6.708 0.0000000000
112175  -26.620  2.580  -6.487 0.0000000000
103030  -25.442  -6.271  -5.632 0.0000000000
103031  -26.034  -6.361  -5.768 0.0000000000
91766  -23.214  -17.614  -4.202 0.0000000000
91750  -22.346  -17.535  -3.877 0.0000000000
92825  -22.717  -16.561  -3.819 0.0000000000
92838  -23.147  -16.611  -4.166 0.0000000000
92854  -24.781  -16.493  -5.405 0.0000000000
93901  -24.015  -16.101  -4.663 0.0000000000
93918  -25.459  -15.611  -5.737 0.0000000000
91805  -27.796  -17.364  -6.962 0.0000000000
93934  -27.296  -15.295  -6.773 0.0000000000
94884  -20.831  -14.222  -2.544 0.0000000000
111076  -20.646  1.441  -1.509 0.0000000000
111091  -21.308  1.486  -2.126 0.0000000000
102006  -21.066  -7.090  -2.827 0.0000000000
102992  -20.902  -6.709  -2.636 0.0000000000
102993  -21.331  -6.499  -2.921 0.0000000000
104985  -22.435  -4.854  -3.598 0.0000000000
106010  -22.753  -3.644  -3.957 0.0000000000
105001  -23.061  -4.626  -4.330 0.0000000000
106026  -25.949  -3.441  -5.526 0.0000000000
105020  -26.126  -4.288  -5.768 0.0000000000
97921  -19.625  -11.243  -1.404 0.0000000000
99029  -19.887  -10.073  -1.729 0.0000000000
100077  -21.907  -9.371  -3.666 0.0000000000
100087  -22.370  -9.399  -4.020 0.0000000000
99075  -23.091  -10.450  -4.657 0.0000000000
96914  -23.906  -12.467  -4.583 0.0000000000
97973  -24.243  -11.950  -4.736 0.0000000000
96915  -24.493  -12.507  -4.917 0.0000000000
96926  -26.662  -11.959  -5.834 0.0000000000
98006  -27.235  -11.501  -6.752 0.0000000000
96933  -26.947  -12.326  -6.267 0.0000000000
95928  -28.218  -13.392  -6.558 0.0000000000
114229  -22.344  4.207  -1.960 0.0000000000
115289  -22.600  5.626  -2.827 0.0000000000
117381  -25.120  7.419  -7.387 0.0000000000
113224  -24.371  3.940  -5.311 0.0000000000
114258  -24.803  4.505  -5.622 0.0000000000
114259  -25.376  4.662  -6.070 0.0000000000
105939  -17.929  -3.719  0.107 0.0000000000
106988  -18.159  -3.092  0.077 0.0000000000
106990  -19.027  -2.213  -0.475 0.0000000000
108032  -19.997  -1.460  -0.839 0.0000000000
108043  -20.564  -1.506  -1.532 0.0000000000
109060  -21.775  -0.723  -2.645 0.0000000000
109078  -22.305  -0.918  -3.403 0.0000000000
108093  -24.590  -1.645  -5.615 0.0000000000
110109  -25.925  -0.206  -5.842 0.0000000000
102033  -26.314  -6.696  -5.775 0.0000000000
102049  -26.676  -7.301  -5.996 0.0000000000
90590  -23.541  -18.296  -4.563 0.0000000000
92839  -23.706  -16.695  -4.514 0.0000000000
91768  -24.486  -17.062  -5.154 0.0000000000
92855  -25.433  -16.611  -5.789 0.0000000000
92869  -25.991  -16.631  -6.285 0.0000000000
97957  -21.962  -11.447  -3.746 0.0000000000
96899  -22.185  -12.489  -3.588 0.0000000000
95891  -22.502  -13.430  -3.775 0.0000000000
95904  -22.880  -13.111  -4.267 0.0000000000
95905  -23.508  -13.451  -4.490 0.0000000000
95915  -24.045  -13.810  -4.868 0.0000000000
94923  -24.316  -14.468  -5.028 0.0000000000
114228  -21.817  3.783  -1.153 0.0000000000
115317  -23.803  5.466  -4.799 0.0000000000
112122  -22.455  2.703  -2.834 0.0000000000
113215  -23.945  3.341  -4.945 0.0000000000
113216  -24.272  2.853  -5.353 0.0000000000
112146  -24.075  2.483  -5.121 0.0000000000
102937  -18.134  -6.425  -0.608 0.0000000000
102952  -19.987  -6.076  -1.667 0.0000000000
103959  -19.085  -5.878  -1.227 0.0000000000
103945  -19.147  -4.825  -0.931 0.0000000000
104953  -19.854  -4.282  -1.711 0.0000000000
105969  -21.051  -3.521  -2.214 0.0000000000
107017  -21.430  -2.611  -2.513 0.0000000000
107036  -22.429  -2.668  -3.671 0.0000000000
107058  -23.678  -2.533  -4.772 0.0000000000
108111  -27.043  -1.713  -5.733 0.0000000000
108112  -27.531  -1.863  -5.817 0.0000000000
107077  -27.459  -2.535  -5.924 0.0000000000
106027  -26.686  -3.206  -5.730 0.0000000000
101084  -29.140  -8.605  -6.325 0.0000000000
89415  -26.916  -19.123  -6.315 0.0000000000
90625  -26.581  -18.296  -6.254 0.0000000000
90626  -27.358  -18.267  -6.420 0.0000000000
101014  -18.594  -8.427  -1.077 0.0000000000
101015  -19.562  -8.250  -1.506 0.0000000000
100064  -20.398  -9.245  -2.225 0.0000000000
101016  -20.310  -8.280  -1.976 0.0000000000
101991  -20.773  -7.479  -2.474 0.0000000000
102007  -21.491  -7.600  -2.929 0.0000000000
103013  -23.101  -6.686  -4.273 0.0000000000
104016  -24.195  -5.873  -5.010 0.0000000000
103014  -23.910  -6.712  -4.612 0.0000000000
102020  -24.292  -7.803  -4.793 0.0000000000
101053  -24.113  -8.521  -5.011 0.0000000000
102031  -25.213  -7.581  -5.454 0.0000000000
102047  -25.416  -8.021  -5.863 0.0000000000
101081  -26.298  -8.598  -5.982 0.0000000000
97970  -22.006  -11.012  -4.285 0.0000000000
99087  -23.865  -10.410  -4.988 0.0000000000
97984  -24.105  -10.954  -5.221 0.0000000000
99088  -24.595  -10.458  -5.259 0.0000000000
100113  -25.649  -9.899  -5.743 0.0000000000
100116  -27.697  -9.547  -6.388 0.0000000000
99103  -29.009  -10.469  -6.264 0.0000000000
97995  -28.481  -11.389  -6.444 0.0000000000
115343  -24.558  6.211  -6.029 0.0000000000
110053  -20.516  0.503  -1.376 0.0000000000
111092  -21.759  1.080  -2.618 0.0000000000
112153  -24.014  1.856  -5.252 0.0000000000
112154  -24.455  2.233  -5.693 0.0000000000
108062  -22.062  -1.837  -3.458 0.0000000000
109095  -22.752  -0.728  -4.113 0.0000000000
109109  -23.987  -0.669  -5.362 0.0000000000
110095  -23.406  0.288  -5.044 0.0000000000
111125  -24.268  1.238  -5.787 0.0000000000
104030  -25.657  -5.153  -5.763 0.0000000000
104047  -26.335  -5.078  -5.959 0.0000000000
103051  -26.532  -6.065  -5.959 0.0000000000
104048  -27.052  -5.139  -6.097 0.0000000000
105037  -27.468  -4.251  -5.948 0.0000000000
92812  -21.374  -16.399  -2.723 0.0000000000
93885  -22.724  -15.485  -3.645 0.0000000000
93900  -23.508  -15.535  -4.391 0.0000000000
93916  -23.994  -14.998  -4.802 0.0000000000
94924  -25.118  -14.503  -5.433 0.0000000000
91804  -27.029  -17.494  -6.545 0.0000000000
92871  -27.268  -17.021  -6.846 0.0000000000
92880  -26.968  -16.294  -7.089 0.0000000000
92882  -28.008  -16.354  -7.142 0.0000000000
93933  -26.420  -15.641  -6.432 0.0000000000
94936  -26.973  -14.461  -6.420 0.0000000000
94935  -26.314  -14.478  -5.943 0.0000000000
89417  -28.169  -19.094  -5.853 0.0000000000
91819  -28.193  -16.895  -7.141 0.0000000000
92870  -26.754  -16.656  -6.707 0.0000000000
92881  -27.437  -16.541  -7.128 0.0000000000
93919  -26.051  -15.155  -5.849 0.0000000000
93946  -26.745  -16.119  -6.943 0.0000000000
93947  -27.010  -15.920  -7.156 0.0000000000
93948  -27.583  -15.896  -7.104 0.0000000000
95917  -25.495  -13.445  -5.575 0.0000000000
95925  -26.138  -13.507  -5.913 0.0000000000
96946  -27.060  -11.791  -6.559 0.0000000000
96947  -27.254  -11.946  -6.565 0.0000000000
97987  -26.340  -11.567  -5.802 0.0000000000
97993  -26.747  -11.543  -6.113 0.0000000000
98005  -26.924  -11.568  -6.584 0.0000000000
99090  -25.976  -11.139  -5.827 0.0000000000
99113  -26.850  -11.091  -6.825 0.0000000000
100102  -25.644  -9.388  -5.658 0.0000000000
100114  -25.974  -9.607  -6.108 0.0000000000
101032  -20.852  -8.521  -2.491 0.0000000000
101079  -25.300  -8.280  -5.603 0.0000000000
101080  -25.684  -8.406  -5.750 0.0000000000
102951  -19.403  -6.363  -1.444 0.0000000000
102971  -20.525  -6.315  -2.187 0.0000000000
103960  -19.456  -5.274  -1.391 0.0000000000
104952  -19.251  -4.125  -1.125 0.0000000000
105940  -18.444  -3.327  -0.347 0.0000000000
105941  -18.760  -2.856  -0.501 0.0000000000
108031  -19.321  -1.391  -0.605 0.0000000000
108061  -21.694  -1.789  -2.911 0.0000000000
109126  -26.949  -0.800  -5.941 0.0000000000
110067  -21.159  0.408  -2.222 0.0000000000
111107  -21.761  1.671  -2.833 0.0000000000
114237  -22.706  3.887  -2.692 0.0000000000
115290  -22.505  6.056  -3.184 0.0000000000
115302  -22.735  5.985  -3.339 0.0000000000
116372  -24.494  6.838  -4.970 0.0000000000
116392  -24.889  6.747  -6.355 0.0000000000
