#!ascii label  , from subject 3592 vox2ras=TkReg
1047
93899  -22.896  -16.043  -4.158 0.5555555820
93900  -23.508  -15.535  -4.391 0.6666666865
94911  -23.358  -14.422  -4.163 0.7777777910
95915  -24.045  -13.810  -4.868 0.7777777910
96913  -23.133  -12.394  -4.458 0.8888888955
97986  -25.633  -11.636  -5.616 0.8888888955
92825  -22.717  -16.561  -3.819 0.5555555820
93885  -22.724  -15.485  -3.645 0.5555555820
94897  -22.168  -14.414  -3.421 0.6666666865
95906  -24.146  -13.156  -4.749 0.8888888955
97973  -24.243  -11.950  -4.736 0.8888888955
97984  -24.105  -10.954  -5.221 1.0000000000
99100  -26.354  -10.724  -6.285 0.8888888955
100113  -25.649  -9.899  -5.743 1.0000000000
94896  -21.434  -14.346  -2.919 0.7777777910
96885  -21.595  -12.395  -3.064 1.0000000000
97944  -21.432  -11.322  -2.964 1.0000000000
97958  -22.346  -11.933  -3.918 1.0000000000
99074  -22.202  -10.337  -4.306 1.0000000000
97957  -21.962  -11.447  -3.746 1.0000000000
99075  -23.091  -10.450  -4.657 1.0000000000
99061  -21.661  -10.343  -3.685 1.0000000000
100088  -22.871  -9.507  -4.531 1.0000000000
100099  -23.580  -9.605  -4.872 1.0000000000
101066  -25.428  -8.884  -5.519 1.0000000000
101052  -23.532  -8.674  -4.760 1.0000000000
102047  -25.416  -8.021  -5.863 1.0000000000
102020  -24.292  -7.803  -4.793 1.0000000000
102032  -25.953  -7.023  -5.614 0.7777777910
97922  -20.305  -11.139  -1.906 0.8888888955
99062  -22.035  -9.871  -3.903 1.0000000000
99048  -21.232  -10.298  -2.857 1.0000000000
100077  -21.907  -9.371  -3.666 1.0000000000
101051  -22.773  -8.589  -4.327 1.0000000000
102019  -23.339  -7.690  -4.496 1.0000000000
103029  -24.623  -6.609  -5.191 1.0000000000
103031  -26.034  -6.361  -5.768 0.8888888955
103030  -25.442  -6.271  -5.632 1.0000000000
103050  -25.970  -5.772  -5.898 0.7777777910
104048  -27.052  -5.139  -6.097 0.7777777910
99028  -18.994  -10.329  -1.290 0.5555555820
101015  -19.562  -8.250  -1.506 0.7777777910
100064  -20.398  -9.245  -2.225 0.8888888955
101041  -21.743  -8.553  -3.341 1.0000000000
101042  -22.265  -8.560  -3.788 1.0000000000
101992  -21.215  -8.069  -2.589 0.8888888955
102008  -22.035  -7.648  -3.594 1.0000000000
102018  -22.555  -7.652  -4.178 1.0000000000
104016  -24.195  -5.873  -5.010 1.0000000000
104029  -24.772  -5.373  -5.509 1.0000000000
105036  -26.816  -4.269  -5.863 0.7777777910
105038  -28.033  -4.263  -6.105 0.6666666865
106043  -27.640  -3.466  -6.090 0.6666666865
100990  -17.794  -8.548  -0.633 0.4444444478
101014  -18.594  -8.427  -1.077 0.7777777910
101972  -18.338  -7.401  -0.823 0.6666666865
102992  -20.902  -6.709  -2.636 0.7777777910
102006  -21.066  -7.090  -2.827 0.8888888955
102994  -21.791  -6.694  -3.480 0.8888888955
103013  -23.101  -6.686  -4.273 1.0000000000
103998  -22.297  -5.962  -3.586 1.0000000000
104014  -22.866  -5.746  -3.962 1.0000000000
104028  -24.116  -5.112  -5.124 1.0000000000
105018  -24.477  -4.328  -5.336 0.8888888955
105019  -25.308  -4.305  -5.644 0.7777777910
106041  -26.607  -3.705  -5.729 0.7777777910
106044  -28.204  -3.371  -6.126 0.5555555820
106027  -26.686  -3.206  -5.730 0.7777777910
107088  -27.391  -3.090  -6.135 0.6666666865
102937  -18.134  -6.425  -0.608 0.6666666865
101955  -17.731  -7.157  -0.596 0.6666666865
102952  -19.987  -6.076  -1.667 0.7777777910
103959  -19.085  -5.878  -1.227 0.7777777910
102972  -21.022  -6.100  -2.496 0.8888888955
103997  -21.809  -5.698  -3.247 0.8888888955
103980  -21.390  -5.495  -2.671 1.0000000000
104985  -22.435  -4.854  -3.598 1.0000000000
105001  -23.061  -4.626  -4.330 1.0000000000
105002  -23.795  -4.424  -4.820 0.8888888955
106024  -24.098  -3.440  -5.069 0.8888888955
106025  -24.928  -3.412  -5.431 0.8888888955
106026  -25.949  -3.441  -5.526 0.7777777910
107074  -25.282  -2.561  -5.538 0.7777777910
107075  -26.254  -2.649  -5.558 0.7777777910
107076  -27.095  -2.796  -5.917 0.7777777910
107089  -27.675  -2.691  -6.142 0.6666666865
103943  -17.749  -5.506  -0.391 0.6666666865
102936  -17.329  -6.502  -0.410 0.5555555820
103961  -20.241  -5.289  -1.855 0.8888888955
103979  -20.857  -5.370  -2.266 0.8888888955
104968  -21.223  -4.516  -2.507 1.0000000000
104984  -21.753  -4.639  -3.062 1.0000000000
106010  -22.753  -3.644  -3.957 1.0000000000
106011  -23.428  -3.530  -4.494 0.8888888955
108094  -25.554  -1.770  -5.693 0.7777777910
108112  -27.531  -1.863  -5.817 0.6666666865
109128  -28.121  -0.682  -6.050 0.5555555820
108113  -27.908  -1.700  -6.063 0.5555555820
103944  -18.717  -5.413  -0.799 0.7777777910
104936  -18.238  -4.396  -0.423 0.6666666865
103945  -19.147  -4.825  -0.931 0.8888888955
105989  -21.640  -3.602  -2.773 1.0000000000
107057  -23.055  -2.601  -4.166 0.8888888955
107058  -23.678  -2.533  -4.772 0.8888888955
108092  -23.857  -1.594  -5.081 0.8888888955
107073  -24.396  -2.512  -5.298 0.8888888955
109111  -25.903  -0.904  -5.645 0.7777777910
109125  -26.356  -0.558  -5.797 0.7777777910
109112  -26.612  -1.234  -5.716 0.7777777910
109127  -27.553  -0.745  -6.080 0.5555555820
109110  -24.860  -0.738  -5.728 0.7777777910
110126  -27.027  0.361  -6.355 0.5555555820
110127  -27.769  0.361  -6.121 0.5555555820
110125  -26.125  0.365  -6.281 0.6666666865
105925  -17.190  -3.805  0.626 0.4444444478
105954  -19.713  -3.263  -1.250 0.7777777910
105969  -21.051  -3.521  -2.214 1.0000000000
105968  -20.419  -3.414  -1.669 0.8888888955
107017  -21.430  -2.611  -2.513 1.0000000000
107035  -22.024  -2.672  -3.044 0.8888888955
108078  -22.635  -1.714  -3.868 0.8888888955
108079  -23.259  -1.619  -4.415 0.8888888955
110109  -25.925  -0.206  -5.842 0.6666666865
109045  -19.687  -0.876  -0.677 0.6666666865
106990  -19.027  -2.213  -0.475 0.6666666865
108043  -20.564  -1.506  -1.532 0.7777777910
109077  -22.013  -1.340  -3.087 0.8888888955
109060  -21.775  -0.723  -2.645 0.7777777910
109078  -22.305  -0.918  -3.403 0.7777777910
109095  -22.752  -0.728  -4.113 0.8888888955
110094  -22.959  0.242  -4.300 0.7777777910
109096  -23.358  -0.658  -4.728 0.8888888955
110095  -23.406  0.288  -5.044 0.7777777910
110107  -24.167  0.283  -5.561 0.7777777910
111124  -23.625  1.199  -5.225 0.6666666865
111142  -24.930  1.419  -6.237 0.6666666865
110124  -25.448  0.893  -6.334 0.6666666865
110108  -25.207  0.298  -5.901 0.5555555820
112173  -25.015  2.390  -6.483 0.6666666865
112175  -26.620  2.580  -6.487 0.5555555820
111145  -27.282  1.554  -6.386 0.4444444478
112174  -25.836  2.493  -6.732 0.5555555820
110041  -19.637  0.301  -0.077 0.3333333433
109019  -19.285  -0.286  -0.009 0.3333333433
109032  -20.171  -0.063  -0.809 0.5555555820
109046  -20.315  -0.544  -1.079 0.6666666865
110053  -20.516  0.503  -1.376 0.5555555820
109059  -20.850  -0.635  -2.008 0.7777777910
110068  -22.012  0.361  -2.844 0.7777777910
111108  -22.141  1.267  -3.341 0.6666666865
110080  -22.558  0.179  -3.504 0.6666666865
111114  -22.421  0.930  -4.084 0.6666666865
111115  -23.059  1.183  -4.468 0.6666666865
112153  -24.014  1.856  -5.252 0.6666666865
112146  -24.075  2.483  -5.121 0.6666666865
113242  -25.364  3.383  -6.514 0.6666666865
113243  -26.038  3.706  -6.981 0.5555555820
111075  -20.377  1.274  -0.789 0.4444444478
111061  -19.587  1.038  0.366 0.4444444478
110042  -20.119  0.412  -0.574 0.4444444478
112109  -20.480  1.852  -1.006 0.5555555820
110054  -20.878  0.988  -1.842 0.5555555820
111092  -21.759  1.080  -2.618 0.6666666865
111109  -22.669  1.462  -3.805 0.6666666865
112145  -23.644  2.114  -4.638 0.6666666865
113216  -24.272  2.853  -5.353 0.6666666865
114272  -25.060  4.059  -6.233 0.6666666865
114288  -25.971  4.685  -7.270 0.5555555820
113258  -26.188  4.378  -7.213 0.6666666865
112121  -21.783  2.370  -2.592 0.6666666865
112136  -21.935  1.921  -3.156 0.6666666865
112137  -22.636  2.163  -3.239 0.6666666865
113225  -24.644  3.339  -5.767 0.6666666865
95904  -22.880  -13.111  -4.267 0.8888888955
95890  -21.822  -13.410  -3.256 1.0000000000
96899  -22.185  -12.489  -3.588 1.0000000000
97971  -22.543  -11.437  -4.376 1.0000000000
99088  -24.595  -10.458  -5.259 1.0000000000
101971  -17.781  -7.766  -0.718 0.5555555820
106972  -17.891  -2.963  0.497 0.5555555820
104937  -18.843  -4.483  -0.751 0.7777777910
108093  -24.590  -1.645  -5.615 0.8888888955
105905  -17.285  -3.178  0.931 0.2222222239
109061  -22.244  -0.257  -3.046 0.7777777910
111144  -26.435  1.465  -6.733 0.4444444478
111091  -21.308  1.486  -2.126 0.6666666865
101954  -17.188  -7.575  -0.414 0.4444444478
103942  -16.892  -5.671  -0.092 0.4444444478
114289  -26.470  4.805  -7.359 0.5555555820
114274  -26.672  4.376  -7.012 0.5555555820
111062  -19.843  1.185  -0.248 0.3333333433
115358  -26.521  5.467  -7.755 0.5555555820
91766  -23.214  -17.614  -4.202 0.5555555820
92840  -24.275  -16.597  -4.901 0.5555555820
93916  -23.994  -14.998  -4.802 0.5555555820
94924  -25.118  -14.503  -5.433 0.5555555820
96925  -26.160  -12.481  -5.736 0.7777777910
96926  -26.662  -11.959  -5.834 0.8888888955
94923  -24.316  -14.468  -5.028 0.6666666865
95916  -24.667  -13.491  -5.159 0.6666666865
96924  -25.161  -12.512  -5.411 0.8888888955
99112  -26.713  -11.223  -6.539 0.7777777910
99101  -27.235  -10.597  -6.577 0.7777777910
100115  -26.772  -9.595  -6.326 0.8888888955
91738  -21.626  -17.458  -3.134 0.4444444478
93872  -20.949  -15.227  -2.551 0.5555555820
101067  -25.862  -8.966  -5.716 1.0000000000
94883  -20.509  -14.511  -2.159 0.2222222239
95878  -21.126  -13.396  -2.728 0.6666666865
102048  -25.831  -7.833  -5.840 0.8888888955
102049  -26.676  -7.301  -5.996 0.6666666865
103051  -26.532  -6.065  -5.959 0.7777777910
103052  -27.390  -6.221  -6.223 0.6666666865
96859  -19.904  -12.310  -1.891 0.5555555820
104049  -27.843  -5.190  -6.330 0.6666666865
97921  -19.625  -11.243  -1.404 0.4444444478
106028  -28.456  -2.861  -6.042 0.5555555820
98999  -18.032  -10.083  -0.306 0.2222222239
100989  -17.122  -8.581  -0.094 0.4444444478
108097  -28.395  -1.564  -5.940 0.5555555820
102916  -15.212  -6.716  1.300 0.3333333433
109113  -28.709  -0.658  -5.784 0.5555555820
104916  -16.738  -4.467  0.562 0.4444444478
110128  -28.557  0.322  -5.967 0.4444444478
105904  -16.623  -3.646  1.354 0.3333333433
111146  -28.223  1.380  -6.152 0.5555555820
111127  -27.656  2.006  -5.971 0.4444444478
110031  -18.854  -0.479  0.523 0.3333333433
109018  -18.579  -0.628  0.083 0.3333333433
109030  -18.549  -0.881  -0.289 0.4444444478
113244  -26.603  3.817  -6.449 0.4444444478
115346  -27.477  5.609  -7.161 0.2222222239
112097  -19.570  1.650  0.062 0.3333333433
112110  -20.973  2.308  -1.342 0.6666666865
112122  -22.455  2.703  -2.834 0.6666666865
113204  -23.455  2.986  -3.764 0.6666666865
114257  -24.063  4.557  -5.133 0.6666666865
114258  -24.803  4.505  -5.622 0.6666666865
114259  -25.376  4.662  -6.070 0.6666666865
115333  -25.685  4.983  -6.263 0.6666666865
115357  -26.017  5.468  -7.833 0.4444444478
115359  -26.938  5.586  -7.690 0.3333333433
92824  -22.190  -16.498  -3.255 0.5555555820
92838  -23.147  -16.611  -4.166 0.5555555820
93901  -24.015  -16.101  -4.663 0.6666666865
93917  -24.424  -15.542  -5.061 0.6666666865
93886  -23.201  -14.964  -3.889 0.6666666865
94922  -23.782  -14.449  -4.644 0.7777777910
94898  -22.890  -14.403  -3.738 0.7777777910
95892  -23.050  -13.749  -4.050 0.8888888955
95905  -23.508  -13.451  -4.490 0.8888888955
97972  -23.686  -11.431  -4.747 1.0000000000
96900  -22.580  -12.458  -4.086 1.0000000000
96914  -23.906  -12.467  -4.583 0.8888888955
97985  -24.626  -11.512  -5.283 1.0000000000
91751  -22.895  -17.120  -3.933 0.5555555820
91750  -22.346  -17.535  -3.877 0.4444444478
92812  -21.374  -16.399  -2.723 0.5555555820
93884  -21.869  -15.393  -2.971 0.6666666865
95891  -22.502  -13.430  -3.775 0.8888888955
96915  -24.493  -12.507  -4.917 0.8888888955
99089  -25.473  -10.650  -5.698 1.0000000000
99087  -23.865  -10.410  -4.988 1.0000000000
99099  -25.838  -10.214  -6.030 1.0000000000
100101  -25.174  -9.646  -5.376 1.0000000000
94884  -20.831  -14.222  -2.544 0.6666666865
96884  -20.696  -12.390  -2.476 0.8888888955
96860  -20.418  -11.760  -2.191 1.0000000000
97970  -22.006  -11.012  -4.285 1.0000000000
99073  -21.879  -10.774  -4.088 1.0000000000
100100  -24.305  -9.622  -5.159 1.0000000000
101064  -23.940  -8.987  -5.221 1.0000000000
101081  -26.298  -8.598  -5.982 0.8888888955
101065  -24.717  -8.664  -5.279 1.0000000000
100087  -22.370  -9.399  -4.020 1.0000000000
101053  -24.113  -8.521  -5.011 1.0000000000
102031  -25.213  -7.581  -5.454 1.0000000000
102033  -26.314  -6.696  -5.775 0.7777777910
99047  -20.629  -10.212  -2.320 1.0000000000
97943  -20.769  -11.175  -2.497 1.0000000000
100076  -21.446  -9.423  -3.230 1.0000000000
103014  -23.910  -6.712  -4.612 1.0000000000
104030  -25.657  -5.153  -5.763 0.8888888955
104047  -26.335  -5.078  -5.959 0.7777777910
105037  -27.468  -4.251  -5.948 0.6666666865
100048  -18.553  -9.497  -1.022 0.6666666865
100049  -19.279  -9.275  -1.326 0.6666666865
99029  -19.887  -10.073  -1.729 0.7777777910
100050  -19.944  -9.023  -1.681 0.7777777910
101973  -19.095  -7.346  -1.333 0.6666666865
101974  -20.010  -7.158  -1.744 0.8888888955
101016  -20.310  -8.280  -1.976 0.8888888955
101991  -20.773  -7.479  -2.474 0.8888888955
100065  -21.023  -9.386  -2.663 0.8888888955
101033  -21.364  -8.611  -2.823 1.0000000000
102007  -21.491  -7.600  -2.929 0.8888888955
103012  -22.386  -6.734  -3.905 1.0000000000
104015  -23.599  -5.590  -4.547 1.0000000000
105020  -26.126  -4.288  -5.768 0.8888888955
106042  -27.166  -3.484  -5.920 0.6666666865
106045  -28.568  -3.841  -5.890 0.5555555820
101013  -18.070  -8.045  -0.894 0.5555555820
100024  -17.532  -9.455  -0.247 0.3333333433
100991  -18.265  -8.991  -0.794 0.4444444478
102950  -18.790  -6.475  -1.066 0.6666666865
102993  -21.331  -6.499  -2.921 0.8888888955
107090  -28.177  -2.425  -6.152 0.5555555820
108095  -26.565  -1.973  -5.652 0.7777777910
108096  -27.208  -2.288  -5.771 0.7777777910
107077  -27.459  -2.535  -5.924 0.6666666865
102935  -16.608  -6.671  0.019 0.4444444478
104967  -20.542  -4.395  -2.149 0.8888888955
105990  -22.202  -3.669  -3.342 1.0000000000
108111  -27.043  -1.713  -5.733 0.6666666865
104935  -17.347  -4.671  0.111 0.5555555820
104951  -18.757  -3.745  -0.688 0.6666666865
104953  -19.854  -4.282  -1.711 0.8888888955
107036  -22.429  -2.668  -3.671 1.0000000000
109126  -26.949  -0.800  -5.941 0.6666666865
109109  -23.987  -0.669  -5.362 0.8888888955
105939  -17.929  -3.719  0.107 0.5555555820
105952  -18.741  -3.232  -0.619 0.5555555820
107003  -20.243  -2.404  -1.206 0.7777777910
105953  -19.144  -3.096  -0.844 0.7777777910
108062  -22.062  -1.837  -3.458 0.8888888955
107016  -20.841  -2.513  -1.874 0.7777777910
108019  -18.747  -1.376  -0.347 0.5555555820
108031  -19.321  -1.391  -0.605 0.5555555820
108032  -19.997  -1.460  -0.839 0.6666666865
107002  -19.575  -2.284  -0.794 0.7777777910
106988  -18.159  -3.092  0.077 0.7777777910
106989  -18.566  -2.407  -0.047 0.6666666865
108044  -21.127  -1.616  -2.324 0.7777777910
111125  -24.268  1.238  -5.787 0.6666666865
112154  -24.455  2.233  -5.693 0.6666666865
111143  -25.583  1.482  -6.708 0.5555555820
112155  -26.762  3.083  -5.979 0.4444444478
112176  -27.150  2.224  -6.346 0.4444444478
109031  -19.315  -0.497  -0.509 0.4444444478
110066  -20.564  -0.029  -1.821 0.6666666865
111076  -20.646  1.441  -1.509 0.5555555820
112138  -23.286  1.842  -3.810 0.6666666865
113215  -23.945  3.341  -4.945 0.6666666865
113224  -24.371  3.940  -5.311 0.6666666865
103925  -16.189  -5.779  0.453 0.4444444478
101953  -16.518  -7.676  0.239 0.4444444478
102917  -15.814  -6.776  0.586 0.4444444478
114275  -27.255  4.659  -6.965 0.3333333433
115369  -26.637  5.733  -8.129 0.3333333433
92839  -23.706  -16.695  -4.514 0.5555555820
96933  -26.947  -12.326  -6.267 0.6666666865
91765  -22.688  -18.062  -4.146 0.5555555820
90560  -21.311  -18.240  -2.826 0.3333333433
96883  -19.967  -13.099  -2.265 0.7777777910
100025  -18.099  -9.491  -0.586 0.3333333433
99027  -18.467  -10.292  -0.775 0.3333333433
100023  -17.046  -9.516  0.104 0.1111111119
103924  -15.434  -5.783  1.032 0.3333333433
104915  -16.096  -4.743  0.997 0.3333333433
108018  -18.260  -1.350  -0.037 0.3333333433
115345  -25.697  5.493  -6.869 0.6666666865
116425  -25.905  5.884  -8.436 0.4444444478
93920  -28.378  -15.781  -6.233 0.4444444478
93887  -30.626  -15.616  -3.882 0.2222222239
91786  -24.877  -17.502  -5.443 0.4444444478
91787  -25.640  -17.289  -5.914 0.4444444478
92854  -24.781  -16.493  -5.405 0.4444444478
93932  -25.754  -16.118  -6.155 0.4444444478
93935  -28.082  -15.455  -6.714 0.4444444478
94938  -28.493  -14.386  -6.427 0.4444444478
94927  -29.555  -14.446  -5.457 0.2222222239
94925  -25.773  -14.792  -5.675 0.4444444478
94936  -26.973  -14.461  -6.420 0.4444444478
94937  -27.750  -14.407  -6.553 0.4444444478
95907  -30.633  -13.458  -4.323 0.1111111119
95908  -31.074  -12.817  -3.915 0.1111111119
95927  -27.372  -13.389  -6.538 0.4444444478
95929  -29.020  -13.486  -6.317 0.3333333433
94934  -25.755  -14.148  -5.732 0.4444444478
94935  -26.314  -14.478  -5.943 0.4444444478
95928  -28.218  -13.392  -6.558 0.3333333433
96936  -29.593  -12.640  -5.991 0.3333333433
96928  -30.309  -12.565  -5.121 0.2222222239
95926  -26.679  -13.520  -6.252 0.4444444478
97996  -29.431  -11.480  -6.080 0.2222222239
97989  -30.558  -11.379  -5.050 0.1111111119
99077  -31.320  -10.416  -4.252 0.1111111119
97994  -27.755  -11.240  -6.653 0.4444444478
99102  -28.135  -10.467  -6.461 0.5555555820
100116  -27.697  -9.547  -6.388 0.6666666865
100104  -29.923  -9.461  -5.345 0.4444444478
102035  -30.290  -7.446  -5.302 0.3333333433
101083  -28.214  -8.528  -6.516 0.6666666865
102051  -28.789  -7.585  -6.433 0.5555555820
101082  -27.219  -8.495  -6.368 0.6666666865
102050  -27.775  -7.398  -6.500 0.5555555820
103054  -29.375  -6.945  -6.220 0.5555555820
103055  -29.831  -7.223  -6.111 0.4444444478
103033  -29.124  -6.105  -5.789 0.3333333433
104032  -29.172  -5.119  -5.924 0.4444444478
104051  -28.863  -4.713  -6.192 0.5555555820
103032  -28.781  -5.761  -6.185 0.4444444478
105040  -28.944  -4.286  -5.957 0.4444444478
113203  -22.943  3.151  -2.933 0.5555555820
115332  -25.340  5.283  -5.920 0.5555555820
115344  -25.169  6.074  -6.176 0.5555555820
91818  -27.916  -16.812  -7.257 0.4444444478
93922  -29.772  -15.196  -5.279 0.2222222239
96927  -29.873  -12.978  -5.530 0.2222222239
97997  -30.119  -11.950  -5.700 0.2222222239
99091  -29.592  -10.407  -5.629 0.4444444478
99092  -30.194  -10.363  -5.076 0.3333333433
101084  -29.140  -8.605  -6.325 0.6666666865
103015  -29.342  -5.713  -5.362 0.3333333433
105021  -29.292  -4.367  -5.474 0.4444444478
107078  -28.678  -2.344  -5.852 0.4444444478
114249  -23.575  4.375  -4.294 0.5555555820
114238  -22.920  4.303  -3.349 0.5555555820
101069  -30.322  -8.507  -5.302 0.2222222239
90625  -26.581  -18.296  -6.254 0.4444444478
90627  -27.997  -18.242  -6.475 0.4444444478
91788  -28.628  -17.415  -5.776 0.4444444478
92841  -29.522  -16.606  -4.724 0.2222222239
92842  -30.204  -16.565  -4.175 0.2222222239
93888  -31.210  -15.689  -3.295 0.1111111119
91785  -24.415  -18.080  -5.117 0.4444444478
90609  -25.704  -18.234  -5.777 0.4444444478
94899  -30.564  -14.640  -4.171 0.1111111119
95894  -31.525  -13.491  -3.412 0.1111111119
95895  -32.146  -13.013  -3.020 0.1111111119
96916  -30.773  -12.103  -4.260 0.1111111119
97959  -31.486  -11.386  -3.134 0.1111111119
99063  -31.426  -10.419  -3.466 0.1111111119
100079  -31.171  -9.406  -3.939 0.1111111119
100078  -30.719  -8.853  -4.218 0.2222222239
102021  -30.517  -7.090  -4.566 0.1111111119
101054  -30.564  -8.161  -4.536 0.2222222239
103016  -29.782  -6.295  -4.918 0.2222222239
104018  -30.070  -5.237  -4.432 0.2222222239
104017  -29.584  -5.179  -5.151 0.3333333433
106029  -29.008  -3.347  -5.665 0.4444444478
106030  -29.530  -2.878  -5.360 0.3333333433
108099  -29.528  -1.941  -5.362 0.3333333433
108098  -29.163  -1.487  -5.624 0.3333333433
106973  -18.420  -2.132  0.567 0.4444444478
111147  -29.034  1.183  -6.310 0.4444444478
113227  -27.683  3.560  -5.605 0.3333333433
116408  -25.575  6.196  -7.978 0.5555555820
113192  -22.307  3.256  -2.525 0.5555555820
115317  -23.803  5.466  -4.799 0.5555555820
115343  -24.558  6.211  -6.029 0.5555555820
114230  -22.773  4.589  -2.617 0.5555555820
91767  -24.081  -17.589  -4.810 0.4444444478
91768  -24.486  -17.062  -5.154 0.4444444478
92855  -25.433  -16.611  -5.789 0.4444444478
96932  -26.472  -12.960  -6.084 0.5555555820
98006  -27.235  -11.501  -6.752 0.6666666865
103053  -28.459  -6.297  -6.323 0.5555555820
104050  -28.639  -5.136  -6.355 0.4444444478
113226  -27.007  3.435  -5.746 0.3333333433
93918  -25.459  -15.611  -5.737 0.4444444478
96934  -27.749  -12.212  -6.652 0.3333333433
92882  -28.008  -16.354  -7.142 0.4444444478
93921  -29.034  -15.491  -5.742 0.4444444478
93902  -29.552  -15.908  -5.221 0.3333333433
93936  -28.660  -15.116  -6.291 0.4444444478
92856  -28.389  -16.482  -5.966 0.4444444478
91803  -26.260  -17.439  -6.278 0.4444444478
92869  -25.991  -16.631  -6.285 0.4444444478
91804  -27.029  -17.494  -6.545 0.4444444478
92871  -27.268  -17.021  -6.846 0.4444444478
92880  -26.968  -16.294  -7.089 0.4444444478
93933  -26.420  -15.641  -6.432 0.4444444478
93934  -27.296  -15.295  -6.773 0.4444444478
94926  -29.107  -14.427  -6.075 0.4444444478
94912  -30.076  -14.470  -4.820 0.2222222239
95918  -29.464  -13.572  -5.712 0.4444444478
95893  -30.875  -14.051  -3.808 0.1111111119
95919  -29.904  -13.557  -5.101 0.2222222239
96935  -28.774  -12.434  -6.401 0.3333333433
96937  -30.006  -12.532  -5.625 0.2222222239
97988  -29.977  -11.104  -5.497 0.2222222239
99076  -30.864  -10.427  -4.688 0.1111111119
97974  -31.081  -11.132  -4.509 0.1111111119
100090  -31.087  -9.896  -4.447 0.1111111119
97995  -28.481  -11.389  -6.444 0.3333333433
99103  -29.009  -10.469  -6.264 0.4444444478
100103  -29.413  -9.525  -6.028 0.4444444478
102052  -29.618  -7.773  -6.113 0.4444444478
103034  -29.889  -6.860  -5.822 0.3333333433
106012  -29.412  -3.853  -5.189 0.4444444478
115331  -24.571  5.629  -5.487 0.5555555820
91805  -27.796  -17.364  -6.962 0.4444444478
91806  -28.324  -17.317  -6.613 0.4444444478
97975  -31.289  -11.289  -3.895 0.1111111119
115301  -23.270  5.526  -3.756 0.5555555820
100089  -30.567  -9.389  -4.648 0.2222222239
90626  -27.358  -18.267  -6.420 0.4444444478
91789  -29.217  -17.509  -5.154 0.4444444478
92857  -28.971  -16.559  -5.370 0.4444444478
90608  -24.844  -18.544  -5.206 0.4444444478
90607  -24.035  -18.603  -4.882 0.4444444478
94900  -30.953  -14.680  -3.498 0.1111111119
96901  -31.903  -12.328  -3.038 0.1111111119
83340  -31.035  -24.646  -2.282 0.1111111119
84651  -26.734  -23.594  -5.485 0.3333333433
84638  -28.909  -23.362  -4.107 0.2222222239
83353  -30.070  -23.912  -3.425 0.2222222239
84596  -30.496  -23.494  -2.808 0.1111111119
85851  -24.612  -22.483  -5.071 0.3333333433
84649  -25.058  -23.477  -5.235 0.3333333433
84650  -25.896  -23.546  -5.493 0.3333333433
85854  -27.383  -22.722  -5.572 0.3333333433
86943  -28.657  -21.835  -5.156 0.3333333433
86944  -29.280  -21.461  -4.381 0.2222222239
85820  -29.958  -22.587  -3.240 0.2222222239
85799  -30.470  -22.424  -2.666 0.1111111119
85819  -29.448  -22.340  -3.846 0.2222222239
88097  -23.117  -20.545  -4.151 0.2222222239
86941  -23.458  -21.494  -4.370 0.2222222239
85852  -25.429  -22.527  -5.490 0.3333333433
85853  -26.349  -22.595  -5.742 0.3333333433
86926  -29.731  -21.668  -3.604 0.1111111119
89376  -23.422  -19.797  -4.442 0.2222222239
88098  -23.759  -20.599  -4.536 0.3333333433
88099  -24.439  -20.548  -4.887 0.3333333433
89396  -24.550  -19.500  -4.919 0.3333333433
88117  -25.226  -20.444  -5.388 0.3333333433
88118  -26.216  -20.330  -6.083 0.3333333433
86981  -27.683  -20.654  -6.143 0.3333333433
88137  -27.117  -20.086  -6.259 0.3333333433
86982  -28.018  -20.296  -5.889 0.3333333433
88120  -28.435  -19.972  -5.463 0.3333333433
88101  -29.268  -20.308  -4.549 0.3333333433
88086  -29.895  -20.521  -3.760 0.1111111119
89361  -30.049  -19.877  -3.890 0.2222222239
90576  -22.464  -18.916  -3.784 0.2222222239
89375  -22.832  -19.573  -4.049 0.2222222239
89394  -23.208  -19.201  -4.564 0.3333333433
89395  -23.699  -19.266  -4.723 0.3333333433
88136  -26.619  -19.692  -6.238 0.3333333433
89415  -26.916  -19.123  -6.315 0.3333333433
88138  -27.784  -19.871  -6.092 0.3333333433
89416  -27.551  -19.120  -6.217 0.3333333433
89399  -29.174  -19.365  -5.006 0.3333333433
89379  -30.159  -19.089  -4.123 0.1111111119
90575  -21.724  -18.557  -3.525 0.3333333433
89414  -26.273  -19.179  -6.001 0.3333333433
90610  -28.909  -18.467  -5.589 0.3333333433
90628  -28.469  -18.135  -6.162 0.3333333433
105003  -29.630  -4.370  -4.832 0.2222222239
106013  -29.893  -3.361  -4.971 0.2222222239
110110  -29.046  0.032  -5.748 0.3333333433
109114  -29.281  -0.530  -5.545 0.2222222239
84636  -27.702  -23.629  -4.949 0.3333333433
84637  -28.424  -23.474  -4.427 0.3333333433
84618  -30.032  -23.346  -3.329 0.2222222239
86909  -30.768  -21.843  -2.390 0.1111111119
86961  -26.780  -21.521  -6.101 0.3333333433
86962  -27.578  -21.507  -5.981 0.3333333433
88100  -28.716  -20.789  -5.005 0.3333333433
89377  -23.978  -19.894  -4.638 0.3333333433
90606  -23.409  -18.829  -4.718 0.3333333433
90611  -29.412  -18.357  -4.955 0.3333333433
83338  -29.757  -24.895  -3.095 0.1111111119
83339  -30.184  -24.645  -2.961 0.1111111119
83383  -25.435  -24.478  -5.309 0.3333333433
83384  -26.295  -24.510  -5.391 0.3333333433
83368  -27.662  -24.486  -4.741 0.3333333433
83369  -28.273  -24.530  -4.353 0.3333333433
84616  -28.875  -23.989  -3.967 0.3333333433
84597  -30.940  -23.633  -2.145 0.1111111119
85800  -30.929  -22.740  -2.074 0.1111111119
86910  -31.298  -21.643  -1.909 0.1111111119
88085  -22.451  -20.492  -3.619 0.2222222239
88087  -30.718  -20.406  -3.162 0.1111111119
89362  -30.441  -19.530  -3.722 0.1111111119
89360  -22.123  -19.563  -3.420 0.2222222239
90577  -30.755  -18.674  -3.231 0.1111111119
90591  -29.777  -18.752  -4.431 0.1111111119
91769  -29.752  -17.644  -4.375 0.1111111119
90574  -20.969  -18.858  -3.102 0.1111111119
107080  -29.803  -2.413  -5.194 0.2222222239
110129  -29.202  0.625  -6.001 0.2222222239
110111  -29.518  0.426  -5.361 0.2222222239
95877  -20.338  -13.609  -2.290 0.5555555820
90588  -22.385  -18.348  -4.024 0.3333333433
90589  -23.000  -18.627  -4.234 0.4444444478
90590  -23.541  -18.296  -4.563 0.4444444478
108081  -29.825  -1.474  -4.985 0.2222222239
83385  -27.160  -24.502  -5.188 0.3333333433
86942  -24.175  -21.500  -4.787 0.3333333433
85835  -23.885  -22.458  -4.581 0.2222222239
84635  -24.337  -23.420  -4.765 0.2222222239
85836  -27.689  -23.019  -5.158 0.3333333433
85837  -28.091  -22.753  -5.024 0.3333333433
85855  -28.083  -22.031  -5.642 0.3333333433
86960  -25.846  -21.484  -5.635 0.3333333433
86959  -24.898  -21.494  -5.311 0.3333333433
86927  -30.312  -21.475  -2.999 0.1111111119
89397  -25.517  -19.365  -5.442 0.3333333433
88119  -26.839  -20.753  -6.346 0.3333333433
86963  -28.191  -21.038  -5.680 0.3333333433
89398  -28.677  -19.235  -5.503 0.3333333433
90592  -30.330  -18.389  -3.874 0.1111111119
82097  -29.709  -25.481  -2.998 0.1111111119
83351  -28.813  -24.624  -3.876 0.2222222239
82147  -26.618  -25.362  -5.170 0.3333333433
82127  -27.640  -25.317  -4.606 0.3333333433
82128  -28.261  -25.307  -4.328 0.3333333433
84634  -23.563  -23.414  -4.428 0.2222222239
107059  -30.109  -2.404  -4.463 0.1111111119
105998  -30.152  -3.275  -3.942 0.1111111119
108050  -30.752  -1.506  -3.224 0.1111111119
107044  -30.558  -2.411  -3.640 0.1111111119
108068  -30.387  -1.494  -4.074 0.1111111119
109085  -30.643  -0.535  -3.670 0.1111111119
108080  -29.556  -0.990  -5.412 0.1111111119
109097  -29.615  -0.491  -5.030 0.1111111119
110097  -30.502  0.460  -4.233 0.1111111119
112177  -28.898  1.861  -6.170 0.2222222239
110096  -29.869  0.152  -4.708 0.1111111119
113228  -28.721  3.455  -5.720 0.1111111119
112156  -27.222  2.625  -5.789 0.2222222239
114261  -28.167  4.552  -6.261 0.1111111119
112157  -28.210  2.388  -5.564 0.1111111119
114262  -29.083  4.486  -5.704 0.1111111119
114260  -27.589  4.234  -6.113 0.1111111119
114228  -21.817  3.783  -1.153 0.4444444478
114237  -22.706  3.887  -2.692 0.4444444478
115347  -27.995  5.589  -6.524 0.1111111119
116409  -26.290  6.432  -8.363 0.3333333433
116426  -26.324  5.893  -8.464 0.2222222239
116395  -26.997  6.409  -7.751 0.1111111119
116396  -27.513  6.434  -6.724 0.1111111119
116371  -23.863  6.476  -4.384 0.4444444478
116384  -24.346  6.196  -5.194 0.4444444478
116385  -24.538  6.816  -5.723 0.4444444478
116391  -24.408  6.308  -5.798 0.4444444478
116392  -24.889  6.747  -6.355 0.4444444478
117382  -25.347  6.786  -7.772 0.4444444478
117401  -25.712  7.233  -8.285 0.2222222239
117402  -26.465  7.264  -8.009 0.2222222239
118289  -27.033  7.896  -7.823 0.2222222239
117403  -26.859  7.370  -7.661 0.2222222239
121027  -25.871  11.430  -9.023 0.1111111119
120146  -26.484  10.876  -8.509 0.1111111119
119162  -27.555  9.274  -6.960 0.1111111119
114221  -22.037  4.541  -0.864 0.4444444478
115282  -22.600  5.393  -1.526 0.4444444478
115288  -22.721  4.944  -2.235 0.4444444478
115289  -22.600  5.626  -2.827 0.3333333433
117357  -24.627  7.532  -5.379 0.4444444478
117368  -24.743  7.506  -6.283 0.4444444478
117381  -25.120  7.419  -7.387 0.4444444478
119161  -24.319  9.015  -6.273 0.3333333433
117400  -25.922  8.048  -7.942 0.3333333433
118305  -25.881  8.408  -9.094 0.1111111119
119176  -26.288  8.986  -8.590 0.1111111119
118288  -26.002  8.183  -8.028 0.2222222239
119177  -27.027  8.907  -7.805 0.1111111119
120131  -26.639  9.946  -8.045 0.1111111119
116357  -23.140  6.548  -3.413 0.3333333433
117356  -24.308  7.425  -4.551 0.3333333433
118260  -24.734  8.338  -5.805 0.3333333433
118275  -24.418  8.172  -6.912 0.4444444478
119175  -24.128  8.943  -7.322 0.2222222239
119192  -24.344  9.143  -8.119 0.2222222239
118304  -25.191  8.604  -9.275 0.2222222239
119194  -25.704  9.158  -9.170 0.1111111119
119174  -23.972  9.592  -7.653 0.1111111119
118302  -23.780  9.106  -9.158 0.1111111119
119207  -24.417  9.575  -9.429 0.1111111119
120130  -26.025  9.576  -8.634 0.1111111119
120157  -23.999  10.090  -9.010 0.1111111119
120144  -24.578  10.292  -8.977 0.1111111119
120145  -25.632  10.249  -8.826 0.1111111119
116347  -22.516  6.341  -3.087 0.3333333433
117348  -23.411  7.513  -2.847 0.3333333433
118243  -23.635  8.203  -3.326 0.3333333433
118246  -24.454  8.337  -4.861 0.3333333433
120128  -23.948  10.211  -7.067 0.1111111119
121025  -24.205  11.487  -8.350 0.1111111119
121026  -24.911  11.316  -8.881 0.1111111119
122680  -24.534  13.412  -9.627 0.1111111119
117344  -23.911  7.839  -0.944 0.1111111119
117343  -23.496  7.737  -1.665 0.1111111119
118240  -23.439  8.509  -2.458 0.2222222239
119129  -23.376  9.051  -3.194 0.2222222239
119133  -23.611  8.682  -3.704 0.3333333433
120103  -24.294  9.830  -4.474 0.2222222239
119134  -23.859  9.233  -4.112 0.3333333433
120115  -24.004  10.447  -6.032 0.1111111119
120993  -23.975  11.024  -5.921 0.1111111119
120116  -24.313  10.779  -6.604 0.1111111119
120994  -24.353  11.474  -6.663 0.1111111119
120143  -24.232  10.568  -8.294 0.1111111119
121823  -23.362  12.253  -8.240 0.1111111119
121843  -25.144  12.895  -9.511 0.1111111119
121826  -26.037  12.414  -9.145 0.1111111119
119118  -23.879  9.419  -1.246 0.1111111119
118235  -23.581  8.920  -1.640 0.1111111119
120085  -23.604  9.931  -1.542 0.1111111119
120970  -23.905  11.561  -2.973 0.1111111119
120971  -24.264  10.985  -3.199 0.1111111119
120092  -24.313  10.637  -4.166 0.2222222239
120973  -24.146  11.169  -3.914 0.1111111119
121776  -23.594  12.249  -4.314 0.1111111119
120984  -24.055  11.657  -5.927 0.1111111119
122617  -23.502  13.065  -5.994 0.1111111119
121807  -23.542  12.139  -7.470 0.1111111119
120080  -24.687  10.205  -1.393 0.1111111119
120087  -24.487  10.830  -2.020 0.1111111119
120966  -24.025  11.337  -2.442 0.1111111119
121768  -24.012  12.104  -2.588 0.1111111119
121767  -23.815  11.797  -2.756 0.1111111119
121773  -24.204  12.683  -3.404 0.1111111119
122605  -23.798  13.181  -4.960 0.1111111119
120958  -25.163  10.766  -1.829 0.1111111119
120959  -26.014  11.211  -1.814 0.1111111119
121769  -24.860  12.628  -2.618 0.1111111119
111129  -30.014  1.390  -5.340 0.1111111119
110112  -30.093  0.790  -4.895 0.1111111119
112159  -30.409  2.031  -5.284 0.1111111119
114229  -22.344  4.207  -1.960 0.4444444478
116393  -25.646  6.600  -6.958 0.4444444478
116394  -26.686  6.792  -8.086 0.2222222239
117384  -27.174  7.372  -7.060 0.1111111119
116386  -28.272  6.450  -6.082 0.1111111119
120996  -27.389  10.271  -7.282 0.1111111119
119130  -23.877  9.805  -3.041 0.2222222239
120102  -24.336  10.372  -4.821 0.1111111119
121772  -23.588  11.990  -3.213 0.1111111119
120968  -25.615  12.076  -2.309 0.1111111119
109052  -30.838  -0.878  -1.789 0.1111111119
108037  -30.699  -1.572  -2.296 0.1111111119
111128  -29.462  1.258  -5.835 0.2222222239
113183  -21.404  3.067  -0.707 0.4444444478
116372  -24.494  6.838  -4.970 0.4444444478
118286  -25.062  8.504  -8.058 0.2222222239
119119  -24.667  9.295  -1.041 0.1111111119
119106  -25.258  9.109  -0.943 0.1111111119
120081  -25.882  10.071  -1.396 0.1111111119
120967  -24.745  11.695  -1.990 0.1111111119
105004  -29.956  -4.226  -4.127 0.1111111119
107022  -30.860  -2.469  -2.860 0.1111111119
109053  -31.474  -0.709  -1.220 0.1111111119
108038  -31.104  -1.654  -1.500 0.1111111119
110076  -31.368  0.401  -2.336 0.1111111119
110086  -31.018  0.409  -3.331 0.1111111119
111111  -31.283  1.022  -3.165 0.1111111119
111116  -30.535  1.489  -4.780 0.1111111119
112147  -29.484  2.969  -4.706 0.1111111119
113217  -29.910  3.625  -4.617 0.1111111119
113191  -21.700  3.198  -1.797 0.4444444478
115335  -29.319  5.482  -5.234 0.1111111119
115334  -28.640  5.497  -5.878 0.1111111119
117385  -27.898  7.186  -6.354 0.1111111119
114220  -21.484  3.954  -0.380 0.4444444478
119164  -28.818  9.557  -6.057 0.1111111119
120118  -27.656  9.933  -6.611 0.1111111119
115278  -21.823  5.388  -0.231 0.2222222239
115283  -22.985  6.009  -2.060 0.2222222239
116346  -22.965  6.662  -2.461 0.2222222239
121010  -27.252  11.062  -7.683 0.1111111119
116326  -22.957  6.621  -0.212 0.1111111119
121827  -27.097  12.533  -8.668 0.1111111119
122661  -26.552  13.063  -9.333 0.1111111119
117337  -23.562  7.300  -0.722 0.1111111119
117325  -23.698  7.168  0.264 0.1111111119
118237  -24.706  8.878  -0.554 0.1111111119
122681  -25.028  13.476  -10.061 0.1111111119
118229  -25.131  9.079  -0.134 0.1111111119
119107  -25.890  9.179  -0.936 0.1111111119
123520  -23.559  14.039  -7.595 0.1111111119
123532  -23.953  14.066  -8.427 0.1111111119
123533  -24.391  14.145  -9.321 0.1111111119
122602  -24.404  13.510  -3.602 0.1111111119
123476  -23.654  14.205  -4.623 0.1111111119
109098  -30.140  -0.563  -4.435 0.1111111119
109068  -30.855  -0.446  -2.622 0.1111111119
112158  -29.372  2.306  -5.366 0.1111111119
113229  -29.315  3.541  -5.174 0.1111111119
117369  -28.713  7.539  -5.763 0.1111111119
118276  -27.550  8.464  -7.077 0.2222222239
121825  -25.092  12.151  -9.307 0.1111111119
121028  -26.692  11.776  -8.425 0.1111111119
120119  -28.652  10.073  -6.379 0.1111111119
119163  -27.958  9.241  -6.038 0.1111111119
120117  -27.322  9.682  -7.360 0.2222222239
117351  -23.723  7.389  -3.787 0.3333333433
118303  -24.324  8.775  -8.966 0.2222222239
119193  -25.050  9.477  -9.493 0.1111111119
116336  -22.910  6.604  -1.351 0.1111111119
118245  -23.842  8.213  -4.113 0.3333333433
119146  -24.486  9.290  -5.162 0.2222222239
119160  -23.900  9.647  -6.696 0.1111111119
120129  -24.369  10.751  -7.365 0.1111111119
121842  -24.549  12.816  -9.311 0.1111111119
121824  -24.057  12.323  -8.912 0.1111111119
122660  -24.075  13.325  -9.041 0.1111111119
117338  -24.142  7.856  -0.328 0.1111111119
119145  -24.195  9.757  -5.804 0.2222222239
120983  -23.894  11.337  -5.213 0.1111111119
121008  -24.027  11.535  -7.574 0.1111111119
122659  -23.391  13.177  -8.441 0.1111111119
119117  -23.566  9.585  -1.535 0.1111111119
118236  -24.228  8.532  -0.995 0.1111111119
120079  -23.931  9.975  -1.201 0.1111111119
119125  -23.443  9.601  -2.182 0.1111111119
120089  -24.115  10.500  -2.733 0.1111111119
120086  -23.831  10.438  -1.870 0.1111111119
119126  -23.734  10.126  -2.430 0.1111111119
120974  -24.308  10.837  -3.627 0.1111111119
121786  -23.727  12.285  -5.571 0.1111111119
121795  -23.767  12.406  -6.508 0.1111111119
122631  -23.764  12.950  -6.870 0.1111111119
122644  -23.385  13.047  -7.598 0.1111111119
119120  -25.286  9.569  -1.165 0.1111111119
121777  -24.078  13.027  -4.159 0.1111111119
122606  -24.037  13.605  -4.290 0.1111111119
105975  -30.549  -3.298  -3.218 0.1111111119
118277  -28.104  8.083  -6.438 0.1111111119
121011  -28.123  11.587  -7.061 0.1111111119
123490  -23.542  13.855  -5.540 0.1111111119
122603  -24.611  13.480  -3.075 0.1111111119
109069  -31.284  -0.287  -1.918 0.1111111119
114250  -29.599  4.528  -4.923 0.1111111119
118261  -28.633  8.665  -5.743 0.1111111119
120997  -27.982  10.693  -6.832 0.1111111119
121810  -27.463  12.138  -7.763 0.1111111119
123507  -23.527  13.862  -6.555 0.1111111119
123477  -24.176  14.067  -3.993 0.1111111119
123467  -23.936  14.618  -3.754 0.1111111119
82126  -26.959  -25.908  -4.728 0.2222222239
95847  -19.575  -12.881  -1.471 0.2222222239
97920  -18.875  -11.270  -1.041 0.2222222239
93871  -20.455  -15.391  -1.972 0.3333333433
96858  -19.431  -12.226  -1.227 0.3333333433
112099  -20.639  2.803  -0.601 0.3333333433
114211  -21.108  4.423  0.274 0.1111111119
115277  -21.248  5.045  0.037 0.1111111119
114212  -21.479  4.730  -0.249 0.2222222239
108006  -18.408  -1.428  0.510 0.2222222239
106952  -17.572  -2.501  1.268 0.1111111119
95848  -19.877  -13.592  -1.717 0.2222222239
106953  -18.345  -2.052  0.938 0.1111111119
110021  -19.343  0.189  1.193 0.1111111119
111053  -19.440  1.126  1.101 0.1111111119
112085  -19.865  2.552  0.926 0.1111111119
114201  -20.929  4.018  1.628 0.1111111119
114202  -20.872  4.507  1.107 0.1111111119
112098  -19.990  2.282  -0.290 0.2222222239
92811  -20.581  -16.304  -2.361 0.2222222239
94862  -20.326  -14.562  -1.623 0.2222222239
95849  -20.279  -14.061  -1.917 0.3333333433
100965  -16.788  -8.604  0.489 0.2222222239
112084  -19.474  1.830  0.621 0.1111111119
100966  -16.996  -8.986  0.829 0.1111111119
101931  -15.840  -7.748  0.920 0.3333333433
113174  -20.607  3.450  0.011 0.3333333433
113173  -20.051  3.043  0.394 0.1111111119
113162  -20.442  3.500  1.105 0.1111111119
110022  -19.743  0.423  1.517 0.1111111119
112053  -19.587  2.045  2.209 0.1111111119
112054  -19.940  2.098  2.452 0.1111111119
112072  -19.940  2.684  2.038 0.1111111119
112071  -19.460  1.999  1.578 0.1111111119
80976  -26.271  -26.425  -4.976 0.1111111119
80953  -28.238  -25.921  -4.297 0.1111111119
80974  -24.569  -26.581  -5.213 0.1111111119
82145  -24.778  -25.448  -5.275 0.1111111119
83382  -24.673  -24.346  -5.027 0.1111111119
91722  -20.438  -16.898  -2.130 0.1111111119
96838  -19.304  -12.138  -0.594 0.1111111119
104914  -15.360  -5.083  1.598 0.2222222239
104893  -15.576  -4.289  1.711 0.2222222239
104882  -14.853  -4.061  1.748 0.2222222239
105894  -15.995  -4.020  1.812 0.2222222239
97895  -18.650  -10.827  -0.278 0.1111111119
79754  -24.420  -27.552  -5.098 0.1111111119
79774  -26.239  -27.191  -4.979 0.1111111119
80951  -26.799  -26.529  -4.570 0.1111111119
80950  -23.991  -26.920  -5.063 0.1111111119
82144  -24.259  -25.928  -5.205 0.1111111119
82124  -23.835  -25.410  -4.820 0.1111111119
83367  -24.025  -24.321  -4.654 0.1111111119
84633  -22.901  -23.436  -3.893 0.1111111119
85834  -23.149  -22.453  -4.163 0.1111111119
91721  -20.540  -17.370  -1.741 0.1111111119
92795  -19.951  -16.384  -1.213 0.1111111119
95822  -19.767  -13.944  -1.054 0.1111111119
95811  -19.048  -13.199  -0.141 0.1111111119
104880  -14.620  -4.427  1.911 0.2222222239
105895  -16.407  -3.109  2.183 0.2222222239
107987  -16.583  -1.832  2.670 0.1111111119
82113  -29.276  -25.360  -3.456 0.1111111119
106951  -16.705  -2.626  2.104 0.2222222239
103903  -14.962  -5.693  1.741 0.2222222239
86940  -22.765  -21.475  -3.911 0.1111111119
88084  -21.612  -20.476  -3.255 0.1111111119
91737  -21.024  -17.462  -2.329 0.1111111119
82146  -25.816  -25.464  -5.331 0.1111111119
82125  -24.343  -24.889  -4.924 0.1111111119
95821  -19.547  -13.275  -0.793 0.1111111119
92796  -20.309  -16.313  -1.782 0.1111111119
80975  -25.432  -26.462  -5.335 0.1111111119
79773  -25.886  -27.309  -5.281 0.1111111119
79772  -25.129  -27.415  -5.133 0.1111111119
80973  -23.967  -26.280  -5.102 0.1111111119
105872  -15.214  -4.419  2.136 0.1111111119
83366  -23.229  -24.397  -4.359 0.1111111119
91736  -20.904  -18.134  -1.947 0.1111111119
93855  -20.175  -15.433  -1.373 0.1111111119
148300  -17.052  -2.812  2.700 0.1111111119
107974  -16.855  -1.541  2.925 0.1111111119
109006  -18.582  -0.909  0.702 0.1111111119
102896  -14.799  -6.683  2.230 0.1111111119
107989  -18.365  -1.987  1.354 0.1111111119
110032  -19.275  0.075  0.528 0.1111111119
80952  -27.519  -26.612  -4.265 0.1111111119
82112  -28.760  -25.383  -3.875 0.1111111119
82148  -27.115  -25.286  -4.993 0.3333333433
83352  -29.438  -24.619  -3.473 0.2222222239
84581  -31.492  -23.648  -1.584 0.1111111119
84617  -29.454  -23.351  -3.705 0.2222222239
84652  -27.243  -23.619  -5.327 0.3333333433
85838  -28.860  -22.639  -4.344 0.2222222239
86980  -27.238  -20.949  -6.360 0.3333333433
88121  -28.858  -20.103  -4.990 0.3333333433
88139  -28.078  -19.831  -5.852 0.3333333433
89378  -29.818  -19.628  -4.210 0.2222222239
89417  -28.169  -19.094  -5.853 0.3333333433
91819  -28.193  -16.895  -7.141 0.4444444478
92870  -26.754  -16.656  -6.707 0.4444444478
92872  -28.283  -16.409  -6.748 0.4444444478
92881  -27.437  -16.541  -7.128 0.4444444478
93903  -30.105  -15.582  -4.658 0.2222222239
93919  -26.051  -15.155  -5.849 0.4444444478
93946  -26.745  -16.119  -6.943 0.4444444478
93947  -27.010  -15.920  -7.156 0.4444444478
93948  -27.583  -15.896  -7.104 0.4444444478
95876  -20.007  -13.443  -2.115 0.5555555820
95917  -25.495  -13.445  -5.575 0.6666666865
95925  -26.138  -13.507  -5.913 0.4444444478
96917  -31.330  -12.233  -3.614 0.1111111119
96946  -27.060  -11.791  -6.559 0.6666666865
96947  -27.254  -11.946  -6.565 0.6666666865
97987  -26.340  -11.567  -5.802 0.8888888955
97993  -26.747  -11.543  -6.113 0.8888888955
98005  -26.924  -11.568  -6.584 0.6666666865
99090  -25.976  -11.139  -5.827 0.8888888955
99113  -26.850  -11.091  -6.825 0.7777777910
100003  -17.051  -9.495  0.459 0.1111111119
100102  -25.644  -9.388  -5.658 1.0000000000
100114  -25.974  -9.607  -6.108 0.8888888955
100117  -28.626  -9.529  -6.365 0.4444444478
101032  -20.852  -8.521  -2.491 0.8888888955
101068  -29.841  -8.648  -5.883 0.4444444478
101079  -25.300  -8.280  -5.603 1.0000000000
101080  -25.684  -8.406  -5.750 0.8888888955
101914  -14.997  -6.710  2.401 0.1111111119
101915  -15.223  -7.147  2.098 0.1111111119
102034  -30.064  -7.957  -5.706 0.4444444478
102053  -30.010  -7.438  -5.852 0.4444444478
102897  -14.710  -6.782  1.877 0.1111111119
102951  -19.403  -6.363  -1.444 0.6666666865
102971  -20.525  -6.315  -2.187 0.8888888955
103881  -14.994  -5.053  1.963 0.2222222239
103892  -14.962  -5.303  2.031 0.2222222239
103893  -15.028  -4.951  1.928 0.2222222239
103902  -14.745  -6.226  2.090 0.2222222239
103960  -19.456  -5.274  -1.391 0.7777777910
104031  -28.948  -5.521  -6.125 0.4444444478
104872  -14.879  -4.461  2.084 0.2222222239
104881  -14.460  -4.226  1.883 0.2222222239
104892  -14.939  -4.642  1.807 0.2222222239
104934  -16.593  -5.043  0.332 0.5555555820
104952  -19.251  -4.125  -1.125 0.7777777910
105039  -28.486  -4.295  -6.044 0.4444444478
105886  -14.885  -3.915  2.072 0.1111111119
105892  -14.417  -4.027  1.951 0.2222222239
105893  -14.651  -3.957  1.894 0.2222222239
105924  -16.634  -4.144  0.893 0.4444444478
105940  -18.444  -3.327  -0.347 0.5555555820
105941  -18.760  -2.856  -0.501 0.7777777910
106935  -16.468  -2.097  3.127 0.1111111119
106936  -16.851  -2.214  3.139 0.1111111119
106937  -17.474  -2.074  3.247 0.1111111119
106941  -16.607  -2.404  2.561 0.1111111119
106942  -16.674  -2.626  2.608 0.1111111119
107079  -29.269  -2.398  -5.516 0.3333333433
107967  -16.430  -1.875  3.354 0.1111111119
107968  -16.783  -1.772  3.219 0.1111111119
107969  -17.298  -1.676  3.131 0.1111111119
107973  -16.484  -1.809  3.097 0.1111111119
108061  -21.694  -1.789  -2.911 0.8888888955
110020  -18.948  -0.383  0.847 0.1111111119
110067  -21.159  0.408  -2.222 0.6666666865
110087  -31.309  0.707  -2.893 0.1111111119
111027  -19.715  1.846  2.316 0.1111111119
111107  -21.761  1.671  -2.833 0.6666666865
111126  -27.354  2.099  -6.184 0.4444444478
112148  -30.168  2.549  -4.407 0.1111111119
112178  -29.238  1.652  -6.030 0.1111111119
113163  -20.833  3.945  0.667 0.1111111119
113245  -27.177  4.018  -5.970 0.3333333433
113259  -26.362  4.224  -7.076 0.5555555820
114273  -25.562  4.400  -6.725 0.5555555820
114276  -27.795  5.057  -6.839 0.3333333433
114290  -26.817  5.129  -7.492 0.3333333433
115290  -22.505  6.056  -3.184 0.3333333433
115302  -22.735  5.985  -3.339 0.3333333433
115367  -26.118  5.715  -8.323 0.2222222239
115368  -26.358  5.663  -8.212 0.3333333433
116358  -22.699  6.221  -3.286 0.3333333433
116410  -26.738  5.982  -8.308 0.3333333433
116427  -26.532  5.820  -8.344 0.3333333433
117383  -26.731  7.037  -7.658 0.2222222239
118228  -24.542  8.588  -0.045 0.1111111119
118287  -25.653  7.793  -8.808 0.2222222239
118317  -23.884  9.379  -9.316 0.1111111119
118318  -24.106  9.148  -9.396 0.1111111119
118319  -24.633  8.974  -9.483 0.2222222239
119147  -28.621  9.218  -5.777 0.1111111119
119191  -23.865  9.409  -8.567 0.1111111119
119205  -23.767  9.597  -9.089 0.1111111119
119206  -24.038  9.622  -9.344 0.1111111119
120078  -23.667  9.785  -1.313 0.1111111119
120093  -24.280  10.363  -3.769 0.2222222239
120104  -29.243  9.824  -6.108 0.1111111119
120142  -23.924  10.083  -7.975 0.1111111119
120156  -23.879  9.939  -8.658 0.1111111119
120158  -24.214  9.921  -9.278 0.1111111119
120965  -23.905  11.622  -2.655 0.1111111119
120995  -24.194  11.717  -7.056 0.1111111119
121007  -23.210  11.958  -8.210 0.1111111119
121009  -24.054  11.685  -7.252 0.1111111119
121024  -23.540  11.848  -8.078 0.1111111119
121787  -24.088  12.001  -6.286 0.1111111119
121796  -23.913  11.912  -6.868 0.1111111119
121797  -24.054  11.766  -7.013 0.1111111119
121808  -23.836  11.820  -7.212 0.1111111119
121809  -23.985  11.758  -6.989 0.1111111119
148295  -17.759  -2.911  2.977 0.1111111119
148304  -15.216  -4.817  2.204 0.2222222239
148306  -15.728  -4.012  2.071 0.1111111119
