#!ascii label  , from subject 3592 vox2ras=TkReg
828
45565  25.059  -57.406  62.371 0.0000000000
66164  46.583  -43.612  57.101 0.0000000000
67452  54.962  -41.507  57.278 0.0000000000
56577  43.635  -49.791  64.208 0.0000000000
47095  31.114  -56.766  59.748 0.0000000000
44141  28.956  -58.042  61.603 0.0000000000
67445  50.949  -41.687  58.112 0.0000000000
67366  48.796  -42.930  62.701 0.0000000000
52490  40.904  -52.536  61.646 0.0000000000
45644  35.925  -57.868  60.863 0.0000000000
76000  57.318  -34.402  49.269 0.0000000000
73494  55.929  -37.976  53.376 0.0000000000
60729  40.646  -47.108  60.094 0.0000000000
64696  44.100  -44.396  61.988 0.0000000000
47037  27.621  -56.429  61.293 0.0000000000
45581  26.968  -57.512  61.954 0.0000000000
66148  49.141  -42.922  56.933 0.0000000000
67394  50.225  -42.240  61.352 0.0000000000
66126  47.863  -43.372  60.588 0.0000000000
47025  42.022  -55.898  61.078 0.0000000000
45626  32.725  -57.915  61.651 0.0000000000
47064  33.516  -57.118  60.331 0.0000000000
42745  34.618  -58.834  61.918 0.0000000000
76002  55.677  -34.497  49.392 0.0000000000
72365  56.446  -37.255  49.383 0.0000000000
73535  56.094  -36.854  50.130 0.0000000000
71083  53.855  -39.591  56.362 0.0000000000
71153  53.278  -39.194  53.399 0.0000000000
69908  55.739  -40.106  55.867 0.0000000000
67488  56.647  -41.914  53.821 0.0000000000
63425  55.613  -44.044  55.283 0.0000000000
53807  41.878  -51.250  63.703 0.0000000000
56617  41.293  -49.897  61.051 0.0000000000
57996  41.741  -48.494  63.332 0.0000000000
62072  42.378  -45.722  61.293 0.0000000000
60670  43.234  -46.662  64.220 0.0000000000
63270  44.756  -45.197  64.252 0.0000000000
59330  44.399  -47.441  63.508 0.0000000000
47008  29.670  -56.938  61.771 0.0000000000
68745  51.318  -41.395  55.223 0.0000000000
68649  53.614  -40.709  59.086 0.0000000000
64737  52.359  -42.994  60.469 0.0000000000
63312  50.902  -43.992  61.863 0.0000000000
48455  39.318  -56.409  61.434 0.0000000000
48440  40.305  -55.544  62.383 0.0000000000
49770  42.426  -54.289  63.102 0.0000000000
51084  43.969  -52.426  62.580 0.0000000000
55197  44.066  -50.384  61.942 0.0000000000
48493  37.199  -56.208  59.091 0.0000000000
45599  37.887  -57.915  62.119 0.0000000000
76016  57.016  -34.517  48.272 0.0000000000
72367  54.906  -37.656  49.789 0.0000000000
71176  56.513  -39.153  52.289 0.0000000000
66252  56.201  -42.660  51.968 0.0000000000
64771  45.642  -43.541  59.714 0.0000000000
66074  46.136  -43.168  62.494 0.0000000000
63292  47.097  -44.439  63.441 0.0000000000
44145  25.248  -58.047  62.132 0.0000000000
45582  25.925  -57.363  61.976 0.0000000000
44144  26.243  -57.738  61.829 0.0000000000
66149  48.333  -43.305  57.265 0.0000000000
64768  48.833  -43.405  59.201 0.0000000000
66138  47.808  -43.508  58.313 0.0000000000
44165  33.527  -58.325  61.856 0.0000000000
76003  55.172  -34.939  49.191 0.0000000000
74776  56.082  -35.366  49.680 0.0000000000
74777  55.331  -35.515  49.336 0.0000000000
69870  54.679  -39.929  58.259 0.0000000000
71098  54.599  -39.015  56.233 0.0000000000
68726  55.406  -40.866  56.767 0.0000000000
66158  55.618  -41.795  55.760 0.0000000000
53776  42.882  -50.963  64.682 0.0000000000
56579  41.953  -49.511  63.733 0.0000000000
57968  42.478  -49.070  64.362 0.0000000000
59347  42.186  -47.493  63.441 0.0000000000
57954  43.347  -48.337  64.303 0.0000000000
60648  43.923  -46.986  64.244 0.0000000000
56558  43.977  -49.023  63.816 0.0000000000
47009  29.001  -56.779  61.963 0.0000000000
45578  29.358  -57.652  61.457 0.0000000000
45604  30.085  -57.657  60.902 0.0000000000
67454  50.788  -42.057  56.939 0.0000000000
67471  50.332  -41.729  55.209 0.0000000000
68710  51.476  -41.319  57.400 0.0000000000
69892  52.581  -40.298  57.383 0.0000000000
68674  52.239  -40.982  59.092 0.0000000000
66101  53.010  -41.614  59.752 0.0000000000
67413  51.667  -41.682  59.829 0.0000000000
67395  49.403  -42.532  61.702 0.0000000000
66068  50.698  -42.524  61.982 0.0000000000
64650  50.168  -43.742  62.494 0.0000000000
62035  49.944  -45.142  62.243 0.0000000000
63289  49.129  -44.343  63.038 0.0000000000
47007  39.081  -56.945  61.938 0.0000000000
49789  39.543  -55.631  61.652 0.0000000000
47005  40.311  -56.346  62.341 0.0000000000
48439  42.218  -54.910  62.184 0.0000000000
49783  43.495  -53.524  62.300 0.0000000000
47030  34.533  -57.531  60.685 0.0000000000
47091  35.065  -57.170  59.445 0.0000000000
47061  36.381  -57.392  60.274 0.0000000000
45642  37.398  -57.551  60.895 0.0000000000
45643  36.825  -57.808  60.800 0.0000000000
78339  57.139  -32.129  49.394 0.0000000000
76009  57.387  -34.441  48.791 0.0000000000
70024  56.028  -39.265  49.631 0.0000000000
71167  54.559  -38.617  53.285 0.0000000000
71181  53.099  -39.219  51.522 0.0000000000
71179  54.594  -38.572  52.283 0.0000000000
71214  54.487  -38.483  50.637 0.0000000000
72334  55.490  -37.872  51.958 0.0000000000
72333  56.218  -37.702  51.604 0.0000000000
73506  56.330  -38.100  52.881 0.0000000000
63468  56.253  -43.966  53.645 0.0000000000
64909  56.561  -42.938  52.617 0.0000000000
51122  40.688  -53.450  61.127 0.0000000000
52507  40.731  -52.090  60.953 0.0000000000
59381  40.962  -47.912  60.508 0.0000000000
56629  40.632  -49.236  59.794 0.0000000000
63336  42.875  -45.104  61.131 0.0000000000
64745  42.344  -44.486  59.461 0.0000000000
64717  43.289  -44.374  60.755 0.0000000000
64795  44.364  -43.721  58.523 0.0000000000
64742  44.864  -43.467  60.682 0.0000000000
66108  45.519  -43.202  61.303 0.0000000000
64695  45.000  -44.071  62.596 0.0000000000
62013  45.440  -45.661  63.082 0.0000000000
61987  45.958  -44.773  63.580 0.0000000000
62039  46.448  -45.371  62.441 0.0000000000
62068  47.406  -45.334  61.634 0.0000000000
46988  27.565  -57.277  61.941 0.0000000000
44142  28.273  -58.005  61.985 0.0000000000
44193  28.316  -58.376  61.196 0.0000000000
44170  27.875  -58.166  61.714 0.0000000000
67455  50.067  -42.485  57.520 0.0000000000
67431  50.797  -42.193  59.288 0.0000000000
66124  49.760  -42.977  59.314 0.0000000000
66104  49.566  -42.611  60.401 0.0000000000
66087  48.343  -42.471  61.875 0.0000000000
47066  31.464  -56.915  60.578 0.0000000000
47094  32.106  -56.830  59.708 0.0000000000
47032  33.065  -57.475  61.006 0.0000000000
45601  34.273  -58.008  62.027 0.0000000000
45600  34.982  -57.928  62.100 0.0000000000
44186  35.953  -58.620  61.474 0.0000000000
42766  35.458  -59.034  61.457 0.0000000000
76001  56.572  -34.428  49.518 0.0000000000
73545  56.938  -35.576  49.068 0.0000000000
74775  56.690  -35.154  49.259 0.0000000000
73546  56.273  -36.307  49.576 0.0000000000
70010  56.421  -39.439  50.923 0.0000000000
68743  52.734  -40.513  54.346 0.0000000000
71118  53.824  -39.412  55.143 0.0000000000
71134  54.537  -38.358  54.958 0.0000000000
72269  55.572  -38.295  54.964 0.0000000000
71133  56.509  -39.355  54.089 0.0000000000
67460  56.204  -41.120  55.019 0.0000000000
64851  56.160  -42.611  54.503 0.0000000000
52454  41.559  -52.140  63.301 0.0000000000
53831  41.189  -51.406  61.995 0.0000000000
55173  41.536  -50.506  62.776 0.0000000000
56603  41.393  -49.206  62.319 0.0000000000
60699  41.459  -47.320  61.437 0.0000000000
62074  41.351  -46.615  60.669 0.0000000000
60698  41.749  -46.848  61.909 0.0000000000
62015  42.872  -45.979  62.891 0.0000000000
63296  43.524  -45.336  63.084 0.0000000000
63313  44.545  -44.675  63.319 0.0000000000
63271  44.123  -45.302  64.354 0.0000000000
61963  44.548  -46.461  64.145 0.0000000000
59345  44.660  -47.380  62.923 0.0000000000
48456  28.372  -56.290  60.802 0.0000000000
47068  29.385  -56.714  60.504 0.0000000000
47067  30.392  -56.858  60.590 0.0000000000
45627  31.225  -57.713  61.252 0.0000000000
44189  31.922  -58.433  61.402 0.0000000000
68727  52.925  -40.463  56.080 0.0000000000
69872  53.721  -39.650  58.021 0.0000000000
67429  54.057  -41.047  58.848 0.0000000000
64764  53.478  -42.124  59.244 0.0000000000
64765  52.892  -42.690  59.472 0.0000000000
63356  51.885  -43.931  60.130 0.0000000000
67393  51.146  -42.290  60.899 0.0000000000
64711  51.575  -43.065  61.509 0.0000000000
48491  38.612  -55.694  59.994 0.0000000000
49815  39.775  -54.732  60.667 0.0000000000
49801  40.229  -54.750  61.517 0.0000000000
49787  40.716  -54.767  62.160 0.0000000000
47004  40.950  -56.300  62.004 0.0000000000
49757  41.141  -55.029  63.195 0.0000000000
51105  41.407  -54.008  62.802 0.0000000000
51087  42.742  -53.104  63.605 0.0000000000
51054  43.480  -52.404  63.386 0.0000000000
52430  43.890  -51.447  63.074 0.0000000000
55171  44.234  -49.937  63.364 0.0000000000
52471  44.174  -52.007  61.974 0.0000000000
48473  38.273  -56.407  60.218 0.0000000000
47028  38.614  -57.183  61.469 0.0000000000
44160  38.751  -57.934  61.916 0.0000000000
42764  37.266  -59.177  61.261 0.0000000000
42763  38.327  -58.427  61.139 0.0000000000
78369  57.976  -32.651  48.104 0.0000000000
73548  54.808  -36.502  49.060 0.0000000000
72350  55.791  -37.441  50.574 0.0000000000
71195  56.272  -38.416  51.045 0.0000000000
70009  56.523  -39.975  51.455 0.0000000000
68773  56.679  -40.404  53.131 0.0000000000
67515  56.503  -41.546  51.996 0.0000000000
67516  56.134  -41.687  51.502 0.0000000000
55217  40.998  -50.537  60.246 0.0000000000
64814  45.039  -43.672  57.737 0.0000000000
64813  46.065  -43.661  57.884 0.0000000000
64770  46.833  -43.534  59.949 0.0000000000
66106  47.597  -43.088  61.556 0.0000000000
66072  47.549  -42.806  62.952 0.0000000000
64676  45.613  -44.097  63.389 0.0000000000
66039  46.874  -43.333  63.805 0.0000000000
64675  47.762  -43.401  63.432 0.0000000000
62037  48.453  -45.100  62.334 0.0000000000
56602  44.266  -49.397  62.673 0.0000000000
59358  44.344  -47.824  62.337 0.0000000000
44125  25.449  -57.650  62.182 0.0000000000
44126  24.972  -57.985  62.294 0.0000000000
66163  47.386  -43.385  56.598 0.0000000000
66150  47.409  -43.505  57.743 0.0000000000
74786  54.839  -35.221  49.019 0.0000000000
67441  54.890  -41.085  57.763 0.0000000000
69888  55.152  -40.165  57.720 0.0000000000
67451  55.291  -41.188  57.064 0.0000000000
66144  55.313  -41.670  56.627 0.0000000000
66145  54.923  -42.080  56.967 0.0000000000
55155  43.360  -50.161  64.338 0.0000000000
55141  42.653  -50.455  64.497 0.0000000000
56560  43.349  -49.603  64.373 0.0000000000
57967  42.834  -48.463  64.376 0.0000000000
56546  43.604  -48.887  64.203 0.0000000000
56545  43.747  -48.538  64.056 0.0000000000
55138  43.949  -49.479  63.955 0.0000000000
45579  28.706  -57.615  62.026 0.0000000000
46986  29.277  -57.147  62.147 0.0000000000
44168  29.275  -58.369  61.039 0.0000000000
68695  51.638  -41.312  57.917 0.0000000000
68694  52.134  -40.718  58.079 0.0000000000
67430  51.617  -41.417  58.786 0.0000000000
68651  52.359  -41.198  59.536 0.0000000000
67378  49.135  -42.904  62.204 0.0000000000
66069  49.879  -42.947  62.296 0.0000000000
66053  49.391  -42.976  62.583 0.0000000000
63265  50.077  -44.200  62.837 0.0000000000
64673  49.367  -43.714  63.008 0.0000000000
45596  39.850  -57.358  62.071 0.0000000000
47006  39.605  -56.723  62.140 0.0000000000
47062  35.266  -57.478  60.431 0.0000000000
47090  36.027  -56.962  59.637 0.0000000000
77170  57.104  -33.566  49.579 0.0000000000
78347  57.537  -32.806  49.404 0.0000000000
77169  57.736  -33.388  49.239 0.0000000000
77179  57.746  -33.598  48.892 0.0000000000
71166  55.105  -38.342  53.538 0.0000000000
71178  55.158  -38.480  52.808 0.0000000000
72335  54.975  -38.369  51.672 0.0000000000
72325  55.621  -38.183  52.922 0.0000000000
73523  55.882  -37.655  52.353 0.0000000000
74742  55.979  -37.782  53.036 0.0000000000
63469  55.826  -44.485  53.361 0.0000000000
63480  56.119  -44.024  52.982 0.0000000000
52491  40.754  -53.170  61.318 0.0000000000
52508  40.713  -52.952  61.033 0.0000000000
60730  40.471  -47.129  59.397 0.0000000000
64697  43.502  -44.582  61.456 0.0000000000
64716  44.097  -44.179  61.101 0.0000000000
64743  43.862  -43.901  60.223 0.0000000000
64715  44.668  -43.702  61.628 0.0000000000
62040  45.421  -45.834  62.268 0.0000000000
46989  26.601  -57.126  61.863 0.0000000000
45580  27.918  -57.594  62.156 0.0000000000
44143  27.410  -57.840  61.959 0.0000000000
66162  48.326  -43.149  56.255 0.0000000000
66176  48.495  -42.762  55.352 0.0000000000
67446  50.243  -42.482  58.575 0.0000000000
66136  49.301  -43.092  58.093 0.0000000000
66125  48.743  -42.992  60.045 0.0000000000
67416  48.879  -42.535  61.597 0.0000000000
66105  48.587  -42.765  61.225 0.0000000000
47033  31.938  -57.374  61.079 0.0000000000
47065  32.533  -57.036  60.456 0.0000000000
44164  33.950  -58.515  62.032 0.0000000000
45625  33.705  -57.892  61.455 0.0000000000
44163  34.710  -58.365  62.207 0.0000000000
44162  35.228  -58.424  61.836 0.0000000000
77180  55.696  -33.603  49.090 0.0000000000
77171  56.342  -33.640  49.479 0.0000000000
73534  56.289  -36.820  49.967 0.0000000000
71213  56.322  -38.302  50.004 0.0000000000
72349  56.145  -37.334  50.315 0.0000000000
69910  53.547  -40.101  55.992 0.0000000000
69925  53.357  -40.092  54.915 0.0000000000
71100  54.039  -39.518  55.744 0.0000000000
71096  55.459  -39.340  56.250 0.0000000000
71116  54.650  -38.615  55.525 0.0000000000
72258  55.375  -38.609  55.653 0.0000000000
72288  54.904  -37.942  54.816 0.0000000000
72257  55.754  -38.808  55.330 0.0000000000
71094  56.169  -39.848  55.094 0.0000000000
69907  56.044  -40.078  55.322 0.0000000000
64852  55.585  -43.109  55.097 0.0000000000
66173  55.871  -42.207  55.073 0.0000000000
63440  56.134  -43.377  54.478 0.0000000000
63455  56.302  -44.035  54.306 0.0000000000
62161  56.008  -44.471  54.410 0.0000000000
53808  41.467  -51.287  63.136 0.0000000000
56591  41.577  -49.496  62.978 0.0000000000
58007  41.450  -48.489  62.563 0.0000000000
58008  41.295  -48.602  61.853 0.0000000000
59361  41.246  -47.717  62.048 0.0000000000
59360  41.716  -47.606  62.708 0.0000000000
59346  42.564  -47.025  63.764 0.0000000000
60683  42.569  -46.620  63.469 0.0000000000
61991  43.013  -46.122  63.632 0.0000000000
62014  43.370  -45.679  63.518 0.0000000000
63295  43.890  -45.081  63.732 0.0000000000
61990  43.486  -45.878  64.048 0.0000000000
59318  44.202  -47.488  63.760 0.0000000000
61944  44.352  -46.798  64.112 0.0000000000
60669  44.946  -46.604  63.463 0.0000000000
48457  28.031  -56.005  60.837 0.0000000000
47035  29.617  -56.863  61.322 0.0000000000
47034  30.661  -57.001  61.264 0.0000000000
68762  51.554  -41.517  54.445 0.0000000000
68728  52.183  -40.718  55.877 0.0000000000
68673  52.813  -40.561  58.612 0.0000000000
69874  52.712  -40.003  57.744 0.0000000000
69852  53.791  -40.043  58.754 0.0000000000
69833  54.336  -40.133  59.282 0.0000000000
67409  54.047  -40.690  59.120 0.0000000000
66121  53.873  -41.633  58.716 0.0000000000
64734  53.538  -41.513  59.235 0.0000000000
66102  52.424  -42.093  60.189 0.0000000000
64736  52.990  -42.217  59.833 0.0000000000
64766  52.415  -43.478  59.600 0.0000000000
67414  50.479  -42.313  60.480 0.0000000000
64691  51.207  -43.454  61.755 0.0000000000
63311  51.352  -43.780  61.521 0.0000000000
63334  51.621  -43.991  60.925 0.0000000000
62063  51.377  -44.705  61.020 0.0000000000
48472  39.055  -56.320  60.668 0.0000000000
49816  39.300  -55.304  60.359 0.0000000000
49803  39.627  -55.589  61.023 0.0000000000
49788  39.773  -55.324  62.072 0.0000000000
47026  41.385  -56.333  61.423 0.0000000000
48430  41.753  -54.991  62.884 0.0000000000
49771  41.428  -54.653  63.013 0.0000000000
51088  41.761  -53.352  63.222 0.0000000000
49782  43.909  -53.021  62.355 0.0000000000
49755  43.625  -52.961  63.267 0.0000000000
51085  43.773  -52.554  62.915 0.0000000000
52431  43.693  -51.729  63.212 0.0000000000
52451  43.862  -52.025  62.870 0.0000000000
52450  43.990  -51.673  62.811 0.0000000000
47093  33.098  -56.866  59.600 0.0000000000
47115  32.700  -56.685  58.839 0.0000000000
47111  36.611  -56.615  59.030 0.0000000000
48511  36.823  -55.967  58.325 0.0000000000
48492  37.870  -56.156  59.569 0.0000000000
45621  37.473  -57.886  61.438 0.0000000000
47059  37.982  -57.003  60.942 0.0000000000
45620  38.018  -57.646  61.804 0.0000000000
45598  38.500  -57.685  61.886 0.0000000000
44161  38.187  -58.020  62.177 0.0000000000
44185  36.874  -58.599  61.405 0.0000000000
42762  39.145  -58.319  61.253 0.0000000000
77188  57.485  -33.495  48.254 0.0000000000
76017  56.234  -34.624  47.508 0.0000000000
72382  56.485  -37.240  48.791 0.0000000000
69955  52.663  -39.721  52.890 0.0000000000
69972  52.664  -39.573  52.282 0.0000000000
71170  52.671  -39.470  51.879 0.0000000000
72384  54.124  -37.377  48.908 0.0000000000
73559  54.409  -36.927  48.746 0.0000000000
72366  55.600  -37.178  50.095 0.0000000000
72324  56.480  -38.093  52.201 0.0000000000
71177  56.491  -38.642  51.845 0.0000000000
69991  56.407  -39.060  51.445 0.0000000000
69990  56.399  -39.690  52.004 0.0000000000
68758  56.601  -40.827  53.870 0.0000000000
69954  56.690  -39.963  53.397 0.0000000000
67478  56.598  -41.502  53.602 0.0000000000
66234  56.464  -42.849  52.388 0.0000000000
66233  56.512  -42.362  52.509 0.0000000000
66251  56.354  -42.054  52.023 0.0000000000
67517  55.842  -42.326  51.515 0.0000000000
55198  41.113  -50.589  61.534 0.0000000000
55207  40.927  -50.572  60.900 0.0000000000
62073  41.792  -46.080  60.833 0.0000000000
64774  42.782  -44.072  58.962 0.0000000000
64772  44.591  -43.619  59.519 0.0000000000
64794  45.330  -43.569  58.698 0.0000000000
64793  46.326  -43.555  58.854 0.0000000000
66090  45.863  -43.004  61.908 0.0000000000
66107  46.435  -43.141  61.275 0.0000000000
66089  46.757  -42.964  62.047 0.0000000000
66088  47.712  -42.567  62.134 0.0000000000
66073  46.860  -42.915  62.734 0.0000000000
63294  44.698  -44.750  63.869 0.0000000000
64677  44.976  -44.462  63.322 0.0000000000
63293  45.131  -44.676  63.796 0.0000000000
63268  46.652  -44.189  63.689 0.0000000000
64655  46.415  -43.839  63.660 0.0000000000
63267  47.143  -43.783  63.775 0.0000000000
64653  47.227  -43.479  63.741 0.0000000000
63291  47.673  -44.037  63.477 0.0000000000
62010  48.451  -44.676  62.848 0.0000000000
62011  47.612  -44.697  62.992 0.0000000000
55186  44.204  -50.618  62.446 0.0000000000
55185  44.273  -50.199  62.895 0.0000000000
55196  44.192  -50.029  62.462 0.0000000000
44172  25.816  -57.992  61.708 0.0000000000
66137  48.305  -43.395  58.097 0.0000000000
64791  48.195  -43.598  58.728 0.0000000000
64769  47.975  -43.456  59.552 0.0000000000
44188  33.188  -58.542  61.600 0.0000000000
44187  33.705  -58.844  61.774 0.0000000000
73547  55.699  -36.579  49.809 0.0000000000
71071  54.000  -39.254  57.471 0.0000000000
71099  54.307  -39.245  55.982 0.0000000000
71080  54.934  -39.272  57.220 0.0000000000
71079  55.231  -39.727  57.177 0.0000000000
69909  55.480  -40.244  56.804 0.0000000000
68725  55.542  -40.750  56.073 0.0000000000
67462  55.438  -41.266  56.302 0.0000000000
66174  55.542  -42.379  55.512 0.0000000000
53795  42.233  -51.071  64.151 0.0000000000
55156  41.995  -50.346  63.946 0.0000000000
55142  42.246  -50.293  64.343 0.0000000000
56562  42.258  -49.610  64.243 0.0000000000
57984  42.319  -48.513  63.966 0.0000000000
57983  42.713  -47.799  64.102 0.0000000000
59319  43.135  -47.418  64.284 0.0000000000
60659  43.617  -46.809  64.280 0.0000000000
59307  43.549  -47.590  64.192 0.0000000000
57951  43.938  -47.894  63.884 0.0000000000
57964  43.886  -48.159  63.603 0.0000000000
47010  28.077  -56.905  61.758 0.0000000000
45605  29.837  -57.269  61.393 0.0000000000
45577  29.579  -57.905  60.960 0.0000000000
67463  50.430  -42.168  55.938 0.0000000000
68729  51.199  -41.372  56.244 0.0000000000
68709  52.042  -40.803  56.984 0.0000000000
68650  52.954  -40.874  59.201 0.0000000000
67411  52.928  -40.821  59.488 0.0000000000
67412  52.500  -41.415  59.830 0.0000000000
67392  51.924  -41.956  60.369 0.0000000000
67376  50.701  -42.296  61.618 0.0000000000
67377  50.029  -42.579  61.867 0.0000000000
64693  50.359  -43.060  62.223 0.0000000000
63288  50.397  -44.068  62.339 0.0000000000
62034  50.366  -44.647  62.140 0.0000000000
62007  50.101  -44.470  62.471 0.0000000000
62008  49.752  -44.712  62.517 0.0000000000
62036  49.205  -45.093  62.244 0.0000000000
48442  39.433  -56.117  62.039 0.0000000000
48441  39.791  -55.993  62.352 0.0000000000
49784  43.058  -54.247  62.297 0.0000000000
49798  43.694  -53.489  61.678 0.0000000000
47063  34.384  -57.243  60.254 0.0000000000
47092  34.062  -56.999  59.466 0.0000000000
47113  34.808  -56.640  58.567 0.0000000000
47112  35.876  -56.761  58.723 0.0000000000
47089  37.047  -56.863  59.644 0.0000000000
47088  37.748  -56.840  60.071 0.0000000000
47060  37.263  -57.316  60.387 0.0000000000
77178  58.077  -33.253  48.989 0.0000000000
71152  53.961  -38.798  53.815 0.0000000000
71169  53.098  -39.237  52.409 0.0000000000
71168  53.821  -38.871  52.879 0.0000000000
71180  53.723  -38.793  51.947 0.0000000000
71197  53.791  -38.891  51.038 0.0000000000
71196  54.436  -38.563  51.436 0.0000000000
72351  55.155  -38.199  50.992 0.0000000000
73522  56.435  -37.819  51.938 0.0000000000
71165  56.540  -38.659  52.331 0.0000000000
64891  56.628  -42.746  53.740 0.0000000000
66209  56.621  -42.262  53.227 0.0000000000
64892  56.626  -43.091  53.134 0.0000000000
64910  56.382  -43.398  52.510 0.0000000000
51138  40.485  -53.907  60.753 0.0000000000
58017  41.023  -48.867  61.045 0.0000000000
56628  40.978  -49.641  60.403 0.0000000000
58028  40.725  -48.658  60.180 0.0000000000
58029  40.478  -48.584  59.435 0.0000000000
63358  42.247  -44.999  60.247 0.0000000000
63357  42.813  -44.620  60.526 0.0000000000
64744  42.921  -44.222  59.947 0.0000000000
64773  43.612  -43.801  59.261 0.0000000000
64741  45.952  -43.325  60.592 0.0000000000
66109  45.037  -43.344  61.388 0.0000000000
66091  45.219  -43.303  61.877 0.0000000000
66075  45.552  -43.325  62.349 0.0000000000
61988  45.195  -45.661  63.981 0.0000000000
63269  45.624  -44.617  63.624 0.0000000000
62012  46.474  -44.930  63.251 0.0000000000
62038  47.510  -45.184  62.448 0.0000000000
47011  27.151  -56.859  61.675 0.0000000000
44169  28.683  -58.401  61.426 0.0000000000
44171  26.922  -58.019  61.676 0.0000000000
67464  49.745  -42.576  56.350 0.0000000000
66123  50.323  -42.565  59.389 0.0000000000
66103  50.271  -42.607  59.839 0.0000000000
64767  49.254  -43.324  58.776 0.0000000000
67415  49.498  -42.246  61.164 0.0000000000
67396  48.535  -42.601  62.051 0.0000000000
44157  40.194  -57.637  61.816 0.0000000000
45602  33.579  -58.098  61.922 0.0000000000
47031  33.969  -57.459  60.873 0.0000000000
45624  34.649  -57.908  61.226 0.0000000000
45645  35.294  -57.976  60.948 0.0000000000
45622  36.396  -58.236  61.204 0.0000000000
41388  36.031  -59.665  61.167 0.0000000000
74774  57.081  -35.046  49.091 0.0000000000
68760  52.580  -40.351  53.439 0.0000000000
69940  53.054  -39.818  53.891 0.0000000000
71136  53.529  -39.247  54.329 0.0000000000
71117  54.208  -38.933  55.333 0.0000000000
71135  54.099  -38.778  54.641 0.0000000000
71151  54.716  -38.230  54.161 0.0000000000
72308  55.096  -37.945  54.399 0.0000000000
72286  55.788  -38.209  54.129 0.0000000000
73485  56.027  -38.197  53.748 0.0000000000
72267  56.243  -38.944  54.307 0.0000000000
69939  56.653  -39.988  54.199 0.0000000000
67469  56.411  -41.396  54.503 0.0000000000
67470  56.168  -41.493  54.981 0.0000000000
66172  56.291  -41.938  54.699 0.0000000000
64873  56.550  -42.552  54.106 0.0000000000
63454  56.406  -43.436  54.093 0.0000000000
52473  41.136  -52.098  62.666 0.0000000000
53818  41.239  -51.185  62.617 0.0000000000
55187  41.291  -50.549  62.194 0.0000000000
55172  41.830  -50.432  63.422 0.0000000000
56592  41.439  -49.883  62.404 0.0000000000
56604  41.312  -49.647  61.759 0.0000000000
59369  41.347  -47.929  61.259 0.0000000000
60716  41.256  -47.172  60.683 0.0000000000
62095  40.804  -46.311  60.101 0.0000000000
60715  41.565  -46.844  61.086 0.0000000000
62042  42.191  -46.180  61.667 0.0000000000
60684  42.153  -46.758  62.832 0.0000000000
62016  42.269  -46.286  62.294 0.0000000000
62041  42.606  -45.694  61.952 0.0000000000
63315  43.390  -45.151  62.191 0.0000000000
63314  44.099  -44.831  62.838 0.0000000000
63243  44.326  -45.568  64.482 0.0000000000
61946  44.013  -46.409  64.385 0.0000000000
61964  44.442  -45.932  64.437 0.0000000000
61989  44.718  -45.567  64.404 0.0000000000
47096  30.070  -56.789  59.650 0.0000000000
47036  28.580  -56.576  61.142 0.0000000000
47097  29.208  -56.551  59.828 0.0000000000
45628  30.426  -57.380  61.147 0.0000000000
69911  52.990  -40.411  55.623 0.0000000000
69891  53.152  -39.664  57.059 0.0000000000
69890  53.605  -39.470  57.475 0.0000000000
69871  54.237  -39.752  58.275 0.0000000000
68670  54.611  -40.436  58.472 0.0000000000
66132  54.577  -41.299  57.993 0.0000000000
67453  54.525  -41.902  57.564 0.0000000000
66133  54.316  -41.603  58.164 0.0000000000
66122  53.665  -42.116  58.812 0.0000000000
64787  53.394  -42.469  58.925 0.0000000000
64735  53.392  -41.772  59.462 0.0000000000
66085  51.858  -42.405  60.955 0.0000000000
66086  51.222  -42.456  61.556 0.0000000000
49828  39.204  -54.993  59.549 0.0000000000
49802  39.771  -55.090  61.374 0.0000000000
49814  40.146  -54.658  61.055 0.0000000000
51137  40.403  -54.357  61.164 0.0000000000
51121  40.699  -53.833  61.475 0.0000000000
51106  41.163  -53.477  62.419 0.0000000000
45595  40.312  -57.218  61.922 0.0000000000
46984  40.932  -55.690  62.532 0.0000000000
47003  41.700  -55.697  61.748 0.0000000000
46983  41.404  -55.438  62.413 0.0000000000
48423  40.845  -55.188  62.973 0.0000000000
49772  40.928  -54.870  62.860 0.0000000000
51089  41.335  -52.756  62.960 0.0000000000
52453  42.240  -52.105  63.690 0.0000000000
49769  43.268  -53.432  63.191 0.0000000000
51071  43.101  -53.068  63.859 0.0000000000
52433  42.804  -51.980  63.647 0.0000000000
52432  43.353  -51.629  63.537 0.0000000000
53792  43.689  -50.957  63.719 0.0000000000
55153  44.051  -50.076  63.755 0.0000000000
53806  44.061  -50.812  63.190 0.0000000000
53816  44.146  -51.129  62.641 0.0000000000
53817  44.265  -51.234  62.080 0.0000000000
52472  44.202  -51.759  61.731 0.0000000000
47116  31.778  -56.557  58.921 0.0000000000
47114  33.698  -56.634  58.661 0.0000000000
48509  38.437  -55.501  59.315 0.0000000000
47058  38.751  -56.896  61.059 0.0000000000
47027  39.056  -56.824  61.310 0.0000000000
45597  39.203  -57.480  61.942 0.0000000000
44159  39.431  -57.867  61.870 0.0000000000
44184  37.915  -58.214  61.727 0.0000000000
44183  38.905  -58.130  61.623 0.0000000000
45566  24.544  -57.484  62.494 0.0000000000
78386  58.346  -32.729  47.520 0.0000000000
74778  54.712  -35.726  48.967 0.0000000000
68798  56.529  -40.142  51.209 0.0000000000
72304  56.500  -39.096  53.396 0.0000000000
71163  56.555  -39.424  52.990 0.0000000000
69970  56.547  -39.812  52.709 0.0000000000
67489  56.626  -41.616  53.397 0.0000000000
68782  56.637  -40.632  52.703 0.0000000000
68788  56.479  -40.626  51.788 0.0000000000
68789  56.374  -41.084  51.529 0.0000000000
67537  55.499  -42.087  50.936 0.0000000000
66178  46.201  -43.678  55.786 0.0000000000
53846  40.814  -51.392  61.313 0.0000000000
53863  40.801  -51.289  60.723 0.0000000000
64815  44.126  -43.804  57.586 0.0000000000
64833  45.625  -43.645  56.914 0.0000000000
64812  46.772  -43.571  58.183 0.0000000000
64792  47.331  -43.601  58.751 0.0000000000
64740  46.546  -43.327  60.654 0.0000000000
66127  47.046  -43.324  60.818 0.0000000000
64739  47.873  -42.609  61.835 0.0000000000
67397  48.026  -42.645  62.542 0.0000000000
67379  48.428  -42.782  62.686 0.0000000000
64694  45.685  -43.533  62.813 0.0000000000
66058  46.186  -43.384  62.911 0.0000000000
66040  46.401  -43.523  63.463 0.0000000000
66057  46.841  -43.004  63.451 0.0000000000
66056  47.402  -43.109  63.531 0.0000000000
64674  48.500  -43.522  63.238 0.0000000000
63290  48.706  -44.219  63.156 0.0000000000
62067  48.472  -45.401  61.513 0.0000000000
56576  44.129  -49.142  63.517 0.0000000000
57981  43.999  -48.268  63.196 0.0000000000
56615  44.076  -49.510  62.200 0.0000000000
57995  44.181  -48.492  62.799 0.0000000000
41374  36.111  -59.420  61.343 0.0000000000
45564  25.401  -57.348  62.227 0.0000000000
45603  33.285  -58.185  61.788 0.0000000000
45623  35.467  -58.163  61.450 0.0000000000
46970  40.937  -55.384  62.884 0.0000000000
46971  40.786  -55.417  62.717 0.0000000000
46985  40.706  -55.583  62.548 0.0000000000
47029  37.944  -57.426  61.371 0.0000000000
47057  39.008  -56.880  61.043 0.0000000000
48422  41.007  -55.195  63.181 0.0000000000
48431  41.236  -55.248  62.986 0.0000000000
48432  40.721  -55.206  62.620 0.0000000000
48438  42.740  -54.595  62.125 0.0000000000
48454  39.217  -56.620  61.363 0.0000000000
48471  39.167  -56.674  61.126 0.0000000000
49745  43.503  -52.809  63.574 0.0000000000
49746  43.317  -52.974  63.890 0.0000000000
49756  43.423  -53.048  63.670 0.0000000000
49758  40.959  -54.943  63.140 0.0000000000
49767  43.835  -52.725  62.723 0.0000000000
49768  43.686  -53.018  62.837 0.0000000000
49785  42.628  -54.518  62.450 0.0000000000
49786  41.210  -54.423  62.587 0.0000000000
51055  43.155  -52.774  63.813 0.0000000000
51056  42.909  -52.711  63.790 0.0000000000
51070  43.680  -52.399  63.126 0.0000000000
51072  42.934  -52.914  63.834 0.0000000000
51086  43.199  -53.167  63.672 0.0000000000
52412  43.516  -51.964  63.288 0.0000000000
52413  43.025  -52.160  63.572 0.0000000000
52414  42.913  -52.500  63.722 0.0000000000
52434  42.441  -51.526  63.886 0.0000000000
52452  42.687  -52.496  63.707 0.0000000000
53775  43.015  -50.817  64.548 0.0000000000
53777  42.487  -50.797  64.437 0.0000000000
53791  43.886  -51.007  63.367 0.0000000000
53793  43.149  -50.923  64.205 0.0000000000
53794  42.630  -51.160  64.166 0.0000000000
55139  43.923  -49.789  63.984 0.0000000000
55140  43.072  -50.388  64.434 0.0000000000
55154  43.695  -50.302  64.111 0.0000000000
56547  43.060  -48.971  64.525 0.0000000000
56559  43.796  -49.040  64.072 0.0000000000
56561  42.730  -49.635  64.490 0.0000000000
56578  43.440  -49.869  64.317 0.0000000000
56590  44.315  -49.269  63.130 0.0000000000
57952  43.841  -48.116  63.886 0.0000000000
57953  43.700  -48.127  64.128 0.0000000000
57965  43.862  -48.366  63.850 0.0000000000
57966  42.927  -47.835  64.264 0.0000000000
57982  42.891  -47.420  64.211 0.0000000000
59305  44.063  -47.556  63.931 0.0000000000
59306  43.881  -47.578  64.083 0.0000000000
59308  43.161  -47.961  64.291 0.0000000000
59320  42.900  -48.075  64.248 0.0000000000
59331  42.979  -47.115  64.254 0.0000000000
59332  42.773  -47.001  64.015 0.0000000000
59333  42.499  -47.558  63.831 0.0000000000
60646  44.355  -47.054  63.977 0.0000000000
60647  44.160  -47.102  64.100 0.0000000000
60658  44.609  -46.802  63.843 0.0000000000
60671  42.889  -46.519  63.930 0.0000000000
61945  44.247  -46.581  64.255 0.0000000000
61965  43.889  -46.019  64.421 0.0000000000
61984  50.021  -44.264  62.576 0.0000000000
61985  49.747  -44.392  62.659 0.0000000000
61986  49.375  -44.531  62.755 0.0000000000
62009  48.934  -44.850  62.595 0.0000000000
62150  55.861  -44.707  54.428 0.0000000000
63242  44.526  -45.517  64.493 0.0000000000
63264  50.094  -44.025  62.565 0.0000000000
63266  49.517  -44.177  62.882 0.0000000000
63335  51.245  -44.347  61.359 0.0000000000
63337  42.338  -45.481  60.861 0.0000000000
63441  56.090  -44.021  54.881 0.0000000000
63453  56.514  -42.949  54.006 0.0000000000
63466  56.630  -42.947  53.799 0.0000000000
63467  56.534  -43.172  53.785 0.0000000000
64651  49.842  -43.832  62.716 0.0000000000
64652  49.640  -43.950  62.874 0.0000000000
64654  46.913  -43.599  63.849 0.0000000000
64671  50.594  -43.414  62.176 0.0000000000
64672  49.945  -43.389  62.513 0.0000000000
64692  50.929  -43.021  62.037 0.0000000000
64712  51.166  -42.679  61.872 0.0000000000
64713  48.300  -42.612  61.713 0.0000000000
64714  48.051  -42.467  61.833 0.0000000000
64738  48.084  -42.685  61.708 0.0000000000
64763  53.799  -41.983  58.953 0.0000000000
64790  48.799  -43.423  58.548 0.0000000000
64850  56.468  -42.224  54.322 0.0000000000
64874  56.329  -42.985  54.185 0.0000000000
64893  56.379  -43.627  53.060 0.0000000000
66038  47.083  -43.269  63.882 0.0000000000
66054  48.943  -42.869  62.825 0.0000000000
66055  48.303  -43.009  63.131 0.0000000000
66070  49.222  -43.016  62.406 0.0000000000
66071  47.959  -42.868  63.082 0.0000000000
66099  53.722  -41.218  59.065 0.0000000000
66100  53.390  -41.333  59.333 0.0000000000
66120  54.392  -41.217  58.299 0.0000000000
66151  46.716  -43.581  57.725 0.0000000000
66157  55.990  -41.717  55.188 0.0000000000
66161  48.979  -42.857  56.117 0.0000000000
66171  56.523  -41.882  54.311 0.0000000000
66189  56.639  -42.092  54.070 0.0000000000
66208  56.650  -42.212  53.766 0.0000000000
67365  49.022  -43.013  62.538 0.0000000000
67380  47.986  -42.750  62.845 0.0000000000
67410  53.632  -40.925  59.140 0.0000000000
67428  54.573  -40.910  58.284 0.0000000000
67432  50.321  -42.550  59.125 0.0000000000
67442  54.619  -41.484  57.763 0.0000000000
67443  54.363  -41.828  57.888 0.0000000000
67444  51.666  -41.328  58.218 0.0000000000
67461  55.826  -41.257  55.502 0.0000000000
67477  56.607  -41.611  53.931 0.0000000000
67502  56.594  -41.503  52.616 0.0000000000
68647  54.311  -40.373  59.233 0.0000000000
68648  54.090  -40.427  59.172 0.0000000000
68671  54.346  -40.489  58.881 0.0000000000
68672  53.315  -40.121  58.389 0.0000000000
68691  54.976  -40.633  57.964 0.0000000000
68692  53.266  -39.888  58.095 0.0000000000
68693  52.833  -40.064  58.160 0.0000000000
68707  55.279  -40.722  57.395 0.0000000000
68708  52.757  -40.362  56.632 0.0000000000
68724  56.022  -40.624  55.341 0.0000000000
68742  56.386  -40.711  54.653 0.0000000000
68759  56.585  -41.297  53.715 0.0000000000
68774  56.636  -41.068  53.406 0.0000000000
68781  56.599  -40.197  52.766 0.0000000000
69832  54.422  -40.218  59.111 0.0000000000
69834  53.978  -40.219  59.191 0.0000000000
69835  53.616  -40.497  58.980 0.0000000000
69849  54.701  -40.178  58.515 0.0000000000
69850  54.502  -40.174  58.733 0.0000000000
69851  54.218  -39.972  58.919 0.0000000000
69853  53.346  -40.477  58.776 0.0000000000
69869  54.792  -40.215  58.270 0.0000000000
69873  53.207  -39.773  57.781 0.0000000000
69889  55.001  -39.694  57.714 0.0000000000
69924  56.317  -40.158  54.909 0.0000000000
69926  52.675  -40.514  55.148 0.0000000000
69971  56.514  -40.058  52.542 0.0000000000
69989  56.471  -39.510  52.376 0.0000000000
71069  54.626  -39.595  57.843 0.0000000000
71070  54.330  -39.352  57.689 0.0000000000
71081  54.476  -39.219  56.982 0.0000000000
71082  53.990  -39.322  56.839 0.0000000000
71095  55.943  -39.523  55.377 0.0000000000
71097  55.013  -38.845  56.315 0.0000000000
71113  56.281  -39.552  54.705 0.0000000000
71114  56.061  -39.044  54.918 0.0000000000
71115  54.923  -38.622  55.805 0.0000000000
71148  56.580  -39.402  53.538 0.0000000000
71149  56.490  -39.082  53.138 0.0000000000
71150  55.020  -38.098  53.883 0.0000000000
71164  56.499  -38.954  52.720 0.0000000000
71175  56.503  -39.374  52.593 0.0000000000
72259  55.154  -38.562  55.715 0.0000000000
72268  55.954  -38.529  54.602 0.0000000000
72270  55.109  -38.224  55.317 0.0000000000
72271  54.808  -38.192  55.157 0.0000000000
72284  56.463  -39.029  53.716 0.0000000000
72285  56.128  -38.426  53.847 0.0000000000
72287  55.337  -37.990  54.612 0.0000000000
72305  56.361  -38.616  53.203 0.0000000000
72306  55.817  -38.130  53.742 0.0000000000
72307  55.447  -38.120  53.814 0.0000000000
72323  56.462  -38.374  52.638 0.0000000000
72383  54.630  -37.152  49.079 0.0000000000
73484  56.181  -38.248  53.738 0.0000000000
73492  56.156  -38.169  53.396 0.0000000000
73493  56.004  -38.061  53.579 0.0000000000
73507  56.656  -38.112  52.385 0.0000000000
73508  55.878  -37.938  53.046 0.0000000000
73521  56.522  -37.979  52.424 0.0000000000
74740  56.297  -37.983  53.012 0.0000000000
74741  56.143  -37.957  53.041 0.0000000000
74749  56.395  -37.937  52.756 0.0000000000
74750  56.170  -37.787  52.866 0.0000000000
74751  55.976  -37.687  53.186 0.0000000000
74757  56.417  -37.864  52.522 0.0000000000
74758  56.155  -37.725  52.667 0.0000000000
74759  55.962  -37.731  52.784 0.0000000000
78346  58.224  -32.808  49.186 0.0000000000
