#!ascii label  , from subject 3517 vox2ras=TkReg
1404
63318  -41.755  -33.710  58.374 0.0000000000
77523  -54.206  -20.640  53.090 0.0000000000
70193  -46.954  -26.823  54.782 0.0000000000
42477  -14.233  -52.652  77.198 0.0000000000
62054  -37.065  -34.069  64.205 0.0000000000
51933  -28.564  -44.058  75.427 0.0000000000
49812  -36.849  -45.308  75.029 0.0000000000
55220  -43.494  -40.580  70.766 0.0000000000
60871  -42.318  -36.041  69.415 0.0000000000
48805  -21.044  -46.595  70.090 0.0000000000
51927  -23.528  -43.607  75.509 0.0000000000
52023  -24.150  -42.944  69.739 0.0000000000
49893  -33.443  -45.928  69.530 0.0000000000
50974  -39.316  -44.150  69.956 0.0000000000
65446  -42.562  -31.353  65.584 0.0000000000
67784  -45.699  -29.753  62.758 0.0000000000
75524  -49.700  -22.626  54.702 0.0000000000
67846  -44.854  -30.502  56.024 0.0000000000
77582  -52.332  -20.183  48.387 0.0000000000
39416  -11.429  -55.596  79.676 0.0000000000
64306  -39.827  -32.264  68.101 0.0000000000
63227  -38.109  -33.638  61.450 0.0000000000
50954  -28.815  -44.680  69.485 0.0000000000
49790  -32.782  -46.306  75.296 0.0000000000
70091  -48.926  -27.023  61.220 0.0000000000
82919  -57.681  -14.424  45.630 0.0000000000
54171  -42.390  -41.455  68.269 0.0000000000
56400  -42.839  -39.386  67.647 0.0000000000
49889  -22.256  -44.829  69.671 0.0000000000
51000  -37.482  -44.524  67.664 0.0000000000
52060  -40.272  -43.150  68.073 0.0000000000
53038  -41.664  -43.168  70.051 0.0000000000
64388  -42.411  -32.354  61.322 0.0000000000
66577  -44.608  -30.698  64.907 0.0000000000
65507  -43.912  -32.019  59.935 0.0000000000
76530  -51.607  -22.014  54.123 0.0000000000
75492  -51.385  -21.976  56.951 0.0000000000
79657  -55.499  -18.799  53.073 0.0000000000
41457  -11.985  -53.817  74.566 0.0000000000
40382  -12.593  -54.613  78.607 0.0000000000
62036  -40.131  -34.383  66.698 0.0000000000
63155  -40.525  -33.622  68.643 0.0000000000
63169  -38.427  -32.982  66.154 0.0000000000
64337  -38.966  -32.141  64.692 0.0000000000
64367  -37.168  -32.829  63.067 0.0000000000
51930  -25.646  -42.979  75.507 0.0000000000
52953  -25.414  -42.878  78.414 0.0000000000
51890  -28.440  -43.625  78.938 0.0000000000
50854  -30.638  -44.681  78.650 0.0000000000
53075  -26.722  -42.981  66.929 0.0000000000
50983  -29.605  -44.916  67.917 0.0000000000
49858  -35.543  -46.033  71.637 0.0000000000
48776  -33.023  -46.451  72.103 0.0000000000
48738  -34.730  -46.484  74.417 0.0000000000
49752  -35.122  -46.221  77.380 0.0000000000
45534  -17.303  -49.932  73.416 0.0000000000
47562  -18.817  -47.981  76.619 0.0000000000
47521  -18.281  -47.546  80.409 0.0000000000
67861  -45.938  -28.720  55.674 0.0000000000
68988  -47.821  -29.069  58.918 0.0000000000
70131  -48.659  -27.872  57.521 0.0000000000
84992  -59.219  -12.648  45.368 0.0000000000
43462  -13.991  -52.033  82.367 0.0000000000
56323  -43.022  -39.378  73.490 0.0000000000
58577  -41.989  -37.665  72.515 0.0000000000
57470  -42.910  -38.309  70.478 0.0000000000
59791  -42.315  -36.540  66.675 0.0000000000
48748  -20.248  -46.959  72.853 0.0000000000
49782  -21.442  -44.929  75.569 0.0000000000
49837  -21.683  -45.085  72.860 0.0000000000
51992  -23.350  -43.665  72.612 0.0000000000
51980  -26.347  -43.347  72.545 0.0000000000
49932  -32.289  -45.504  67.580 0.0000000000
49935  -34.841  -45.380  67.754 0.0000000000
49897  -36.903  -45.039  70.005 0.0000000000
49861  -38.187  -44.957  72.357 0.0000000000
51984  -40.606  -43.596  72.695 0.0000000000
53011  -42.516  -42.315  73.329 0.0000000000
46564  -19.308  -48.460  70.132 0.0000000000
66498  -42.144  -29.764  69.307 0.0000000000
69936  -43.475  -27.564  71.509 0.0000000000
67727  -44.425  -30.001  68.041 0.0000000000
68883  -46.279  -28.301  66.537 0.0000000000
73473  -48.460  -24.447  55.156 0.0000000000
71269  -50.165  -26.315  56.972 0.0000000000
73463  -50.578  -24.297  56.545 0.0000000000
37514  -6.760  -58.698  84.202 0.0000000000
64445  -43.382  -32.252  56.705 0.0000000000
67903  -43.485  -29.363  53.757 0.0000000000
72409  -46.548  -25.671  52.752 0.0000000000
74528  -47.706  -23.523  53.054 0.0000000000
75562  -50.221  -22.445  52.186 0.0000000000
76570  -51.535  -21.852  51.132 0.0000000000
78594  -53.661  -20.528  51.198 0.0000000000
77562  -50.944  -20.993  49.365 0.0000000000
41391  -12.522  -53.727  82.594 0.0000000000
40356  -10.511  -54.617  83.867 0.0000000000
38454  -8.183  -56.650  83.764 0.0000000000
65353  -41.408  -31.211  74.024 0.0000000000
60843  -41.302  -35.346  72.694 0.0000000000
64276  -40.671  -32.461  71.285 0.0000000000
66480  -40.608  -30.546  69.824 0.0000000000
66546  -40.732  -31.065  66.845 0.0000000000
64354  -40.705  -32.384  63.262 0.0000000000
63270  -40.077  -34.082  59.336 0.0000000000
51872  -23.195  -43.914  79.053 0.0000000000
52024  -26.648  -43.354  69.624 0.0000000000
51982  -28.071  -44.008  72.228 0.0000000000
49871  -31.017  -45.674  69.814 0.0000000000
50929  -30.609  -45.735  72.442 0.0000000000
50886  -30.296  -45.199  75.758 0.0000000000
49733  -32.864  -45.919  78.385 0.0000000000
42523  -13.955  -52.358  73.981 0.0000000000
43535  -15.290  -51.452  74.110 0.0000000000
43495  -15.500  -50.923  77.491 0.0000000000
66634  -46.126  -30.441  59.614 0.0000000000
68940  -47.350  -27.954  62.642 0.0000000000
71146  -49.123  -25.787  64.082 0.0000000000
72330  -50.964  -25.736  60.391 0.0000000000
79686  -54.614  -18.576  49.787 0.0000000000
81846  -55.969  -16.700  49.660 0.0000000000
82890  -57.099  -15.401  49.473 0.0000000000
81872  -56.654  -16.155  46.604 0.0000000000
83908  -58.924  -14.353  49.116 0.0000000000
54187  -41.588  -41.797  67.224 0.0000000000
54203  -42.050  -40.691  66.601 0.0000000000
55273  -41.783  -40.604  65.872 0.0000000000
52072  -39.391  -43.449  66.909 0.0000000000
53090  -40.644  -42.723  67.276 0.0000000000
53077  -41.267  -42.320  67.655 0.0000000000
63273  -42.258  -33.433  59.775 0.0000000000
64389  -42.896  -32.172  60.923 0.0000000000
64419  -42.751  -33.261  59.062 0.0000000000
76532  -53.111  -21.353  53.797 0.0000000000
77506  -52.611  -20.583  55.252 0.0000000000
77507  -53.330  -20.201  54.852 0.0000000000
78567  -54.654  -19.332  54.042 0.0000000000
78575  -54.986  -19.510  53.057 0.0000000000
41430  -13.509  -53.262  76.341 0.0000000000
40414  -12.520  -54.047  76.159 0.0000000000
41414  -13.600  -53.438  78.429 0.0000000000
62044  -38.560  -34.131  65.390 0.0000000000
62035  -39.407  -34.014  66.377 0.0000000000
63177  -37.653  -33.205  65.092 0.0000000000
64327  -37.580  -32.922  65.046 0.0000000000
63197  -36.922  -33.199  64.115 0.0000000000
49722  -20.070  -46.011  78.767 0.0000000000
51949  -26.968  -43.421  74.658 0.0000000000
51912  -26.974  -43.121  77.101 0.0000000000
51914  -28.548  -43.856  76.807 0.0000000000
51902  -29.600  -43.857  78.647 0.0000000000
50871  -29.484  -44.110  77.374 0.0000000000
49825  -36.364  -45.849  74.058 0.0000000000
48760  -35.453  -46.366  73.686 0.0000000000
49811  -36.161  -45.749  75.299 0.0000000000
49793  -35.984  -45.788  76.174 0.0000000000
47579  -19.560  -47.436  75.495 0.0000000000
47563  -19.413  -47.401  76.572 0.0000000000
47548  -19.175  -47.327  77.636 0.0000000000
67606  -42.195  -29.703  73.960 0.0000000000
70174  -46.467  -27.644  55.181 0.0000000000
69022  -47.779  -28.448  57.170 0.0000000000
70154  -48.479  -27.135  56.632 0.0000000000
55201  -43.488  -40.317  71.773 0.0000000000
57458  -43.024  -38.927  71.134 0.0000000000
57471  -43.154  -39.164  70.254 0.0000000000
58663  -42.607  -37.258  67.043 0.0000000000
59805  -41.881  -36.382  65.597 0.0000000000
60913  -41.273  -35.628  65.493 0.0000000000
48770  -20.721  -46.577  72.062 0.0000000000
49836  -21.140  -45.768  72.590 0.0000000000
49851  -21.136  -45.997  71.854 0.0000000000
52036  -23.129  -43.738  69.505 0.0000000000
52007  -23.254  -43.828  71.634 0.0000000000
52008  -23.785  -43.342  71.127 0.0000000000
51978  -24.622  -43.151  72.843 0.0000000000
53025  -25.035  -42.908  70.850 0.0000000000
51017  -34.528  -44.904  66.130 0.0000000000
50987  -38.352  -44.269  68.863 0.0000000000
50985  -36.838  -44.874  68.549 0.0000000000
50972  -37.672  -44.686  69.703 0.0000000000
49878  -37.266  -45.200  70.731 0.0000000000
50958  -38.793  -44.600  70.710 0.0000000000
50945  -39.601  -44.296  71.968 0.0000000000
50960  -39.963  -44.174  71.418 0.0000000000
54132  -42.853  -42.136  70.113 0.0000000000
53018  -42.600  -42.668  72.173 0.0000000000
54114  -43.465  -41.250  71.572 0.0000000000
54088  -43.227  -40.693  73.602 0.0000000000
47668  -20.473  -47.288  69.892 0.0000000000
66548  -42.383  -30.959  67.007 0.0000000000
66519  -43.510  -30.187  68.410 0.0000000000
66549  -43.432  -31.014  66.795 0.0000000000
66596  -45.185  -30.247  63.368 0.0000000000
67742  -45.577  -29.701  66.302 0.0000000000
67758  -46.293  -28.750  64.776 0.0000000000
70009  -46.766  -27.721  66.046 0.0000000000
68909  -46.676  -28.274  64.511 0.0000000000
74511  -48.683  -23.734  54.647 0.0000000000
73462  -49.576  -24.473  56.471 0.0000000000
74491  -49.668  -23.300  56.494 0.0000000000
75495  -54.097  -21.698  57.292 0.0000000000
73502  -47.194  -24.159  52.884 0.0000000000
75558  -46.525  -22.709  51.931 0.0000000000
76548  -48.124  -21.923  51.332 0.0000000000
76568  -49.760  -21.734  50.547 0.0000000000
76551  -51.013  -22.177  51.528 0.0000000000
76569  -50.882  -21.671  50.596 0.0000000000
77546  -51.346  -21.200  50.022 0.0000000000
39445  -10.990  -55.485  76.901 0.0000000000
38473  -10.233  -56.424  79.779 0.0000000000
43455  -13.620  -51.791  84.523 0.0000000000
42443  -13.511  -52.713  82.525 0.0000000000
42434  -13.013  -52.343  84.556 0.0000000000
41377  -11.515  -53.647  85.407 0.0000000000
40345  -10.248  -54.955  85.421 0.0000000000
39398  -9.387  -55.560  83.876 0.0000000000
39387  -9.038  -56.004  85.650 0.0000000000
39383  -8.524  -57.045  85.902 0.0000000000
59726  -42.032  -36.837  71.310 0.0000000000
59715  -41.733  -36.153  71.982 0.0000000000
60860  -41.842  -35.331  70.247 0.0000000000
63154  -40.061  -33.039  68.432 0.0000000000
63131  -40.786  -33.047  70.328 0.0000000000
64284  -40.279  -32.250  70.015 0.0000000000
64275  -40.388  -31.898  70.896 0.0000000000
65401  -40.254  -31.479  69.169 0.0000000000
66516  -40.727  -30.861  68.138 0.0000000000
66531  -40.139  -31.311  67.511 0.0000000000
64369  -39.054  -32.779  62.775 0.0000000000
64353  -39.597  -32.439  63.499 0.0000000000
63211  -39.458  -33.190  62.009 0.0000000000
63229  -40.250  -33.418  61.356 0.0000000000
63247  -38.711  -33.957  60.486 0.0000000000
50884  -22.440  -44.224  75.422 0.0000000000
50861  -22.414  -44.300  77.147 0.0000000000
51897  -23.500  -43.593  77.216 0.0000000000
52026  -28.110  -44.220  68.859 0.0000000000
52039  -26.610  -43.214  68.496 0.0000000000
52025  -27.363  -43.766  69.244 0.0000000000
51997  -27.323  -43.675  71.349 0.0000000000
51998  -28.109  -44.165  71.091 0.0000000000
49913  -33.290  -45.752  68.532 0.0000000000
49911  -31.661  -45.599  68.275 0.0000000000
49873  -32.670  -46.046  70.394 0.0000000000
49824  -32.777  -46.534  73.428 0.0000000000
49839  -32.107  -46.316  72.258 0.0000000000
49809  -31.860  -46.149  74.291 0.0000000000
50915  -30.346  -45.579  73.315 0.0000000000
49789  -31.468  -45.747  75.525 0.0000000000
49767  -31.650  -45.552  76.772 0.0000000000
49768  -32.501  -45.923  76.543 0.0000000000
51936  -40.193  -42.958  75.558 0.0000000000
44512  -16.573  -50.483  74.264 0.0000000000
44501  -16.459  -50.421  75.203 0.0000000000
43521  -15.402  -51.285  75.138 0.0000000000
48631  -19.066  -47.163  81.854 0.0000000000
65550  -44.357  -31.668  56.825 0.0000000000
65526  -44.676  -31.866  58.378 0.0000000000
66652  -45.614  -31.016  57.681 0.0000000000
68989  -48.364  -28.520  59.509 0.0000000000
68973  -47.539  -29.008  60.154 0.0000000000
70090  -48.378  -27.293  61.677 0.0000000000
70076  -48.235  -26.993  62.650 0.0000000000
71188  -48.819  -26.622  62.224 0.0000000000
72353  -51.410  -25.854  57.614 0.0000000000
71228  -50.702  -26.637  58.460 0.0000000000
72331  -51.514  -25.627  59.821 0.0000000000
78604  -52.459  -20.377  49.280 0.0000000000
78595  -54.105  -19.846  50.830 0.0000000000
78616  -53.287  -19.677  48.865 0.0000000000
79697  -54.901  -18.035  48.313 0.0000000000
80794  -55.408  -17.433  48.634 0.0000000000
81847  -56.553  -16.036  49.600 0.0000000000
81864  -56.137  -16.679  47.936 0.0000000000
81887  -56.563  -15.523  44.854 0.0000000000
81886  -55.853  -16.003  44.750 0.0000000000
82911  -57.130  -15.418  46.553 0.0000000000
82906  -57.559  -14.748  47.484 0.0000000000
83920  -58.217  -14.138  47.402 0.0000000000
84957  -59.114  -13.561  47.510 0.0000000000
83930  -59.846  -13.732  45.698 0.0000000000
55234  -43.118  -41.000  69.199 0.0000000000
56389  -43.282  -40.144  69.242 0.0000000000
55262  -42.465  -40.206  67.130 0.0000000000
56410  -42.470  -39.315  66.609 0.0000000000
48806  -21.536  -45.928  70.238 0.0000000000
51021  -38.071  -44.171  66.799 0.0000000000
52059  -39.351  -43.630  67.941 0.0000000000
52042  -39.928  -43.660  69.120 0.0000000000
52028  -40.624  -43.599  69.849 0.0000000000
52044  -41.312  -42.901  69.153 0.0000000000
53049  -42.195  -42.323  69.328 0.0000000000
65469  -42.269  -31.889  63.301 0.0000000000
65457  -43.262  -31.306  64.948 0.0000000000
65484  -43.572  -31.306  62.574 0.0000000000
65485  -44.209  -30.911  62.265 0.0000000000
66610  -45.154  -30.293  62.409 0.0000000000
75525  -50.607  -22.125  54.706 0.0000000000
75516  -50.354  -21.917  55.741 0.0000000000
76511  -51.553  -21.255  55.577 0.0000000000
76495  -52.709  -20.727  57.072 0.0000000000
80750  -55.858  -17.927  52.777 0.0000000000
40398  -11.756  -54.953  76.755 0.0000000000
40381  -12.010  -55.074  78.685 0.0000000000
60881  -41.627  -35.183  67.994 0.0000000000
60870  -41.826  -35.092  69.026 0.0000000000
62028  -40.352  -33.987  67.657 0.0000000000
63163  -39.677  -33.299  67.519 0.0000000000
64316  -39.286  -32.182  67.317 0.0000000000
65433  -39.483  -31.578  66.910 0.0000000000
64328  -38.165  -32.507  65.344 0.0000000000
64351  -37.570  -32.654  63.745 0.0000000000
63209  -37.577  -33.159  62.297 0.0000000000
51928  -24.290  -43.299  75.591 0.0000000000
51898  -24.264  -43.217  77.544 0.0000000000
52975  -25.435  -42.924  76.922 0.0000000000
52955  -26.699  -42.968  78.382 0.0000000000
50844  -30.200  -44.910  79.590 0.0000000000
52057  -28.415  -44.152  66.990 0.0000000000
50968  -28.853  -44.625  68.422 0.0000000000
49857  -35.038  -46.025  71.084 0.0000000000
49856  -33.274  -46.326  71.307 0.0000000000
48778  -34.483  -46.473  72.546 0.0000000000
48758  -33.909  -46.590  73.190 0.0000000000
48718  -33.799  -46.520  75.030 0.0000000000
49769  -33.590  -46.184  76.405 0.0000000000
49770  -34.722  -46.087  76.641 0.0000000000
46548  -18.381  -49.077  72.113 0.0000000000
46518  -18.127  -49.008  73.838 0.0000000000
46474  -17.656  -49.059  76.539 0.0000000000
46448  -17.714  -48.593  78.515 0.0000000000
47547  -18.551  -47.965  77.719 0.0000000000
67860  -45.334  -29.318  55.490 0.0000000000
67836  -46.464  -29.973  57.314 0.0000000000
67837  -47.292  -29.196  57.461 0.0000000000
69004  -48.381  -28.555  58.421 0.0000000000
70107  -49.494  -27.443  59.518 0.0000000000
78623  -51.590  -19.681  47.431 0.0000000000
78625  -53.540  -19.422  47.928 0.0000000000
78631  -53.119  -19.458  47.067 0.0000000000
82933  -57.039  -14.776  44.552 0.0000000000
83939  -58.171  -13.638  45.687 0.0000000000
83956  -58.137  -13.357  44.646 0.0000000000
85008  -58.492  -12.628  44.396 0.0000000000
43481  -14.798  -51.560  79.364 0.0000000000
42454  -14.280  -52.334  80.006 0.0000000000
57395  -42.531  -38.352  74.774 0.0000000000
56339  -42.663  -38.784  73.390 0.0000000000
57457  -42.679  -38.198  71.365 0.0000000000
59749  -42.642  -36.889  69.401 0.0000000000
57497  -42.948  -38.457  68.231 0.0000000000
58628  -42.837  -37.611  68.880 0.0000000000
60882  -42.193  -35.916  68.319 0.0000000000
60902  -41.345  -35.378  66.339 0.0000000000
62058  -39.890  -34.748  65.277 0.0000000000
48709  -20.000  -46.751  75.384 0.0000000000
49760  -20.801  -45.565  76.479 0.0000000000
48729  -20.825  -45.866  74.519 0.0000000000
49804  -21.663  -44.945  74.721 0.0000000000
50911  -22.316  -44.375  74.086 0.0000000000
50952  -22.046  -44.992  71.348 0.0000000000
50939  -22.767  -44.205  72.295 0.0000000000
51961  -23.279  -43.652  73.963 0.0000000000
51963  -24.535  -43.161  73.785 0.0000000000
51964  -25.329  -43.164  73.686 0.0000000000
51966  -27.117  -43.611  73.494 0.0000000000
49934  -33.995  -45.486  67.714 0.0000000000
49914  -34.178  -45.715  68.607 0.0000000000
50999  -36.595  -44.881  67.626 0.0000000000
49916  -35.968  -45.233  68.595 0.0000000000
49895  -35.319  -45.663  69.570 0.0000000000
49877  -36.373  -45.514  70.689 0.0000000000
49859  -36.698  -45.662  71.725 0.0000000000
49843  -37.791  -45.075  72.960 0.0000000000
50902  -38.063  -44.394  75.012 0.0000000000
49828  -38.551  -44.482  73.457 0.0000000000
50918  -39.321  -43.742  73.790 0.0000000000
51954  -40.379  -43.002  74.430 0.0000000000
52000  -41.276  -43.619  71.343 0.0000000000
53010  -41.737  -43.005  73.021 0.0000000000
53001  -41.828  -42.507  74.245 0.0000000000
52993  -42.426  -41.572  75.165 0.0000000000
46535  -19.332  -48.375  72.057 0.0000000000
67678  -41.636  -29.103  70.835 0.0000000000
68840  -42.631  -28.642  70.494 0.0000000000
68842  -44.121  -28.419  69.827 0.0000000000
68858  -45.138  -28.509  68.809 0.0000000000
66551  -44.978  -30.375  66.520 0.0000000000
68871  -45.517  -28.806  67.939 0.0000000000
72381  -47.799  -25.754  55.202 0.0000000000
71267  -48.631  -26.174  56.277 0.0000000000
72369  -49.251  -25.392  56.397 0.0000000000
72370  -50.456  -25.678  56.670 0.0000000000
72354  -52.366  -25.049  57.233 0.0000000000
74493  -51.707  -23.124  56.802 0.0000000000
73448  -52.949  -24.327  56.950 0.0000000000
64443  -41.213  -33.331  56.886 0.0000000000
64428  -42.264  -33.379  57.868 0.0000000000
64462  -41.704  -32.501  55.867 0.0000000000
65562  -42.891  -31.538  55.486 0.0000000000
66675  -43.115  -31.195  55.273 0.0000000000
66694  -44.325  -30.153  55.243 0.0000000000
67880  -45.020  -28.830  54.820 0.0000000000
69078  -45.329  -28.165  54.362 0.0000000000
70203  -46.350  -26.890  53.713 0.0000000000
71301  -46.984  -26.182  53.858 0.0000000000
73481  -47.805  -24.807  54.129 0.0000000000
73491  -48.008  -24.123  53.881 0.0000000000
74520  -48.539  -23.434  53.838 0.0000000000
75559  -47.492  -22.303  52.005 0.0000000000
75544  -48.513  -22.889  52.944 0.0000000000
75545  -49.462  -22.670  52.922 0.0000000000
75547  -51.162  -22.522  53.026 0.0000000000
76537  -52.417  -22.148  52.825 0.0000000000
77531  -53.423  -21.258  51.912 0.0000000000
78583  -53.868  -20.655  51.717 0.0000000000
77548  -52.909  -20.956  50.839 0.0000000000
77563  -51.995  -20.752  49.600 0.0000000000
77573  -51.457  -20.585  48.683 0.0000000000
77580  -51.102  -20.259  47.944 0.0000000000
41398  -13.458  -53.428  80.454 0.0000000000
41397  -12.927  -54.008  80.482 0.0000000000
40367  -11.906  -55.094  80.561 0.0000000000
42428  -12.112  -53.021  85.295 0.0000000000
41387  -11.561  -53.890  83.717 0.0000000000
39408  -11.220  -55.505  81.559 0.0000000000
38466  -10.038  -56.297  81.614 0.0000000000
38464  -8.908  -56.826  81.996 0.0000000000
37526  -8.005  -57.295  82.643 0.0000000000
38448  -7.370  -57.465  84.652 0.0000000000
66433  -41.351  -30.213  73.518 0.0000000000
61986  -41.127  -34.349  73.436 0.0000000000
61997  -41.321  -34.207  70.949 0.0000000000
61992  -41.176  -34.296  72.210 0.0000000000
64268  -40.868  -32.359  72.370 0.0000000000
65363  -40.756  -31.176  71.859 0.0000000000
66464  -41.031  -29.829  71.351 0.0000000000
66497  -41.460  -29.967  69.421 0.0000000000
66533  -41.121  -30.719  67.746 0.0000000000
65436  -41.951  -31.155  66.280 0.0000000000
65443  -39.465  -31.639  65.994 0.0000000000
65444  -40.539  -31.541  65.679 0.0000000000
65455  -41.159  -31.928  64.505 0.0000000000
64371  -41.157  -32.596  62.328 0.0000000000
63230  -41.094  -33.253  61.102 0.0000000000
63294  -40.609  -33.967  58.691 0.0000000000
63207  -36.132  -33.815  62.863 0.0000000000
63225  -36.024  -33.509  61.824 0.0000000000
63245  -36.389  -33.748  60.802 0.0000000000
63246  -37.567  -33.873  60.631 0.0000000000
63268  -38.183  -34.154  59.623 0.0000000000
63292  -38.821  -34.218  58.647 0.0000000000
63315  -39.460  -33.950  57.801 0.0000000000
63340  -40.153  -33.701  57.175 0.0000000000
51886  -24.720  -43.075  78.744 0.0000000000
52054  -24.272  -42.722  68.475 0.0000000000
53060  -25.842  -42.796  68.251 0.0000000000
53046  -25.302  -42.820  69.334 0.0000000000
53027  -26.233  -43.133  70.722 0.0000000000
51981  -27.208  -43.646  72.392 0.0000000000
50899  -28.417  -44.205  73.901 0.0000000000
49930  -30.845  -45.367  67.542 0.0000000000
50984  -30.362  -45.296  68.312 0.0000000000
50955  -29.593  -45.034  70.032 0.0000000000
49854  -31.917  -46.097  71.163 0.0000000000
50942  -30.465  -45.561  71.529 0.0000000000
50941  -29.726  -45.033  71.170 0.0000000000
50927  -29.029  -44.546  72.000 0.0000000000
50914  -29.486  -44.971  73.311 0.0000000000
50885  -29.294  -44.495  76.190 0.0000000000
50872  -30.136  -44.666  77.057 0.0000000000
49748  -31.546  -45.318  77.762 0.0000000000
41458  -12.880  -53.148  74.497 0.0000000000
42483  -14.034  -52.721  75.960 0.0000000000
44542  -15.422  -51.144  72.273 0.0000000000
43569  -14.557  -51.505  72.278 0.0000000000
43534  -14.464  -52.001  73.727 0.0000000000
43509  -15.025  -51.705  75.783 0.0000000000
42478  -14.789  -51.805  77.546 0.0000000000
44460  -15.167  -50.908  79.409 0.0000000000
47520  -17.795  -48.096  80.221 0.0000000000
65517  -44.088  -32.336  58.912 0.0000000000
65509  -45.173  -30.912  60.158 0.0000000000
67799  -45.593  -30.092  61.203 0.0000000000
67816  -46.651  -30.034  59.380 0.0000000000
68956  -46.754  -29.118  61.106 0.0000000000
68939  -46.792  -28.637  62.277 0.0000000000
68927  -47.346  -27.746  63.416 0.0000000000
70132  -49.513  -27.261  57.615 0.0000000000
71216  -50.126  -26.976  59.032 0.0000000000
71207  -49.932  -26.723  60.120 0.0000000000
79667  -54.722  -19.585  51.328 0.0000000000
79668  -55.423  -19.044  51.811 0.0000000000
80762  -55.911  -17.853  51.766 0.0000000000
78617  -53.964  -19.017  48.832 0.0000000000
79687  -55.213  -17.962  50.115 0.0000000000
80772  -56.476  -16.771  51.160 0.0000000000
81835  -56.835  -16.124  50.775 0.0000000000
81836  -57.719  -15.520  50.938 0.0000000000
80809  -56.171  -16.799  46.555 0.0000000000
81865  -56.494  -16.244  47.568 0.0000000000
82891  -57.642  -14.929  49.289 0.0000000000
84968  -59.587  -13.499  46.978 0.0000000000
54202  -41.574  -41.400  66.424 0.0000000000
53107  -40.229  -42.666  66.062 0.0000000000
53091  -41.105  -42.198  66.726 0.0000000000
63296  -42.043  -33.683  58.931 0.0000000000
64412  -42.778  -32.925  59.928 0.0000000000
77515  -53.652  -20.785  53.840 0.0000000000
76524  -53.172  -20.897  54.321 0.0000000000
77516  -54.212  -20.225  53.974 0.0000000000
77508  -54.090  -19.754  54.502 0.0000000000
78574  -54.646  -20.076  53.249 0.0000000000
41421  -13.610  -53.353  77.408 0.0000000000
63187  -37.906  -33.960  65.035 0.0000000000
63186  -37.339  -33.484  64.641 0.0000000000
63185  -37.042  -33.744  64.272 0.0000000000
49739  -20.213  -45.988  77.964 0.0000000000
48676  -20.110  -46.206  77.187 0.0000000000
51932  -27.726  -43.620  75.711 0.0000000000
51913  -27.530  -43.434  76.906 0.0000000000
49826  -37.289  -45.255  73.970 0.0000000000
48675  -19.750  -46.606  77.625 0.0000000000
70175  -46.962  -27.420  55.596 0.0000000000
71266  -47.869  -26.776  56.094 0.0000000000
56366  -43.333  -39.728  70.969 0.0000000000
56376  -43.372  -39.972  70.073 0.0000000000
58695  -41.955  -37.584  65.270 0.0000000000
58678  -42.390  -37.412  66.191 0.0000000000
48787  -21.218  -46.219  71.115 0.0000000000
52022  -23.661  -43.298  70.105 0.0000000000
52009  -24.284  -42.982  70.617 0.0000000000
53035  -24.666  -42.902  70.161 0.0000000000
50988  -39.037  -43.989  68.999 0.0000000000
50973  -38.530  -44.396  69.803 0.0000000000
50959  -39.634  -44.317  70.949 0.0000000000
54133  -43.337  -41.404  70.520 0.0000000000
54113  -43.077  -42.086  71.301 0.0000000000
47647  -20.623  -46.949  70.930 0.0000000000
65437  -42.747  -31.195  66.309 0.0000000000
66535  -42.954  -30.703  67.788 0.0000000000
65447  -43.349  -31.240  65.849 0.0000000000
67774  -45.751  -29.597  63.797 0.0000000000
67775  -46.269  -28.902  64.107 0.0000000000
74512  -49.067  -23.175  54.747 0.0000000000
74504  -49.204  -23.100  55.573 0.0000000000
75508  -54.287  -22.482  57.293 0.0000000000
74542  -46.325  -23.865  52.063 0.0000000000
76581  -49.397  -21.389  49.776 0.0000000000
76582  -50.316  -21.375  49.862 0.0000000000
39423  -11.420  -55.558  78.742 0.0000000000
39422  -10.823  -55.917  78.869 0.0000000000
38481  -10.295  -56.338  78.915 0.0000000000
39415  -10.810  -55.961  79.735 0.0000000000
43452  -13.334  -52.056  85.037 0.0000000000
42430  -14.003  -52.352  85.457 0.0000000000
40344  -9.567  -55.436  85.371 0.0000000000
38445  -9.808  -56.621  86.340 0.0000000000
60861  -42.179  -35.974  70.084 0.0000000000
59725  -41.877  -36.043  70.934 0.0000000000
59735  -42.070  -35.983  70.388 0.0000000000
64307  -40.020  -32.383  68.573 0.0000000000
64297  -40.134  -32.317  69.075 0.0000000000
65400  -40.241  -31.704  68.735 0.0000000000
65416  -40.433  -31.173  68.499 0.0000000000
65426  -39.860  -31.632  67.610 0.0000000000
63210  -38.574  -33.209  62.146 0.0000000000
63228  -39.187  -33.653  61.331 0.0000000000
51926  -22.920  -43.894  75.424 0.0000000000
51896  -22.845  -43.915  76.778 0.0000000000
51910  -23.221  -43.713  76.227 0.0000000000
52012  -28.087  -44.229  69.950 0.0000000000
50940  -28.868  -44.652  70.634 0.0000000000
49892  -32.553  -45.861  69.357 0.0000000000
49810  -32.648  -46.475  74.158 0.0000000000
49823  -32.169  -46.414  73.342 0.0000000000
49808  -30.925  -45.781  74.278 0.0000000000
46460  -17.067  -49.471  77.456 0.0000000000
66664  -44.742  -31.139  56.518 0.0000000000
66651  -45.074  -31.317  57.182 0.0000000000
66665  -45.465  -30.783  56.851 0.0000000000
70099  -48.631  -27.545  60.852 0.0000000000
68974  -48.244  -28.189  60.548 0.0000000000
71199  -48.907  -26.817  61.635 0.0000000000
72341  -52.392  -25.261  58.372 0.0000000000
72340  -51.727  -25.768  58.867 0.0000000000
78615  -52.639  -20.115  48.846 0.0000000000
80802  -55.656  -17.337  47.601 0.0000000000
81855  -55.988  -16.688  48.668 0.0000000000
82918  -57.181  -15.225  45.579 0.0000000000
82912  -57.618  -14.629  46.545 0.0000000000
83921  -58.754  -13.634  47.223 0.0000000000
83928  -58.186  -13.936  46.530 0.0000000000
54151  -42.717  -41.570  69.074 0.0000000000
55248  -42.890  -40.577  68.388 0.0000000000
55288  -41.926  -39.907  65.666 0.0000000000
55274  -42.196  -40.041  66.265 0.0000000000
56422  -42.151  -39.411  65.913 0.0000000000
52089  -38.540  -43.767  65.924 0.0000000000
52073  -39.947  -43.132  67.102 0.0000000000
52043  -40.843  -43.042  68.902 0.0000000000
54170  -41.844  -41.882  67.961 0.0000000000
53063  -42.129  -41.954  68.649 0.0000000000
64372  -41.983  -32.333  62.227 0.0000000000
65470  -43.243  -31.355  63.898 0.0000000000
65483  -42.748  -31.890  61.971 0.0000000000
65498  -43.469  -31.702  61.123 0.0000000000
65499  -44.172  -31.031  61.603 0.0000000000
66617  -44.643  -30.644  61.996 0.0000000000
66625  -44.750  -30.709  61.250 0.0000000000
75526  -51.280  -22.068  54.309 0.0000000000
76521  -50.785  -21.810  55.220 0.0000000000
76522  -51.420  -21.727  54.755 0.0000000000
77489  -52.832  -20.162  56.476 0.0000000000
76496  -53.705  -20.823  57.367 0.0000000000
77482  -53.488  -20.084  57.145 0.0000000000
80741  -55.790  -17.861  53.758 0.0000000000
80742  -56.493  -17.234  53.566 0.0000000000
40388  -12.541  -54.529  77.641 0.0000000000
40399  -12.491  -54.302  76.730 0.0000000000
40387  -11.993  -54.997  77.796 0.0000000000
62037  -40.883  -34.765  66.926 0.0000000000
62029  -41.129  -34.648  67.631 0.0000000000
63179  -38.811  -33.754  65.979 0.0000000000
63171  -39.672  -33.738  67.003 0.0000000000
63170  -38.923  -33.059  66.680 0.0000000000
63162  -39.589  -32.733  67.684 0.0000000000
64323  -38.874  -32.094  66.513 0.0000000000
64322  -38.421  -32.631  66.065 0.0000000000
64350  -36.968  -32.929  63.720 0.0000000000
64336  -37.913  -32.519  64.533 0.0000000000
64368  -38.042  -32.750  62.942 0.0000000000
51929  -24.909  -43.038  75.378 0.0000000000
52988  -25.231  -42.983  76.101 0.0000000000
52989  -25.888  -42.915  76.360 0.0000000000
51899  -27.329  -43.164  77.793 0.0000000000
52965  -26.835  -42.974  77.721 0.0000000000
51889  -27.377  -43.322  78.741 0.0000000000
50863  -30.077  -44.044  78.194 0.0000000000
51892  -29.831  -43.940  79.112 0.0000000000
50845  -30.727  -44.933  79.200 0.0000000000
50982  -28.946  -44.537  67.451 0.0000000000
48793  -34.496  -46.282  71.598 0.0000000000
48794  -34.927  -46.327  72.109 0.0000000000
48759  -34.640  -46.548  73.418 0.0000000000
48737  -34.076  -46.629  73.999 0.0000000000
48719  -34.856  -46.284  75.547 0.0000000000
48700  -34.147  -46.338  75.916 0.0000000000
49771  -35.627  -45.944  76.819 0.0000000000
46534  -18.902  -48.591  72.655 0.0000000000
46533  -18.263  -49.063  72.893 0.0000000000
46519  -18.763  -48.594  73.696 0.0000000000
46489  -18.479  -48.585  75.651 0.0000000000
46475  -18.254  -48.570  76.607 0.0000000000
46462  -17.961  -48.597  77.476 0.0000000000
48661  -19.491  -46.650  78.803 0.0000000000
48660  -19.052  -46.979  79.314 0.0000000000
67848  -46.110  -29.291  56.262 0.0000000000
69021  -46.893  -28.952  56.750 0.0000000000
70130  -48.124  -28.031  57.091 0.0000000000
69023  -48.211  -28.492  57.757 0.0000000000
70114  -48.934  -28.019  58.900 0.0000000000
78630  -52.296  -19.436  47.052 0.0000000000
82950  -56.411  -14.524  43.985 0.0000000000
82951  -56.904  -14.230  43.922 0.0000000000
83955  -57.440  -14.078  44.257 0.0000000000
83971  -57.308  -13.538  43.653 0.0000000000
43474  -14.643  -51.703  80.305 0.0000000000
43457  -15.030  -51.185  84.778 0.0000000000
56306  -43.057  -39.554  74.190 0.0000000000
56322  -42.813  -38.913  74.109 0.0000000000
56340  -42.856  -39.024  72.674 0.0000000000
58602  -42.518  -37.506  70.837 0.0000000000
58614  -42.781  -37.560  69.882 0.0000000000
56388  -43.171  -39.431  68.702 0.0000000000
58645  -42.755  -37.487  67.871 0.0000000000
59778  -42.464  -36.629  67.619 0.0000000000
59763  -42.593  -36.745  68.570 0.0000000000
60894  -42.047  -35.885  67.349 0.0000000000
60903  -41.862  -35.849  66.477 0.0000000000
60912  -40.504  -35.127  65.385 0.0000000000
48710  -20.522  -46.083  75.416 0.0000000000
49820  -21.330  -45.461  73.823 0.0000000000
49821  -21.900  -44.808  73.893 0.0000000000
50897  -22.145  -44.524  74.717 0.0000000000
50925  -22.312  -44.420  73.186 0.0000000000
49869  -21.948  -45.199  70.585 0.0000000000
49870  -22.317  -44.693  70.333 0.0000000000
50926  -22.934  -43.873  73.213 0.0000000000
51976  -23.448  -43.547  73.346 0.0000000000
51962  -23.858  -43.335  73.914 0.0000000000
51977  -23.918  -43.300  73.098 0.0000000000
51979  -25.465  -43.168  72.673 0.0000000000
51965  -26.201  -43.325  73.614 0.0000000000
49956  -34.672  -45.164  66.946 0.0000000000
49955  -33.821  -45.217  66.880 0.0000000000
51020  -37.250  -44.556  66.752 0.0000000000
51019  -36.278  -44.845  66.637 0.0000000000
50971  -37.059  -44.857  69.286 0.0000000000
49896  -36.278  -45.263  69.595 0.0000000000
49876  -35.529  -45.768  70.519 0.0000000000
49860  -37.793  -45.185  71.773 0.0000000000
49842  -37.031  -45.593  72.865 0.0000000000
49827  -38.084  -44.670  73.968 0.0000000000
49844  -38.408  -44.736  72.913 0.0000000000
50931  -39.892  -43.808  72.791 0.0000000000
51983  -40.271  -43.513  73.160 0.0000000000
51968  -39.981  -43.397  73.722 0.0000000000
51969  -40.655  -43.274  73.466 0.0000000000
52015  -41.209  -43.521  70.409 0.0000000000
53028  -41.849  -43.259  70.771 0.0000000000
53017  -41.959  -43.249  71.780 0.0000000000
53002  -42.435  -41.862  74.425 0.0000000000
54075  -43.152  -40.495  74.152 0.0000000000
55166  -43.251  -40.033  73.808 0.0000000000
46550  -19.421  -48.400  71.214 0.0000000000
47609  -19.816  -47.505  73.307 0.0000000000
67694  -41.604  -29.545  70.132 0.0000000000
67679  -42.208  -28.830  70.554 0.0000000000
67695  -42.381  -29.278  69.867 0.0000000000
66520  -44.109  -30.076  68.212 0.0000000000
67696  -43.549  -29.082  69.498 0.0000000000
67714  -44.288  -29.465  68.676 0.0000000000
68843  -44.775  -28.263  69.488 0.0000000000
67715  -45.031  -29.175  68.263 0.0000000000
66594  -43.965  -31.061  64.422 0.0000000000
66576  -43.981  -31.080  65.341 0.0000000000
68894  -46.026  -28.991  66.072 0.0000000000
68882  -45.820  -28.998  67.014 0.0000000000
68859  -45.755  -28.087  68.332 0.0000000000
68872  -46.077  -28.152  67.581 0.0000000000
69999  -46.682  -27.580  67.148 0.0000000000
70010  -47.248  -27.076  66.564 0.0000000000
72390  -48.051  -24.888  54.809 0.0000000000
72382  -48.155  -25.444  55.536 0.0000000000
73461  -48.748  -24.598  56.036 0.0000000000
72371  -51.548  -25.107  56.544 0.0000000000
75504  -50.819  -21.865  56.598 0.0000000000
74479  -51.224  -22.476  56.917 0.0000000000
73466  -53.176  -23.627  56.802 0.0000000000
36542  -6.613  -58.581  83.356 0.0000000000
36548  -6.184  -59.019  82.752 0.0000000000
35582  -5.945  -59.743  82.889 0.0000000000
65580  -42.415  -31.422  55.088 0.0000000000
66692  -42.751  -30.851  54.716 0.0000000000
67878  -43.291  -30.117  54.339 0.0000000000
67879  -44.321  -29.559  54.710 0.0000000000
67904  -44.145  -28.952  53.938 0.0000000000
69096  -44.493  -28.283  53.533 0.0000000000
69097  -45.209  -27.776  53.701 0.0000000000
70191  -45.628  -27.671  54.009 0.0000000000
70202  -45.722  -27.222  53.442 0.0000000000
71312  -46.334  -26.281  52.993 0.0000000000
72398  -46.837  -25.841  53.224 0.0000000000
72399  -47.217  -25.564  53.604 0.0000000000
73490  -47.561  -24.404  53.430 0.0000000000
74519  -47.960  -23.745  53.544 0.0000000000
74529  -48.152  -23.362  53.377 0.0000000000
75561  -49.285  -22.430  52.117 0.0000000000
75560  -48.358  -22.358  52.061 0.0000000000
75546  -50.322  -22.578  53.014 0.0000000000
75564  -51.589  -22.391  52.498 0.0000000000
76552  -52.129  -22.107  51.855 0.0000000000
76553  -52.820  -21.884  52.344 0.0000000000
77530  -52.692  -21.510  51.249 0.0000000000
38480  -9.534  -56.917  78.894 0.0000000000
43465  -14.216  -52.132  81.429 0.0000000000
42453  -13.911  -52.699  80.396 0.0000000000
42446  -13.771  -52.763  81.445 0.0000000000
42442  -12.979  -52.985  82.922 0.0000000000
41392  -13.036  -53.366  82.190 0.0000000000
41394  -12.776  -53.952  81.452 0.0000000000
40368  -12.472  -54.612  80.525 0.0000000000
40362  -12.037  -54.437  82.248 0.0000000000
41378  -12.536  -53.403  85.524 0.0000000000
41381  -10.789  -53.875  84.807 0.0000000000
41386  -11.031  -53.976  84.140 0.0000000000
40357  -11.111  -54.440  83.489 0.0000000000
40361  -11.485  -54.754  82.625 0.0000000000
40360  -10.905  -54.967  83.004 0.0000000000
39407  -10.642  -55.925  81.596 0.0000000000
39404  -10.361  -55.581  82.682 0.0000000000
39397  -8.781  -55.979  84.195 0.0000000000
38460  -9.256  -56.276  82.715 0.0000000000
38455  -8.851  -56.226  83.455 0.0000000000
38459  -8.605  -56.752  82.703 0.0000000000
37521  -7.630  -57.345  83.353 0.0000000000
38449  -7.819  -56.752  84.782 0.0000000000
38440  -8.865  -57.272  86.262 0.0000000000
65342  -41.799  -31.277  74.353 0.0000000000
66415  -41.874  -30.389  74.152 0.0000000000
57411  -42.268  -38.271  73.846 0.0000000000
58537  -41.864  -37.525  74.487 0.0000000000
58558  -41.717  -37.515  73.427 0.0000000000
59702  -41.407  -36.551  73.135 0.0000000000
60836  -41.052  -35.444  73.897 0.0000000000
62018  -41.037  -34.206  68.522 0.0000000000
62004  -41.346  -34.174  69.708 0.0000000000
63124  -40.923  -33.294  71.693 0.0000000000
63119  -41.007  -33.302  72.964 0.0000000000
65388  -40.316  -31.296  70.342 0.0000000000
65374  -40.567  -31.205  71.228 0.0000000000
66463  -40.696  -30.543  70.799 0.0000000000
66448  -40.814  -30.636  71.736 0.0000000000
66481  -41.083  -29.854  70.375 0.0000000000
66532  -40.523  -31.052  67.375 0.0000000000
66547  -41.350  -30.927  67.048 0.0000000000
65435  -41.045  -31.225  66.337 0.0000000000
64329  -38.729  -32.027  65.697 0.0000000000
65453  -39.224  -31.894  65.383 0.0000000000
64338  -40.205  -32.166  64.164 0.0000000000
64339  -40.864  -32.170  63.886 0.0000000000
65468  -41.326  -32.157  63.590 0.0000000000
63248  -39.897  -33.910  60.303 0.0000000000
63249  -40.908  -33.671  60.446 0.0000000000
63271  -40.751  -33.934  59.554 0.0000000000
63224  -35.371  -34.122  61.893 0.0000000000
63290  -36.595  -33.938  58.703 0.0000000000
63291  -37.738  -34.113  58.690 0.0000000000
49781  -20.958  -45.414  75.542 0.0000000000
49761  -21.302  -45.002  76.476 0.0000000000
50850  -22.512  -44.386  78.271 0.0000000000
52962  -25.022  -42.899  77.693 0.0000000000
53047  -25.950  -42.938  69.046 0.0000000000
53037  -25.979  -43.048  70.034 0.0000000000
53026  -25.774  -42.997  70.810 0.0000000000
51967  -27.930  -43.947  73.287 0.0000000000
49931  -31.517  -45.451  67.536 0.0000000000
49891  -31.732  -45.729  69.145 0.0000000000
49890  -31.000  -45.560  68.851 0.0000000000
50970  -30.296  -45.357  69.414 0.0000000000
48791  -33.156  -46.380  71.584 0.0000000000
49855  -32.772  -46.317  71.442 0.0000000000
49840  -32.599  -46.375  72.029 0.0000000000
49822  -31.245  -46.127  73.128 0.0000000000
49838  -31.211  -45.975  71.901 0.0000000000
50928  -29.967  -45.189  72.301 0.0000000000
50901  -30.107  -45.297  74.382 0.0000000000
50900  -29.053  -44.513  74.609 0.0000000000
49749  -32.318  -45.731  77.622 0.0000000000
49732  -32.081  -45.662  78.530 0.0000000000
49751  -34.177  -46.110  77.593 0.0000000000
50903  -38.544  -43.960  75.016 0.0000000000
41459  -13.391  -52.882  74.803 0.0000000000
42494  -13.814  -52.651  75.058 0.0000000000
45535  -17.755  -49.593  73.114 0.0000000000
45545  -17.133  -50.088  72.577 0.0000000000
44524  -15.915  -50.928  73.421 0.0000000000
43552  -15.097  -51.502  73.143 0.0000000000
43551  -14.510  -51.777  72.895 0.0000000000
43510  -15.530  -51.099  76.108 0.0000000000
43501  -15.203  -51.398  76.878 0.0000000000
42484  -14.627  -52.111  76.456 0.0000000000
43494  -15.209  -51.181  77.857 0.0000000000
43487  -14.956  -51.385  78.531 0.0000000000
47532  -17.984  -48.125  79.571 0.0000000000
46441  -17.491  -48.539  79.614 0.0000000000
69917  -43.773  -27.336  72.456 0.0000000000
64429  -43.322  -32.675  57.403 0.0000000000
64420  -43.360  -32.838  58.421 0.0000000000
65525  -44.084  -32.317  57.916 0.0000000000
65527  -45.223  -31.447  58.679 0.0000000000
65519  -45.193  -31.198  59.608 0.0000000000
66633  -45.590  -30.740  59.900 0.0000000000
66626  -45.319  -30.537  60.684 0.0000000000
66627  -45.879  -30.338  60.258 0.0000000000
67826  -47.318  -29.553  58.199 0.0000000000
67825  -46.752  -30.062  58.463 0.0000000000
67817  -47.241  -29.616  59.186 0.0000000000
68957  -47.619  -28.172  61.470 0.0000000000
68972  -46.931  -29.395  60.381 0.0000000000
71169  -48.688  -26.344  63.356 0.0000000000
71168  -48.129  -26.610  63.969 0.0000000000
71145  -48.591  -26.073  64.487 0.0000000000
71268  -49.608  -26.251  56.677 0.0000000000
71244  -49.143  -26.930  56.977 0.0000000000
71245  -49.874  -26.723  57.269 0.0000000000
71217  -50.801  -26.309  59.560 0.0000000000
71208  -50.409  -26.128  60.667 0.0000000000
78584  -54.529  -20.246  52.050 0.0000000000
79677  -54.706  -19.141  50.711 0.0000000000
79678  -55.358  -18.386  50.793 0.0000000000
78626  -54.125  -18.890  47.939 0.0000000000
80793  -55.003  -17.835  48.957 0.0000000000
80782  -54.937  -18.025  49.454 0.0000000000
80783  -55.454  -17.447  49.730 0.0000000000
80771  -55.882  -17.494  50.817 0.0000000000
81834  -56.086  -16.872  50.445 0.0000000000
82881  -57.231  -15.517  50.279 0.0000000000
82882  -58.120  -14.987  50.300 0.0000000000
81880  -56.612  -16.035  45.585 0.0000000000
80816  -56.268  -16.609  45.885 0.0000000000
80815  -55.612  -17.060  45.582 0.0000000000
83914  -58.203  -14.290  48.332 0.0000000000
82899  -57.539  -14.849  48.406 0.0000000000
83907  -58.147  -14.550  49.140 0.0000000000
83903  -58.528  -14.696  49.680 0.0000000000
83940  -58.691  -12.952  45.700 0.0000000000
84979  -59.215  -13.033  46.381 0.0000000000
54188  -42.148  -41.163  67.405 0.0000000000
52090  -39.400  -43.244  66.018 0.0000000000
52091  -39.741  -43.118  66.496 0.0000000000
53076  -40.937  -42.762  68.173 0.0000000000
64401  -42.140  -32.804  60.832 0.0000000000
64402  -42.629  -32.614  60.609 0.0000000000
64403  -43.198  -32.373  60.330 0.0000000000
64413  -43.403  -32.698  59.446 0.0000000000
76531  -52.236  -21.898  53.785 0.0000000000
78559  -54.059  -19.205  55.118 0.0000000000
79651  -54.779  -18.554  54.795 0.0000000000
79642  -55.563  -18.027  55.159 0.0000000000
79652  -55.273  -18.414  54.111 0.0000000000
78568  -55.073  -18.974  53.544 0.0000000000
41442  -12.679  -53.724  75.552 0.0000000000
41441  -12.140  -54.062  75.226 0.0000000000
41429  -12.945  -53.752  76.625 0.0000000000
41420  -13.026  -53.894  77.558 0.0000000000
41413  -13.045  -53.991  78.525 0.0000000000
62045  -39.292  -34.332  65.683 0.0000000000
63178  -38.117  -33.236  65.574 0.0000000000
51931  -26.634  -43.117  76.047 0.0000000000
52990  -26.278  -42.954  76.615 0.0000000000
51900  -28.077  -43.476  77.920 0.0000000000
51891  -29.234  -43.782  79.088 0.0000000000
51901  -29.161  -43.780  78.119 0.0000000000
50862  -29.616  -43.926  77.886 0.0000000000
49841  -36.078  -46.079  72.764 0.0000000000
48779  -35.199  -46.383  72.684 0.0000000000
48739  -35.534  -46.165  74.779 0.0000000000
48720  -35.590  -46.010  75.628 0.0000000000
49794  -36.639  -45.386  76.004 0.0000000000
47578  -18.969  -47.971  75.580 0.0000000000
69056  -46.258  -28.038  55.372 0.0000000000
69039  -46.478  -28.522  56.060 0.0000000000
69040  -47.109  -28.185  56.342 0.0000000000
70153  -47.868  -27.713  56.622 0.0000000000
55184  -43.291  -39.968  72.834 0.0000000000
56355  -43.184  -39.436  71.877 0.0000000000
57511  -42.681  -38.264  67.026 0.0000000000
60914  -41.661  -35.779  65.946 0.0000000000
59804  -41.515  -36.024  65.208 0.0000000000
48749  -20.715  -46.205  73.332 0.0000000000
49852  -21.625  -45.493  71.667 0.0000000000
50967  -22.637  -44.293  70.019 0.0000000000
52021  -23.150  -43.821  70.571 0.0000000000
51993  -23.890  -43.321  72.162 0.0000000000
51994  -24.654  -43.052  71.708 0.0000000000
51995  -25.632  -43.056  71.674 0.0000000000
51001  -38.439  -44.061  67.772 0.0000000000
50986  -37.642  -44.541  68.622 0.0000000000
50957  -38.070  -44.835  70.639 0.0000000000
50943  -38.360  -44.872  71.221 0.0000000000
50944  -38.758  -44.742  71.842 0.0000000000
50946  -40.158  -43.999  71.878 0.0000000000
53039  -42.181  -42.808  70.102 0.0000000000
53029  -42.520  -42.800  71.030 0.0000000000
54100  -43.094  -41.868  72.439 0.0000000000
54087  -42.940  -41.488  73.514 0.0000000000
54101  -43.387  -40.969  72.639 0.0000000000
47646  -19.994  -47.729  70.782 0.0000000000
48769  -20.316  -47.151  72.165 0.0000000000
66518  -42.340  -30.123  68.684 0.0000000000
67712  -42.485  -29.734  69.252 0.0000000000
66536  -44.116  -30.499  67.637 0.0000000000
66595  -44.589  -30.680  63.922 0.0000000000
66563  -45.203  -30.253  65.509 0.0000000000
66578  -45.232  -30.179  64.426 0.0000000000
67757  -45.861  -29.371  65.053 0.0000000000
68895  -46.399  -28.463  65.442 0.0000000000
70021  -46.872  -27.808  65.129 0.0000000000
70037  -46.969  -27.822  64.599 0.0000000000
74503  -48.819  -23.785  55.411 0.0000000000
74490  -49.070  -23.786  56.149 0.0000000000
75494  -52.992  -21.835  57.269 0.0000000000
74494  -52.664  -22.838  56.976 0.0000000000
75506  -53.240  -22.527  57.110 0.0000000000
81825  -57.811  -15.903  51.777 0.0000000000
69095  -43.813  -28.790  53.433 0.0000000000
73500  -46.097  -25.030  52.074 0.0000000000
72410  -47.107  -24.896  52.953 0.0000000000
73501  -46.679  -24.521  52.424 0.0000000000
74527  -47.020  -23.455  52.489 0.0000000000
76549  -49.067  -22.009  51.330 0.0000000000
76550  -50.049  -22.091  51.363 0.0000000000
77547  -52.028  -21.393  50.648 0.0000000000
76583  -50.874  -21.306  49.945 0.0000000000
38472  -9.702  -56.814  79.878 0.0000000000
43459  -13.833  -51.780  83.477 0.0000000000
42439  -13.274  -52.396  83.644 0.0000000000
42438  -12.701  -52.925  83.693 0.0000000000
40347  -12.069  -54.267  85.589 0.0000000000
41376  -10.727  -54.181  85.326 0.0000000000
40351  -10.221  -54.429  84.845 0.0000000000
40355  -9.922  -54.905  84.239 0.0000000000
40350  -9.650  -54.992  84.851 0.0000000000
39393  -9.044  -55.516  84.871 0.0000000000
39392  -8.436  -56.108  84.868 0.0000000000
39386  -8.391  -56.597  85.537 0.0000000000
39384  -8.916  -56.696  86.117 0.0000000000
38441  -9.405  -57.023  86.518 0.0000000000
59716  -41.854  -36.999  72.240 0.0000000000
60852  -41.561  -35.227  71.504 0.0000000000
63142  -40.686  -33.471  69.199 0.0000000000
63141  -40.389  -32.784  69.504 0.0000000000
63130  -40.481  -32.671  69.946 0.0000000000
64285  -40.491  -32.411  70.644 0.0000000000
66515  -40.314  -31.280  67.907 0.0000000000
64352  -38.489  -32.467  63.702 0.0000000000
64370  -40.163  -32.806  62.409 0.0000000000
50883  -21.951  -44.551  75.496 0.0000000000
50869  -21.855  -44.592  76.379 0.0000000000
50870  -22.344  -44.230  76.203 0.0000000000
51884  -23.021  -43.890  77.842 0.0000000000
51887  -25.611  -43.051  79.115 0.0000000000
52040  -27.459  -43.689  68.171 0.0000000000
52055  -26.900  -43.228  67.612 0.0000000000
52010  -26.680  -43.338  70.587 0.0000000000
52011  -27.357  -43.766  70.316 0.0000000000
49912  -32.437  -45.695  68.418 0.0000000000
49872  -31.808  -45.899  70.123 0.0000000000
48756  -32.620  -46.476  72.734 0.0000000000
49788  -30.698  -45.502  74.984 0.0000000000
50887  -31.099  -45.399  76.235 0.0000000000
49750  -33.198  -45.939  77.523 0.0000000000
45522  -17.169  -50.015  74.131 0.0000000000
44525  -16.764  -50.375  73.349 0.0000000000
45508  -17.023  -50.030  74.988 0.0000000000
44511  -15.901  -50.858  74.596 0.0000000000
44500  -15.927  -50.754  75.570 0.0000000000
44491  -15.982  -50.617  76.412 0.0000000000
43502  -15.695  -50.836  76.940 0.0000000000
44476  -15.551  -50.761  78.069 0.0000000000
48637  -18.861  -47.006  81.316 0.0000000000
65536  -43.952  -32.029  57.109 0.0000000000
65537  -44.740  -31.658  57.434 0.0000000000
65538  -45.105  -31.542  58.030 0.0000000000
66641  -45.721  -30.949  59.036 0.0000000000
68958  -48.208  -27.788  61.140 0.0000000000
70089  -47.848  -27.533  62.285 0.0000000000
71170  -49.444  -25.689  63.514 0.0000000000
72352  -50.874  -26.047  57.192 0.0000000000
71246  -50.627  -26.418  57.477 0.0000000000
71247  -51.034  -26.358  58.020 0.0000000000
71218  -51.299  -25.983  59.220 0.0000000000
78605  -53.023  -20.219  49.955 0.0000000000
78606  -53.935  -19.392  49.825 0.0000000000
81856  -56.491  -16.061  48.625 0.0000000000
82932  -56.019  -15.158  44.221 0.0000000000
82905  -57.009  -15.463  47.524 0.0000000000
83915  -59.034  -13.871  48.031 0.0000000000
84980  -59.627  -13.229  46.104 0.0000000000
84993  -59.695  -12.907  45.040 0.0000000000
55235  -43.361  -40.750  69.783 0.0000000000
55249  -43.183  -40.624  69.144 0.0000000000
57526  -42.191  -38.518  65.838 0.0000000000
50981  -22.689  -44.347  68.997 0.0000000000
52052  -23.197  -43.684  68.284 0.0000000000
52037  -23.659  -43.201  69.116 0.0000000000
51041  -37.144  -44.422  65.881 0.0000000000
51042  -37.806  -44.236  66.114 0.0000000000
52071  -38.823  -43.754  66.758 0.0000000000
52058  -39.004  -43.718  67.321 0.0000000000
51002  -38.786  -43.961  68.380 0.0000000000
52027  -39.987  -43.957  70.242 0.0000000000
52029  -41.240  -43.206  69.619 0.0000000000
53062  -41.489  -42.548  68.637 0.0000000000
53048  -41.690  -42.837  69.471 0.0000000000
54152  -43.146  -41.397  69.715 0.0000000000
65456  -42.371  -31.583  64.626 0.0000000000
66608  -43.987  -31.050  63.539 0.0000000000
66609  -44.492  -30.751  62.872 0.0000000000
75515  -49.794  -22.481  55.633 0.0000000000
76510  -50.926  -21.588  55.685 0.0000000000
75505  -51.429  -21.708  56.778 0.0000000000
76512  -52.110  -20.784  55.700 0.0000000000
76504  -51.635  -21.292  56.450 0.0000000000
75493  -51.969  -21.601  57.044 0.0000000000
80731  -55.699  -17.891  54.403 0.0000000000
81803  -56.622  -16.864  53.073 0.0000000000
80751  -56.327  -17.195  52.636 0.0000000000
40413  -11.998  -54.368  75.760 0.0000000000
40412  -11.006  -54.940  75.755 0.0000000000
39446  -11.572  -55.266  77.306 0.0000000000
39433  -11.460  -55.432  77.861 0.0000000000
62017  -40.464  -33.723  68.333 0.0000000000
63153  -39.823  -32.669  68.062 0.0000000000
51911  -23.920  -43.434  76.448 0.0000000000
52974  -24.710  -43.120  76.601 0.0000000000
52963  -25.709  -42.822  77.729 0.0000000000
52977  -26.516  -42.984  77.043 0.0000000000
52964  -26.314  -42.875  77.745 0.0000000000
52954  -26.039  -42.880  78.470 0.0000000000
51888  -26.447  -43.183  79.045 0.0000000000
51879  -29.416  -44.022  79.653 0.0000000000
52056  -27.546  -43.620  66.921 0.0000000000
52041  -28.222  -44.134  67.818 0.0000000000
49875  -34.619  -46.020  70.592 0.0000000000
49874  -33.604  -46.184  70.720 0.0000000000
48808  -34.007  -46.252  71.091 0.0000000000
48792  -33.622  -46.352  71.475 0.0000000000
48777  -33.779  -46.493  72.307 0.0000000000
48757  -33.223  -46.549  72.951 0.0000000000
48736  -33.343  -46.615  73.917 0.0000000000
48717  -33.122  -46.528  74.612 0.0000000000
48699  -33.744  -46.375  75.764 0.0000000000
49792  -35.378  -46.022  76.223 0.0000000000
45546  -17.830  -49.675  72.041 0.0000000000
46502  -18.047  -49.049  74.771 0.0000000000
45523  -17.644  -49.515  74.004 0.0000000000
45482  -17.172  -49.532  76.505 0.0000000000
46461  -17.394  -49.169  77.356 0.0000000000
46449  -18.202  -48.242  78.191 0.0000000000
47533  -18.478  -47.722  79.060 0.0000000000
47534  -18.933  -47.301  78.501 0.0000000000
48645  -18.958  -46.980  80.203 0.0000000000
67847  -45.485  -30.230  56.347 0.0000000000
67835  -45.806  -30.540  57.016 0.0000000000
69003  -47.843  -28.926  57.972 0.0000000000
70106  -48.828  -27.826  59.985 0.0000000000
70100  -49.245  -27.171  60.530 0.0000000000
78624  -52.639  -19.917  47.896 0.0000000000
82934  -57.727  -14.111  44.922 0.0000000000
83957  -58.744  -12.663  45.012 0.0000000000
83972  -58.057  -12.934  43.819 0.0000000000
42471  -14.573  -52.097  78.379 0.0000000000
42470  -14.086  -52.792  78.337 0.0000000000
42463  -14.436  -52.254  79.291 0.0000000000
43473  -14.353  -52.105  80.701 0.0000000000
44423  -14.064  -51.255  84.264 0.0000000000
57427  -42.279  -38.345  72.890 0.0000000000
57444  -42.796  -38.730  71.917 0.0000000000
57443  -42.423  -38.191  72.122 0.0000000000
58590  -42.239  -37.575  71.720 0.0000000000
59736  -42.337  -36.593  70.282 0.0000000000
57484  -43.249  -39.454  69.522 0.0000000000
57483  -43.058  -38.561  69.411 0.0000000000
60893  -41.515  -35.273  67.109 0.0000000000
62047  -40.675  -35.011  66.142 0.0000000000
62046  -39.964  -34.625  65.947 0.0000000000
62057  -39.280  -34.662  64.953 0.0000000000
62056  -38.413  -34.604  64.653 0.0000000000
48694  -20.315  -46.178  76.405 0.0000000000
49803  -21.228  -45.321  74.834 0.0000000000
50898  -22.609  -44.153  74.712 0.0000000000
48788  -21.612  -45.742  70.904 0.0000000000
50938  -22.155  -44.792  72.070 0.0000000000
50953  -22.538  -44.496  71.098 0.0000000000
50912  -22.727  -44.018  73.965 0.0000000000
51944  -23.119  -43.796  74.704 0.0000000000
51945  -23.735  -43.473  74.710 0.0000000000
51946  -24.402  -43.194  74.650 0.0000000000
51947  -25.141  -43.058  74.596 0.0000000000
51948  -26.003  -43.113  74.667 0.0000000000
51950  -28.060  -43.914  74.482 0.0000000000
51016  -33.624  -44.926  66.074 0.0000000000
49954  -32.941  -45.262  66.831 0.0000000000
49933  -33.132  -45.531  67.644 0.0000000000
49894  -34.379  -45.890  69.593 0.0000000000
49936  -35.699  -45.182  67.691 0.0000000000
49915  -35.077  -45.554  68.617 0.0000000000
49813  -37.546  -44.862  74.939 0.0000000000
50916  -38.337  -44.293  74.505 0.0000000000
50917  -38.666  -44.139  74.022 0.0000000000
50930  -39.026  -44.291  72.957 0.0000000000
50904  -38.997  -43.722  74.571 0.0000000000
51953  -39.573  -43.340  74.765 0.0000000000
52991  -41.029  -42.613  75.028 0.0000000000
52014  -40.427  -43.970  70.945 0.0000000000
51999  -40.700  -43.804  71.907 0.0000000000
51985  -41.268  -43.499  72.291 0.0000000000
51970  -41.095  -43.325  72.964 0.0000000000
53009  -41.161  -43.146  73.348 0.0000000000
53000  -41.132  -42.920  73.934 0.0000000000
52992  -41.888  -42.080  75.535 0.0000000000
54074  -42.868  -41.016  74.619 0.0000000000
46549  -18.774  -48.827  71.557 0.0000000000
47625  -19.887  -47.711  72.097 0.0000000000
47624  -19.468  -48.075  72.738 0.0000000000
68820  -41.894  -28.646  71.638 0.0000000000
67713  -43.110  -29.703  69.109 0.0000000000
68841  -43.232  -28.592  70.147 0.0000000000
68823  -43.697  -28.121  70.458 0.0000000000
69974  -44.689  -28.000  69.914 0.0000000000
66561  -43.972  -31.073  66.111 0.0000000000
66550  -44.339  -30.785  66.691 0.0000000000
66537  -44.681  -30.443  67.130 0.0000000000
67728  -45.036  -29.803  67.553 0.0000000000
69986  -45.690  -27.860  68.838 0.0000000000
71283  -47.573  -26.261  55.291 0.0000000000
71284  -47.975  -26.118  55.877 0.0000000000
75503  -50.105  -22.437  56.397 0.0000000000
74492  -50.701  -23.073  56.812 0.0000000000
73464  -51.576  -24.046  56.428 0.0000000000
73465  -52.442  -23.793  56.523 0.0000000000
72372  -52.244  -24.556  56.554 0.0000000000
36556  -7.120  -58.474  81.760 0.0000000000
64427  -41.600  -33.513  57.537 0.0000000000
64444  -42.532  -32.676  56.635 0.0000000000
64463  -42.467  -32.098  55.903 0.0000000000
65548  -43.079  -31.956  56.174 0.0000000000
65563  -43.382  -31.587  55.912 0.0000000000
66676  -43.676  -31.154  55.669 0.0000000000
66677  -44.380  -30.584  55.661 0.0000000000
67877  -42.839  -30.339  54.249 0.0000000000
66693  -43.799  -30.415  55.041 0.0000000000
67859  -44.788  -30.056  55.576 0.0000000000
69055  -45.613  -28.513  55.103 0.0000000000
69077  -44.641  -28.737  54.291 0.0000000000
69079  -45.837  -28.036  54.860 0.0000000000
70192  -46.237  -27.481  54.534 0.0000000000
71299  -46.198  -26.645  53.228 0.0000000000
71290  -46.749  -26.657  54.105 0.0000000000
71291  -47.209  -26.191  54.390 0.0000000000
72389  -47.695  -25.564  54.715 0.0000000000
73482  -48.279  -24.251  54.405 0.0000000000
74521  -48.891  -23.242  54.299 0.0000000000
75533  -49.413  -22.821  53.855 0.0000000000
75543  -47.695  -22.835  52.515 0.0000000000
75534  -50.451  -22.502  53.823 0.0000000000
75535  -51.434  -22.291  53.730 0.0000000000
75563  -51.103  -22.439  52.323 0.0000000000
75548  -51.843  -22.391  52.852 0.0000000000
75536  -52.030  -22.269  53.294 0.0000000000
76538  -53.034  -21.719  52.935 0.0000000000
77522  -53.640  -21.165  53.001 0.0000000000
77532  -53.921  -20.782  52.491 0.0000000000
77564  -52.489  -20.809  50.246 0.0000000000
77574  -52.139  -20.394  48.793 0.0000000000
77581  -51.904  -20.267  48.121 0.0000000000
42462  -13.967  -52.827  79.315 0.0000000000
41405  -13.553  -53.449  79.440 0.0000000000
41404  -12.993  -54.001  79.504 0.0000000000
41395  -13.295  -53.408  81.434 0.0000000000
40374  -12.569  -54.642  79.562 0.0000000000
40373  -11.987  -55.119  79.614 0.0000000000
42429  -13.008  -52.493  85.392 0.0000000000
42433  -12.356  -52.877  84.629 0.0000000000
41388  -12.172  -53.462  83.689 0.0000000000
41383  -11.871  -53.340  84.371 0.0000000000
41390  -11.970  -54.058  82.982 0.0000000000
40364  -11.740  -54.999  81.510 0.0000000000
39412  -11.372  -55.594  80.612 0.0000000000
39411  -10.773  -56.001  80.653 0.0000000000
38470  -10.204  -56.417  80.700 0.0000000000
39403  -9.761  -55.750  83.026 0.0000000000
38465  -9.402  -56.699  81.626 0.0000000000
37525  -7.376  -57.857  82.627 0.0000000000
37520  -7.075  -57.901  83.677 0.0000000000
37515  -7.009  -58.210  84.601 0.0000000000
38444  -7.845  -57.341  85.413 0.0000000000
38443  -7.323  -57.729  85.041 0.0000000000
67622  -41.834  -29.599  73.864 0.0000000000
64260  -41.084  -32.225  73.666 0.0000000000
64267  -40.712  -31.711  71.728 0.0000000000
65364  -40.968  -31.170  72.723 0.0000000000
66449  -41.104  -30.004  72.428 0.0000000000
66496  -40.724  -30.668  68.902 0.0000000000
66517  -41.326  -30.426  68.427 0.0000000000
66534  -41.877  -30.578  67.767 0.0000000000
65427  -39.963  -31.295  67.214 0.0000000000
65434  -40.175  -31.247  66.624 0.0000000000
65454  -39.906  -31.878  65.082 0.0000000000
65445  -41.613  -31.485  65.508 0.0000000000
64386  -40.866  -32.961  61.714 0.0000000000
64387  -41.631  -32.790  61.427 0.0000000000
63250  -41.734  -33.307  60.536 0.0000000000
63272  -41.545  -33.742  59.695 0.0000000000
63295  -41.351  -33.861  58.851 0.0000000000
62066  -36.716  -34.477  63.522 0.0000000000
64366  -36.641  -33.108  63.181 0.0000000000
63208  -36.703  -33.255  62.508 0.0000000000
63226  -37.026  -33.519  61.610 0.0000000000
63267  -37.005  -33.988  59.723 0.0000000000
63269  -39.262  -34.193  59.513 0.0000000000
63314  -38.450  -33.994  57.746 0.0000000000
63293  -39.780  -34.107  58.637 0.0000000000
63316  -40.351  -33.889  57.929 0.0000000000
63341  -40.761  -33.696  57.455 0.0000000000
49740  -20.655  -45.710  77.545 0.0000000000
49741  -21.297  -45.188  77.500 0.0000000000
50860  -21.884  -44.730  77.384 0.0000000000
51885  -23.786  -43.493  78.382 0.0000000000
52053  -23.861  -42.943  68.170 0.0000000000
52038  -24.190  -42.839  68.959 0.0000000000
53045  -24.696  -42.814  69.511 0.0000000000
53036  -25.238  -42.909  70.113 0.0000000000
51996  -26.475  -43.252  71.445 0.0000000000
50998  -30.284  -45.138  67.359 0.0000000000
49910  -31.055  -45.513  68.105 0.0000000000
50969  -29.592  -44.965  68.945 0.0000000000
49853  -31.094  -45.819  70.839 0.0000000000
50956  -30.334  -45.458  70.474 0.0000000000
50913  -28.660  -44.369  73.225 0.0000000000
51951  -28.567  -44.152  74.833 0.0000000000
50864  -30.823  -44.776  77.885 0.0000000000
50873  -30.974  -45.079  76.891 0.0000000000
49731  -31.302  -45.178  78.747 0.0000000000
41443  -13.376  -53.072  75.365 0.0000000000
43533  -14.120  -52.049  73.144 0.0000000000
43520  -14.814  -51.868  74.768 0.0000000000
42508  -14.170  -52.311  74.530 0.0000000000
42495  -14.427  -52.257  75.415 0.0000000000
47513  -18.196  -47.438  81.370 0.0000000000
65518  -44.662  -31.735  59.343 0.0000000000
65508  -44.594  -31.237  60.467 0.0000000000
66618  -45.174  -30.346  61.566 0.0000000000
67791  -45.626  -29.899  61.861 0.0000000000
66653  -46.348  -30.467  58.020 0.0000000000
66642  -46.264  -30.554  58.703 0.0000000000
67809  -46.969  -29.585  59.894 0.0000000000
67808  -46.433  -29.863  60.338 0.0000000000
67800  -46.055  -29.707  61.205 0.0000000000
67792  -46.173  -29.339  62.037 0.0000000000
67785  -46.265  -29.106  63.071 0.0000000000
68926  -46.836  -28.353  63.443 0.0000000000
68910  -47.130  -27.815  64.094 0.0000000000
70038  -47.282  -27.432  64.685 0.0000000000
70075  -47.750  -27.373  63.029 0.0000000000
70059  -47.676  -27.238  63.911 0.0000000000
71227  -50.079  -26.944  58.050 0.0000000000
70115  -49.549  -27.519  58.423 0.0000000000
71201  -50.313  -25.917  61.293 0.0000000000
71200  -49.628  -26.390  61.468 0.0000000000
71189  -49.383  -26.077  62.664 0.0000000000
78585  -55.207  -19.463  52.466 0.0000000000
80763  -56.416  -17.035  51.839 0.0000000000
79696  -54.568  -18.403  48.705 0.0000000000
81824  -56.959  -16.373  51.916 0.0000000000
82874  -58.318  -15.492  51.167 0.0000000000
80808  -55.690  -17.369  46.556 0.0000000000
80803  -56.023  -16.910  47.237 0.0000000000
82898  -56.981  -15.449  48.494 0.0000000000
83902  -58.122  -14.745  49.650 0.0000000000
83929  -58.696  -13.316  46.501 0.0000000000
84967  -59.160  -13.352  47.083 0.0000000000
36541  -6.415  -59.068  83.657 0.0000000000
37505  -9.219  -57.726  86.407 0.0000000000
37509  -7.432  -58.088  85.207 0.0000000000
37519  -6.752  -58.489  83.929 0.0000000000
38453  -7.567  -57.169  84.069 0.0000000000
38461  -9.787  -56.140  82.336 0.0000000000
38493  -10.418  -56.192  78.379 0.0000000000
39385  -9.400  -56.461  86.149 0.0000000000
39399  -9.996  -55.271  83.552 0.0000000000
39405  -10.953  -55.375  82.300 0.0000000000
40365  -12.291  -54.512  81.487 0.0000000000
40397  -11.166  -55.202  76.397 0.0000000000
41382  -11.424  -53.488  84.693 0.0000000000
42427  -11.704  -53.239  85.151 0.0000000000
42432  -11.838  -53.092  84.899 0.0000000000
43570  -14.900  -51.492  72.624 0.0000000000
44468  -15.369  -50.834  78.648 0.0000000000
45470  -16.698  -49.788  77.431 0.0000000000
46447  -17.120  -49.303  77.998 0.0000000000
47626  -20.338  -47.258  71.616 0.0000000000
48775  -32.567  -46.412  72.288 0.0000000000
48807  -33.734  -46.268  71.097 0.0000000000
49791  -33.467  -46.373  75.639 0.0000000000
50853  -30.290  -44.407  79.123 0.0000000000
50932  -40.341  -43.824  72.313 0.0000000000
51909  -22.721  -43.957  76.007 0.0000000000
52013  -40.020  -44.095  70.697 0.0000000000
52956  -27.084  -43.011  78.206 0.0000000000
52976  -26.032  -42.875  77.061 0.0000000000
52987  -24.789  -43.106  75.907 0.0000000000
53061  -41.097  -42.793  68.559 0.0000000000
53072  -24.446  -42.581  68.006 0.0000000000
55153  -43.076  -40.139  74.552 0.0000000000
57428  -42.588  -38.579  72.390 0.0000000000
59703  -41.716  -37.194  72.816 0.0000000000
60927  -40.845  -35.527  64.981 0.0000000000
63196  -36.800  -33.693  63.949 0.0000000000
63251  -42.330  -33.048  60.344 0.0000000000
63317  -41.264  -33.736  57.921 0.0000000000
64296  -40.087  -31.954  68.678 0.0000000000
64335  -37.265  -32.874  64.362 0.0000000000
64349  -36.711  -33.316  63.585 0.0000000000
64355  -41.509  -32.282  62.946 0.0000000000
65415  -40.177  -31.644  68.377 0.0000000000
65497  -42.869  -31.999  61.325 0.0000000000
65549  -43.852  -31.663  56.364 0.0000000000
65579  -41.882  -31.434  54.831 0.0000000000
66562  -44.557  -30.770  65.844 0.0000000000
66663  -44.097  -31.324  56.177 0.0000000000
67605  -41.932  -29.905  74.040 0.0000000000
67697  -44.125  -28.940  69.310 0.0000000000
67807  -45.849  -30.086  60.731 0.0000000000
68857  -44.502  -28.730  69.223 0.0000000000
69057  -46.677  -28.029  55.861 0.0000000000
69956  -43.660  -27.853  70.862 0.0000000000
70060  -48.075  -26.886  63.365 0.0000000000
71229  -51.214  -26.227  58.624 0.0000000000
71300  -46.679  -26.241  53.404 0.0000000000
72368  -48.664  -25.363  56.111 0.0000000000
73514  -46.245  -24.472  52.063 0.0000000000
74480  -51.817  -22.354  57.038 0.0000000000
74481  -52.311  -22.152  57.159 0.0000000000
75507  -53.657  -22.332  57.170 0.0000000000
75532  -48.979  -22.917  53.405 0.0000000000
75542  -47.168  -22.786  52.275 0.0000000000
76494  -52.055  -21.005  56.863 0.0000000000
76503  -51.155  -21.444  56.123 0.0000000000
77481  -53.069  -20.108  56.891 0.0000000000
