#!ascii label  , from subject 3517 vox2ras=TkReg
580
82497  -26.692  -16.702  -3.188 0.0000000000
76183  -20.755  -22.569  -3.350 0.0000000000
78170  -28.957  -20.714  -4.722 0.0000000000
69785  -24.032  -27.871  -5.622 0.0000000000
96360  -25.418  -2.648  -1.481 0.0000000000
92798  -26.381  -6.540  -5.051 0.0000000000
86555  -21.487  -12.642  -3.357 0.0000000000
67352  -21.718  -30.139  -0.591 0.0000000000
74158  -21.762  -24.864  -4.169 0.0000000000
72005  -21.309  -26.669  -3.054 0.0000000000
94567  -27.048  -4.731  -2.254 0.0000000000
90890  -24.037  -8.241  -1.415 0.0000000000
81433  -20.921  -17.363  -4.721 0.0000000000
84527  -18.271  -14.545  -4.731 0.0000000000
84517  -23.688  -14.721  -2.422 0.0000000000
86557  -26.525  -12.491  -3.586 0.0000000000
84541  -26.467  -14.731  -6.432 0.0000000000
80382  -26.836  -17.983  -9.606 0.0000000000
79224  -18.221  -19.222  -3.874 0.0000000000
79212  -23.332  -19.377  -3.094 0.0000000000
80357  -28.272  -19.103  -5.625 0.0000000000
77132  -24.628  -21.527  -2.619 0.0000000000
74123  -24.878  -24.866  -2.675 0.0000000000
72018  -26.676  -27.154  -4.225 0.0000000000
88864  -19.162  -10.319  -3.921 0.0000000000
88856  -26.398  -10.196  -2.180 0.0000000000
89982  -25.276  -9.519  -6.565 0.0000000000
69730  -20.117  -28.316  -1.063 0.0000000000
68601  -23.445  -29.572  -3.547 0.0000000000
73091  -19.731  -25.495  -2.714 0.0000000000
73071  -19.629  -26.030  -1.974 0.0000000000
92751  -22.912  -6.525  -1.799 0.0000000000
90909  -20.884  -8.348  -2.692 0.0000000000
82495  -24.675  -16.676  -2.488 0.0000000000
82492  -21.682  -16.066  -4.026 0.0000000000
82482  -25.124  -15.921  -2.369 0.0000000000
84518  -26.823  -14.479  -4.346 0.0000000000
83536  -27.082  -15.364  -4.898 0.0000000000
82546  -26.914  -16.676  -9.088 0.0000000000
81465  -27.638  -17.574  -7.927 0.0000000000
78156  -19.319  -20.614  -3.764 0.0000000000
79227  -20.867  -19.451  -4.154 0.0000000000
78158  -21.173  -20.630  -3.640 0.0000000000
78143  -23.414  -20.407  -2.975 0.0000000000
77147  -22.466  -21.755  -3.080 0.0000000000
128285  -22.469  -25.972  -4.559 0.0000000000
74142  -23.704  -24.728  -2.599 0.0000000000
72033  -23.889  -26.421  -4.109 0.0000000000
73092  -25.761  -25.244  -3.358 0.0000000000
70902  -25.398  -27.501  -4.732 0.0000000000
96357  -22.569  -3.388  -2.210 0.0000000000
96372  -22.351  -2.438  -2.494 0.0000000000
97265  -23.985  -1.823  -2.128 0.0000000000
99148  -25.397  0.420  -2.450 0.0000000000
96375  -27.552  -2.236  -2.803 0.0000000000
93674  -27.083  -5.311  -3.826 0.0000000000
85545  -19.583  -13.739  -4.524 0.0000000000
87702  -18.943  -11.831  -4.846 0.0000000000
87686  -21.219  -11.661  -3.327 0.0000000000
88852  -22.401  -10.691  -2.150 0.0000000000
87669  -23.905  -11.808  -1.578 0.0000000000
87732  -25.445  -11.867  -6.580 0.0000000000
88889  -26.267  -10.862  -5.145 0.0000000000
88908  -24.669  -10.682  -7.814 0.0000000000
79243  -28.333  -19.782  -4.953 0.0000000000
79275  -28.982  -19.314  -8.038 0.0000000000
68552  -20.340  -29.468  -0.348 0.0000000000
68574  -21.417  -29.246  -1.007 0.0000000000
69746  -22.119  -28.319  -1.966 0.0000000000
67394  -23.243  -29.717  -2.085 0.0000000000
75163  -19.358  -23.591  -3.513 0.0000000000
75165  -20.983  -23.442  -3.509 0.0000000000
74167  -19.844  -24.648  -5.021 0.0000000000
72032  -21.420  -26.361  -4.115 0.0000000000
128277  -22.328  -27.949  -4.869 0.0000000000
94552  -23.770  -4.696  -1.687 0.0000000000
95477  -26.907  -3.307  -1.848 0.0000000000
93659  -25.333  -5.466  -1.491 0.0000000000
92754  -25.803  -6.310  -1.552 0.0000000000
91853  -26.558  -7.214  -1.960 0.0000000000
81429  -17.793  -17.193  -4.009 0.0000000000
82522  -19.223  -16.045  -4.660 0.0000000000
84530  -20.779  -14.844  -4.137 0.0000000000
85531  -22.453  -13.647  -2.794 0.0000000000
86538  -24.518  -12.682  -1.601 0.0000000000
85514  -25.893  -13.421  -2.295 0.0000000000
85554  -26.241  -13.734  -5.871 0.0000000000
85561  -25.378  -13.531  -7.620 0.0000000000
84562  -25.891  -14.935  -8.848 0.0000000000
65149  -22.107  -31.404  -0.128 0.0000000000
66213  -23.008  -30.685  -1.127 0.0000000000
79239  -19.010  -18.761  -4.404 0.0000000000
80330  -21.586  -18.531  -4.282 0.0000000000
81418  -25.220  -17.552  -2.570 0.0000000000
81435  -27.477  -17.690  -4.599 0.0000000000
80333  -26.106  -18.813  -2.760 0.0000000000
79230  -26.606  -19.590  -3.013 0.0000000000
78147  -26.903  -21.250  -3.215 0.0000000000
75145  -23.330  -23.236  -2.667 0.0000000000
76169  -24.951  -22.580  -2.560 0.0000000000
76171  -26.794  -22.707  -3.052 0.0000000000
75149  -27.210  -23.634  -3.512 0.0000000000
74144  -27.389  -24.663  -3.869 0.0000000000
95495  -27.528  -3.242  -3.184 0.0000000000
89940  -21.182  -9.335  -2.613 0.0000000000
89924  -24.545  -9.057  -1.409 0.0000000000
90926  -26.843  -8.327  -2.818 0.0000000000
87672  -26.440  -11.175  -2.580 0.0000000000
89964  -26.594  -9.494  -4.009 0.0000000000
91897  -26.092  -7.536  -5.261 0.0000000000
80371  -28.107  -18.429  -7.491 0.0000000000
78208  -28.762  -18.720  -8.584 0.0000000000
70846  -19.076  -27.395  -0.973 0.0000000000
71972  -20.692  -27.083  -1.836 0.0000000000
69770  -23.048  -28.874  -3.887 0.0000000000
67433  -24.180  -30.060  -5.681 0.0000000000
67395  -23.757  -30.135  -2.742 0.0000000000
67407  -25.067  -30.490  -4.003 0.0000000000
67444  -26.561  -30.342  -6.344 0.0000000000
90908  -20.053  -8.349  -3.134 0.0000000000
82494  -23.497  -16.375  -2.802 0.0000000000
83521  -26.452  -15.852  -2.851 0.0000000000
83522  -26.910  -15.590  -3.714 0.0000000000
83523  -27.225  -16.138  -4.620 0.0000000000
83549  -27.299  -16.239  -6.482 0.0000000000
82514  -27.439  -16.878  -5.071 0.0000000000
77144  -19.574  -21.593  -3.466 0.0000000000
77143  -18.529  -21.523  -3.189 0.0000000000
78157  -20.237  -20.626  -3.812 0.0000000000
77145  -20.507  -21.610  -3.455 0.0000000000
77146  -21.432  -21.674  -3.316 0.0000000000
70900  -22.934  -26.735  -5.012 0.0000000000
70901  -24.510  -27.176  -4.974 0.0000000000
70886  -25.173  -26.990  -4.241 0.0000000000
96359  -24.281  -2.672  -1.797 0.0000000000
97250  -24.800  -1.901  -1.733 0.0000000000
98223  -25.756  -1.013  -1.813 0.0000000000
97267  -27.362  -1.216  -2.640 0.0000000000
96361  -26.391  -2.522  -1.664 0.0000000000
92783  -26.787  -6.465  -4.154 0.0000000000
93690  -26.604  -5.524  -4.786 0.0000000000
93689  -26.026  -5.585  -5.563 0.0000000000
92797  -25.768  -6.584  -5.810 0.0000000000
86573  -19.931  -12.741  -4.272 0.0000000000
86572  -19.188  -12.747  -4.628 0.0000000000
86554  -20.726  -12.619  -3.802 0.0000000000
87685  -20.209  -11.668  -3.936 0.0000000000
87667  -21.895  -11.386  -2.642 0.0000000000
87668  -22.737  -11.907  -2.277 0.0000000000
87749  -25.030  -12.085  -7.352 0.0000000000
88909  -25.056  -11.186  -7.278 0.0000000000
78169  -28.077  -20.267  -4.515 0.0000000000
79250  -28.940  -19.794  -5.863 0.0000000000
79251  -29.438  -20.158  -5.968 0.0000000000
66198  -21.323  -30.661  -0.176 0.0000000000
67351  -20.945  -30.215  -0.188 0.0000000000
68553  -21.044  -29.617  -0.558 0.0000000000
67375  -22.054  -29.646  -1.027 0.0000000000
68575  -22.159  -29.254  -1.424 0.0000000000
75184  -19.813  -23.807  -4.167 0.0000000000
74139  -19.353  -24.517  -3.713 0.0000000000
72004  -20.342  -26.090  -2.840 0.0000000000
73121  -20.503  -26.081  -4.108 0.0000000000
128282  -21.167  -26.540  -3.692 0.0000000000
128284  -22.100  -26.921  -4.448 0.0000000000
128275  -22.127  -27.188  -3.816 0.0000000000
93656  -22.442  -5.576  -2.164 0.0000000000
94553  -24.742  -4.598  -1.439 0.0000000000
93657  -23.388  -5.591  -1.784 0.0000000000
91832  -23.472  -7.423  -1.555 0.0000000000
92753  -24.917  -6.391  -1.488 0.0000000000
91833  -24.486  -7.317  -1.444 0.0000000000
91835  -26.130  -7.015  -1.622 0.0000000000
90891  -25.041  -8.136  -1.397 0.0000000000
81431  -19.259  -17.160  -4.710 0.0000000000
81446  -19.886  -16.685  -4.718 0.0000000000
83520  -23.431  -15.336  -2.639 0.0000000000
83518  -21.870  -15.540  -3.705 0.0000000000
84515  -22.049  -14.537  -3.338 0.0000000000
84514  -21.228  -14.154  -3.726 0.0000000000
84498  -23.644  -14.160  -2.287 0.0000000000
85512  -24.022  -13.555  -1.911 0.0000000000
84500  -25.390  -14.362  -2.296 0.0000000000
84532  -26.729  -14.543  -5.392 0.0000000000
85547  -26.564  -13.598  -4.924 0.0000000000
85562  -25.878  -13.840  -6.927 0.0000000000
84554  -25.652  -14.538  -8.499 0.0000000000
84555  -26.021  -15.029  -8.323 0.0000000000
81477  -26.537  -17.617  -9.916 0.0000000000
80391  -26.609  -18.401  -10.595 0.0000000000
65134  -21.865  -31.764  0.393 0.0000000000
65135  -22.339  -31.555  0.475 0.0000000000
80328  -17.608  -18.558  -3.662 0.0000000000
79228  -21.900  -19.670  -3.734 0.0000000000
80329  -21.048  -18.799  -4.399 0.0000000000
80331  -22.851  -18.719  -3.506 0.0000000000
80332  -23.447  -18.159  -3.177 0.0000000000
80315  -23.685  -18.714  -2.896 0.0000000000
81408  -25.556  -18.265  -2.653 0.0000000000
80316  -24.469  -18.930  -2.611 0.0000000000
78144  -24.298  -20.541  -2.669 0.0000000000
79215  -25.801  -19.715  -2.641 0.0000000000
78145  -25.295  -20.622  -2.562 0.0000000000
78146  -26.459  -20.670  -2.881 0.0000000000
77133  -25.646  -21.626  -2.595 0.0000000000
75186  -21.202  -24.077  -3.982 0.0000000000
75166  -21.855  -23.895  -3.395 0.0000000000
75146  -24.218  -23.635  -2.490 0.0000000000
75147  -25.379  -23.650  -2.601 0.0000000000
76170  -25.958  -22.658  -2.636 0.0000000000
76172  -27.444  -22.703  -3.551 0.0000000000
75148  -26.362  -23.617  -2.944 0.0000000000
72006  -26.181  -25.807  -3.725 0.0000000000
73106  -26.286  -25.306  -3.667 0.0000000000
73107  -26.821  -25.241  -3.829 0.0000000000
73108  -27.459  -25.343  -3.584 0.0000000000
94555  -26.755  -4.361  -1.855 0.0000000000
95488  -27.319  -3.203  -2.412 0.0000000000
94568  -27.274  -4.162  -2.586 0.0000000000
83517  -17.652  -15.531  -4.176 0.0000000000
88863  -18.388  -10.178  -4.031 0.0000000000
89953  -19.732  -9.467  -3.382 0.0000000000
89939  -20.453  -9.105  -2.930 0.0000000000
89954  -20.513  -10.012  -3.031 0.0000000000
88841  -23.992  -9.950  -1.392 0.0000000000
89942  -23.012  -9.888  -1.664 0.0000000000
88842  -25.041  -9.878  -1.393 0.0000000000
89926  -26.283  -8.929  -1.760 0.0000000000
88844  -26.379  -9.505  -1.913 0.0000000000
86540  -26.327  -12.295  -2.546 0.0000000000
87670  -25.063  -11.685  -1.494 0.0000000000
87688  -26.561  -11.439  -3.391 0.0000000000
88888  -25.812  -10.200  -5.863 0.0000000000
89973  -26.261  -9.628  -5.098 0.0000000000
89972  -25.707  -9.265  -5.857 0.0000000000
90942  -26.369  -8.521  -4.690 0.0000000000
90952  -25.363  -8.498  -6.243 0.0000000000
90951  -24.842  -8.541  -6.890 0.0000000000
80356  -27.861  -18.439  -5.158 0.0000000000
81447  -27.674  -17.673  -5.649 0.0000000000
80363  -27.996  -18.411  -6.247 0.0000000000
78201  -28.824  -19.028  -8.234 0.0000000000
69709  -19.865  -28.619  -0.757 0.0000000000
70827  -19.200  -28.042  -0.797 0.0000000000
70847  -19.906  -27.787  -1.237 0.0000000000
71971  -20.251  -26.882  -1.769 0.0000000000
70848  -20.877  -27.624  -1.725 0.0000000000
69747  -22.631  -28.687  -2.281 0.0000000000
69748  -23.051  -28.572  -2.984 0.0000000000
68613  -23.279  -29.738  -4.633 0.0000000000
67377  -23.488  -30.053  -1.434 0.0000000000
67421  -26.238  -30.826  -5.018 0.0000000000
74122  -19.634  -24.992  -3.104 0.0000000000
73090  -19.254  -25.275  -2.259 0.0000000000
71993  -20.173  -26.265  -2.299 0.0000000000
91852  -21.411  -7.458  -2.439 0.0000000000
91831  -22.411  -7.623  -1.912 0.0000000000
82513  -21.881  -17.051  -4.203 0.0000000000
82512  -21.345  -16.550  -4.386 0.0000000000
82493  -22.282  -16.532  -3.725 0.0000000000
82480  -23.814  -15.697  -2.536 0.0000000000
83504  -24.868  -15.178  -2.316 0.0000000000
84501  -26.167  -14.341  -2.683 0.0000000000
83506  -26.453  -15.101  -2.954 0.0000000000
83548  -26.974  -15.466  -5.959 0.0000000000
83564  -26.631  -15.799  -8.197 0.0000000000
83556  -26.946  -15.829  -7.115 0.0000000000
82539  -27.252  -16.816  -7.982 0.0000000000
81472  -27.330  -17.619  -8.792 0.0000000000
77142  -18.064  -20.932  -3.191 0.0000000000
78155  -18.503  -20.389  -3.589 0.0000000000
79225  -19.123  -19.650  -4.123 0.0000000000
79229  -22.742  -19.947  -3.328 0.0000000000
79213  -23.981  -19.601  -2.704 0.0000000000
78160  -22.768  -20.806  -3.166 0.0000000000
77148  -23.084  -21.202  -3.005 0.0000000000
77130  -23.079  -21.644  -2.898 0.0000000000
73122  -22.386  -25.594  -4.237 0.0000000000
74141  -22.348  -24.788  -3.488 0.0000000000
128289  -23.054  -25.653  -3.248 0.0000000000
128283  -23.973  -26.387  -2.973 0.0000000000
128287  -24.293  -26.130  -2.984 0.0000000000
74124  -25.895  -24.469  -3.066 0.0000000000
128290  -24.962  -26.079  -3.420 0.0000000000
70887  -26.232  -27.570  -4.539 0.0000000000
95487  -21.718  -3.492  -2.539 0.0000000000
96373  -23.471  -2.291  -2.187 0.0000000000
98222  -24.926  -1.160  -1.790 0.0000000000
97276  -27.749  -1.308  -3.422 0.0000000000
93671  -27.094  -5.565  -2.840 0.0000000000
93675  -27.270  -4.653  -3.629 0.0000000000
87699  -16.848  -12.103  -3.909 0.0000000000
87701  -18.141  -11.714  -4.757 0.0000000000
87684  -19.421  -11.237  -4.292 0.0000000000
88865  -19.943  -10.604  -3.662 0.0000000000
88851  -21.380  -10.523  -2.683 0.0000000000
88853  -23.379  -10.864  -1.649 0.0000000000
88854  -24.486  -10.818  -1.443 0.0000000000
87720  -26.209  -11.883  -5.216 0.0000000000
87704  -26.437  -11.647  -4.357 0.0000000000
87719  -25.825  -11.269  -5.861 0.0000000000
88898  -25.406  -10.696  -6.569 0.0000000000
89990  -24.949  -10.176  -7.236 0.0000000000
80364  -28.494  -19.011  -6.769 0.0000000000
79259  -29.023  -19.459  -6.906 0.0000000000
79270  -29.367  -19.750  -7.554 0.0000000000
69710  -20.380  -28.931  -0.770 0.0000000000
69731  -20.593  -28.535  -1.149 0.0000000000
69732  -21.579  -28.529  -1.583 0.0000000000
68588  -22.763  -29.302  -1.896 0.0000000000
68589  -23.162  -29.377  -2.600 0.0000000000
76181  -18.966  -22.574  -3.254 0.0000000000
76182  -19.878  -22.543  -3.476 0.0000000000
75164  -20.191  -23.307  -3.636 0.0000000000
75185  -20.514  -23.855  -4.083 0.0000000000
74157  -20.869  -24.484  -4.440 0.0000000000
73119  -19.469  -25.149  -4.372 0.0000000000
73136  -20.773  -25.746  -4.425 0.0000000000
74169  -21.142  -25.161  -4.554 0.0000000000
73137  -21.923  -25.863  -4.505 0.0000000000
128281  -22.387  -26.837  -4.985 0.0000000000
69784  -22.979  -28.095  -5.490 0.0000000000
94565  -21.113  -4.445  -2.797 0.0000000000
95472  -22.460  -4.032  -2.250 0.0000000000
95473  -23.163  -3.942  -1.914 0.0000000000
95475  -25.073  -3.601  -1.321 0.0000000000
95476  -26.128  -3.492  -1.433 0.0000000000
94554  -25.761  -4.500  -1.417 0.0000000000
93660  -26.233  -5.406  -1.652 0.0000000000
92752  -23.932  -6.468  -1.580 0.0000000000
93668  -26.851  -5.399  -2.152 0.0000000000
92755  -26.469  -6.308  -1.844 0.0000000000
92772  -26.939  -6.428  -3.206 0.0000000000
91871  -26.803  -7.341  -2.612 0.0000000000
83532  -18.872  -15.481  -4.777 0.0000000000
83534  -20.497  -15.730  -4.490 0.0000000000
83533  -20.024  -15.394  -4.604 0.0000000000
84528  -19.286  -14.799  -4.815 0.0000000000
85546  -20.456  -13.742  -4.105 0.0000000000
85530  -21.745  -13.505  -3.316 0.0000000000
86556  -22.153  -12.780  -2.835 0.0000000000
86537  -23.465  -12.775  -1.877 0.0000000000
86536  -22.741  -12.951  -2.351 0.0000000000
85513  -25.019  -13.529  -1.869 0.0000000000
85532  -26.599  -13.502  -3.929 0.0000000000
86574  -26.430  -12.645  -4.570 0.0000000000
86598  -25.818  -12.867  -6.271 0.0000000000
86597  -25.330  -12.854  -7.061 0.0000000000
86611  -24.840  -12.834  -7.923 0.0000000000
85571  -25.223  -13.849  -8.439 0.0000000000
84561  -25.559  -14.581  -9.117 0.0000000000
78163  -28.172  -21.356  -4.228 0.0000000000
66199  -21.754  -31.094  -0.190 0.0000000000
67353  -22.234  -30.611  -0.622 0.0000000000
80344  -18.824  -17.980  -4.520 0.0000000000
80345  -19.601  -18.092  -4.684 0.0000000000
79240  -19.775  -18.988  -4.474 0.0000000000
80346  -20.620  -18.403  -4.596 0.0000000000
81434  -21.551  -17.512  -4.430 0.0000000000
81416  -23.090  -17.523  -3.379 0.0000000000
81417  -24.069  -17.716  -2.776 0.0000000000
82498  -27.199  -16.775  -4.078 0.0000000000
81419  -26.243  -17.751  -2.865 0.0000000000
80334  -26.796  -18.687  -3.315 0.0000000000
80348  -27.472  -18.702  -4.175 0.0000000000
79214  -24.855  -19.714  -2.547 0.0000000000
79231  -27.188  -19.590  -3.645 0.0000000000
79242  -27.735  -19.710  -4.332 0.0000000000
78162  -27.535  -20.742  -3.806 0.0000000000
76184  -21.642  -22.736  -3.198 0.0000000000
76185  -22.522  -23.012  -2.971 0.0000000000
76168  -23.968  -22.428  -2.611 0.0000000000
75167  -22.864  -24.195  -2.959 0.0000000000
77134  -26.502  -21.780  -2.881 0.0000000000
77149  -27.766  -21.924  -3.927 0.0000000000
76186  -28.043  -22.833  -3.995 0.0000000000
74126  -27.192  -24.234  -3.716 0.0000000000
96362  -27.124  -2.446  -2.130 0.0000000000
96382  -27.650  -2.307  -3.767 0.0000000000
95503  -27.333  -3.352  -4.264 0.0000000000
90910  -21.757  -8.482  -2.300 0.0000000000
90888  -22.436  -8.621  -1.898 0.0000000000
89941  -22.140  -9.524  -2.144 0.0000000000
89922  -22.827  -9.107  -1.693 0.0000000000
90892  -26.055  -7.966  -1.564 0.0000000000
90911  -26.625  -8.168  -2.094 0.0000000000
91898  -26.577  -7.497  -4.424 0.0000000000
88855  -25.564  -10.649  -1.592 0.0000000000
88877  -26.526  -10.579  -4.221 0.0000000000
88867  -26.621  -10.389  -3.207 0.0000000000
89955  -26.777  -9.356  -2.995 0.0000000000
90933  -26.744  -8.450  -3.753 0.0000000000
91908  -25.556  -7.571  -6.003 0.0000000000
81456  -27.707  -17.679  -6.769 0.0000000000
80378  -27.663  -18.151  -8.213 0.0000000000
79279  -27.602  -18.187  -8.562 0.0000000000
79268  -28.343  -18.827  -7.733 0.0000000000
79280  -28.350  -18.557  -8.285 0.0000000000
78212  -28.089  -17.995  -8.989 0.0000000000
71970  -19.369  -26.743  -1.411 0.0000000000
71994  -20.862  -26.862  -2.211 0.0000000000
70849  -21.673  -27.925  -1.935 0.0000000000
70865  -22.234  -27.803  -2.435 0.0000000000
128280  -22.002  -27.240  -2.788 0.0000000000
128276  -22.504  -27.577  -3.542 0.0000000000
68625  -22.691  -28.650  -5.307 0.0000000000
68632  -24.072  -29.174  -6.039 0.0000000000
67376  -22.766  -30.074  -1.290 0.0000000000
67406  -24.121  -30.272  -4.254 0.0000000000
67420  -25.039  -30.849  -5.101 0.0000000000
67434  -24.854  -30.452  -5.850 0.0000000000
69792  -24.616  -28.767  -5.991 0.0000000000
69786  -25.618  -28.238  -5.164 0.0000000000
65150  -22.297  -31.441  0.034 0.0000000000
66251  -27.254  -30.162  -6.423 0.0000000000
66252  -27.516  -30.197  -6.417 0.0000000000
66253  -27.746  -29.947  -6.422 0.0000000000
66259  -27.085  -30.319  -6.380 0.0000000000
66260  -27.272  -30.183  -6.444 0.0000000000
66261  -27.587  -29.900  -6.375 0.0000000000
67419  -24.138  -30.223  -5.265 0.0000000000
67435  -25.879  -30.923  -5.938 0.0000000000
67436  -26.733  -30.003  -6.268 0.0000000000
67437  -27.492  -29.882  -6.349 0.0000000000
67442  -25.178  -30.223  -6.128 0.0000000000
67443  -25.713  -30.434  -6.138 0.0000000000
67445  -26.956  -29.935  -6.293 0.0000000000
68573  -20.749  -29.145  -0.774 0.0000000000
68612  -22.674  -28.828  -4.731 0.0000000000
68626  -23.508  -29.425  -5.669 0.0000000000
68627  -24.250  -29.996  -5.889 0.0000000000
68628  -26.650  -29.702  -6.127 0.0000000000
68633  -24.649  -29.712  -6.097 0.0000000000
68634  -25.575  -29.908  -6.215 0.0000000000
68635  -26.216  -30.043  -6.257 0.0000000000
68636  -26.599  -30.030  -6.269 0.0000000000
69733  -22.277  -28.799  -1.809 0.0000000000
69787  -26.776  -29.197  -5.608 0.0000000000
69791  -23.777  -28.672  -5.905 0.0000000000
69793  -25.599  -29.172  -6.059 0.0000000000
69794  -26.182  -29.593  -6.107 0.0000000000
70864  -21.473  -27.446  -2.108 0.0000000000
71995  -21.586  -27.197  -2.496 0.0000000000
72015  -20.360  -26.027  -3.377 0.0000000000
72016  -20.641  -26.254  -3.661 0.0000000000
72017  -26.109  -26.618  -4.132 0.0000000000
72031  -20.844  -26.272  -4.054 0.0000000000
73093  -26.292  -24.935  -3.555 0.0000000000
73104  -19.328  -24.900  -3.970 0.0000000000
73105  -19.690  -25.304  -3.475 0.0000000000
73120  -20.100  -25.801  -4.052 0.0000000000
73134  -19.561  -25.060  -4.927 0.0000000000
73135  -19.998  -25.360  -4.748 0.0000000000
73138  -22.239  -25.789  -4.499 0.0000000000
74121  -19.297  -24.591  -2.930 0.0000000000
74125  -26.763  -24.458  -3.576 0.0000000000
74140  -19.495  -24.838  -3.330 0.0000000000
74143  -26.991  -24.803  -3.875 0.0000000000
74156  -19.228  -24.535  -4.303 0.0000000000
74159  -22.436  -25.185  -3.855 0.0000000000
74166  -19.282  -24.585  -4.835 0.0000000000
74168  -20.478  -24.931  -4.794 0.0000000000
75150  -27.673  -23.272  -3.745 0.0000000000
75168  -23.494  -23.944  -2.640 0.0000000000
75169  -27.447  -24.123  -3.785 0.0000000000
75183  -19.399  -24.080  -4.163 0.0000000000
75198  -19.258  -24.228  -4.543 0.0000000000
75199  -19.557  -24.138  -4.651 0.0000000000
75200  -20.179  -24.195  -4.675 0.0000000000
76167  -23.142  -22.237  -2.768 0.0000000000
77131  -23.656  -21.418  -2.795 0.0000000000
77135  -27.138  -21.845  -3.394 0.0000000000
77150  -28.541  -22.009  -4.319 0.0000000000
78159  -22.084  -20.742  -3.370 0.0000000000
78161  -26.950  -20.142  -3.318 0.0000000000
78177  -29.339  -20.298  -5.591 0.0000000000
78207  -28.207  -18.241  -8.613 0.0000000000
78213  -28.466  -18.270  -9.194 0.0000000000
79226  -19.945  -19.757  -4.152 0.0000000000
79238  -18.542  -18.520  -4.273 0.0000000000
79241  -20.314  -19.153  -4.380 0.0000000000
79260  -29.505  -19.954  -6.548 0.0000000000
79269  -28.663  -19.100  -7.592 0.0000000000
79273  -27.687  -18.345  -8.394 0.0000000000
79274  -28.315  -18.744  -8.014 0.0000000000
79276  -29.333  -20.124  -7.956 0.0000000000
79282  -27.386  -17.796  -9.038 0.0000000000
79283  -27.822  -17.804  -9.268 0.0000000000
79286  -27.234  -17.804  -9.683 0.0000000000
80314  -23.296  -18.929  -3.169 0.0000000000
80317  -25.282  -18.943  -2.595 0.0000000000
80343  -18.090  -18.099  -4.187 0.0000000000
80347  -21.203  -17.958  -4.608 0.0000000000
80349  -27.965  -19.140  -4.818 0.0000000000
80372  -28.388  -18.856  -7.483 0.0000000000
80377  -27.352  -18.130  -8.870 0.0000000000
80381  -26.092  -18.197  -9.852 0.0000000000
80385  -25.966  -18.305  -10.032 0.0000000000
80386  -26.550  -18.131  -9.899 0.0000000000
81406  -24.256  -18.404  -2.695 0.0000000000
81407  -24.813  -18.295  -2.623 0.0000000000
81415  -22.247  -17.641  -3.998 0.0000000000
81420  -27.014  -17.713  -3.650 0.0000000000
81430  -18.463  -17.195  -4.449 0.0000000000
81432  -20.078  -17.194  -4.814 0.0000000000
81445  -19.659  -16.777  -4.721 0.0000000000
81464  -27.450  -17.346  -8.286 0.0000000000
81473  -27.611  -17.903  -8.396 0.0000000000
81476  -25.915  -18.072  -9.923 0.0000000000
82481  -24.332  -15.850  -2.432 0.0000000000
82496  -25.817  -16.546  -2.567 0.0000000000
82510  -19.333  -16.525  -4.674 0.0000000000
82511  -20.526  -16.582  -4.674 0.0000000000
82523  -19.650  -16.280  -4.653 0.0000000000
82524  -20.050  -16.461  -4.700 0.0000000000
82525  -27.547  -16.905  -6.104 0.0000000000
82532  -27.272  -16.455  -7.344 0.0000000000
82533  -27.461  -16.893  -7.177 0.0000000000
82540  -27.483  -17.094  -7.721 0.0000000000
83503  -24.079  -15.198  -2.399 0.0000000000
83505  -25.793  -15.328  -2.535 0.0000000000
83516  -16.893  -15.451  -3.627 0.0000000000
83519  -22.648  -15.487  -3.104 0.0000000000
83531  -18.251  -15.542  -4.555 0.0000000000
83535  -21.255  -15.619  -4.138 0.0000000000
83537  -27.291  -16.151  -5.507 0.0000000000
83545  -19.410  -15.624  -4.702 0.0000000000
83546  -19.887  -15.791  -4.641 0.0000000000
83547  -20.232  -16.159  -4.623 0.0000000000
83557  -27.282  -16.334  -7.036 0.0000000000
83570  -25.941  -15.013  -9.164 0.0000000000
84499  -24.397  -14.389  -2.200 0.0000000000
84502  -26.622  -14.402  -3.377 0.0000000000
84512  -17.402  -14.483  -4.240 0.0000000000
84513  -17.851  -15.032  -4.528 0.0000000000
84516  -22.978  -14.510  -2.658 0.0000000000
84529  -20.031  -14.791  -4.521 0.0000000000
84531  -21.408  -14.949  -3.814 0.0000000000
84539  -19.542  -15.383  -4.709 0.0000000000
84540  -19.741  -15.236  -4.681 0.0000000000
84547  -26.204  -14.949  -7.447 0.0000000000
85511  -23.190  -13.607  -2.281 0.0000000000
85515  -26.521  -13.417  -2.951 0.0000000000
85529  -21.113  -13.325  -3.674 0.0000000000
85572  -25.687  -14.298  -7.853 0.0000000000
86539  -25.564  -12.538  -1.827 0.0000000000
86585  -26.221  -12.797  -5.452 0.0000000000
87671  -26.001  -11.451  -1.927 0.0000000000
87687  -21.917  -12.061  -2.944 0.0000000000
87703  -19.552  -12.011  -4.514 0.0000000000
87733  -25.865  -12.134  -5.847 0.0000000000
88843  -25.959  -9.718  -1.626 0.0000000000
88866  -20.678  -10.882  -3.385 0.0000000000
88876  -18.664  -11.036  -4.389 0.0000000000
89923  -23.579  -9.108  -1.500 0.0000000000
89925  -25.522  -8.964  -1.493 0.0000000000
89943  -26.609  -9.100  -2.247 0.0000000000
90889  -23.105  -8.358  -1.586 0.0000000000
90941  -25.856  -8.503  -5.510 0.0000000000
91834  -25.438  -7.201  -1.479 0.0000000000
91886  -26.857  -7.432  -3.497 0.0000000000
92763  -26.809  -6.388  -2.388 0.0000000000
93658  -24.365  -5.540  -1.568 0.0000000000
93669  -27.156  -4.945  -2.561 0.0000000000
93672  -27.319  -4.816  -3.137 0.0000000000
94556  -27.117  -3.766  -2.134 0.0000000000
94566  -22.009  -4.623  -2.456 0.0000000000
94576  -27.375  -4.107  -3.475 0.0000000000
94584  -27.202  -4.334  -4.084 0.0000000000
95474  -24.063  -3.762  -1.633 0.0000000000
96358  -23.303  -3.074  -1.988 0.0000000000
96374  -23.955  -2.277  -2.087 0.0000000000
97253  -27.253  -1.857  -2.374 0.0000000000
98221  -24.403  -1.390  -1.947 0.0000000000
98235  -25.071  -0.390  -2.130 0.0000000000
128272  -27.002  -29.378  -5.979 0.0000000000
128278  -21.788  -26.884  -3.685 0.0000000000
128279  -22.389  -27.258  -5.122 0.0000000000
128286  -22.954  -25.968  -4.367 0.0000000000
128288  -24.095  -25.793  -2.757 0.0000000000
