#!ascii label  , from subject 3517 vox2ras=TkReg
544
74127  -28.305  -24.765  -3.397 0.0000000000
78170  -28.957  -20.714  -4.722 0.0000000000
92798  -26.381  -6.540  -5.051 0.0000000000
86610  -24.467  -12.415  -8.579 0.0000000000
81494  -29.156  -18.023  -11.552 0.0000000000
79253  -33.441  -20.217  -5.508 0.0000000000
94567  -27.048  -4.731  -2.254 0.0000000000
84569  -26.154  -14.870  -10.627 0.0000000000
80382  -26.836  -17.983  -9.606 0.0000000000
76187  -28.823  -23.079  -4.481 0.0000000000
78189  -31.833  -20.974  -6.824 0.0000000000
76198  -31.711  -22.801  -4.597 0.0000000000
67354  -23.514  -30.360  -0.489 0.0000000000
72018  -26.676  -27.154  -4.225 0.0000000000
101711  -24.525  2.905  -3.866 0.0000000000
100076  -27.189  1.552  -3.268 0.0000000000
97286  -27.608  -1.424  -5.379 0.0000000000
95516  -25.938  -3.581  -6.232 0.0000000000
93725  -24.112  -6.055  -7.822 0.0000000000
89982  -25.276  -9.519  -6.565 0.0000000000
90008  -22.128  -9.561  -10.259 0.0000000000
87809  -24.048  -11.550  -11.576 0.0000000000
84570  -27.851  -13.940  -10.388 0.0000000000
84565  -30.063  -15.149  -8.113 0.0000000000
77185  -29.445  -19.388  -8.944 0.0000000000
80384  -32.402  -19.365  -9.292 0.0000000000
82546  -26.914  -16.676  -9.088 0.0000000000
81465  -27.638  -17.574  -7.927 0.0000000000
74146  -28.773  -24.377  -3.899 0.0000000000
75188  -30.197  -23.528  -4.694 0.0000000000
75172  -30.124  -23.815  -4.300 0.0000000000
64037  -23.007  -32.930  3.773 0.0000000000
65103  -23.054  -31.571  2.631 0.0000000000
66170  -23.204  -30.801  1.254 0.0000000000
73092  -25.761  -25.244  -3.358 0.0000000000
70902  -25.398  -27.501  -4.732 0.0000000000
98255  -28.072  -0.377  -3.959 0.0000000000
93674  -27.083  -5.311  -3.826 0.0000000000
95502  -27.023  -3.946  -4.578 0.0000000000
93689  -26.026  -5.585  -5.563 0.0000000000
94623  -24.966  -4.442  -7.237 0.0000000000
93708  -25.010  -6.144  -6.865 0.0000000000
88908  -24.669  -10.682  -7.814 0.0000000000
90968  -23.635  -8.831  -8.300 0.0000000000
87764  -23.697  -11.081  -9.405 0.0000000000
87793  -22.761  -10.832  -11.091 0.0000000000
86645  -24.106  -12.677  -10.110 0.0000000000
82554  -27.176  -16.476  -11.353 0.0000000000
84575  -26.493  -14.628  -11.127 0.0000000000
83581  -28.516  -15.589  -10.690 0.0000000000
84572  -29.153  -14.990  -9.302 0.0000000000
82550  -29.711  -16.392  -10.049 0.0000000000
79243  -28.333  -19.782  -4.953 0.0000000000
79275  -28.982  -19.314  -8.038 0.0000000000
78196  -29.933  -20.344  -7.969 0.0000000000
78191  -32.963  -20.777  -6.690 0.0000000000
78205  -32.811  -21.251  -8.622 0.0000000000
79271  -33.291  -19.691  -7.576 0.0000000000
81466  -32.221  -17.490  -7.225 0.0000000000
80358  -32.996  -18.760  -5.913 0.0000000000
67355  -24.121  -29.623  -0.308 0.0000000000
67396  -24.866  -29.925  -2.668 0.0000000000
68577  -25.188  -28.930  -1.818 0.0000000000
69750  -26.245  -28.111  -2.989 0.0000000000
85561  -25.378  -13.531  -7.620 0.0000000000
85581  -25.058  -13.900  -9.390 0.0000000000
84562  -25.891  -14.935  -8.848 0.0000000000
82549  -26.619  -16.693  -10.119 0.0000000000
80392  -27.451  -18.652  -10.709 0.0000000000
77150  -28.541  -22.009  -4.319 0.0000000000
78188  -30.974  -20.744  -6.831 0.0000000000
78172  -30.749  -21.514  -4.928 0.0000000000
77167  -31.885  -21.386  -5.347 0.0000000000
77169  -32.732  -21.626  -4.966 0.0000000000
67337  -23.691  -29.981  0.662 0.0000000000
76171  -26.794  -22.707  -3.052 0.0000000000
75149  -27.210  -23.634  -3.512 0.0000000000
74144  -27.389  -24.663  -3.869 0.0000000000
73108  -27.459  -25.343  -3.584 0.0000000000
102550  -24.892  4.381  -4.780 0.0000000000
99147  -24.198  0.353  -2.744 0.0000000000
100956  -26.181  2.451  -3.304 0.0000000000
100092  -28.358  1.757  -5.616 0.0000000000
99186  -27.986  0.717  -6.555 0.0000000000
98268  -27.210  -0.710  -6.989 0.0000000000
95495  -27.528  -3.242  -3.184 0.0000000000
96400  -26.801  -2.323  -6.091 0.0000000000
97295  -25.409  -1.870  -7.869 0.0000000000
96407  -24.594  -2.962  -7.912 0.0000000000
94638  -23.194  -4.653  -8.717 0.0000000000
93755  -21.862  -5.606  -9.422 0.0000000000
91897  -26.092  -7.536  -5.261 0.0000000000
91921  -24.533  -7.673  -7.286 0.0000000000
91933  -22.652  -7.548  -9.067 0.0000000000
90978  -20.888  -8.206  -10.737 0.0000000000
90027  -22.001  -9.477  -11.584 0.0000000000
87781  -25.745  -10.806  -10.297 0.0000000000
84578  -25.221  -13.689  -11.168 0.0000000000
86685  -26.124  -12.985  -11.173 0.0000000000
80371  -28.107  -18.429  -7.491 0.0000000000
78208  -28.762  -18.720  -8.584 0.0000000000
78221  -29.468  -18.805  -9.855 0.0000000000
77182  -30.725  -21.314  -8.848 0.0000000000
78217  -30.735  -20.285  -10.378 0.0000000000
80387  -30.769  -18.220  -10.451 0.0000000000
82548  -31.235  -17.084  -8.928 0.0000000000
82534  -31.021  -16.129  -7.147 0.0000000000
70877  -26.872  -27.578  -4.053 0.0000000000
70867  -26.559  -27.473  -3.332 0.0000000000
73072  -26.993  -25.703  -2.087 0.0000000000
75151  -29.440  -24.128  -3.974 0.0000000000
74128  -29.012  -24.159  -3.090 0.0000000000
75152  -30.063  -23.672  -3.370 0.0000000000
65086  -23.222  -32.248  3.511 0.0000000000
65085  -22.651  -32.496  3.081 0.0000000000
92783  -26.787  -6.465  -4.154 0.0000000000
93690  -26.604  -5.524  -4.786 0.0000000000
93709  -25.396  -5.588  -6.486 0.0000000000
92797  -25.768  -6.584  -5.810 0.0000000000
87749  -25.030  -12.085  -7.352 0.0000000000
88909  -25.056  -11.186  -7.278 0.0000000000
87748  -24.660  -11.660  -8.068 0.0000000000
88920  -24.142  -10.714  -8.542 0.0000000000
87765  -24.099  -11.764  -8.890 0.0000000000
87780  -23.799  -11.958  -9.712 0.0000000000
86626  -24.220  -12.579  -9.289 0.0000000000
82559  -27.720  -17.041  -11.918 0.0000000000
82555  -28.181  -16.383  -11.273 0.0000000000
83582  -29.117  -16.001  -10.415 0.0000000000
82561  -29.277  -17.131  -11.173 0.0000000000
78169  -28.077  -20.267  -4.515 0.0000000000
79250  -28.940  -19.794  -5.863 0.0000000000
79251  -29.438  -20.158  -5.968 0.0000000000
79262  -33.384  -20.218  -6.580 0.0000000000
79272  -33.275  -20.601  -7.481 0.0000000000
79261  -33.347  -19.392  -6.933 0.0000000000
80365  -33.103  -18.774  -6.755 0.0000000000
79252  -33.349  -19.471  -6.174 0.0000000000
79244  -33.292  -19.429  -5.275 0.0000000000
79245  -33.500  -20.107  -4.629 0.0000000000
68576  -24.685  -28.987  -1.020 0.0000000000
85562  -25.878  -13.840  -6.927 0.0000000000
84554  -25.652  -14.538  -8.499 0.0000000000
84555  -26.021  -15.029  -8.323 0.0000000000
81477  -26.537  -17.617  -9.916 0.0000000000
81480  -25.588  -18.124  -10.304 0.0000000000
81486  -26.275  -17.936  -11.569 0.0000000000
80391  -26.609  -18.401  -10.595 0.0000000000
77156  -29.480  -22.059  -4.542 0.0000000000
77157  -30.331  -22.130  -4.580 0.0000000000
76197  -30.973  -22.720  -4.493 0.0000000000
77159  -31.753  -22.079  -4.844 0.0000000000
77168  -32.381  -21.515  -5.208 0.0000000000
77160  -32.364  -22.199  -4.805 0.0000000000
77161  -33.092  -22.039  -4.522 0.0000000000
76199  -32.488  -22.949  -4.510 0.0000000000
62856  -22.149  -33.839  3.663 0.0000000000
67338  -24.127  -29.412  0.318 0.0000000000
76172  -27.444  -22.703  -3.551 0.0000000000
72006  -26.181  -25.807  -3.725 0.0000000000
73106  -26.286  -25.306  -3.667 0.0000000000
73107  -26.821  -25.241  -3.829 0.0000000000
72007  -26.692  -26.414  -3.647 0.0000000000
100954  -23.739  2.409  -4.055 0.0000000000
100962  -23.326  3.044  -4.713 0.0000000000
101718  -24.190  3.485  -4.415 0.0000000000
101712  -25.283  3.140  -3.716 0.0000000000
99149  -26.437  0.448  -2.532 0.0000000000
100061  -25.696  1.290  -2.693 0.0000000000
100957  -27.272  2.557  -3.783 0.0000000000
100963  -27.900  2.795  -4.684 0.0000000000
100083  -28.000  1.660  -4.185 0.0000000000
98259  -28.031  -0.376  -5.014 0.0000000000
99179  -28.217  0.759  -5.653 0.0000000000
98263  -27.753  -0.363  -6.225 0.0000000000
94568  -27.274  -4.162  -2.586 0.0000000000
95509  -26.173  -4.094  -5.699 0.0000000000
95510  -26.688  -3.529  -5.304 0.0000000000
95517  -26.380  -3.076  -5.983 0.0000000000
96399  -26.349  -2.473  -6.568 0.0000000000
96398  -25.736  -2.930  -6.905 0.0000000000
96408  -25.265  -2.598  -7.588 0.0000000000
95525  -24.796  -3.592  -7.585 0.0000000000
93726  -24.619  -5.565  -7.409 0.0000000000
94639  -23.915  -4.458  -8.288 0.0000000000
93742  -23.776  -5.543  -8.230 0.0000000000
93741  -22.812  -5.611  -8.888 0.0000000000
88888  -25.812  -10.200  -5.863 0.0000000000
89972  -25.707  -9.265  -5.857 0.0000000000
90952  -25.363  -8.498  -6.243 0.0000000000
91907  -25.026  -7.616  -6.646 0.0000000000
90951  -24.842  -8.541  -6.890 0.0000000000
89999  -23.127  -9.522  -9.175 0.0000000000
90967  -22.892  -8.501  -8.992 0.0000000000
91950  -21.808  -7.543  -9.647 0.0000000000
90979  -21.547  -8.617  -10.231 0.0000000000
90992  -21.075  -8.828  -10.905 0.0000000000
90018  -21.554  -9.504  -10.990 0.0000000000
87808  -23.318  -11.173  -11.411 0.0000000000
88956  -22.725  -10.354  -11.690 0.0000000000
87795  -24.465  -11.028  -11.410 0.0000000000
88946  -24.205  -10.232  -11.496 0.0000000000
87796  -25.313  -11.357  -10.997 0.0000000000
84568  -25.621  -14.568  -10.018 0.0000000000
85588  -24.973  -13.837  -10.233 0.0000000000
84574  -25.458  -14.156  -10.865 0.0000000000
84581  -26.944  -13.916  -11.181 0.0000000000
85599  -26.557  -13.569  -11.187 0.0000000000
85593  -26.783  -13.235  -10.845 0.0000000000
86646  -26.880  -12.026  -10.158 0.0000000000
86668  -27.161  -12.860  -10.341 0.0000000000
83572  -29.461  -15.230  -9.119 0.0000000000
84557  -30.157  -14.772  -7.289 0.0000000000
81447  -27.674  -17.673  -5.649 0.0000000000
78202  -29.313  -19.577  -8.301 0.0000000000
78201  -28.824  -19.028  -8.234 0.0000000000
78209  -29.220  -19.247  -8.544 0.0000000000
78220  -28.893  -18.478  -9.797 0.0000000000
78215  -29.625  -19.282  -9.482 0.0000000000
78197  -30.734  -20.827  -7.758 0.0000000000
78198  -31.594  -21.258  -7.658 0.0000000000
79281  -32.629  -20.328  -9.482 0.0000000000
78218  -31.573  -21.226  -10.261 0.0000000000
80389  -32.292  -19.621  -10.094 0.0000000000
80396  -30.795  -18.877  -10.100 0.0000000000
80388  -31.316  -18.706  -10.026 0.0000000000
81479  -31.158  -17.662  -9.578 0.0000000000
80383  -32.037  -18.489  -9.047 0.0000000000
82542  -31.639  -16.890  -7.936 0.0000000000
82535  -31.553  -16.635  -6.791 0.0000000000
71996  -26.102  -27.151  -2.180 0.0000000000
71997  -26.470  -26.736  -2.658 0.0000000000
73094  -27.101  -25.830  -2.741 0.0000000000
71974  -26.653  -26.096  -1.761 0.0000000000
83564  -26.631  -15.799  -8.197 0.0000000000
82539  -27.252  -16.816  -7.982 0.0000000000
81472  -27.330  -17.619  -8.792 0.0000000000
75171  -29.246  -24.041  -4.595 0.0000000000
75187  -29.887  -23.599  -4.839 0.0000000000
75189  -30.885  -23.167  -4.280 0.0000000000
75190  -31.805  -23.369  -4.257 0.0000000000
75173  -30.992  -23.479  -3.841 0.0000000000
75132  -30.426  -23.686  -2.537 0.0000000000
64020  -22.785  -33.473  4.047 0.0000000000
66156  -22.775  -31.437  1.767 0.0000000000
66157  -23.370  -30.912  2.207 0.0000000000
74124  -25.895  -24.469  -3.066 0.0000000000
128290  -24.962  -26.079  -3.420 0.0000000000
70886  -25.173  -26.990  -4.241 0.0000000000
70887  -26.232  -27.570  -4.539 0.0000000000
100074  -23.104  1.436  -3.767 0.0000000000
99150  -27.271  0.523  -2.906 0.0000000000
99163  -27.898  0.603  -3.600 0.0000000000
98248  -27.718  -0.354  -3.126 0.0000000000
97276  -27.749  -1.308  -3.422 0.0000000000
97282  -27.796  -1.349  -4.358 0.0000000000
93675  -27.270  -4.653  -3.629 0.0000000000
94593  -26.339  -4.652  -5.324 0.0000000000
94592  -25.827  -4.649  -5.964 0.0000000000
93727  -25.118  -5.015  -6.964 0.0000000000
89990  -24.949  -10.176  -7.236 0.0000000000
89981  -24.721  -9.321  -7.200 0.0000000000
89989  -24.293  -9.744  -7.854 0.0000000000
90000  -23.713  -9.836  -8.543 0.0000000000
88932  -23.024  -10.403  -9.895 0.0000000000
88944  -22.421  -10.237  -10.665 0.0000000000
88945  -22.951  -10.874  -10.577 0.0000000000
87794  -23.270  -11.419  -10.864 0.0000000000
86664  -23.741  -11.985  -11.143 0.0000000000
83579  -26.695  -15.662  -10.893 0.0000000000
83580  -27.427  -15.505  -11.149 0.0000000000
84577  -28.337  -14.890  -10.503 0.0000000000
84571  -28.486  -14.470  -9.779 0.0000000000
83576  -28.649  -15.180  -10.209 0.0000000000
83577  -29.348  -15.726  -9.840 0.0000000000
83578  -29.942  -16.011  -9.489 0.0000000000
80364  -28.494  -19.011  -6.769 0.0000000000
79259  -29.023  -19.459  -6.906 0.0000000000
79270  -29.367  -19.750  -7.554 0.0000000000
78203  -29.768  -20.194  -8.429 0.0000000000
78190  -32.489  -20.983  -6.833 0.0000000000
77180  -32.553  -21.843  -8.426 0.0000000000
79278  -33.236  -21.069  -8.017 0.0000000000
79277  -33.034  -20.193  -8.436 0.0000000000
80380  -32.765  -18.871  -8.392 0.0000000000
80379  -32.357  -18.407  -8.609 0.0000000000
81475  -32.784  -18.411  -7.945 0.0000000000
81458  -32.633  -18.136  -6.539 0.0000000000
81449  -32.541  -18.111  -5.672 0.0000000000
81448  -32.166  -17.576  -5.432 0.0000000000
80350  -32.835  -18.710  -5.026 0.0000000000
67378  -24.203  -29.757  -1.310 0.0000000000
68590  -24.878  -29.439  -1.888 0.0000000000
68591  -25.554  -29.284  -2.592 0.0000000000
69760  -26.105  -28.723  -2.991 0.0000000000
69749  -25.689  -28.359  -2.286 0.0000000000
70850  -25.683  -27.493  -1.585 0.0000000000
86597  -25.330  -12.854  -7.061 0.0000000000
86611  -24.840  -12.834  -7.923 0.0000000000
86627  -24.669  -13.170  -8.862 0.0000000000
85571  -25.223  -13.849  -8.439 0.0000000000
84561  -25.559  -14.581  -9.117 0.0000000000
83574  -25.970  -15.039  -9.543 0.0000000000
83571  -26.330  -15.572  -9.195 0.0000000000
83575  -26.266  -15.611  -10.233 0.0000000000
82553  -26.442  -16.811  -11.016 0.0000000000
81487  -27.175  -17.820  -12.381 0.0000000000
80399  -28.352  -18.823  -11.601 0.0000000000
78163  -28.172  -21.356  -4.228 0.0000000000
78178  -30.004  -20.498  -5.890 0.0000000000
78171  -30.164  -21.282  -4.987 0.0000000000
78179  -31.107  -21.002  -5.662 0.0000000000
76196  -30.370  -22.951  -4.579 0.0000000000
77166  -31.547  -21.199  -5.411 0.0000000000
78180  -31.922  -20.972  -5.991 0.0000000000
78181  -32.466  -21.028  -5.931 0.0000000000
78182  -33.063  -21.037  -5.537 0.0000000000
78173  -33.457  -20.928  -4.688 0.0000000000
75191  -32.630  -23.661  -4.236 0.0000000000
62843  -22.335  -34.353  4.596 0.0000000000
66184  -23.156  -30.868  0.308 0.0000000000
77149  -27.766  -21.924  -3.927 0.0000000000
76186  -28.043  -22.833  -3.995 0.0000000000
75150  -27.673  -23.272  -3.745 0.0000000000
74126  -27.192  -24.234  -3.716 0.0000000000
75170  -28.020  -23.864  -4.011 0.0000000000
74145  -28.210  -24.762  -4.026 0.0000000000
73109  -28.006  -25.181  -3.609 0.0000000000
100961  -22.674  2.900  -4.835 0.0000000000
99162  -23.362  0.721  -3.329 0.0000000000
100947  -24.038  1.537  -3.499 0.0000000000
100060  -24.643  1.119  -2.882 0.0000000000
100955  -24.991  2.501  -3.442 0.0000000000
101713  -26.392  3.241  -3.814 0.0000000000
101720  -26.606  3.773  -4.388 0.0000000000
100091  -28.338  1.356  -4.957 0.0000000000
99180  -28.288  1.352  -6.003 0.0000000000
100098  -28.164  1.206  -6.616 0.0000000000
99194  -27.470  0.342  -7.414 0.0000000000
98267  -26.720  -0.537  -7.706 0.0000000000
96382  -27.650  -2.307  -3.767 0.0000000000
96389  -27.506  -2.309  -4.714 0.0000000000
95503  -27.333  -3.352  -4.264 0.0000000000
95511  -27.214  -2.921  -4.969 0.0000000000
97291  -27.095  -1.631  -6.385 0.0000000000
97296  -26.063  -1.683  -7.508 0.0000000000
97306  -25.505  -1.410  -8.144 0.0000000000
97305  -24.824  -1.825  -8.298 0.0000000000
95538  -23.336  -3.558  -8.757 0.0000000000
95539  -24.237  -3.598  -8.145 0.0000000000
90933  -26.744  -8.450  -3.753 0.0000000000
91908  -25.556  -7.571  -6.003 0.0000000000
92812  -24.757  -6.734  -7.042 0.0000000000
92828  -24.272  -6.746  -7.697 0.0000000000
90959  -24.329  -8.648  -7.557 0.0000000000
91935  -24.082  -7.779  -7.985 0.0000000000
92844  -23.246  -6.634  -8.597 0.0000000000
92843  -22.311  -6.587  -9.257 0.0000000000
92860  -21.337  -6.579  -9.745 0.0000000000
88955  -22.336  -10.204  -11.297 0.0000000000
90028  -22.801  -9.665  -11.917 0.0000000000
90019  -24.392  -9.498  -11.185 0.0000000000
90020  -25.058  -9.356  -10.513 0.0000000000
85580  -24.515  -13.292  -9.722 0.0000000000
85587  -24.522  -13.280  -10.495 0.0000000000
86683  -24.474  -12.441  -11.310 0.0000000000
84579  -25.786  -13.884  -11.310 0.0000000000
85597  -25.234  -13.290  -11.337 0.0000000000
87810  -24.845  -11.941  -11.328 0.0000000000
87797  -26.111  -11.703  -10.529 0.0000000000
85590  -28.328  -13.578  -9.232 0.0000000000
80378  -27.663  -18.151  -8.213 0.0000000000
79279  -27.602  -18.187  -8.562 0.0000000000
79268  -28.343  -18.827  -7.733 0.0000000000
79280  -28.350  -18.557  -8.285 0.0000000000
78212  -28.089  -17.995  -8.989 0.0000000000
78219  -28.497  -18.189  -9.765 0.0000000000
79289  -29.005  -18.741  -10.649 0.0000000000
80394  -29.334  -18.211  -10.594 0.0000000000
78187  -30.161  -20.243  -7.115 0.0000000000
78204  -30.396  -20.812  -8.402 0.0000000000
77181  -30.092  -20.588  -8.815 0.0000000000
77189  -31.820  -21.891  -9.638 0.0000000000
77193  -30.689  -21.392  -10.160 0.0000000000
77192  -30.000  -20.617  -9.857 0.0000000000
78223  -30.251  -19.668  -10.133 0.0000000000
79290  -29.736  -18.904  -10.500 0.0000000000
81490  -30.206  -17.894  -10.924 0.0000000000
81483  -30.420  -17.644  -10.413 0.0000000000
82551  -30.335  -16.729  -9.672 0.0000000000
82547  -30.865  -16.385  -8.474 0.0000000000
81474  -32.183  -17.895  -8.371 0.0000000000
83565  -30.605  -15.729  -7.721 0.0000000000
69771  -26.361  -28.061  -4.760 0.0000000000
70888  -26.751  -27.691  -4.343 0.0000000000
69761  -26.667  -28.421  -3.658 0.0000000000
73095  -27.790  -25.274  -2.989 0.0000000000
65068  -23.624  -32.504  4.047 0.0000000000
70866  -26.128  -27.559  -2.535 0.0000000000
72017  -26.109  -26.618  -4.132 0.0000000000
73093  -26.292  -24.935  -3.555 0.0000000000
74125  -26.763  -24.458  -3.576 0.0000000000
74143  -26.991  -24.803  -3.875 0.0000000000
75153  -31.100  -23.623  -3.047 0.0000000000
75169  -27.447  -24.123  -3.785 0.0000000000
76195  -29.704  -23.130  -4.715 0.0000000000
77158  -31.143  -21.829  -4.840 0.0000000000
77178  -31.187  -21.372  -8.320 0.0000000000
77179  -31.991  -21.791  -8.322 0.0000000000
77183  -31.528  -21.870  -8.901 0.0000000000
77184  -32.344  -21.975  -8.995 0.0000000000
77186  -29.891  -20.180  -9.080 0.0000000000
77187  -30.215  -21.193  -9.433 0.0000000000
77188  -31.011  -21.747  -9.454 0.0000000000
77190  -29.488  -19.313  -9.111 0.0000000000
77191  -29.742  -19.725  -9.282 0.0000000000
77194  -31.298  -21.833  -10.030 0.0000000000
78177  -29.339  -20.298  -5.591 0.0000000000
78199  -32.510  -21.456  -7.784 0.0000000000
78200  -33.015  -21.133  -7.514 0.0000000000
78206  -33.065  -21.447  -7.988 0.0000000000
78207  -28.207  -18.241  -8.613 0.0000000000
78210  -29.636  -19.855  -8.643 0.0000000000
78211  -32.350  -21.218  -9.684 0.0000000000
78213  -28.466  -18.270  -9.194 0.0000000000
78214  -29.174  -18.954  -9.132 0.0000000000
78216  -29.964  -19.887  -9.898 0.0000000000
78222  -29.964  -19.240  -10.084 0.0000000000
79260  -29.505  -19.954  -6.548 0.0000000000
79269  -28.663  -19.100  -7.592 0.0000000000
79273  -27.687  -18.345  -8.394 0.0000000000
79274  -28.315  -18.744  -8.014 0.0000000000
79276  -29.333  -20.124  -7.956 0.0000000000
79282  -27.386  -17.796  -9.038 0.0000000000
79283  -27.822  -17.804  -9.268 0.0000000000
79284  -31.066  -19.415  -10.218 0.0000000000
79285  -31.878  -20.149  -10.329 0.0000000000
79286  -27.234  -17.804  -9.683 0.0000000000
79287  -27.852  -18.009  -9.894 0.0000000000
79288  -28.352  -18.452  -10.305 0.0000000000
79291  -30.432  -19.190  -10.052 0.0000000000
79292  -28.389  -18.939  -10.881 0.0000000000
79293  -28.749  -18.888  -11.208 0.0000000000
80373  -33.113  -18.849  -7.522 0.0000000000
80377  -27.352  -18.130  -8.870 0.0000000000
80381  -26.092  -18.197  -9.852 0.0000000000
80385  -25.966  -18.305  -10.032 0.0000000000
80386  -26.550  -18.131  -9.899 0.0000000000
80390  -25.909  -18.412  -10.363 0.0000000000
80393  -27.870  -18.967  -10.925 0.0000000000
80395  -30.331  -18.379  -10.583 0.0000000000
80397  -26.857  -18.502  -11.382 0.0000000000
80398  -27.513  -18.727  -11.571 0.0000000000
80400  -29.057  -18.453  -11.389 0.0000000000
81436  -31.920  -17.437  -4.762 0.0000000000
81437  -32.364  -18.054  -4.866 0.0000000000
81457  -32.189  -17.442  -6.217 0.0000000000
81464  -27.450  -17.346  -8.286 0.0000000000
81467  -32.718  -18.233  -7.402 0.0000000000
81473  -27.611  -17.903  -8.396 0.0000000000
81476  -25.915  -18.072  -9.923 0.0000000000
81478  -30.605  -17.390  -9.876 0.0000000000
81481  -25.738  -17.569  -10.759 0.0000000000
81482  -29.834  -17.321  -10.841 0.0000000000
81484  -31.068  -17.969  -10.132 0.0000000000
81485  -25.679  -18.220  -10.872 0.0000000000
81488  -28.354  -17.696  -12.183 0.0000000000
81489  -29.456  -17.720  -11.253 0.0000000000
81491  -27.002  -18.372  -12.033 0.0000000000
81492  -27.855  -18.342  -12.198 0.0000000000
81493  -28.825  -18.239  -11.961 0.0000000000
82540  -27.483  -17.094  -7.721 0.0000000000
82541  -31.145  -16.352  -7.620 0.0000000000
82552  -30.917  -17.160  -9.396 0.0000000000
82556  -29.452  -16.707  -10.646 0.0000000000
82557  -30.087  -17.030  -10.271 0.0000000000
82558  -26.757  -17.188  -11.877 0.0000000000
82560  -28.749  -17.100  -11.435 0.0000000000
83570  -25.941  -15.013  -9.164 0.0000000000
83573  -30.028  -15.661  -8.883 0.0000000000
84547  -26.204  -14.949  -7.447 0.0000000000
84563  -28.699  -13.955  -8.974 0.0000000000
84573  -24.996  -13.744  -11.011 0.0000000000
84576  -27.572  -14.386  -10.979 0.0000000000
84580  -26.546  -13.965  -11.271 0.0000000000
85572  -25.687  -14.298  -7.853 0.0000000000
85591  -24.743  -13.304  -11.078 0.0000000000
85592  -24.918  -13.681  -10.782 0.0000000000
85594  -27.390  -13.594  -10.624 0.0000000000
85598  -25.998  -13.418  -11.324 0.0000000000
85600  -27.065  -13.742  -11.034 0.0000000000
86644  -23.715  -12.042  -10.512 0.0000000000
86647  -27.480  -12.431  -9.696 0.0000000000
86665  -24.172  -12.665  -10.833 0.0000000000
86666  -25.683  -12.247  -11.044 0.0000000000
86667  -26.462  -12.523  -10.696 0.0000000000
86682  -23.861  -11.824  -11.443 0.0000000000
86684  -25.358  -12.769  -11.344 0.0000000000
87779  -23.369  -11.336  -10.172 0.0000000000
87807  -22.762  -10.659  -11.421 0.0000000000
88919  -23.546  -10.314  -9.102 0.0000000000
88931  -22.530  -10.000  -10.173 0.0000000000
88947  -24.935  -10.341  -10.878 0.0000000000
88957  -23.556  -10.560  -11.705 0.0000000000
89973  -26.261  -9.628  -5.098 0.0000000000
89998  -22.380  -9.062  -9.620 0.0000000000
90009  -22.624  -9.723  -9.818 0.0000000000
90017  -21.156  -8.977  -11.128 0.0000000000
90026  -21.337  -9.015  -11.313 0.0000000000
90941  -25.856  -8.503  -5.510 0.0000000000
90966  -22.241  -8.269  -9.496 0.0000000000
90991  -20.948  -8.393  -11.169 0.0000000000
91934  -23.412  -7.725  -8.522 0.0000000000
91949  -20.993  -7.515  -10.264 0.0000000000
92813  -25.265  -6.704  -6.496 0.0000000000
92827  -23.859  -6.399  -8.101 0.0000000000
92845  -23.821  -7.053  -8.204 0.0000000000
93669  -27.156  -4.945  -2.561 0.0000000000
93672  -27.319  -4.816  -3.137 0.0000000000
93743  -24.242  -4.998  -7.961 0.0000000000
94576  -27.375  -4.107  -3.475 0.0000000000
94583  -26.823  -4.551  -4.651 0.0000000000
94584  -27.202  -4.334  -4.084 0.0000000000
94606  -25.409  -4.471  -6.645 0.0000000000
94622  -24.468  -4.434  -7.767 0.0000000000
95526  -25.364  -3.603  -7.045 0.0000000000
96393  -26.643  -2.755  -5.882 0.0000000000
96394  -27.110  -2.423  -5.537 0.0000000000
96409  -25.881  -2.444  -7.172 0.0000000000
96419  -24.694  -2.496  -8.040 0.0000000000
97290  -26.604  -1.789  -6.922 0.0000000000
97297  -26.764  -1.280  -7.117 0.0000000000
99172  -28.225  0.598  -4.531 0.0000000000
99187  -28.205  1.152  -6.263 0.0000000000
100059  -23.905  0.992  -3.340 0.0000000000
100062  -26.630  1.118  -2.814 0.0000000000
100075  -26.298  1.708  -2.951 0.0000000000
100084  -28.284  2.013  -4.920 0.0000000000
100104  -28.040  1.244  -7.135 0.0000000000
100948  -24.757  1.853  -3.174 0.0000000000
100949  -25.593  2.004  -3.019 0.0000000000
100964  -28.308  2.443  -5.312 0.0000000000
100967  -28.234  2.987  -5.402 0.0000000000
101714  -27.173  3.242  -4.217 0.0000000000
