#!ascii label  , from subject 3624 vox2ras=TkReg
372
104484  31.784  -8.873  -10.543 0.0000000000
95842  25.790  -16.647  -8.322 0.0000000000
108484  32.380  -4.228  -6.522 0.0000000000
118706  28.896  5.149  -9.625 0.0000000000
94658  24.150  -17.650  -6.922 0.0000000000
110464  35.025  -2.128  -9.593 0.0000000000
113719  32.312  0.225  -10.295 0.0000000000
103346  27.308  -9.482  -7.525 0.0000000000
100051  27.807  -12.812  -8.399 0.0000000000
102314  30.088  -10.615  -11.076 0.0000000000
106636  32.400  -6.968  -14.559 0.0000000000
103455  33.627  -9.463  -15.289 0.0000000000
105488  32.296  -7.244  -7.936 0.0000000000
147650  34.328  -5.011  -11.626 0.0000000000
115792  29.949  2.891  -8.585 0.0000000000
113731  30.190  0.650  -11.361 0.0000000000
96997  27.402  -15.367  -9.516 0.0000000000
112655  32.540  -0.389  -8.308 0.0000000000
112666  31.824  -0.095  -8.969 0.0000000000
102273  30.459  -10.139  -8.183 0.0000000000
101167  30.187  -11.169  -9.227 0.0000000000
103401  31.142  -9.734  -10.792 0.0000000000
94679  24.909  -17.037  -8.187 0.0000000000
107555  32.417  -6.104  -7.164 0.0000000000
107567  33.953  -5.820  -9.934 0.0000000000
108498  33.810  -4.617  -8.352 0.0000000000
112681  35.193  -0.614  -11.498 0.0000000000
111579  35.407  -1.719  -11.831 0.0000000000
119621  29.221  5.821  -7.473 0.0000000000
117690  30.317  3.714  -6.857 0.0000000000
116767  29.174  3.355  -9.468 0.0000000000
116810  28.557  3.594  -13.850 0.0000000000
114782  28.522  1.497  -13.700 0.0000000000
113745  28.447  0.903  -12.016 0.0000000000
113753  28.859  0.295  -13.417 0.0000000000
113752  30.344  -0.191  -13.518 0.0000000000
100085  27.913  -12.761  -10.314 0.0000000000
99060  27.543  -13.534  -9.089 0.0000000000
93584  22.668  -17.623  -6.257 0.0000000000
147660  34.068  -3.559  -8.127 0.0000000000
110455  33.443  -1.498  -8.209 0.0000000000
112663  34.035  -0.356  -9.670 0.0000000000
113728  33.710  0.776  -11.372 0.0000000000
101155  26.034  -11.462  -7.694 0.0000000000
101153  28.174  -11.826  -7.844 0.0000000000
100069  29.107  -12.232  -9.347 0.0000000000
100124  29.709  -12.168  -10.790 0.0000000000
105569  32.144  -7.616  -12.452 0.0000000000
104512  31.900  -8.672  -12.670 0.0000000000
105602  32.814  -8.177  -15.525 0.0000000000
104439  30.705  -8.899  -7.749 0.0000000000
105478  30.202  -7.404  -6.673 0.0000000000
105521  32.110  -8.099  -8.973 0.0000000000
106590  32.824  -6.953  -10.912 0.0000000000
106611  32.944  -6.049  -12.747 0.0000000000
147644  33.260  -5.236  -14.107 0.0000000000
147653  35.085  -3.296  -10.213 0.0000000000
109541  34.665  -3.953  -12.588 0.0000000000
114727  30.813  1.302  -7.746 0.0000000000
116779  28.041  3.740  -11.019 0.0000000000
115820  28.833  2.225  -11.152 0.0000000000
114746  30.152  1.418  -10.684 0.0000000000
113721  30.730  0.758  -10.196 0.0000000000
113730  31.276  0.517  -11.520 0.0000000000
113741  32.160  1.101  -12.589 0.0000000000
96969  25.180  -15.202  -7.721 0.0000000000
100053  26.416  -12.559  -7.366 0.0000000000
102348  31.739  -10.024  -12.460 0.0000000000
102332  31.981  -11.122  -12.204 0.0000000000
112656  31.690  -0.108  -8.017 0.0000000000
113703  30.918  0.413  -8.218 0.0000000000
103365  31.267  -9.616  -9.031 0.0000000000
102292  31.143  -10.106  -9.479 0.0000000000
103388  31.397  -9.611  -9.885 0.0000000000
92508  22.351  -19.173  -5.410 0.0000000000
93571  22.375  -18.362  -5.903 0.0000000000
107539  33.075  -4.793  -6.836 0.0000000000
107554  33.036  -5.670  -7.484 0.0000000000
113740  34.803  0.420  -11.907 0.0000000000
112688  35.426  -0.772  -12.542 0.0000000000
118689  28.870  5.624  -8.992 0.0000000000
118673  29.498  5.142  -7.721 0.0000000000
117706  29.782  4.486  -8.114 0.0000000000
117734  28.780  4.200  -9.391 0.0000000000
114781  28.988  0.807  -14.012 0.0000000000
112705  29.558  -0.220  -14.105 0.0000000000
100125  28.508  -12.824  -11.379 0.0000000000
100127  27.052  -12.938  -12.054 0.0000000000
95831  23.962  -16.048  -7.600 0.0000000000
109486  32.520  -2.220  -7.011 0.0000000000
111546  32.831  -1.340  -7.688 0.0000000000
112665  32.492  -0.073  -9.346 0.0000000000
112654  33.092  -0.404  -8.766 0.0000000000
113708  33.116  0.185  -9.926 0.0000000000
113717  34.049  0.514  -10.840 0.0000000000
113718  33.409  0.483  -10.553 0.0000000000
119638  28.208  6.773  -8.674 0.0000000000
102277  26.690  -10.481  -7.660 0.0000000000
102276  27.744  -10.595  -7.365 0.0000000000
102306  30.268  -10.774  -10.215 0.0000000000
100068  29.431  -11.993  -9.400 0.0000000000
101182  29.773  -11.400  -10.110 0.0000000000
100099  29.442  -12.109  -10.359 0.0000000000
101219  30.366  -11.233  -11.226 0.0000000000
94659  23.321  -17.123  -6.700 0.0000000000
93583  23.334  -17.990  -6.329 0.0000000000
105577  32.254  -7.711  -13.836 0.0000000000
106649  32.503  -7.478  -14.918 0.0000000000
104423  27.829  -8.407  -7.410 0.0000000000
106527  31.208  -6.668  -6.602 0.0000000000
105490  31.034  -7.706  -6.823 0.0000000000
105505  31.985  -7.799  -8.250 0.0000000000
105504  32.406  -7.349  -8.681 0.0000000000
105520  32.499  -7.528  -9.485 0.0000000000
106559  32.689  -6.903  -9.164 0.0000000000
107582  33.932  -5.852  -11.006 0.0000000000
107596  33.657  -5.730  -12.002 0.0000000000
107610  33.621  -5.230  -13.146 0.0000000000
147646  34.258  -4.723  -12.490 0.0000000000
147659  34.703  -2.892  -8.976 0.0000000000
147654  34.820  -3.420  -9.563 0.0000000000
109507  35.117  -2.838  -9.825 0.0000000000
110483  34.964  -3.253  -12.200 0.0000000000
108572  34.237  -4.135  -13.626 0.0000000000
116750  30.228  3.002  -7.448 0.0000000000
116737  30.239  2.827  -6.455 0.0000000000
115785  30.467  2.079  -7.163 0.0000000000
115791  30.392  2.354  -8.341 0.0000000000
115840  27.977  2.687  -13.342 0.0000000000
117774  28.077  4.309  -13.086 0.0000000000
115831  27.544  2.926  -12.153 0.0000000000
115821  27.997  2.784  -11.326 0.0000000000
113732  29.097  0.746  -11.530 0.0000000000
114757  29.033  1.469  -11.300 0.0000000000
114756  29.619  1.164  -11.246 0.0000000000
114739  30.456  1.270  -9.763 0.0000000000
113720  31.284  0.425  -10.444 0.0000000000
113751  30.922  0.289  -14.151 0.0000000000
113742  31.372  0.541  -12.882 0.0000000000
114780  31.725  0.858  -13.978 0.0000000000
114769  32.076  1.196  -13.204 0.0000000000
97980  24.758  -14.406  -7.377 0.0000000000
100052  27.177  -12.664  -7.817 0.0000000000
98013  27.397  -14.391  -9.644 0.0000000000
98000  27.147  -14.341  -8.842 0.0000000000
98014  26.967  -14.947  -9.267 0.0000000000
98001  26.669  -14.945  -8.629 0.0000000000
103447  32.854  -9.284  -14.537 0.0000000000
103435  31.705  -9.458  -12.439 0.0000000000
103446  33.282  -9.774  -14.181 0.0000000000
111547  32.179  -1.319  -6.984 0.0000000000
112647  32.257  -0.663  -7.526 0.0000000000
112676  31.855  -0.009  -9.757 0.0000000000
102274  29.985  -10.639  -7.916 0.0000000000
102275  28.831  -10.564  -7.681 0.0000000000
102293  30.609  -10.679  -9.012 0.0000000000
103402  30.669  -10.123  -11.130 0.0000000000
94671  24.250  -16.876  -7.411 0.0000000000
94670  24.916  -17.327  -7.474 0.0000000000
94669  25.561  -17.344  -7.344 0.0000000000
147637  32.660  -7.096  -16.909 0.0000000000
106635  32.552  -7.161  -15.973 0.0000000000
106526  31.836  -6.439  -6.833 0.0000000000
106540  32.179  -6.642  -7.194 0.0000000000
106558  33.220  -6.387  -9.338 0.0000000000
107553  33.443  -5.670  -8.869 0.0000000000
108511  34.387  -4.658  -9.775 0.0000000000
111570  35.223  -1.345  -10.576 0.0000000000
110473  35.424  -2.338  -10.940 0.0000000000
111588  35.380  -1.669  -13.104 0.0000000000
117705  30.219  3.842  -7.734 0.0000000000
116760  29.657  3.347  -8.729 0.0000000000
115850  28.482  2.571  -14.157 0.0000000000
114770  27.867  1.717  -12.578 0.0000000000
113754  28.433  0.792  -12.817 0.0000000000
112689  29.530  -0.262  -12.721 0.0000000000
113743  30.208  -0.033  -12.459 0.0000000000
112696  29.714  -0.332  -13.192 0.0000000000
113762  30.007  -0.258  -14.613 0.0000000000
100070  28.215  -12.699  -9.289 0.0000000000
99075  27.754  -13.523  -10.003 0.0000000000
98026  27.344  -14.167  -10.543 0.0000000000
94660  22.282  -16.898  -6.263 0.0000000000
94672  23.547  -16.442  -7.089 0.0000000000
94680  24.540  -16.511  -7.985 0.0000000000
95843  24.977  -16.362  -8.370 0.0000000000
109470  32.757  -3.198  -6.906 0.0000000000
108499  33.322  -4.123  -7.282 0.0000000000
147662  33.475  -2.539  -7.699 0.0000000000
111552  34.128  -1.781  -8.502 0.0000000000
111554  33.119  -0.908  -8.350 0.0000000000
111553  33.745  -0.856  -8.764 0.0000000000
111561  34.570  -1.149  -9.550 0.0000000000
112673  34.370  -0.105  -10.389 0.0000000000
113727  34.456  0.414  -11.360 0.0000000000
114754  34.203  0.877  -11.952 0.0000000000
119637  28.762  6.252  -8.416 0.0000000000
118707  28.487  5.795  -9.737 0.0000000000
101154  27.043  -11.600  -7.538 0.0000000000
101170  28.330  -12.466  -8.436 0.0000000000
101152  29.319  -11.436  -8.091 0.0000000000
101169  28.914  -12.185  -8.574 0.0000000000
100084  28.811  -12.531  -9.995 0.0000000000
100100  28.598  -12.545  -10.681 0.0000000000
99109  30.425  -12.552  -10.836 0.0000000000
104496  32.085  -8.367  -11.544 0.0000000000
104526  32.457  -8.637  -14.035 0.0000000000
104539  33.233  -9.080  -15.458 0.0000000000
105612  33.285  -8.162  -16.624 0.0000000000
104548  33.586  -8.781  -16.078 0.0000000000
104547  34.211  -9.111  -16.326 0.0000000000
103344  29.451  -9.522  -7.422 0.0000000000
103343  30.289  -9.571  -7.696 0.0000000000
104421  30.189  -8.513  -7.058 0.0000000000
104438  31.391  -8.593  -8.318 0.0000000000
104463  31.734  -8.856  -9.425 0.0000000000
104462  32.311  -8.268  -9.892 0.0000000000
105559  32.451  -7.604  -11.336 0.0000000000
106612  32.518  -6.811  -12.018 0.0000000000
106575  33.468  -6.511  -10.417 0.0000000000
106589  33.251  -6.345  -11.510 0.0000000000
106627  32.963  -5.970  -14.598 0.0000000000
147642  33.040  -5.782  -15.068 0.0000000000
147657  34.394  -3.946  -8.852 0.0000000000
147652  34.615  -4.388  -10.484 0.0000000000
109527  35.310  -3.010  -11.021 0.0000000000
109528  34.850  -3.844  -11.074 0.0000000000
147648  34.574  -4.341  -12.022 0.0000000000
147645  34.137  -4.535  -13.140 0.0000000000
118720  28.269  5.501  -10.449 0.0000000000
117746  27.978  4.647  -11.242 0.0000000000
117745  28.344  4.445  -10.618 0.0000000000
116778  28.395  3.630  -10.437 0.0000000000
116777  28.864  3.191  -10.176 0.0000000000
115808  29.585  2.407  -10.408 0.0000000000
114758  28.301  1.718  -11.660 0.0000000000
115819  29.352  2.019  -11.161 0.0000000000
115799  30.271  2.001  -9.472 0.0000000000
114733  30.691  1.327  -8.813 0.0000000000
113710  31.273  0.245  -9.574 0.0000000000
113729  32.548  0.860  -11.701 0.0000000000
114768  32.965  1.254  -12.801 0.0000000000
96970  24.402  -15.309  -7.663 0.0000000000
96987  25.485  -15.854  -8.238 0.0000000000
99039  25.995  -13.480  -6.919 0.0000000000
99037  27.289  -13.603  -8.212 0.0000000000
99038  26.636  -13.690  -7.478 0.0000000000
97962  26.069  -14.065  -6.912 0.0000000000
96968  25.831  -15.250  -7.791 0.0000000000
96986  26.308  -15.710  -8.354 0.0000000000
104513  31.546  -9.264  -12.070 0.0000000000
103416  31.225  -9.907  -11.662 0.0000000000
103417  30.641  -10.282  -11.329 0.0000000000
103433  33.051  -10.186  -13.437 0.0000000000
102347  32.384  -10.484  -12.669 0.0000000000
102333  31.339  -10.687  -11.959 0.0000000000
101218  31.346  -11.482  -11.671 0.0000000000
95844  24.517  -16.025  -8.056 0.0000000000
96988  24.897  -15.769  -8.104 0.0000000000
97961  26.210  -14.306  -7.105 0.0000000000
97977  26.975  -14.362  -8.071 0.0000000000
98027  26.799  -13.640  -10.755 0.0000000000
98045  26.684  -13.954  -11.120 0.0000000000
99026  26.412  -14.169  -7.259 0.0000000000
99027  26.301  -13.943  -7.045 0.0000000000
99089  27.266  -13.288  -10.657 0.0000000000
99090  26.651  -13.163  -11.073 0.0000000000
99112  27.646  -14.061  -12.023 0.0000000000
99113  26.779  -13.591  -11.753 0.0000000000
99128  28.462  -13.245  -12.086 0.0000000000
99129  28.034  -13.399  -12.174 0.0000000000
99130  27.356  -13.403  -12.153 0.0000000000
100083  29.404  -12.028  -9.740 0.0000000000
100101  27.533  -12.710  -11.083 0.0000000000
100102  26.926  -12.830  -11.554 0.0000000000
100126  27.579  -12.670  -11.783 0.0000000000
100139  28.667  -13.008  -11.891 0.0000000000
100140  28.192  -12.836  -12.094 0.0000000000
100141  27.610  -12.970  -12.207 0.0000000000
101151  29.822  -11.237  -8.367 0.0000000000
101168  29.749  -11.570  -9.081 0.0000000000
101181  30.132  -11.148  -9.555 0.0000000000
101194  29.956  -11.012  -11.163 0.0000000000
101195  29.805  -11.288  -10.852 0.0000000000
101220  29.929  -11.534  -10.902 0.0000000000
101232  32.642  -11.072  -12.447 0.0000000000
102294  30.097  -11.089  -8.552 0.0000000000
102305  30.968  -10.310  -10.055 0.0000000000
102307  29.856  -10.941  -10.686 0.0000000000
102313  30.580  -10.288  -10.688 0.0000000000
102315  29.801  -10.887  -10.938 0.0000000000
102334  30.687  -10.521  -11.475 0.0000000000
103345  28.367  -9.486  -7.335 0.0000000000
103366  30.779  -9.575  -8.321 0.0000000000
103434  32.401  -9.549  -13.302 0.0000000000
103456  33.034  -9.228  -15.165 0.0000000000
103464  33.975  -9.281  -15.995 0.0000000000
104410  29.579  -7.835  -6.903 0.0000000000
104420  31.041  -8.337  -7.391 0.0000000000
104483  32.348  -8.197  -10.733 0.0000000000
104497  31.526  -9.089  -11.548 0.0000000000
104540  32.860  -8.738  -15.183 0.0000000000
104549  33.043  -8.512  -15.704 0.0000000000
105489  31.697  -7.692  -7.461 0.0000000000
105541  32.572  -7.591  -10.368 0.0000000000
105589  32.559  -8.045  -14.816 0.0000000000
105601  33.075  -8.306  -15.999 0.0000000000
105613  32.791  -7.878  -16.079 0.0000000000
105626  32.929  -7.692  -16.824 0.0000000000
105646  32.836  -7.362  -17.039 0.0000000000
106538  33.187  -6.206  -8.839 0.0000000000
106539  32.860  -6.536  -8.393 0.0000000000
106541  31.593  -7.215  -6.873 0.0000000000
106576  32.851  -6.961  -9.933 0.0000000000
106628  32.336  -6.767  -13.374 0.0000000000
106666  32.630  -7.714  -15.455 0.0000000000
108523  34.323  -5.244  -10.579 0.0000000000
109516  35.263  -2.944  -10.518 0.0000000000
109549  34.441  -3.594  -13.542 0.0000000000
110454  34.675  -2.221  -9.012 0.0000000000
110463  35.301  -2.207  -10.190 0.0000000000
110482  35.269  -2.798  -11.612 0.0000000000
111560  35.117  -1.676  -9.927 0.0000000000
111562  34.003  -0.562  -9.270 0.0000000000
111571  34.840  -0.756  -10.268 0.0000000000
112648  31.629  -0.577  -7.056 0.0000000000
112664  33.394  -0.171  -9.366 0.0000000000
112672  34.964  -0.553  -10.726 0.0000000000
112674  33.680  0.036  -9.949 0.0000000000
112675  32.202  -0.034  -9.806 0.0000000000
112682  34.839  -0.121  -11.084 0.0000000000
112690  29.211  -0.271  -13.036 0.0000000000
112697  29.355  -0.197  -13.649 0.0000000000
112704  29.768  -0.327  -13.814 0.0000000000
113702  31.238  0.099  -8.812 0.0000000000
113709  32.814  0.104  -9.685 0.0000000000
113711  30.851  0.628  -9.237 0.0000000000
113726  34.916  0.047  -11.605 0.0000000000
113733  28.650  1.119  -11.564 0.0000000000
113739  35.185  0.079  -12.233 0.0000000000
113744  29.082  0.058  -12.286 0.0000000000
113763  29.263  0.201  -14.302 0.0000000000
114747  29.640  1.722  -11.106 0.0000000000
114753  34.574  0.642  -11.920 0.0000000000
114755  33.501  1.041  -12.076 0.0000000000
114759  27.691  2.208  -11.946 0.0000000000
114766  34.890  0.889  -12.420 0.0000000000
114767  34.059  1.435  -12.605 0.0000000000
115800  29.830  2.718  -9.167 0.0000000000
115807  30.169  1.775  -10.122 0.0000000000
116759  30.053  3.215  -8.188 0.0000000000
116768  28.638  3.701  -9.843 0.0000000000
116811  27.995  3.821  -13.118 0.0000000000
117680  30.168  3.548  -6.247 0.0000000000
117721  29.835  3.821  -8.321 0.0000000000
117722  29.248  4.116  -8.744 0.0000000000
117735  28.561  4.331  -10.018 0.0000000000
117773  28.329  4.349  -13.249 0.0000000000
118705  29.055  4.648  -9.112 0.0000000000
118719  28.657  4.863  -10.274 0.0000000000
119636  29.266  5.646  -8.086 0.0000000000
119651  28.632  5.896  -9.269 0.0000000000
147639  32.614  -7.249  -16.636 0.0000000000
147640  33.192  -5.951  -15.401 0.0000000000
147643  33.275  -5.651  -15.100 0.0000000000
147647  34.440  -4.402  -12.551 0.0000000000
147649  34.704  -4.043  -11.879 0.0000000000
147651  34.546  -4.647  -10.684 0.0000000000
147655  34.969  -3.016  -9.563 0.0000000000
147656  34.906  -2.757  -9.393 0.0000000000
147658  34.503  -3.317  -8.744 0.0000000000
147661  34.322  -2.712  -8.434 0.0000000000
