#!ascii label  , from subject 3435 vox2ras=TkReg
1729
75313  -40.386  -24.383  42.960 0.0000000000
99536  -54.876  -5.804  41.378 0.0000000000
88469  -47.667  -13.524  41.828 0.0000000000
55046  -9.248  -38.945  62.336 0.0000000000
71263  -36.162  -27.247  48.126 0.0000000000
58588  -24.271  -37.713  62.927 0.0000000000
59817  -31.794  -36.121  61.801 0.0000000000
67530  -34.152  -30.280  56.340 0.0000000000
69883  -36.695  -28.213  54.324 0.0000000000
55086  -18.105  -39.617  60.145 0.0000000000
57377  -21.777  -38.831  65.065 0.0000000000
58669  -21.276  -36.953  59.391 0.0000000000
61146  -29.895  -35.233  56.472 0.0000000000
62365  -34.175  -33.565  55.440 0.0000000000
76461  -42.883  -23.733  49.813 0.0000000000
73906  -46.955  -24.585  47.470 0.0000000000
95966  -48.560  -8.124  43.588 0.0000000000
81762  -44.190  -19.043  42.115 0.0000000000
99578  -53.771  -5.051  35.604 0.0000000000
51313  -6.095  -42.201  61.153 0.0000000000
71186  -40.559  -26.537  52.476 0.0000000000
75231  -38.196  -25.412  46.149 0.0000000000
61119  -24.613  -34.671  57.527 0.0000000000
58612  -27.425  -36.128  61.230 0.0000000000
81668  -49.541  -18.580  47.217 0.0000000000
111453  -57.586  4.113  30.336 0.0000000000
67547  -31.563  -29.974  54.516 0.0000000000
68721  -32.465  -29.012  54.092 0.0000000000
56286  -20.250  -38.563  60.098 0.0000000000
61223  -31.435  -34.150  52.591 0.0000000000
64999  -31.951  -31.873  53.706 0.0000000000
64947  -33.229  -31.647  56.293 0.0000000000
73919  -41.733  -25.415  46.880 0.0000000000
75198  -44.854  -24.624  49.058 0.0000000000
75257  -43.930  -24.263  44.932 0.0000000000
95985  -51.982  -8.114  42.810 0.0000000000
95935  -51.206  -7.882  45.878 0.0000000000
100686  -56.070  -3.222  40.627 0.0000000000
56300  -10.340  -37.945  58.627 0.0000000000
53778  -8.079  -40.410  61.652 0.0000000000
69933  -36.938  -27.776  51.325 0.0000000000
71166  -38.238  -27.382  53.335 0.0000000000
71237  -38.471  -27.132  50.172 0.0000000000
73873  -39.489  -25.518  49.406 0.0000000000
73899  -37.658  -25.944  46.699 0.0000000000
58570  -23.304  -38.297  63.692 0.0000000000
57353  -24.144  -39.125  67.036 0.0000000000
57374  -25.147  -38.698  65.680 0.0000000000
56220  -27.080  -38.932  63.944 0.0000000000
62346  -23.026  -33.855  56.046 0.0000000000
61179  -24.688  -34.296  55.070 0.0000000000
61104  -31.288  -35.271  58.518 0.0000000000
61075  -28.548  -34.525  59.328 0.0000000000
61014  -29.839  -35.329  61.635 0.0000000000
57471  -28.911  -37.771  59.439 0.0000000000
57422  -13.205  -38.753  62.070 0.0000000000
54993  -14.763  -39.830  65.461 0.0000000000
54939  -13.742  -39.860  68.122 0.0000000000
84407  -45.597  -16.513  41.752 0.0000000000
81703  -47.114  -18.712  44.760 0.0000000000
85686  -48.807  -16.573  45.268 0.0000000000
112636  -58.571  5.174  28.824 0.0000000000
53741  -7.328  -40.516  65.625 0.0000000000
67508  -35.185  -29.642  59.173 0.0000000000
69837  -36.406  -27.949  58.775 0.0000000000
68695  -34.528  -29.023  56.100 0.0000000000
69894  -34.746  -28.960  52.812 0.0000000000
55030  -18.016  -39.890  63.486 0.0000000000
54998  -19.441  -39.928  65.205 0.0000000000
55051  -20.201  -39.459  62.217 0.0000000000
56250  -21.324  -38.171  62.013 0.0000000000
59807  -23.387  -37.362  61.222 0.0000000000
61182  -27.125  -34.851  54.585 0.0000000000
59963  -29.945  -35.407  54.084 0.0000000000
59940  -32.249  -35.636  55.371 0.0000000000
59891  -33.667  -35.729  58.403 0.0000000000
62327  -35.065  -33.620  58.921 0.0000000000
66194  -34.143  -31.081  59.118 0.0000000000
56304  -16.540  -39.136  59.455 0.0000000000
76415  -43.050  -22.908  53.031 0.0000000000
69872  -44.778  -27.120  54.501 0.0000000000
76429  -44.197  -23.799  51.764 0.0000000000
75132  -46.539  -24.009  51.040 0.0000000000
90966  -48.133  -11.360  43.022 0.0000000000
88432  -50.722  -13.373  45.136 0.0000000000
92175  -50.256  -10.425  45.964 0.0000000000
43667  -2.042  -49.055  62.431 0.0000000000
76582  -42.461  -21.942  42.346 0.0000000000
85766  -42.049  -15.386  39.601 0.0000000000
92230  -45.691  -11.453  38.989 0.0000000000
94774  -47.142  -10.158  40.275 0.0000000000
93508  -50.362  -9.974  40.194 0.0000000000
96021  -52.832  -7.921  39.672 0.0000000000
98381  -53.891  -5.333  39.076 0.0000000000
97193  -51.532  -6.931  36.531 0.0000000000
52482  -5.641  -41.676  64.381 0.0000000000
50056  -3.028  -44.120  64.267 0.0000000000
46276  -2.817  -46.878  64.100 0.0000000000
73728  -42.644  -24.873  58.080 0.0000000000
69862  -38.648  -27.192  56.851 0.0000000000
71137  -40.432  -26.173  56.557 0.0000000000
73770  -41.888  -24.366  54.872 0.0000000000
75128  -41.012  -24.262  51.269 0.0000000000
76496  -40.482  -24.943  48.130 0.0000000000
75284  -39.455  -25.132  44.244 0.0000000000
56154  -21.794  -39.555  67.367 0.0000000000
59888  -22.992  -36.032  58.605 0.0000000000
61045  -24.511  -35.577  60.198 0.0000000000
61122  -27.223  -34.856  57.400 0.0000000000
61048  -26.799  -34.566  60.094 0.0000000000
58610  -25.380  -37.379  61.356 0.0000000000
56271  -27.112  -39.061  61.258 0.0000000000
57450  -11.041  -36.936  59.593 0.0000000000
58625  -12.104  -36.965  60.952 0.0000000000
57386  -10.591  -38.482  63.498 0.0000000000
77798  -45.501  -21.870  44.604 0.0000000000
77785  -48.795  -21.724  47.088 0.0000000000
77748  -50.130  -21.494  51.009 0.0000000000
85668  -49.883  -15.842  48.323 0.0000000000
100706  -55.037  -3.275  37.362 0.0000000000
103045  -56.614  -1.086  36.299 0.0000000000
105395  -58.396  1.215  35.264 0.0000000000
107915  -56.895  2.132  30.477 0.0000000000
107863  -59.964  2.658  33.872 0.0000000000
67556  -31.226  -29.901  53.960 0.0000000000
68719  -31.208  -29.314  53.720 0.0000000000
67578  -30.555  -29.477  52.347 0.0000000000
63720  -31.502  -32.488  52.587 0.0000000000
64998  -31.585  -31.429  53.522 0.0000000000
66272  -31.781  -31.057  54.553 0.0000000000
73967  -41.533  -24.952  44.666 0.0000000000
73943  -42.246  -25.248  45.581 0.0000000000
73985  -42.543  -24.220  44.057 0.0000000000
95987  -53.901  -7.221  42.407 0.0000000000
97122  -53.236  -6.413  43.922 0.0000000000
98318  -54.534  -5.735  43.346 0.0000000000
100671  -55.754  -4.325  42.639 0.0000000000
99544  -55.150  -4.579  40.776 0.0000000000
55066  -9.412  -38.862  61.127 0.0000000000
53792  -9.100  -39.821  59.890 0.0000000000
55065  -8.648  -39.599  61.664 0.0000000000
71235  -36.892  -27.627  49.832 0.0000000000
71210  -37.824  -27.554  51.269 0.0000000000
71252  -37.411  -27.195  49.059 0.0000000000
72555  -37.995  -26.691  48.708 0.0000000000
72566  -36.921  -26.653  47.511 0.0000000000
54957  -16.397  -39.819  67.338 0.0000000000
59778  -23.688  -37.721  62.784 0.0000000000
58548  -24.081  -38.405  65.465 0.0000000000
57380  -24.835  -38.370  64.876 0.0000000000
56206  -26.265  -38.670  65.006 0.0000000000
57391  -25.133  -38.245  63.937 0.0000000000
61054  -31.941  -35.593  60.334 0.0000000000
61052  -30.573  -34.921  60.479 0.0000000000
59831  -30.948  -35.513  61.344 0.0000000000
57427  -30.064  -37.052  62.139 0.0000000000
55028  -16.264  -39.640  63.573 0.0000000000
54994  -15.729  -39.784  65.433 0.0000000000
54973  -15.510  -39.843  66.402 0.0000000000
72428  -45.295  -25.557  57.998 0.0000000000
85754  -46.905  -15.298  41.720 0.0000000000
84375  -47.078  -16.681  43.732 0.0000000000
87116  -47.982  -15.100  43.267 0.0000000000
67521  -34.689  -30.125  57.819 0.0000000000
68684  -34.752  -29.018  56.992 0.0000000000
68683  -34.359  -29.631  56.616 0.0000000000
69880  -33.950  -29.094  53.571 0.0000000000
69907  -33.569  -28.771  51.722 0.0000000000
69930  -34.380  -28.423  51.009 0.0000000000
55068  -18.488  -39.770  61.276 0.0000000000
55031  -18.970  -39.913  63.356 0.0000000000
55069  -19.594  -39.612  61.230 0.0000000000
57468  -20.763  -37.352  59.287 0.0000000000
56269  -20.859  -38.021  61.015 0.0000000000
57439  -21.428  -37.506  61.117 0.0000000000
58607  -22.509  -37.609  61.219 0.0000000000
58652  -22.360  -37.125  60.106 0.0000000000
61220  -28.086  -34.655  52.547 0.0000000000
61187  -33.212  -34.574  54.591 0.0000000000
61185  -31.663  -35.295  54.189 0.0000000000
59941  -33.189  -35.558  55.689 0.0000000000
59909  -33.558  -35.736  57.476 0.0000000000
59910  -34.346  -35.390  57.611 0.0000000000
61106  -35.085  -34.634  58.726 0.0000000000
62349  -34.790  -33.696  57.065 0.0000000000
66227  -33.748  -30.743  56.272 0.0000000000
64929  -33.343  -31.581  57.579 0.0000000000
67520  -34.232  -30.514  57.771 0.0000000000
67507  -34.831  -30.261  58.875 0.0000000000
56305  -17.400  -39.421  59.746 0.0000000000
76427  -42.716  -23.143  51.915 0.0000000000
76417  -44.099  -23.786  53.195 0.0000000000
76444  -44.025  -23.403  50.838 0.0000000000
73888  -46.326  -24.855  48.360 0.0000000000
75177  -45.969  -24.323  49.739 0.0000000000
75178  -46.654  -24.450  49.673 0.0000000000
75133  -47.662  -24.253  50.859 0.0000000000
73875  -48.385  -24.240  49.491 0.0000000000
93448  -47.471  -9.759  43.653 0.0000000000
92184  -49.121  -10.418  44.739 0.0000000000
94705  -49.334  -9.002  45.382 0.0000000000
95928  -53.111  -7.075  47.514 0.0000000000
93469  -46.611  -11.079  39.819 0.0000000000
93503  -45.853  -10.583  39.038 0.0000000000
93527  -48.644  -10.017  39.061 0.0000000000
93544  -50.012  -9.376  38.301 0.0000000000
93510  -52.114  -9.424  40.418 0.0000000000
94823  -51.458  -8.385  38.583 0.0000000000
97178  -52.182  -7.203  38.395 0.0000000000
52528  -7.423  -41.146  59.878 0.0000000000
50104  -5.106  -43.322  61.348 0.0000000000
53728  -6.514  -40.842  67.171 0.0000000000
53740  -6.773  -40.816  64.908 0.0000000000
52469  -5.246  -41.526  67.134 0.0000000000
50019  -2.917  -43.758  66.500 0.0000000000
47549  -2.825  -45.428  65.507 0.0000000000
48781  -3.109  -45.055  63.964 0.0000000000
46264  -2.747  -46.570  65.217 0.0000000000
44990  -2.633  -47.649  64.654 0.0000000000
69859  -36.243  -28.502  56.391 0.0000000000
69851  -37.177  -27.754  57.687 0.0000000000
69861  -37.927  -27.608  56.766 0.0000000000
71168  -39.990  -26.851  53.440 0.0000000000
71157  -39.198  -26.936  54.355 0.0000000000
71159  -41.003  -26.204  54.691 0.0000000000
72471  -41.359  -25.666  55.671 0.0000000000
72495  -41.446  -25.546  53.564 0.0000000000
73818  -41.479  -24.706  52.667 0.0000000000
73817  -41.192  -25.067  52.199 0.0000000000
75212  -39.013  -25.049  47.576 0.0000000000
75193  -39.972  -24.773  48.705 0.0000000000
76512  -39.260  -25.151  46.899 0.0000000000
75233  -39.781  -25.387  46.424 0.0000000000
75254  -38.114  -25.294  45.293 0.0000000000
56205  -21.016  -39.204  65.143 0.0000000000
56176  -21.046  -39.411  66.983 0.0000000000
57359  -21.894  -39.109  66.722 0.0000000000
61140  -24.381  -34.487  56.609 0.0000000000
61117  -23.067  -34.841  57.452 0.0000000000
61096  -24.094  -34.996  58.442 0.0000000000
61069  -23.871  -35.618  59.228 0.0000000000
61070  -24.378  -35.215  59.273 0.0000000000
61162  -28.569  -34.966  55.460 0.0000000000
61161  -27.560  -34.887  55.502 0.0000000000
61144  -27.898  -34.860  56.437 0.0000000000
61027  -27.841  -34.813  60.991 0.0000000000
61074  -27.605  -34.512  59.262 0.0000000000
61026  -26.819  -34.688  60.980 0.0000000000
61010  -25.990  -35.532  61.146 0.0000000000
58611  -26.337  -36.395  60.924 0.0000000000
57441  -26.218  -37.913  61.025 0.0000000000
57455  -26.738  -37.736  60.479 0.0000000000
59820  -34.998  -34.920  61.972 0.0000000000
57421  -12.508  -38.077  61.737 0.0000000000
57402  -12.138  -38.592  62.797 0.0000000000
57419  -11.492  -37.405  61.845 0.0000000000
54897  -13.797  -39.965  70.091 0.0000000000
79145  -43.303  -20.469  41.975 0.0000000000
77832  -44.056  -21.534  43.478 0.0000000000
79133  -44.614  -20.938  43.610 0.0000000000
81682  -48.557  -18.595  46.205 0.0000000000
79072  -47.709  -20.587  45.974 0.0000000000
79074  -49.347  -20.025  47.321 0.0000000000
77763  -49.964  -21.529  49.138 0.0000000000
79052  -50.000  -20.455  49.314 0.0000000000
88397  -50.887  -13.413  47.420 0.0000000000
87052  -49.981  -14.836  47.740 0.0000000000
87045  -50.251  -14.223  49.356 0.0000000000
99563  -53.464  -5.175  37.581 0.0000000000
100698  -54.592  -3.995  38.457 0.0000000000
100713  -54.540  -3.782  36.431 0.0000000000
101852  -56.079  -1.711  35.275 0.0000000000
103058  -56.546  -0.859  34.056 0.0000000000
104251  -57.563  0.128  36.222 0.0000000000
104267  -56.876  -0.021  33.733 0.0000000000
112603  -54.061  4.634  30.128 0.0000000000
110264  -54.517  3.898  30.595 0.0000000000
110267  -57.448  3.434  30.726 0.0000000000
107890  -58.179  2.627  32.461 0.0000000000
110237  -58.814  3.946  32.141 0.0000000000
111424  -59.581  4.892  31.876 0.0000000000
110280  -60.790  4.187  29.381 0.0000000000
67538  -33.243  -30.306  55.410 0.0000000000
68693  -33.607  -29.733  55.286 0.0000000000
68705  -32.111  -29.097  54.777 0.0000000000
68735  -31.622  -28.733  52.930 0.0000000000
55105  -19.292  -39.255  59.783 0.0000000000
62412  -31.113  -33.627  52.145 0.0000000000
63721  -31.900  -33.028  52.914 0.0000000000
63693  -33.194  -32.692  54.186 0.0000000000
63677  -34.073  -32.722  56.024 0.0000000000
63675  -33.154  -31.883  55.035 0.0000000000
66256  -32.203  -30.795  55.105 0.0000000000
75216  -42.320  -24.764  48.081 0.0000000000
75174  -43.578  -23.967  49.447 0.0000000000
73902  -42.803  -25.124  47.651 0.0000000000
73921  -44.207  -25.155  46.386 0.0000000000
73922  -45.313  -24.757  46.325 0.0000000000
95984  -50.801  -8.453  42.866 0.0000000000
95944  -50.017  -7.886  44.902 0.0000000000
95958  -51.320  -7.311  44.459 0.0000000000
97106  -52.929  -6.567  45.684 0.0000000000
101818  -57.247  -2.020  40.517 0.0000000000
52529  -8.182  -40.647  59.725 0.0000000000
52513  -7.210  -41.207  61.202 0.0000000000
69896  -36.445  -28.140  53.263 0.0000000000
69884  -37.623  -27.721  54.370 0.0000000000
69911  -37.143  -27.776  52.297 0.0000000000
71184  -38.938  -27.224  52.333 0.0000000000
71212  -39.604  -26.867  51.293 0.0000000000
72528  -40.175  -26.136  50.919 0.0000000000
72543  -39.057  -26.578  49.802 0.0000000000
73884  -38.438  -25.657  47.972 0.0000000000
75210  -37.885  -25.625  46.385 0.0000000000
58556  -22.884  -38.478  64.368 0.0000000000
57360  -22.776  -38.827  66.464 0.0000000000
58546  -23.422  -38.491  65.622 0.0000000000
56178  -24.702  -39.116  66.438 0.0000000000
55000  -27.428  -39.592  64.701 0.0000000000
61157  -24.235  -34.254  55.729 0.0000000000
61141  -25.185  -34.623  56.596 0.0000000000
61125  -30.052  -34.951  57.511 0.0000000000
61124  -29.132  -34.799  57.422 0.0000000000
61103  -30.289  -34.845  58.477 0.0000000000
61051  -29.663  -34.664  60.360 0.0000000000
61013  -28.989  -35.359  61.522 0.0000000000
58655  -28.034  -37.023  60.618 0.0000000000
58637  -29.367  -36.867  61.586 0.0000000000
56265  -14.918  -38.934  61.102 0.0000000000
56246  -14.114  -38.967  61.931 0.0000000000
56216  -13.367  -39.451  64.175 0.0000000000
54971  -13.453  -39.919  66.381 0.0000000000
54972  -14.470  -39.897  66.394 0.0000000000
81777  -44.605  -18.011  41.611 0.0000000000
80462  -45.453  -19.451  43.697 0.0000000000
81742  -46.186  -17.931  43.560 0.0000000000
83001  -47.754  -17.933  44.730 0.0000000000
82984  -49.041  -17.779  46.222 0.0000000000
98425  -53.418  -5.103  33.588 0.0000000000
99587  -54.415  -4.496  34.519 0.0000000000
99602  -54.371  -3.560  32.906 0.0000000000
111466  -54.035  4.553  29.623 0.0000000000
112621  -57.244  4.847  29.242 0.0000000000
111477  -55.342  4.418  28.921 0.0000000000
111489  -56.586  4.637  28.013 0.0000000000
56226  -9.352  -38.970  63.861 0.0000000000
55025  -8.775  -39.430  63.919 0.0000000000
69826  -36.133  -27.999  59.996 0.0000000000
68673  -35.660  -28.567  58.292 0.0000000000
68685  -35.514  -28.683  57.238 0.0000000000
69868  -36.064  -28.714  55.328 0.0000000000
68707  -33.669  -29.392  54.978 0.0000000000
68724  -34.780  -28.921  54.642 0.0000000000
69882  -35.676  -28.728  54.247 0.0000000000
69909  -35.460  -28.423  52.068 0.0000000000
69931  -35.282  -28.144  51.144 0.0000000000
55014  -17.802  -39.883  64.434 0.0000000000
54976  -18.296  -39.897  66.163 0.0000000000
55015  -18.725  -39.926  64.348 0.0000000000
55016  -19.659  -39.873  64.261 0.0000000000
56218  -21.193  -38.970  64.159 0.0000000000
55070  -20.441  -38.867  61.151 0.0000000000
55052  -20.770  -38.755  62.252 0.0000000000
57389  -21.929  -38.654  64.030 0.0000000000
57405  -22.580  -38.222  62.899 0.0000000000
58586  -23.345  -37.838  62.540 0.0000000000
59793  -23.687  -37.622  62.247 0.0000000000
61183  -28.164  -34.913  54.505 0.0000000000
61163  -29.514  -35.272  55.483 0.0000000000
61205  -31.374  -34.904  53.446 0.0000000000
59952  -31.025  -35.548  54.496 0.0000000000
59924  -30.714  -35.540  56.131 0.0000000000
59907  -31.821  -35.589  57.410 0.0000000000
59890  -32.835  -35.739  58.240 0.0000000000
59851  -32.545  -35.803  60.255 0.0000000000
59834  -33.912  -36.186  61.154 0.0000000000
59853  -34.640  -35.827  60.534 0.0000000000
61056  -35.269  -34.979  60.597 0.0000000000
62307  -34.890  -33.315  60.545 0.0000000000
63641  -34.224  -32.408  57.763 0.0000000000
63605  -34.096  -32.074  59.303 0.0000000000
63566  -34.272  -31.921  60.709 0.0000000000
66171  -34.691  -31.010  61.011 0.0000000000
56266  -15.925  -39.262  61.480 0.0000000000
76384  -43.866  -23.363  54.974 0.0000000000
76399  -44.247  -23.781  54.057 0.0000000000
73792  -44.411  -24.907  53.405 0.0000000000
72511  -44.729  -25.984  52.296 0.0000000000
76463  -44.523  -23.931  50.158 0.0000000000
75131  -45.619  -24.270  51.248 0.0000000000
89724  -48.288  -12.472  42.440 0.0000000000
87118  -49.321  -13.632  43.274 0.0000000000
89711  -49.962  -12.416  43.760 0.0000000000
89701  -50.894  -12.420  45.627 0.0000000000
90916  -51.080  -11.559  48.625 0.0000000000
93433  -50.450  -8.977  46.397 0.0000000000
92142  -50.966  -10.399  48.225 0.0000000000
76579  -39.823  -23.123  41.526 0.0000000000
75330  -41.241  -22.963  42.379 0.0000000000
76597  -40.587  -21.823  41.109 0.0000000000
79171  -41.563  -20.307  40.606 0.0000000000
81786  -42.531  -18.763  40.335 0.0000000000
83064  -43.405  -18.168  40.663 0.0000000000
84418  -44.151  -16.527  40.714 0.0000000000
87161  -44.517  -14.437  40.353 0.0000000000
88504  -45.901  -13.311  40.675 0.0000000000
89738  -46.306  -12.290  40.747 0.0000000000
90985  -46.911  -11.578  41.049 0.0000000000
93461  -47.504  -10.416  41.963 0.0000000000
94756  -47.745  -9.572  41.627 0.0000000000
93525  -46.768  -10.285  38.653 0.0000000000
93485  -48.694  -9.882  40.869 0.0000000000
94778  -49.505  -9.346  41.964 0.0000000000
94760  -51.582  -9.401  42.153 0.0000000000
94781  -53.255  -8.613  41.386 0.0000000000
97157  -53.946  -7.373  40.766 0.0000000000
98369  -54.054  -5.763  39.841 0.0000000000
98368  -53.648  -6.590  39.729 0.0000000000
97187  -52.629  -6.306  37.935 0.0000000000
98405  -52.460  -6.024  35.717 0.0000000000
98415  -52.320  -5.960  34.702 0.0000000000
53758  -7.829  -40.387  63.199 0.0000000000
52490  -6.476  -41.397  62.975 0.0000000000
51280  -5.707  -41.938  62.984 0.0000000000
51244  -4.105  -42.473  66.665 0.0000000000
51264  -4.340  -42.642  64.801 0.0000000000
51295  -5.173  -42.579  62.563 0.0000000000
50090  -4.156  -44.446  62.790 0.0000000000
48795  -3.898  -45.147  62.790 0.0000000000
47580  -3.545  -46.430  62.344 0.0000000000
45002  -2.501  -48.069  63.526 0.0000000000
76347  -44.045  -24.031  57.567 0.0000000000
71127  -39.478  -26.547  58.143 0.0000000000
71145  -38.649  -27.117  54.940 0.0000000000
71136  -39.551  -26.688  56.898 0.0000000000
72442  -41.537  -25.315  57.238 0.0000000000
73743  -42.443  -24.497  56.940 0.0000000000
76374  -43.346  -23.208  56.107 0.0000000000
75085  -41.916  -23.608  54.010 0.0000000000
76426  -42.076  -23.565  51.937 0.0000000000
75152  -41.734  -23.858  50.331 0.0000000000
75149  -40.185  -24.710  49.984 0.0000000000
75171  -40.362  -24.422  49.397 0.0000000000
76481  -40.999  -24.426  48.605 0.0000000000
75234  -40.736  -25.487  47.160 0.0000000000
73941  -40.220  -25.401  45.710 0.0000000000
73982  -40.088  -24.892  43.794 0.0000000000
72577  -35.511  -26.556  46.610 0.0000000000
73916  -36.441  -25.975  45.780 0.0000000000
75229  -36.529  -25.710  45.375 0.0000000000
75253  -37.277  -25.471  45.167 0.0000000000
75282  -37.275  -25.332  44.381 0.0000000000
75310  -37.396  -25.369  43.301 0.0000000000
75327  -38.685  -24.541  41.904 0.0000000000
76578  -39.140  -23.670  41.421 0.0000000000
56156  -23.137  -39.418  67.262 0.0000000000
59886  -21.583  -36.287  57.937 0.0000000000
61116  -22.502  -35.288  57.268 0.0000000000
59867  -22.758  -36.665  59.243 0.0000000000
59847  -23.118  -36.739  60.090 0.0000000000
59829  -23.915  -36.586  60.767 0.0000000000
61007  -24.332  -36.202  60.900 0.0000000000
61181  -26.166  -34.707  54.702 0.0000000000
61159  -25.704  -34.661  55.669 0.0000000000
61121  -26.310  -34.811  57.427 0.0000000000
61101  -28.375  -34.618  58.358 0.0000000000
61099  -26.546  -34.690  58.317 0.0000000000
61098  -25.676  -34.699  58.363 0.0000000000
61046  -25.367  -34.960  60.081 0.0000000000
61009  -25.169  -35.953  60.854 0.0000000000
58589  -24.793  -37.784  62.596 0.0000000000
56233  -25.884  -38.323  62.481 0.0000000000
56253  -27.183  -39.214  62.140 0.0000000000
57464  -10.481  -37.601  59.152 0.0000000000
56245  -9.966  -38.208  61.826 0.0000000000
58645  -12.511  -36.758  60.138 0.0000000000
59842  -11.899  -35.820  59.390 0.0000000000
58624  -11.790  -36.987  60.923 0.0000000000
57418  -10.795  -37.740  61.842 0.0000000000
57399  -10.357  -38.160  62.809 0.0000000000
56212  -10.017  -38.877  64.192 0.0000000000
54938  -12.709  -39.878  68.087 0.0000000000
75316  -43.400  -22.880  43.530 0.0000000000
75288  -44.472  -22.938  44.279 0.0000000000
75237  -46.555  -23.565  45.904 0.0000000000
79091  -46.083  -20.527  44.631 0.0000000000
77783  -47.357  -21.464  45.858 0.0000000000
75239  -47.894  -23.133  46.927 0.0000000000
75202  -49.352  -23.241  48.954 0.0000000000
87074  -49.652  -15.113  45.634 0.0000000000
85674  -49.885  -15.902  47.133 0.0000000000
82961  -49.814  -17.657  48.517 0.0000000000
99550  -55.031  -4.150  40.026 0.0000000000
101823  -55.460  -2.949  38.933 0.0000000000
103020  -56.557  -1.882  39.024 0.0000000000
100723  -55.155  -3.098  35.377 0.0000000000
101837  -56.093  -2.094  37.310 0.0000000000
103029  -57.230  -1.111  38.292 0.0000000000
104242  -57.841  -0.026  37.457 0.0000000000
105374  -59.038  0.682  37.060 0.0000000000
105460  -56.719  0.472  31.197 0.0000000000
105428  -57.595  1.347  33.071 0.0000000000
106636  -58.603  1.736  34.568 0.0000000000
110269  -60.606  4.446  30.430 0.0000000000
66308  -30.589  -30.339  52.565 0.0000000000
67567  -30.853  -29.715  53.214 0.0000000000
65017  -30.860  -31.335  52.360 0.0000000000
66290  -31.006  -30.567  53.381 0.0000000000
73983  -40.966  -24.669  43.790 0.0000000000
73984  -41.987  -24.436  43.867 0.0000000000
75314  -41.411  -23.808  43.045 0.0000000000
98337  -54.833  -6.054  42.194 0.0000000000
97136  -53.974  -6.660  42.911 0.0000000000
99528  -54.981  -5.097  43.403 0.0000000000
98338  -55.141  -5.382  42.435 0.0000000000
99537  -55.275  -5.108  41.820 0.0000000000
71251  -36.613  -27.611  49.088 0.0000000000
71264  -36.976  -27.075  48.328 0.0000000000
54958  -17.259  -39.833  67.057 0.0000000000
54975  -17.391  -39.835  66.220 0.0000000000
58572  -23.995  -37.970  63.618 0.0000000000
58573  -24.490  -38.102  63.820 0.0000000000
59850  -31.860  -35.610  60.602 0.0000000000
59832  -31.610  -35.673  61.130 0.0000000000
54974  -16.484  -39.808  66.325 0.0000000000
85755  -47.469  -14.940  41.912 0.0000000000
85743  -47.426  -15.407  42.500 0.0000000000
87127  -47.897  -14.497  42.303 0.0000000000
68670  -34.349  -29.984  57.031 0.0000000000
68682  -34.124  -29.765  56.150 0.0000000000
69906  -32.610  -28.411  51.666 0.0000000000
69892  -32.801  -28.883  52.466 0.0000000000
55087  -19.018  -39.570  60.320 0.0000000000
57454  -20.959  -37.308  60.276 0.0000000000
58651  -21.604  -37.145  60.242 0.0000000000
58670  -21.956  -36.926  59.292 0.0000000000
62385  -33.646  -33.994  54.712 0.0000000000
61165  -33.746  -34.763  55.235 0.0000000000
59942  -33.849  -35.311  55.982 0.0000000000
61166  -34.353  -34.672  55.994 0.0000000000
61148  -34.681  -34.691  56.853 0.0000000000
62366  -34.639  -33.977  56.267 0.0000000000
66228  -33.585  -30.986  56.889 0.0000000000
55085  -17.686  -39.643  60.836 0.0000000000
76442  -42.218  -23.566  50.827 0.0000000000
76443  -43.210  -23.238  50.869 0.0000000000
75200  -46.395  -24.620  49.179 0.0000000000
73889  -47.146  -24.649  48.678 0.0000000000
73874  -47.515  -24.567  49.557 0.0000000000
73907  -47.723  -24.310  47.873 0.0000000000
94726  -47.442  -8.806  43.437 0.0000000000
94713  -47.833  -9.003  44.369 0.0000000000
94714  -48.651  -8.651  44.796 0.0000000000
94688  -52.976  -7.997  48.501 0.0000000000
93502  -45.085  -10.585  38.564 0.0000000000
93545  -50.644  -9.115  38.563 0.0000000000
94837  -50.676  -8.388  37.729 0.0000000000
96042  -51.268  -7.945  37.922 0.0000000000
52527  -6.716  -41.683  59.979 0.0000000000
51332  -6.206  -42.284  59.977 0.0000000000
50117  -5.635  -42.999  59.847 0.0000000000
51331  -5.594  -42.837  60.698 0.0000000000
53727  -5.819  -41.083  66.738 0.0000000000
52464  -5.372  -41.686  68.056 0.0000000000
44984  -2.723  -47.454  65.493 0.0000000000
69869  -36.951  -28.104  55.411 0.0000000000
69860  -37.098  -27.963  56.542 0.0000000000
71185  -39.782  -26.934  52.423 0.0000000000
71169  -40.972  -26.354  53.498 0.0000000000
71170  -41.301  -26.082  53.984 0.0000000000
72494  -41.323  -25.834  53.028 0.0000000000
72510  -41.345  -25.383  52.751 0.0000000000
72509  -41.104  -25.804  52.372 0.0000000000
76510  -38.608  -25.237  46.770 0.0000000000
76493  -38.841  -25.065  47.118 0.0000000000
76511  -38.833  -25.151  46.765 0.0000000000
75232  -38.824  -25.231  46.163 0.0000000000
57369  -21.537  -39.041  65.971 0.0000000000
61118  -23.809  -34.705  57.525 0.0000000000
61097  -24.848  -34.803  58.420 0.0000000000
61145  -28.883  -34.912  56.432 0.0000000000
61012  -27.996  -35.337  61.423 0.0000000000
59813  -27.163  -35.776  61.455 0.0000000000
61011  -26.949  -35.239  61.493 0.0000000000
58634  -26.567  -36.896  60.669 0.0000000000
61015  -34.817  -33.856  62.056 0.0000000000
56203  -12.116  -39.528  65.121 0.0000000000
80481  -43.509  -19.835  41.798 0.0000000000
79146  -43.786  -20.367  42.432 0.0000000000
80460  -44.353  -20.060  42.850 0.0000000000
81683  -49.171  -18.441  46.613 0.0000000000
80386  -49.098  -19.339  46.824 0.0000000000
80361  -49.625  -19.451  47.645 0.0000000000
79060  -49.674  -20.654  47.966 0.0000000000
80343  -49.874  -19.527  48.642 0.0000000000
88388  -50.695  -13.529  48.585 0.0000000000
99570  -53.520  -5.083  36.569 0.0000000000
99571  -54.065  -4.431  36.501 0.0000000000
99579  -54.253  -4.430  35.549 0.0000000000
103063  -56.625  -0.821  32.999 0.0000000000
104276  -56.816  -0.128  32.613 0.0000000000
111452  -56.290  3.932  29.755 0.0000000000
111451  -55.025  3.962  29.925 0.0000000000
109067  -58.037  3.176  31.592 0.0000000000
111437  -58.361  4.214  30.909 0.0000000000
110238  -59.446  4.434  32.111 0.0000000000
111454  -58.508  4.591  30.551 0.0000000000
67548  -32.105  -29.866  54.932 0.0000000000
68692  -32.906  -29.693  55.066 0.0000000000
68704  -31.514  -29.417  54.390 0.0000000000
68734  -31.032  -28.913  52.959 0.0000000000
68720  -31.653  -28.908  53.815 0.0000000000
62429  -30.754  -33.013  51.654 0.0000000000
63708  -31.858  -32.044  53.322 0.0000000000
63709  -32.360  -32.510  53.496 0.0000000000
63710  -32.933  -33.060  53.654 0.0000000000
63692  -32.933  -31.944  54.542 0.0000000000
66255  -31.769  -30.279  54.766 0.0000000000
73901  -42.122  -25.123  47.663 0.0000000000
73944  -43.440  -24.956  45.404 0.0000000000
73945  -44.500  -24.609  45.516 0.0000000000
95969  -51.139  -7.679  43.576 0.0000000000
95970  -52.279  -7.096  43.643 0.0000000000
97107  -53.471  -6.042  45.778 0.0000000000
97094  -53.274  -6.515  46.533 0.0000000000
98253  -54.216  -5.467  46.202 0.0000000000
101809  -56.597  -2.995  41.405 0.0000000000
101810  -57.225  -2.558  41.459 0.0000000000
101817  -56.563  -2.693  40.593 0.0000000000
53791  -8.346  -40.266  60.483 0.0000000000
53806  -8.690  -40.302  59.460 0.0000000000
53790  -7.715  -40.764  60.990 0.0000000000
69910  -36.266  -28.032  52.241 0.0000000000
69897  -37.349  -27.747  53.324 0.0000000000
71236  -37.503  -27.508  50.222 0.0000000000
71211  -38.712  -27.275  51.300 0.0000000000
71238  -39.156  -26.893  50.505 0.0000000000
73883  -37.966  -26.037  47.478 0.0000000000
72568  -38.143  -26.230  48.216 0.0000000000
73900  -38.152  -25.674  47.080 0.0000000000
58557  -23.140  -38.447  64.821 0.0000000000
58558  -23.537  -38.400  64.727 0.0000000000
57373  -24.489  -38.540  65.702 0.0000000000
56179  -25.240  -39.090  66.226 0.0000000000
56219  -26.427  -38.630  64.153 0.0000000000
56207  -26.978  -38.914  64.938 0.0000000000
61158  -24.920  -34.489  55.753 0.0000000000
61077  -30.463  -34.841  59.498 0.0000000000
61030  -30.611  -35.253  61.244 0.0000000000
61029  -29.774  -34.901  61.190 0.0000000000
59815  -29.252  -35.754  61.827 0.0000000000
58636  -28.686  -36.605  61.285 0.0000000000
58614  -29.533  -36.381  62.047 0.0000000000
57459  -30.125  -37.825  60.831 0.0000000000
56247  -15.214  -39.289  62.215 0.0000000000
55011  -14.995  -39.707  64.424 0.0000000000
55010  -14.190  -39.714  64.673 0.0000000000
54992  -13.707  -39.831  65.366 0.0000000000
54941  -16.140  -39.892  68.252 0.0000000000
54956  -15.246  -39.854  67.341 0.0000000000
83052  -45.167  -17.421  42.031 0.0000000000
81764  -45.340  -17.900  42.666 0.0000000000
84373  -46.124  -16.907  42.875 0.0000000000
85717  -47.967  -16.017  44.403 0.0000000000
84362  -47.587  -16.958  44.167 0.0000000000
84349  -48.302  -17.217  44.927 0.0000000000
82983  -48.317  -17.724  45.649 0.0000000000
84331  -48.941  -17.022  45.828 0.0000000000
99595  -53.573  -4.435  33.113 0.0000000000
110279  -52.983  4.172  30.017 0.0000000000
110287  -53.544  4.207  29.449 0.0000000000
111476  -54.429  4.345  29.187 0.0000000000
110296  -53.839  3.998  29.042 0.0000000000
56211  -9.145  -39.024  64.705 0.0000000000
53724  -7.376  -40.749  68.471 0.0000000000
68647  -35.459  -29.193  59.805 0.0000000000
68660  -35.803  -28.590  59.384 0.0000000000
68659  -35.189  -29.039  58.866 0.0000000000
68696  -35.357  -28.852  56.249 0.0000000000
68709  -35.102  -28.900  55.325 0.0000000000
68706  -32.910  -29.481  54.686 0.0000000000
68722  -33.299  -29.237  54.222 0.0000000000
69893  -33.775  -29.106  52.602 0.0000000000
69881  -34.806  -28.898  53.812 0.0000000000
69895  -35.607  -28.595  53.069 0.0000000000
55032  -19.922  -39.745  63.258 0.0000000000
55017  -20.510  -39.529  64.206 0.0000000000
55033  -20.651  -39.182  63.221 0.0000000000
55088  -19.731  -39.164  60.296 0.0000000000
55071  -20.832  -38.407  61.635 0.0000000000
56232  -21.264  -38.589  63.145 0.0000000000
57404  -21.992  -38.340  62.960 0.0000000000
57424  -22.707  -38.000  62.260 0.0000000000
58608  -23.069  -37.653  61.630 0.0000000000
59792  -23.425  -37.624  61.937 0.0000000000
59808  -23.588  -37.348  61.385 0.0000000000
61203  -28.731  -34.918  53.484 0.0000000000
61184  -29.270  -35.224  54.430 0.0000000000
61222  -30.484  -34.497  52.397 0.0000000000
59953  -31.757  -35.534  54.702 0.0000000000
59939  -31.269  -35.652  55.425 0.0000000000
59938  -30.409  -35.542  55.442 0.0000000000
59925  -31.427  -35.622  56.458 0.0000000000
59869  -32.808  -35.743  59.175 0.0000000000
59870  -33.707  -35.813  59.385 0.0000000000
59852  -33.737  -36.031  60.336 0.0000000000
61080  -35.251  -34.461  59.579 0.0000000000
61055  -35.219  -34.302  60.422 0.0000000000
62317  -35.035  -33.468  59.763 0.0000000000
63658  -33.687  -32.262  56.362 0.0000000000
63659  -34.301  -32.684  56.875 0.0000000000
63640  -33.633  -32.126  57.190 0.0000000000
64909  -33.646  -31.583  58.331 0.0000000000
63604  -33.809  -31.859  58.669 0.0000000000
64894  -33.933  -31.459  58.957 0.0000000000
63586  -34.135  -32.023  60.072 0.0000000000
64881  -34.197  -31.407  60.067 0.0000000000
64868  -34.389  -31.417  60.806 0.0000000000
66181  -34.311  -31.121  59.642 0.0000000000
67493  -34.852  -30.668  60.124 0.0000000000
67494  -35.306  -29.969  60.028 0.0000000000
56283  -15.723  -38.989  60.305 0.0000000000
55048  -17.281  -39.738  62.676 0.0000000000
76397  -43.401  -23.169  54.076 0.0000000000
76385  -44.342  -23.577  54.771 0.0000000000
76398  -43.940  -23.472  54.016 0.0000000000
75106  -44.390  -24.337  52.659 0.0000000000
73819  -44.589  -25.114  52.405 0.0000000000
75130  -44.766  -24.546  51.641 0.0000000000
75197  -43.948  -24.466  48.905 0.0000000000
75175  -44.300  -24.099  49.639 0.0000000000
76447  -46.310  -24.142  50.329 0.0000000000
76446  -45.872  -24.062  50.500 0.0000000000
76431  -45.809  -24.026  50.883 0.0000000000
73846  -45.416  -24.892  51.683 0.0000000000
73847  -46.136  -24.454  51.579 0.0000000000
73821  -47.073  -24.624  51.845 0.0000000000
75108  -48.031  -24.345  51.528 0.0000000000
90988  -48.620  -11.849  42.975 0.0000000000
89725  -49.339  -12.437  43.169 0.0000000000
90989  -49.152  -11.785  43.403 0.0000000000
92185  -49.855  -10.535  45.249 0.0000000000
90954  -50.572  -11.596  45.104 0.0000000000
90946  -50.776  -11.370  46.135 0.0000000000
89690  -51.053  -12.395  46.805 0.0000000000
90930  -50.925  -11.320  47.397 0.0000000000
95945  -50.726  -7.747  45.219 0.0000000000
94716  -50.172  -8.218  45.366 0.0000000000
94707  -50.713  -8.402  45.971 0.0000000000
93407  -50.990  -9.632  48.077 0.0000000000
45014  -2.348  -48.494  62.801 0.0000000000
45024  -2.223  -48.504  61.624 0.0000000000
80504  -40.755  -19.573  39.860 0.0000000000
80505  -41.785  -19.708  40.380 0.0000000000
81785  -41.403  -18.722  39.757 0.0000000000
83076  -42.813  -17.483  40.105 0.0000000000
84417  -43.234  -16.441  40.186 0.0000000000
83077  -43.591  -17.264  40.456 0.0000000000
88501  -44.295  -13.462  40.099 0.0000000000
87162  -45.486  -14.428  40.628 0.0000000000
88502  -44.989  -13.407  40.199 0.0000000000
89759  -45.677  -12.276  39.980 0.0000000000
91005  -46.167  -11.934  40.272 0.0000000000
91006  -46.738  -12.056  41.313 0.0000000000
92231  -46.466  -11.493  40.034 0.0000000000
94754  -47.063  -10.431  40.124 0.0000000000
93460  -47.269  -10.866  41.054 0.0000000000
94755  -47.448  -10.023  40.961 0.0000000000
94741  -47.630  -9.817  41.864 0.0000000000
93507  -49.261  -10.010  40.106 0.0000000000
93506  -48.249  -9.929  39.917 0.0000000000
94777  -48.875  -9.458  41.729 0.0000000000
93486  -49.870  -9.898  41.393 0.0000000000
93471  -50.627  -9.827  41.860 0.0000000000
93487  -51.134  -10.020  41.172 0.0000000000
94798  -52.598  -8.800  40.193 0.0000000000
94799  -53.008  -8.805  40.804 0.0000000000
96013  -53.337  -8.211  40.477 0.0000000000
97168  -53.343  -7.368  39.846 0.0000000000
96054  -51.846  -6.970  37.430 0.0000000000
97186  -52.161  -6.825  37.922 0.0000000000
97194  -52.051  -6.523  36.875 0.0000000000
97195  -52.596  -6.042  37.319 0.0000000000
50115  -4.899  -44.176  60.497 0.0000000000
53750  -8.390  -39.976  64.175 0.0000000000
53759  -8.302  -40.012  63.520 0.0000000000
53749  -7.666  -40.461  64.309 0.0000000000
52479  -6.037  -41.222  65.077 0.0000000000
52483  -6.401  -41.236  64.153 0.0000000000
52489  -5.897  -41.689  63.625 0.0000000000
51237  -4.022  -42.608  67.308 0.0000000000
50036  -3.031  -43.636  65.449 0.0000000000
50037  -3.524  -43.200  65.312 0.0000000000
50057  -3.747  -43.373  64.568 0.0000000000
51294  -4.763  -42.881  63.251 0.0000000000
50078  -4.301  -43.320  63.677 0.0000000000
50091  -4.587  -43.729  62.413 0.0000000000
50077  -3.810  -44.210  63.506 0.0000000000
47569  -3.150  -46.110  63.565 0.0000000000
48794  -3.488  -45.526  63.287 0.0000000000
46293  -2.883  -47.122  63.071 0.0000000000
43641  -2.690  -48.279  65.293 0.0000000000
75028  -43.528  -25.028  58.136 0.0000000000
75037  -44.145  -24.435  57.889 0.0000000000
75036  -43.632  -24.477  57.695 0.0000000000
69827  -36.888  -27.638  59.829 0.0000000000
69852  -38.034  -27.346  57.794 0.0000000000
69839  -38.204  -26.892  58.811 0.0000000000
69840  -38.882  -26.663  58.612 0.0000000000
69853  -38.811  -26.936  57.856 0.0000000000
71156  -38.469  -27.296  54.310 0.0000000000
69870  -38.044  -27.565  55.513 0.0000000000
71147  -40.153  -26.463  55.653 0.0000000000
71146  -39.039  -26.908  55.608 0.0000000000
71128  -40.197  -26.227  57.624 0.0000000000
71129  -40.924  -25.741  57.224 0.0000000000
71138  -40.984  -25.812  56.309 0.0000000000
72472  -41.839  -25.062  55.696 0.0000000000
73755  -42.354  -24.233  55.915 0.0000000000
75061  -42.879  -23.649  56.122 0.0000000000
75060  -42.589  -23.712  55.645 0.0000000000
75069  -42.425  -23.557  55.044 0.0000000000
73844  -41.182  -24.572  51.855 0.0000000000
75105  -41.792  -23.898  52.864 0.0000000000
75129  -41.537  -24.057  51.776 0.0000000000
76441  -41.803  -23.739  51.295 0.0000000000
75151  -41.377  -23.892  50.709 0.0000000000
73861  -39.953  -25.365  50.199 0.0000000000
76479  -39.941  -24.909  48.027 0.0000000000
76480  -40.342  -24.717  48.566 0.0000000000
76458  -40.781  -24.245  49.130 0.0000000000
75214  -40.993  -24.983  47.934 0.0000000000
75213  -40.311  -25.316  47.527 0.0000000000
75256  -39.732  -25.149  45.183 0.0000000000
73917  -40.115  -25.532  46.161 0.0000000000
75285  -39.799  -25.029  44.703 0.0000000000
73965  -39.922  -24.951  44.237 0.0000000000
73897  -36.171  -26.243  46.302 0.0000000000
73915  -35.526  -26.067  45.634 0.0000000000
75252  -36.442  -25.539  44.950 0.0000000000
75309  -36.359  -25.373  43.431 0.0000000000
54977  -19.333  -39.918  66.196 0.0000000000
54960  -18.880  -39.893  66.841 0.0000000000
57361  -23.347  -38.817  66.588 0.0000000000
57351  -22.969  -39.136  66.982 0.0000000000
61095  -23.370  -35.340  58.417 0.0000000000
61094  -22.860  -35.547  57.993 0.0000000000
59868  -23.357  -36.113  59.302 0.0000000000
61044  -24.150  -35.642  59.757 0.0000000000
59848  -23.830  -36.147  60.144 0.0000000000
59849  -23.937  -36.011  60.386 0.0000000000
59830  -24.352  -36.240  60.716 0.0000000000
61023  -24.584  -35.976  60.629 0.0000000000
61143  -26.939  -34.913  56.476 0.0000000000
61160  -26.593  -34.817  55.575 0.0000000000
61142  -26.031  -34.767  56.536 0.0000000000
61102  -29.332  -34.654  58.414 0.0000000000
61073  -26.732  -34.558  59.196 0.0000000000
61072  -25.899  -34.650  59.216 0.0000000000
61047  -26.120  -34.690  59.904 0.0000000000
59811  -25.168  -36.926  61.159 0.0000000000
57406  -25.534  -38.277  62.870 0.0000000000
56252  -26.513  -38.681  61.896 0.0000000000
57457  -28.418  -37.367  60.075 0.0000000000
57470  -28.012  -37.839  59.481 0.0000000000
56310  -28.419  -38.413  59.131 0.0000000000
57449  -10.498  -37.504  59.722 0.0000000000
57435  -10.555  -37.564  60.752 0.0000000000
57438  -13.325  -38.311  61.223 0.0000000000
57452  -13.448  -37.815  60.085 0.0000000000
58602  -12.116  -37.380  61.520 0.0000000000
58626  -12.365  -37.328  61.050 0.0000000000
59843  -12.172  -36.094  59.841 0.0000000000
58644  -12.016  -36.366  60.213 0.0000000000
57400  -10.962  -37.889  62.812 0.0000000000
57385  -10.203  -38.547  63.415 0.0000000000
54954  -13.103  -39.906  67.255 0.0000000000
76581  -41.609  -22.228  42.043 0.0000000000
76565  -42.036  -22.838  42.732 0.0000000000
76566  -42.905  -22.476  43.020 0.0000000000
77812  -44.449  -21.848  43.857 0.0000000000
76544  -44.002  -22.438  43.866 0.0000000000
76527  -45.089  -22.561  44.650 0.0000000000
75259  -45.671  -23.360  45.245 0.0000000000
75260  -46.341  -22.826  45.320 0.0000000000
80439  -46.146  -19.405  44.303 0.0000000000
80438  -45.611  -20.002  44.185 0.0000000000
80413  -46.361  -19.959  44.655 0.0000000000
77784  -48.137  -21.553  46.528 0.0000000000
79071  -47.331  -20.919  45.702 0.0000000000
76514  -47.680  -22.405  46.405 0.0000000000
76515  -48.368  -22.491  47.018 0.0000000000
75219  -49.143  -23.232  48.223 0.0000000000
76497  -49.150  -22.488  47.632 0.0000000000
77754  -50.075  -21.224  50.122 0.0000000000
76466  -50.008  -22.343  50.210 0.0000000000
76467  -50.033  -22.238  50.866 0.0000000000
88431  -50.219  -14.001  44.557 0.0000000000
87092  -49.519  -14.861  44.825 0.0000000000
88415  -50.261  -14.359  45.710 0.0000000000
87060  -49.912  -15.018  46.508 0.0000000000
84317  -49.814  -16.805  47.850 0.0000000000
84308  -49.862  -16.731  48.913 0.0000000000
99549  -54.538  -4.892  39.749 0.0000000000
100699  -55.053  -3.355  38.343 0.0000000000
101829  -55.544  -2.820  38.284 0.0000000000
101824  -56.188  -2.523  39.448 0.0000000000
100722  -54.688  -3.776  35.435 0.0000000000
101845  -56.073  -1.875  36.317 0.0000000000
103037  -56.595  -1.403  37.333 0.0000000000
103038  -57.237  -0.785  37.408 0.0000000000
104230  -57.894  -0.553  38.345 0.0000000000
103046  -57.247  -0.477  36.659 0.0000000000
104258  -57.634  0.664  35.236 0.0000000000
105373  -58.201  0.506  36.990 0.0000000000
105383  -58.292  0.810  36.194 0.0000000000
105375  -59.855  0.770  36.701 0.0000000000
105384  -59.169  1.134  36.009 0.0000000000
109080  -55.844  3.071  30.152 0.0000000000
106711  -55.668  1.995  30.377 0.0000000000
106698  -55.796  1.278  30.636 0.0000000000
105474  -57.030  0.940  30.960 0.0000000000
105461  -57.268  0.892  31.557 0.0000000000
106699  -57.531  1.510  31.698 0.0000000000
107877  -58.829  2.823  33.293 0.0000000000
106674  -58.462  2.336  33.557 0.0000000000
107844  -59.753  2.239  34.211 0.0000000000
106638  -59.855  1.833  34.808 0.0000000000
107845  -59.980  2.122  34.223 0.0000000000
112622  -58.233  4.896  29.383 0.0000000000
112609  -59.483  5.664  30.468 0.0000000000
112624  -59.780  6.151  29.731 0.0000000000
63735  -30.854  -32.191  51.842 0.0000000000
65035  -30.672  -31.754  51.598 0.0000000000
64979  -32.057  -31.592  54.395 0.0000000000
64978  -31.711  -31.170  54.212 0.0000000000
66271  -31.555  -30.633  54.278 0.0000000000
73942  -41.091  -25.348  45.612 0.0000000000
73968  -42.592  -24.680  44.604 0.0000000000
73969  -43.337  -24.362  44.648 0.0000000000
95986  -53.285  -7.545  42.641 0.0000000000
97135  -53.382  -6.863  43.168 0.0000000000
97123  -53.925  -6.069  43.592 0.0000000000
99513  -55.454  -4.554  43.906 0.0000000000
100660  -56.117  -3.957  43.695 0.0000000000
100661  -56.975  -3.267  43.489 0.0000000000
100679  -55.727  -4.132  41.649 0.0000000000
100685  -55.568  -3.803  40.695 0.0000000000
55084  -9.747  -38.933  59.751 0.0000000000
55083  -9.043  -39.500  60.594 0.0000000000
69955  -36.719  -27.753  50.585 0.0000000000
71253  -38.047  -27.042  49.393 0.0000000000
72567  -37.596  -26.593  48.025 0.0000000000
73882  -37.467  -26.292  47.184 0.0000000000
56149  -16.922  -39.818  68.031 0.0000000000
58571  -23.640  -38.098  63.491 0.0000000000
58559  -23.868  -38.321  64.684 0.0000000000
58560  -24.261  -38.294  64.751 0.0000000000
57381  -25.537  -38.516  64.974 0.0000000000
57392  -25.817  -38.446  64.142 0.0000000000
57407  -26.010  -38.475  63.596 0.0000000000
61078  -31.315  -35.196  59.654 0.0000000000
61053  -31.376  -35.385  60.584 0.0000000000
59816  -30.552  -35.753  61.751 0.0000000000
58615  -30.840  -36.532  62.115 0.0000000000
85753  -45.884  -15.869  41.478 0.0000000000
84394  -46.293  -16.683  42.748 0.0000000000
85742  -46.600  -16.198  42.511 0.0000000000
85730  -47.242  -16.044  43.523 0.0000000000
85718  -48.410  -15.530  44.481 0.0000000000
68658  -34.944  -29.642  58.358 0.0000000000
68671  -34.663  -29.637  57.464 0.0000000000
69878  -32.203  -28.891  53.204 0.0000000000
69879  -33.028  -29.130  53.378 0.0000000000
69908  -34.572  -28.711  51.866 0.0000000000
55049  -18.247  -39.861  62.461 0.0000000000
55050  -19.257  -39.837  62.296 0.0000000000
56287  -20.633  -37.927  60.098 0.0000000000
56268  -20.579  -38.348  60.594 0.0000000000
57423  -22.216  -37.921  61.822 0.0000000000
58631  -22.070  -37.402  60.895 0.0000000000
58632  -22.763  -37.305  60.767 0.0000000000
61206  -32.406  -34.272  53.502 0.0000000000
61186  -32.412  -35.002  54.258 0.0000000000
61164  -33.007  -35.177  54.966 0.0000000000
59926  -32.466  -35.752  56.469 0.0000000000
59927  -33.366  -35.712  56.588 0.0000000000
59928  -34.121  -35.354  56.714 0.0000000000
59892  -34.510  -35.409  58.569 0.0000000000
61127  -34.939  -34.680  57.767 0.0000000000
62337  -34.973  -33.733  58.049 0.0000000000
66243  -33.363  -31.215  56.377 0.0000000000
66211  -33.739  -31.078  58.291 0.0000000000
67506  -34.351  -30.787  58.949 0.0000000000
56284  -16.864  -39.424  60.724 0.0000000000
55067  -17.532  -39.706  61.655 0.0000000000
76416  -43.685  -23.324  52.991 0.0000000000
76428  -43.526  -23.054  51.893 0.0000000000
73887  -45.415  -25.031  48.280 0.0000000000
75176  -45.170  -24.298  49.758 0.0000000000
75199  -45.736  -24.647  49.129 0.0000000000
75154  -46.854  -24.223  50.310 0.0000000000
75107  -47.322  -24.220  51.341 0.0000000000
73863  -47.901  -24.409  50.197 0.0000000000
73864  -48.577  -24.033  50.136 0.0000000000
92199  -47.937  -10.708  43.514 0.0000000000
92200  -48.590  -10.734  44.152 0.0000000000
92183  -48.276  -10.063  44.205 0.0000000000
93439  -48.741  -9.481  44.842 0.0000000000
92174  -49.584  -9.951  45.382 0.0000000000
95927  -52.309  -7.571  47.101 0.0000000000
94699  -51.623  -8.182  47.337 0.0000000000
94700  -52.403  -7.892  47.811 0.0000000000
104221  -59.529  -0.512  39.162 0.0000000000
85767  -42.879  -15.446  39.944 0.0000000000
92244  -45.265  -11.254  38.740 0.0000000000
93482  -46.363  -10.733  39.011 0.0000000000
94794  -46.988  -10.307  39.226 0.0000000000
93528  -49.672  -9.847  39.151 0.0000000000
93509  -51.403  -9.729  40.125 0.0000000000
93529  -50.676  -9.534  39.227 0.0000000000
94811  -51.653  -8.799  39.175 0.0000000000
94824  -51.829  -8.386  39.010 0.0000000000
96032  -52.755  -7.502  39.308 0.0000000000
96030  -51.612  -8.054  38.441 0.0000000000
96043  -51.808  -7.321  37.926 0.0000000000
50103  -4.823  -44.058  61.107 0.0000000000
53734  -7.221  -40.591  66.693 0.0000000000
53733  -6.387  -40.875  66.017 0.0000000000
52474  -5.768  -41.240  65.746 0.0000000000
52478  -5.322  -41.648  65.277 0.0000000000
50003  -2.972  -43.779  67.370 0.0000000000
48765  -2.867  -44.494  65.919 0.0000000000
48770  -2.860  -44.725  64.925 0.0000000000
47558  -2.865  -45.765  64.532 0.0000000000
69850  -36.295  -28.170  57.482 0.0000000000
71167  -39.103  -27.095  53.361 0.0000000000
71158  -40.082  -26.682  54.539 0.0000000000
71148  -40.846  -26.042  55.670 0.0000000000
72486  -41.570  -25.443  54.702 0.0000000000
73791  -41.649  -24.563  53.777 0.0000000000
75191  -38.944  -25.183  48.064 0.0000000000
75170  -39.849  -24.942  49.218 0.0000000000
75192  -39.475  -25.024  48.249 0.0000000000
76494  -39.266  -25.086  47.474 0.0000000000
76495  -39.823  -25.191  47.640 0.0000000000
75255  -38.996  -25.163  45.295 0.0000000000
54999  -20.313  -39.748  65.148 0.0000000000
56190  -20.265  -39.764  66.538 0.0000000000
56191  -20.836  -39.462  66.086 0.0000000000
57358  -21.334  -39.184  66.527 0.0000000000
57349  -21.964  -39.283  67.125 0.0000000000
56158  -24.364  -39.321  66.845 0.0000000000
56157  -23.687  -39.423  67.185 0.0000000000
61139  -23.540  -34.272  56.470 0.0000000000
61138  -22.727  -34.460  56.615 0.0000000000
61050  -28.695  -34.606  60.255 0.0000000000
61049  -27.723  -34.531  60.200 0.0000000000
61025  -25.810  -34.898  60.729 0.0000000000
59812  -26.127  -36.070  61.119 0.0000000000
57425  -25.772  -37.981  61.698 0.0000000000
57440  -26.019  -37.527  61.034 0.0000000000
56270  -26.690  -38.395  60.823 0.0000000000
56288  -26.914  -38.102  60.298 0.0000000000
57403  -12.792  -38.805  62.574 0.0000000000
57420  -11.888  -37.744  62.026 0.0000000000
58601  -11.946  -37.077  61.629 0.0000000000
57401  -11.502  -38.133  62.722 0.0000000000
57387  -11.153  -38.533  63.482 0.0000000000
56213  -10.826  -38.934  64.266 0.0000000000
54921  -14.345  -39.873  68.889 0.0000000000
54903  -13.901  -39.902  69.656 0.0000000000
77848  -42.777  -21.226  42.024 0.0000000000
77831  -43.366  -21.408  42.685 0.0000000000
77833  -44.538  -21.473  43.757 0.0000000000
77813  -45.040  -21.551  44.131 0.0000000000
81681  -47.781  -18.830  45.528 0.0000000000
80414  -47.104  -19.621  45.173 0.0000000000
80385  -48.218  -19.601  46.246 0.0000000000
79073  -48.879  -20.644  46.944 0.0000000000
79059  -49.342  -20.895  47.425 0.0000000000
77771  -49.676  -21.911  48.233 0.0000000000
79044  -50.117  -20.355  50.259 0.0000000000
88416  -50.911  -13.440  46.269 0.0000000000
88396  -50.338  -14.159  46.936 0.0000000000
88387  -50.358  -14.023  47.842 0.0000000000
87053  -50.183  -14.294  48.493 0.0000000000
87044  -49.954  -14.996  48.879 0.0000000000
99557  -54.073  -4.757  38.583 0.0000000000
99564  -53.995  -4.513  37.518 0.0000000000
100705  -54.509  -3.859  37.434 0.0000000000
103052  -56.453  -0.954  35.130 0.0000000000
104250  -56.940  -0.507  35.870 0.0000000000
104257  -56.924  -0.105  34.979 0.0000000000
104268  -57.246  0.470  34.404 0.0000000000
111448  -52.581  4.219  31.118 0.0000000000
111450  -54.200  4.404  30.645 0.0000000000
110265  -55.478  3.611  30.025 0.0000000000
109081  -56.798  2.918  30.323 0.0000000000
107903  -57.760  2.263  31.692 0.0000000000
109056  -58.652  3.300  32.499 0.0000000000
109041  -59.407  3.477  32.944 0.0000000000
110224  -59.726  4.023  32.655 0.0000000000
112646  -58.986  5.250  28.181 0.0000000000
112638  -60.088  6.134  28.788 0.0000000000
111480  -60.647  4.740  28.649 0.0000000000
67539  -33.755  -29.876  55.508 0.0000000000
56308  -20.326  -38.084  59.230 0.0000000000
61238  -30.419  -33.847  51.672 0.0000000000
62413  -31.669  -33.409  52.570 0.0000000000
62399  -32.043  -33.713  53.037 0.0000000000
62400  -32.623  -33.469  53.434 0.0000000000
62384  -33.109  -33.812  54.019 0.0000000000
62364  -33.560  -33.222  54.688 0.0000000000
63676  -33.419  -32.275  55.350 0.0000000000
64963  -33.172  -31.805  55.679 0.0000000000
64962  -33.054  -31.549  55.282 0.0000000000
64946  -33.180  -31.424  55.834 0.0000000000
66242  -33.390  -31.078  55.867 0.0000000000
67529  -33.736  -30.607  55.921 0.0000000000
76483  -42.297  -24.087  49.100 0.0000000000
75196  -42.931  -24.367  48.697 0.0000000000
73885  -43.598  -24.878  48.185 0.0000000000
73920  -43.065  -25.433  46.527 0.0000000000
73903  -43.853  -25.245  47.382 0.0000000000
73886  -44.440  -25.017  48.229 0.0000000000
73904  -44.893  -25.137  47.314 0.0000000000
73905  -45.933  -24.959  47.357 0.0000000000
73923  -46.334  -24.455  46.537 0.0000000000
95967  -49.104  -8.050  43.353 0.0000000000
95956  -49.506  -7.884  44.267 0.0000000000
95968  -50.105  -7.877  43.495 0.0000000000
95957  -50.448  -7.668  44.333 0.0000000000
95946  -51.557  -7.403  45.349 0.0000000000
97121  -52.542  -6.705  44.249 0.0000000000
95959  -52.038  -6.888  44.676 0.0000000000
95947  -52.241  -6.970  45.565 0.0000000000
95937  -52.585  -7.015  46.475 0.0000000000
95929  -53.624  -6.948  47.916 0.0000000000
101794  -56.994  -2.936  42.948 0.0000000000
101819  -57.888  -1.811  40.843 0.0000000000
103012  -57.358  -1.656  39.991 0.0000000000
53807  -9.344  -39.770  59.020 0.0000000000
52542  -8.286  -40.870  59.079 0.0000000000
52512  -6.692  -41.674  60.652 0.0000000000
71183  -38.030  -27.467  52.312 0.0000000000
71213  -40.235  -26.570  51.702 0.0000000000
72529  -40.676  -25.986  51.575 0.0000000000
72544  -39.606  -26.243  50.161 0.0000000000
72557  -39.176  -26.046  49.406 0.0000000000
72556  -38.565  -26.350  49.034 0.0000000000
73872  -38.837  -25.722  48.890 0.0000000000
75211  -38.523  -25.294  47.116 0.0000000000
57378  -22.593  -38.551  64.943 0.0000000000
57370  -22.273  -38.767  65.897 0.0000000000
57379  -22.946  -38.503  65.359 0.0000000000
58534  -23.254  -38.497  66.053 0.0000000000
57362  -24.167  -38.761  66.688 0.0000000000
58547  -23.805  -38.468  65.724 0.0000000000
57372  -24.110  -38.528  66.066 0.0000000000
54945  -24.860  -39.807  66.851 0.0000000000
56193  -26.691  -38.943  65.653 0.0000000000
61156  -23.744  -33.947  55.615 0.0000000000
61076  -29.517  -34.583  59.402 0.0000000000
61028  -28.832  -34.904  61.032 0.0000000000
59814  -28.180  -35.722  61.779 0.0000000000
58635  -27.728  -36.528  60.930 0.0000000000
58613  -28.455  -36.161  61.634 0.0000000000
57458  -29.324  -37.478  60.354 0.0000000000
57443  -29.679  -37.332  61.325 0.0000000000
56290  -29.849  -37.947  59.743 0.0000000000
56264  -14.009  -38.571  60.722 0.0000000000
56229  -13.576  -39.168  63.033 0.0000000000
56204  -12.861  -39.628  64.846 0.0000000000
54955  -14.143  -39.883  67.301 0.0000000000
54940  -14.830  -39.861  68.165 0.0000000000
81763  -44.772  -18.715  42.302 0.0000000000
80483  -44.695  -19.388  42.691 0.0000000000
81741  -45.540  -18.707  43.269 0.0000000000
81723  -46.406  -18.600  44.090 0.0000000000
84374  -46.620  -16.831  43.284 0.0000000000
83016  -47.334  -17.642  44.235 0.0000000000
82985  -49.481  -17.914  46.802 0.0000000000
98416  -53.384  -5.454  34.573 0.0000000000
99586  -54.015  -4.968  34.884 0.0000000000
98426  -54.066  -4.781  33.709 0.0000000000
99596  -54.436  -4.183  33.461 0.0000000000
100737  -54.993  -3.503  33.486 0.0000000000
111464  -53.073  4.380  30.459 0.0000000000
112617  -53.978  4.800  30.115 0.0000000000
112605  -55.795  4.232  29.460 0.0000000000
112607  -57.901  4.619  29.852 0.0000000000
112620  -56.322  4.623  29.161 0.0000000000
112635  -57.630  5.014  28.753 0.0000000000
109113  -53.880  3.718  28.810 0.0000000000
111488  -55.672  4.247  28.548 0.0000000000
112644  -57.222  5.092  28.224 0.0000000000
55026  -9.103  -39.009  63.250 0.0000000000
55009  -8.581  -39.797  64.912 0.0000000000
53729  -7.263  -40.691  67.664 0.0000000000
68672  -34.944  -28.987  57.926 0.0000000000
68694  -33.986  -29.448  55.799 0.0000000000
68708  -34.285  -29.019  55.269 0.0000000000
68723  -34.089  -29.014  54.457 0.0000000000
69932  -36.120  -27.937  51.286 0.0000000000
69954  -36.091  -27.890  50.205 0.0000000000
69974  -35.770  -27.912  49.219 0.0000000000
54996  -17.586  -39.857  65.340 0.0000000000
54997  -18.521  -39.926  65.295 0.0000000000
57390  -22.554  -38.481  63.832 0.0000000000
58569  -22.960  -38.389  63.745 0.0000000000
58585  -22.939  -38.089  62.787 0.0000000000
59794  -24.049  -37.504  62.346 0.0000000000
61219  -26.977  -34.657  52.629 0.0000000000
61202  -27.621  -34.805  53.568 0.0000000000
61204  -29.941  -35.149  53.403 0.0000000000
59964  -30.499  -35.401  53.967 0.0000000000
59951  -30.107  -35.464  54.644 0.0000000000
61147  -30.590  -35.379  56.836 0.0000000000
61126  -30.909  -35.292  57.541 0.0000000000
59908  -32.707  -35.768  57.374 0.0000000000
59889  -32.142  -35.618  58.094 0.0000000000
61105  -32.063  -35.543  58.923 0.0000000000
61079  -32.004  -35.554  59.830 0.0000000000
59833  -32.748  -36.026  61.125 0.0000000000
59871  -34.791  -35.536  59.624 0.0000000000
59872  -35.016  -35.552  60.209 0.0000000000
59835  -35.021  -35.500  61.255 0.0000000000
61033  -35.222  -34.811  60.933 0.0000000000
61032  -35.008  -34.086  61.307 0.0000000000
62295  -34.734  -33.066  61.120 0.0000000000
62348  -34.481  -33.282  56.295 0.0000000000
63660  -34.701  -33.005  57.589 0.0000000000
63642  -34.749  -32.870  58.321 0.0000000000
63621  -33.640  -32.028  58.067 0.0000000000
63622  -34.201  -32.255  58.549 0.0000000000
63623  -34.715  -32.726  59.135 0.0000000000
63606  -34.601  -32.631  59.922 0.0000000000
63587  -34.537  -32.527  60.623 0.0000000000
63547  -34.417  -31.872  61.270 0.0000000000
56282  -14.555  -38.652  59.897 0.0000000000
56267  -16.725  -39.556  61.941 0.0000000000
55013  -16.902  -39.757  64.484 0.0000000000
75062  -44.812  -23.686  55.185 0.0000000000
75086  -44.341  -24.214  53.725 0.0000000000
71161  -44.383  -26.444  53.881 0.0000000000
71171  -44.387  -26.697  53.020 0.0000000000
76462  -43.784  -23.587  50.108 0.0000000000
76445  -44.728  -24.078  50.496 0.0000000000
76464  -45.466  -24.163  50.153 0.0000000000
72531  -45.012  -25.425  51.868 0.0000000000
72512  -45.594  -25.732  52.016 0.0000000000
88470  -48.178  -13.367  42.288 0.0000000000
87128  -48.254  -13.767  42.431 0.0000000000
88457  -48.774  -13.252  42.671 0.0000000000
88443  -49.976  -13.217  43.732 0.0000000000
88444  -50.465  -13.275  44.415 0.0000000000
90968  -49.711  -11.699  43.926 0.0000000000
89712  -50.475  -12.432  44.450 0.0000000000
89672  -51.060  -12.473  48.007 0.0000000000
89660  -51.024  -12.567  49.146 0.0000000000
94715  -49.449  -8.289  45.065 0.0000000000
93424  -50.339  -9.722  46.675 0.0000000000
94698  -50.872  -8.649  46.942 0.0000000000
93425  -50.651  -9.582  47.160 0.0000000000
92161  -50.727  -10.401  47.247 0.0000000000
46317  -2.862  -47.624  61.283 0.0000000000
75329  -40.531  -23.474  42.296 0.0000000000
76580  -40.696  -22.507  41.693 0.0000000000
77846  -41.234  -21.738  41.409 0.0000000000
79155  -41.307  -20.712  40.754 0.0000000000
77862  -41.528  -21.128  41.125 0.0000000000
79156  -42.114  -20.454  41.023 0.0000000000
80493  -42.983  -19.654  41.194 0.0000000000
81775  -43.194  -18.850  40.940 0.0000000000
83075  -41.873  -17.686  39.768 0.0000000000
83065  -44.170  -17.595  41.022 0.0000000000
84405  -44.622  -16.902  41.061 0.0000000000
84419  -44.713  -16.405  41.023 0.0000000000
85768  -43.855  -15.470  40.375 0.0000000000
85769  -44.959  -15.652  40.896 0.0000000000
85752  -45.339  -16.026  41.251 0.0000000000
87138  -45.830  -15.030  41.001 0.0000000000
87139  -46.306  -14.611  41.053 0.0000000000
88485  -46.451  -13.524  40.989 0.0000000000
89775  -45.324  -12.836  40.060 0.0000000000
88484  -45.808  -12.890  40.485 0.0000000000
89761  -46.995  -13.184  41.310 0.0000000000
89739  -47.310  -12.592  41.731 0.0000000000
91007  -47.184  -12.120  41.907 0.0000000000
92220  -47.525  -11.235  42.666 0.0000000000
92218  -47.150  -11.114  40.957 0.0000000000
92219  -47.300  -11.100  41.933 0.0000000000
92198  -47.424  -10.523  42.835 0.0000000000
93447  -47.416  -10.016  42.876 0.0000000000
94742  -47.493  -8.976  42.405 0.0000000000
94743  -48.238  -8.299  42.969 0.0000000000
93504  -46.726  -10.338  39.173 0.0000000000
93505  -47.370  -9.993  39.884 0.0000000000
93483  -47.574  -9.871  40.425 0.0000000000
94776  -48.108  -9.621  41.303 0.0000000000
94757  -48.173  -8.961  42.021 0.0000000000
94758  -49.085  -8.719  42.412 0.0000000000
95983  -49.748  -8.375  42.832 0.0000000000
93488  -51.850  -9.750  40.862 0.0000000000
94780  -52.527  -9.337  41.197 0.0000000000
94761  -52.765  -8.661  42.131 0.0000000000
96000  -53.826  -7.837  41.591 0.0000000000
97149  -54.088  -7.358  41.344 0.0000000000
98354  -54.350  -6.493  40.855 0.0000000000
99543  -54.755  -5.452  40.717 0.0000000000
98380  -53.379  -6.006  38.788 0.0000000000
97179  -52.726  -6.909  38.880 0.0000000000
99556  -53.552  -5.384  38.363 0.0000000000
98388  -53.059  -5.760  37.775 0.0000000000
98397  -52.782  -5.750  36.700 0.0000000000
98406  -53.095  -5.627  35.623 0.0000000000
98424  -52.506  -5.349  33.664 0.0000000000
55045  -8.703  -39.500  62.890 0.0000000000
53769  -8.224  -40.103  62.568 0.0000000000
53768  -7.705  -40.618  62.422 0.0000000000
53748  -6.921  -40.810  64.283 0.0000000000
52491  -7.269  -40.770  63.146 0.0000000000
52501  -7.142  -41.073  62.203 0.0000000000
52500  -6.581  -41.591  61.729 0.0000000000
51296  -5.858  -41.988  62.158 0.0000000000
52468  -4.508  -42.032  67.484 0.0000000000
52472  -4.667  -41.892  66.512 0.0000000000
51252  -4.742  -42.120  65.230 0.0000000000
51249  -3.078  -43.194  66.370 0.0000000000
51251  -4.338  -42.442  65.760 0.0000000000
51265  -4.954  -42.118  64.542 0.0000000000
51279  -5.243  -42.207  63.621 0.0000000000
51312  -5.440  -42.630  61.638 0.0000000000
50092  -4.968  -42.993  61.958 0.0000000000
48782  -3.520  -44.887  63.513 0.0000000000
48796  -4.294  -44.684  62.343 0.0000000000
46306  -2.950  -47.436  62.257 0.0000000000
45015  -2.580  -47.931  62.556 0.0000000000
45001  -2.376  -48.444  63.225 0.0000000000
43660  -2.314  -48.592  63.695 0.0000000000
73730  -45.080  -24.671  58.244 0.0000000000
75038  -44.692  -24.177  58.138 0.0000000000
69818  -37.288  -27.331  60.734 0.0000000000
69838  -37.379  -27.443  58.774 0.0000000000
69871  -38.433  -27.370  56.181 0.0000000000
71115  -39.999  -25.980  58.720 0.0000000000
72426  -41.873  -25.009  58.404 0.0000000000
73736  -42.345  -24.788  57.829 0.0000000000
72456  -41.466  -25.462  56.462 0.0000000000
72457  -41.967  -24.940  56.638 0.0000000000
73737  -42.885  -24.461  57.381 0.0000000000
75053  -43.293  -23.823  56.934 0.0000000000
76366  -43.707  -23.251  56.807 0.0000000000
76383  -43.095  -23.235  55.193 0.0000000000
76382  -42.698  -23.253  54.830 0.0000000000
76396  -42.646  -23.102  54.197 0.0000000000
76414  -42.364  -23.346  52.989 0.0000000000
76460  -41.932  -23.954  49.757 0.0000000000
73842  -40.406  -25.477  50.931 0.0000000000
73843  -40.798  -25.004  51.418 0.0000000000
75150  -40.684  -24.367  50.452 0.0000000000
75172  -40.930  -24.005  49.815 0.0000000000
76459  -41.268  -24.068  49.341 0.0000000000
76482  -41.673  -24.186  48.896 0.0000000000
75194  -41.489  -24.524  48.358 0.0000000000
75235  -41.287  -25.274  47.516 0.0000000000
73918  -40.577  -25.558  46.327 0.0000000000
73966  -40.295  -24.993  44.673 0.0000000000
71262  -35.450  -27.487  47.896 0.0000000000
72578  -36.244  -26.588  47.084 0.0000000000
73898  -36.922  -26.247  46.559 0.0000000000
75209  -37.165  -25.848  45.997 0.0000000000
75230  -37.283  -25.643  45.632 0.0000000000
75281  -36.361  -25.434  44.334 0.0000000000
75283  -38.273  -25.277  44.307 0.0000000000
75311  -38.523  -25.410  43.072 0.0000000000
75326  -37.582  -25.102  42.064 0.0000000000
75312  -39.540  -24.972  42.919 0.0000000000
75328  -39.678  -24.040  42.167 0.0000000000
56174  -18.841  -39.865  67.471 0.0000000000
56175  -19.831  -39.850  67.128 0.0000000000
57350  -22.348  -39.227  67.057 0.0000000000
58682  -21.018  -36.662  58.331 0.0000000000
58683  -21.601  -36.673  58.624 0.0000000000
59828  -23.434  -37.032  60.823 0.0000000000
59809  -24.122  -36.930  61.140 0.0000000000
61180  -25.316  -34.522  54.864 0.0000000000
61120  -25.444  -34.712  57.479 0.0000000000
61123  -28.164  -34.758  57.391 0.0000000000
61100  -27.442  -34.653  58.322 0.0000000000
61071  -25.062  -34.877  59.311 0.0000000000
61024  -25.001  -35.530  60.619 0.0000000000
61008  -24.743  -36.251  60.934 0.0000000000
59810  -24.480  -36.926  61.203 0.0000000000
59795  -24.406  -37.460  62.005 0.0000000000
56234  -26.292  -38.626  63.041 0.0000000000
56251  -26.075  -38.378  62.196 0.0000000000
56235  -27.083  -39.065  62.933 0.0000000000
57456  -27.411  -37.642  60.038 0.0000000000
57469  -27.524  -38.113  59.696 0.0000000000
56289  -27.246  -38.629  60.168 0.0000000000
56280  -10.179  -38.000  59.574 0.0000000000
56263  -9.969  -38.106  60.484 0.0000000000
57437  -12.844  -37.570  60.779 0.0000000000
58643  -11.592  -36.295  59.435 0.0000000000
57436  -11.271  -37.215  60.754 0.0000000000
56227  -9.746  -38.637  63.130 0.0000000000
54920  -13.309  -39.889  68.888 0.0000000000
75315  -42.638  -23.586  43.540 0.0000000000
75287  -43.697  -23.566  44.204 0.0000000000
76567  -43.539  -22.144  43.330 0.0000000000
75258  -44.627  -23.626  44.953 0.0000000000
73946  -45.233  -24.182  45.508 0.0000000000
75236  -45.873  -24.151  45.836 0.0000000000
73924  -47.031  -24.039  46.631 0.0000000000
80461  -44.901  -19.898  43.295 0.0000000000
79111  -45.150  -20.570  43.934 0.0000000000
77799  -46.089  -21.452  44.807 0.0000000000
79092  -46.931  -20.701  45.276 0.0000000000
77800  -46.799  -21.654  45.324 0.0000000000
76529  -46.441  -22.166  45.166 0.0000000000
76513  -46.965  -22.494  45.736 0.0000000000
75238  -47.330  -23.281  46.417 0.0000000000
75217  -47.608  -23.868  47.135 0.0000000000
75218  -48.481  -23.588  47.658 0.0000000000
75201  -48.792  -23.782  48.741 0.0000000000
75179  -48.969  -23.714  49.579 0.0000000000
76484  -49.779  -22.528  49.097 0.0000000000
75180  -49.546  -23.205  49.805 0.0000000000
87117  -48.668  -14.231  43.109 0.0000000000
87103  -48.725  -15.022  44.050 0.0000000000
85706  -49.230  -15.443  45.175 0.0000000000
85687  -49.483  -16.006  45.802 0.0000000000
84332  -49.598  -17.022  46.675 0.0000000000
82970  -49.714  -17.751  47.520 0.0000000000
81656  -49.785  -18.579  48.106 0.0000000000
80327  -50.010  -19.509  49.697 0.0000000000
100691  -54.717  -4.230  39.275 0.0000000000
100692  -55.374  -3.422  39.558 0.0000000000
100693  -56.049  -2.950  40.061 0.0000000000
101825  -56.892  -1.845  39.687 0.0000000000
103021  -57.307  -1.423  39.304 0.0000000000
100714  -55.047  -3.169  36.374 0.0000000000
101851  -55.607  -2.407  35.333 0.0000000000
101844  -55.536  -2.526  36.341 0.0000000000
101836  -55.548  -2.687  37.325 0.0000000000
101830  -56.109  -2.294  38.276 0.0000000000
103028  -56.593  -1.649  38.277 0.0000000000
104219  -57.795  -0.903  39.010 0.0000000000
104231  -58.776  -0.038  38.406 0.0000000000
104243  -58.612  0.336  37.612 0.0000000000
105363  -59.227  0.332  37.875 0.0000000000
105365  -60.187  0.139  37.135 0.0000000000
104292  -56.596  -0.084  31.708 0.0000000000
105444  -57.114  0.394  32.080 0.0000000000
105427  -57.202  0.651  33.130 0.0000000000
105411  -57.717  1.236  34.130 0.0000000000
106686  -57.760  1.787  32.425 0.0000000000
106655  -58.276  1.973  33.960 0.0000000000
106624  -59.568  1.344  35.267 0.0000000000
112594  -59.273  5.250  30.886 0.0000000000
110252  -60.311  4.700  31.243 0.0000000000
111468  -60.637  5.003  29.498 0.0000000000
50058  -4.201  -42.959  64.243 0.0000000000
50076  -3.357  -44.557  63.853 0.0000000000
50116  -5.198  -43.669  60.265 0.0000000000
51236  -3.693  -42.966  67.694 0.0000000000
51250  -3.588  -42.924  65.956 0.0000000000
51263  -3.866  -42.889  65.273 0.0000000000
51278  -4.616  -42.669  64.014 0.0000000000
52467  -4.330  -42.622  67.762 0.0000000000
52473  -5.357  -41.481  66.202 0.0000000000
52477  -4.849  -41.869  65.791 0.0000000000
52484  -6.922  -40.891  63.770 0.0000000000
53690  -13.932  -40.359  70.234 0.0000000000
53704  -14.066  -39.979  70.098 0.0000000000
53716  -6.774  -41.041  68.889 0.0000000000
53732  -5.812  -41.129  66.175 0.0000000000
53777  -7.607  -40.860  61.708 0.0000000000
53825  -8.868  -40.392  58.549 0.0000000000
54943  -23.560  -39.824  67.415 0.0000000000
54978  -20.073  -39.855  65.876 0.0000000000
54991  -12.892  -39.843  65.600 0.0000000000
56177  -21.715  -39.325  67.101 0.0000000000
56192  -25.944  -38.877  65.843 0.0000000000
56285  -17.500  -39.548  60.364 0.0000000000
57352  -23.531  -39.083  66.966 0.0000000000
57363  -24.322  -38.815  66.449 0.0000000000
57364  -24.768  -38.862  66.138 0.0000000000
57371  -22.850  -38.595  65.804 0.0000000000
57426  -26.098  -38.257  61.718 0.0000000000
57442  -28.899  -37.102  60.898 0.0000000000
58533  -22.747  -38.591  65.921 0.0000000000
58535  -23.556  -38.596  66.196 0.0000000000
58545  -23.131  -38.530  65.702 0.0000000000
58587  -23.555  -37.815  62.795 0.0000000000
58600  -11.775  -37.170  61.515 0.0000000000
58609  -23.297  -37.585  61.737 0.0000000000
58633  -25.874  -37.245  60.993 0.0000000000
58653  -26.590  -37.384  60.594 0.0000000000
58654  -27.140  -37.110  60.463 0.0000000000
59779  -23.763  -37.792  62.997 0.0000000000
59836  -35.186  -35.193  60.867 0.0000000000
59854  -35.114  -35.410  60.607 0.0000000000
61031  -31.120  -35.443  61.127 0.0000000000
61081  -35.270  -35.102  60.139 0.0000000000
62286  -34.666  -33.115  61.727 0.0000000000
62347  -23.414  -33.925  55.920 0.0000000000
64880  -34.164  -31.270  59.442 0.0000000000
64895  -34.083  -31.583  59.572 0.0000000000
66182  -34.478  -31.065  60.183 0.0000000000
67492  -34.459  -30.937  59.553 0.0000000000
71160  -41.395  -25.864  54.237 0.0000000000
72443  -41.902  -24.941  57.569 0.0000000000
72485  -41.235  -25.897  55.185 0.0000000000
72496  -44.322  -25.766  53.147 0.0000000000
72530  -44.770  -25.379  52.068 0.0000000000
73744  -42.822  -24.063  56.778 0.0000000000
73756  -42.625  -24.084  56.442 0.0000000000
73820  -46.139  -25.000  51.907 0.0000000000
73845  -44.839  -25.063  51.832 0.0000000000
73849  -48.666  -23.910  50.532 0.0000000000
73862  -40.385  -24.926  50.595 0.0000000000
73890  -48.124  -24.389  48.630 0.0000000000
75026  -42.828  -24.996  58.206 0.0000000000
75027  -42.972  -24.878  58.068 0.0000000000
75035  -43.082  -24.719  57.794 0.0000000000
75045  -43.322  -24.275  57.438 0.0000000000
75046  -43.632  -23.980  57.325 0.0000000000
75047  -44.618  -23.718  57.779 0.0000000000
75054  -43.627  -23.630  57.120 0.0000000000
75070  -42.733  -23.487  55.503 0.0000000000
75071  -44.538  -23.996  54.562 0.0000000000
75153  -46.391  -24.074  50.542 0.0000000000
75169  -39.370  -25.195  48.719 0.0000000000
75173  -41.413  -23.933  49.981 0.0000000000
75195  -42.058  -24.415  48.486 0.0000000000
75215  -41.708  -24.948  47.894 0.0000000000
75286  -42.961  -24.099  44.213 0.0000000000
76346  -43.841  -24.045  57.463 0.0000000000
76355  -43.861  -23.689  57.318 0.0000000000
76356  -44.231  -23.537  57.402 0.0000000000
76365  -43.293  -23.422  56.505 0.0000000000
76430  -45.122  -24.297  50.871 0.0000000000
76449  -50.006  -22.193  51.045 0.0000000000
76465  -46.174  -24.169  50.117 0.0000000000
76498  -49.491  -22.712  48.391 0.0000000000
76528  -45.838  -22.370  44.951 0.0000000000
76545  -44.643  -22.277  44.109 0.0000000000
77747  -50.163  -21.002  50.791 0.0000000000
77755  -50.108  -21.742  50.789 0.0000000000
77770  -49.316  -21.400  47.496 0.0000000000
77814  -45.530  -21.436  44.499 0.0000000000
77847  -42.056  -21.383  41.633 0.0000000000
77861  -40.904  -21.246  40.943 0.0000000000
79093  -47.313  -20.146  45.569 0.0000000000
79112  -45.553  -20.911  44.401 0.0000000000
79131  -43.647  -20.720  42.496 0.0000000000
79132  -44.086  -20.574  42.922 0.0000000000
79144  -42.624  -20.807  41.583 0.0000000000
79154  -40.701  -20.788  40.560 0.0000000000
79157  -42.776  -20.367  41.414 0.0000000000
80384  -47.582  -19.742  45.738 0.0000000000
80412  -46.001  -20.154  44.505 0.0000000000
80437  -45.195  -20.147  43.846 0.0000000000
80482  -44.081  -19.688  42.347 0.0000000000
80492  -42.339  -19.855  40.781 0.0000000000
80494  -43.617  -19.496  41.722 0.0000000000
80506  -42.433  -19.531  40.624 0.0000000000
81702  -46.634  -19.262  44.589 0.0000000000
81722  -45.789  -19.213  43.955 0.0000000000
81724  -47.081  -18.084  44.337 0.0000000000
81740  -45.012  -19.197  42.865 0.0000000000
81776  -43.865  -18.796  41.567 0.0000000000
83015  -46.807  -17.545  43.881 0.0000000000
83031  -45.884  -17.442  43.043 0.0000000000
83032  -46.369  -17.442  43.443 0.0000000000
83053  -45.512  -17.354  42.545 0.0000000000
83066  -44.787  -17.330  41.388 0.0000000000
84330  -48.609  -17.116  45.398 0.0000000000
84361  -46.989  -16.969  43.812 0.0000000000
84392  -45.426  -16.803  41.885 0.0000000000
84393  -45.853  -16.753  42.299 0.0000000000
84406  -45.185  -16.565  41.386 0.0000000000
85661  -49.913  -15.880  49.368 0.0000000000
85685  -48.583  -16.872  45.066 0.0000000000
85704  -48.327  -16.535  44.769 0.0000000000
85705  -48.692  -15.874  44.943 0.0000000000
85729  -46.835  -16.366  43.113 0.0000000000
85741  -46.135  -16.301  42.071 0.0000000000
85770  -45.556  -15.241  40.971 0.0000000000
87091  -48.860  -15.343  44.732 0.0000000000
87102  -48.046  -15.536  43.983 0.0000000000
87104  -49.527  -14.267  43.844 0.0000000000
87140  -47.215  -14.303  41.461 0.0000000000
87163  -45.971  -13.813  40.688 0.0000000000
88458  -49.438  -13.125  43.147 0.0000000000
88486  -47.108  -13.611  41.334 0.0000000000
88503  -45.519  -13.354  40.429 0.0000000000
89723  -47.791  -12.343  42.196 0.0000000000
89737  -46.041  -12.184  40.295 0.0000000000
89740  -48.062  -13.020  42.174 0.0000000000
89760  -46.366  -12.767  40.886 0.0000000000
90945  -50.296  -10.980  45.447 0.0000000000
90952  -49.172  -11.075  44.303 0.0000000000
90953  -49.872  -11.110  44.755 0.0000000000
90967  -48.750  -11.301  43.642 0.0000000000
90969  -50.263  -11.650  44.496 0.0000000000
90986  -47.119  -11.691  41.953 0.0000000000
90987  -47.772  -11.948  42.353 0.0000000000
91004  -45.834  -11.784  39.430 0.0000000000
91023  -45.793  -11.941  39.632 0.0000000000
92160  -50.365  -10.069  46.698 0.0000000000
92176  -50.686  -10.687  46.684 0.0000000000
93431  -49.480  -9.450  45.365 0.0000000000
93432  -50.112  -9.539  46.055 0.0000000000
93438  -48.020  -9.520  44.273 0.0000000000
93468  -45.741  -11.189  38.908 0.0000000000
93470  -50.234  -9.712  41.861 0.0000000000
93481  -45.112  -11.019  38.770 0.0000000000
93484  -47.902  -9.821  40.543 0.0000000000
93530  -51.383  -9.286  39.420 0.0000000000
94686  -51.073  -8.954  47.934 0.0000000000
94706  -50.054  -8.761  45.670 0.0000000000
94708  -51.201  -8.121  46.528 0.0000000000
94725  -47.328  -9.563  42.753 0.0000000000
94727  -48.235  -8.315  44.005 0.0000000000
94728  -48.884  -8.171  44.472 0.0000000000
94740  -47.368  -10.443  41.009 0.0000000000
94744  -48.877  -8.258  42.879 0.0000000000
94759  -50.183  -9.274  42.239 0.0000000000
94762  -53.373  -8.237  41.985 0.0000000000
94773  -46.945  -10.393  39.559 0.0000000000
94775  -47.547  -9.868  40.700 0.0000000000
94779  -51.826  -9.724  41.376 0.0000000000
94795  -47.066  -10.172  39.815 0.0000000000
94796  -47.273  -10.003  40.193 0.0000000000
94797  -51.913  -9.136  39.777 0.0000000000
94810  -51.116  -8.967  38.895 0.0000000000
94812  -52.129  -8.559  39.415 0.0000000000
94821  -50.460  -8.890  38.088 0.0000000000
94822  -50.912  -8.689  38.327 0.0000000000
94838  -51.076  -8.345  38.140 0.0000000000
95936  -51.843  -7.651  46.309 0.0000000000
95955  -48.815  -8.023  43.968 0.0000000000
95982  -49.197  -8.281  42.850 0.0000000000
96001  -53.890  -7.476  42.154 0.0000000000
96012  -52.832  -8.303  39.994 0.0000000000
96020  -52.520  -8.293  39.609 0.0000000000
96031  -52.075  -7.832  38.855 0.0000000000
96041  -50.825  -8.084  37.556 0.0000000000
97084  -53.558  -6.454  47.077 0.0000000000
97095  -53.866  -5.884  46.627 0.0000000000
97116  -53.195  -6.136  44.962 0.0000000000
97150  -54.241  -7.078  41.845 0.0000000000
97158  -54.184  -7.082  41.199 0.0000000000
98269  -53.909  -5.510  45.781 0.0000000000
98319  -54.983  -5.435  42.851 0.0000000000
98353  -53.861  -6.967  40.278 0.0000000000
98396  -52.323  -6.156  36.263 0.0000000000
98417  -53.952  -5.077  34.222 0.0000000000
99529  -55.315  -4.885  42.895 0.0000000000
100659  -55.666  -4.417  43.281 0.0000000000
100673  -56.801  -3.099  42.840 0.0000000000
101795  -57.330  -2.879  42.983 0.0000000000
105364  -59.792  0.336  37.571 0.0000000000
105396  -59.066  1.459  35.155 0.0000000000
105410  -57.223  0.587  33.865 0.0000000000
105445  -57.434  1.070  32.333 0.0000000000
105459  -55.829  0.779  30.788 0.0000000000
105472  -56.042  1.170  30.679 0.0000000000
105473  -56.449  1.042  30.773 0.0000000000
106637  -59.380  1.996  34.594 0.0000000000
106639  -60.171  1.418  34.507 0.0000000000
106656  -58.860  2.300  34.004 0.0000000000
106673  -58.021  1.987  33.268 0.0000000000
106697  -55.225  1.597  30.606 0.0000000000
106712  -56.138  1.605  30.503 0.0000000000
106713  -56.929  1.444  30.708 0.0000000000
106714  -57.298  1.303  31.161 0.0000000000
107862  -59.550  2.724  33.727 0.0000000000
107876  -58.384  2.531  33.110 0.0000000000
107891  -58.489  2.843  32.870 0.0000000000
107913  -55.290  2.463  30.398 0.0000000000
107914  -56.105  2.373  30.263 0.0000000000
107916  -57.414  1.865  31.049 0.0000000000
109029  -59.736  3.181  33.253 0.0000000000
109042  -59.842  3.531  32.993 0.0000000000
109055  -58.317  3.133  32.150 0.0000000000
109068  -58.398  3.396  32.005 0.0000000000
109082  -57.458  2.653  30.948 0.0000000000
109093  -53.015  3.840  29.663 0.0000000000
110223  -59.452  4.014  32.543 0.0000000000
110225  -60.262  3.915  32.934 0.0000000000
110249  -58.031  3.855  30.983 0.0000000000
110250  -58.623  3.884  31.693 0.0000000000
110251  -59.071  4.306  31.898 0.0000000000
110266  -56.633  3.542  30.106 0.0000000000
110268  -60.387  5.020  30.613 0.0000000000
110288  -53.972  4.248  28.900 0.0000000000
110297  -54.253  4.037  28.800 0.0000000000
111423  -59.386  4.756  31.825 0.0000000000
111436  -57.982  4.078  30.706 0.0000000000
111438  -59.123  4.731  31.348 0.0000000000
111439  -59.746  5.252  31.349 0.0000000000
111449  -53.592  4.577  30.722 0.0000000000
111455  -58.938  4.889  30.725 0.0000000000
111456  -60.143  5.529  30.513 0.0000000000
111457  -60.440  5.184  30.151 0.0000000000
111465  -53.656  4.604  29.966 0.0000000000
111467  -60.325  5.679  29.591 0.0000000000
111475  -53.935  4.482  29.427 0.0000000000
111478  -56.073  4.576  28.667 0.0000000000
111479  -60.465  5.478  28.705 0.0000000000
111487  -54.898  4.202  28.823 0.0000000000
112593  -59.094  5.052  30.826 0.0000000000
112602  -53.819  4.698  30.162 0.0000000000
112604  -54.692  4.265  29.774 0.0000000000
112606  -56.882  4.434  29.585 0.0000000000
112608  -58.882  5.015  30.258 0.0000000000
112618  -54.408  4.397  29.564 0.0000000000
112619  -55.363  4.345  29.236 0.0000000000
112623  -59.038  5.490  29.589 0.0000000000
112632  -55.072  4.370  29.092 0.0000000000
112633  -55.839  4.597  28.958 0.0000000000
112634  -56.678  4.902  28.709 0.0000000000
112637  -59.282  5.879  28.846 0.0000000000
112647  -59.564  5.984  28.006 0.0000000000
