#!ascii label  , from subject 3435 vox2ras=TkReg
1107
91672  -25.984  -11.818  -10.670 0.4285714328
92922  -26.731  -10.192  -11.241 0.2857142985
91691  -26.274  -10.951  -10.989 0.4285714328
92923  -27.594  -10.216  -10.895 0.4285714328
94205  -28.397  -9.566  -10.905 0.4285714328
95455  -27.110  -8.553  -11.737 0.2857142985
95456  -28.111  -8.562  -11.372 0.4285714328
95457  -29.127  -8.510  -11.040 0.4285714328
96638  -27.696  -7.136  -12.273 0.4285714328
96639  -28.357  -7.119  -11.988 0.4285714328
98986  -28.140  -5.593  -12.777 0.4285714328
98987  -29.081  -5.161  -12.579 0.4285714328
100184  -28.508  -4.284  -13.052 0.5714285970
100171  -30.146  -4.527  -12.626 0.4285714328
101301  -30.873  -3.908  -12.354 0.2857142985
101310  -28.984  -3.441  -13.205 0.7142857313
101300  -30.223  -3.478  -12.834 0.7142857313
103674  -30.793  -1.602  -12.563 0.7142857313
102434  -31.511  -2.125  -11.984 0.4285714328
102445  -29.618  -2.588  -13.264 0.7142857313
102447  -30.819  -2.800  -12.407 0.5714285970
104855  -31.070  -0.391  -12.705 0.5714285970
103673  -30.263  -1.468  -13.121 0.5714285970
104866  -30.586  -0.013  -13.379 0.5714285970
104856  -31.645  0.072  -12.511 0.5714285970
104865  -30.117  -0.611  -13.449 0.5714285970
106035  -32.043  0.482  -12.432 0.4285714328
107235  -31.423  1.257  -13.368 0.5714285970
108404  -31.957  2.096  -13.122 0.5714285970
107249  -29.971  1.314  -14.244 0.7142857313
108403  -31.142  2.098  -13.747 0.7142857313
109560  -31.451  2.682  -13.605 0.7142857313
109561  -31.920  3.265  -13.432 0.5714285970
107234  -30.716  1.264  -13.883 0.5714285970
106083  -28.784  0.773  -15.426 0.5714285970
109580  -30.004  2.689  -14.848 0.8571428657
109582  -31.655  4.064  -13.910 0.7142857313
110776  -32.219  4.136  -13.496 0.5714285970
108437  -29.277  2.525  -15.617 0.5714285970
110794  -32.060  4.898  -13.921 0.7142857313
110777  -32.627  4.741  -13.271 0.5714285970
109581  -30.883  3.290  -14.261 0.7142857313
110793  -31.232  4.698  -14.523 0.7142857313
111991  -32.291  5.725  -13.864 0.5714285970
109598  -30.559  4.300  -15.010 0.7142857313
113097  -32.582  6.352  -13.437 0.5714285970
110813  -30.696  5.051  -15.140 0.7142857313
111990  -31.686  5.742  -14.505 0.7142857313
114214  -31.989  7.561  -14.929 0.7142857313
113119  -32.194  6.570  -14.272 0.7142857313
113133  -30.688  6.761  -16.101 0.7142857313
113134  -31.213  6.665  -15.491 0.7142857313
114213  -31.587  7.101  -15.315 0.7142857313
115347  -31.869  8.626  -15.123 0.7142857313
115332  -32.378  8.547  -14.455 0.5714285970
110830  -29.481  5.137  -16.299 0.5714285970
116551  -32.122  9.497  -14.909 0.5714285970
117681  -32.258  10.418  -14.737 0.5714285970
114225  -30.437  7.625  -16.383 0.8571428657
113151  -30.010  6.798  -16.649 0.8571428657
117680  -31.852  10.384  -15.268 0.7142857313
117679  -31.229  10.431  -15.647 0.7142857313
115345  -30.672  8.532  -16.011 0.8571428657
116549  -30.892  9.485  -15.751 0.7142857313
119947  -31.114  12.376  -15.781 0.8571428657
118812  -31.888  11.772  -15.092 0.5714285970
117692  -30.552  10.428  -16.053 0.8571428657
116561  -30.221  9.445  -16.226 0.8571428657
121129  -30.629  13.514  -16.577 0.8571428657
122306  -31.246  14.706  -16.273 0.8571428657
124544  -31.057  16.032  -16.239 0.8571428657
118830  -30.917  11.400  -15.965 0.8571428657
122305  -30.708  14.663  -16.599 0.8571428657
122317  -29.175  14.473  -17.249 1.0000000000
122304  -30.000  14.535  -16.902 1.0000000000
119955  -30.093  12.421  -16.792 0.8571428657
123445  -30.196  15.542  -16.642 1.0000000000
121128  -29.724  13.467  -17.080 1.0000000000
124542  -29.645  16.523  -16.769 1.0000000000
125626  -28.338  17.527  -17.562 0.7142857313
123457  -29.412  15.509  -17.037 1.0000000000
123456  -28.603  15.460  -17.480 1.0000000000
125616  -29.893  17.541  -16.617 1.0000000000
130846  -29.395  22.359  -16.580 1.0000000000
129837  -29.145  21.502  -16.866 0.8571428657
132802  -29.168  24.067  -17.286 0.8571428657
131843  -29.275  23.344  -16.906 1.0000000000
136466  -29.295  28.344  -16.927 0.8571428657
134646  -29.021  25.933  -17.520 0.8571428657
133728  -29.591  25.463  -16.771 1.0000000000
137354  -29.205  29.477  -16.877 0.8571428657
138292  -28.929  30.451  -16.912 0.7142857313
136477  -27.842  28.533  -17.638 0.5714285970
139216  -27.927  31.318  -17.618 0.7142857313
139217  -28.624  31.377  -17.131 0.5714285970
137368  -26.909  29.741  -17.511 0.5714285970
137369  -27.560  29.603  -17.494 0.5714285970
137367  -26.719  30.240  -17.461 0.4285714328
139240  -26.535  31.910  -17.886 0.4285714328
140802  -26.872  33.034  -18.255 0.4285714328
138276  -26.456  30.684  -15.524 0.2857142985
139200  -26.593  31.459  -15.030 0.2857142985
138290  -26.589  30.676  -16.516 0.2857142985
139191  -26.749  32.091  -14.636 0.2857142985
94204  -27.394  -9.448  -11.343 0.2857142985
106048  -30.932  0.514  -13.376 0.5714285970
118832  -32.074  11.090  -15.132 0.5714285970
115346  -31.318  8.629  -15.545 0.7142857313
116550  -31.559  9.500  -15.373 0.7142857313
118831  -31.547  11.413  -15.488 0.8571428657
121111  -31.382  13.606  -15.780 0.8571428657
123446  -30.894  15.512  -16.425 0.8571428657
126724  -29.418  18.506  -16.915 0.8571428657
139999  -27.303  32.379  -12.681 0.1428571492
94203  -26.359  -9.483  -11.673 0.2857142985
95471  -26.628  -8.115  -12.110 0.2857142985
96626  -28.811  -7.554  -11.529 0.4285714328
97748  -29.576  -6.777  -11.702 0.4285714328
99001  -28.397  -5.003  -12.841 0.4285714328
96625  -27.856  -7.748  -11.755 0.4285714328
97765  -30.016  -6.140  -11.885 0.4285714328
99000  -27.877  -5.007  -13.161 0.5714285970
100170  -29.454  -4.012  -12.933 0.5714285970
102457  -29.072  -2.543  -13.520 0.2857142985
102446  -30.093  -2.385  -13.038 0.7142857313
104854  -30.576  -1.021  -12.960 0.4285714328
104864  -29.123  -0.717  -14.161 0.5714285970
107222  -32.448  1.116  -12.335 0.4285714328
106046  -29.544  -0.075  -13.934 0.7142857313
106063  -29.662  0.839  -14.347 0.7142857313
107221  -31.954  1.182  -12.812 0.5714285970
108385  -32.293  1.584  -12.670 0.4285714328
108436  -28.740  1.909  -16.070 0.5714285970
108421  -29.667  1.882  -14.786 0.5714285970
113098  -32.713  6.957  -13.153 0.5714285970
108452  -29.083  3.428  -16.120 0.5714285970
111976  -32.630  5.546  -13.335 0.5714285970
112006  -30.643  5.839  -15.620 0.7142857313
111989  -31.064  5.512  -14.933 0.7142857313
114190  -32.598  7.462  -13.709 0.5714285970
110812  -30.041  4.853  -15.661 0.8571428657
114226  -31.232  7.611  -15.680 0.7142857313
119932  -31.565  12.455  -15.336 0.5714285970
118841  -30.329  11.397  -16.456 1.0000000000
124543  -30.526  16.535  -16.317 1.0000000000
121149  -28.874  13.429  -17.320 1.0000000000
125627  -29.135  17.528  -17.086 0.8571428657
126722  -27.747  18.533  -17.623 0.7142857313
126723  -28.626  18.560  -17.348 1.0000000000
128742  -30.138  20.456  -16.155 1.0000000000
128754  -28.848  20.739  -17.006 0.7142857313
128741  -29.567  20.334  -16.629 1.0000000000
127747  -27.999  19.561  -17.378 0.7142857313
135586  -28.879  27.157  -17.435 0.8571428657
132787  -29.547  24.308  -16.499 1.0000000000
136465  -28.647  28.803  -17.309 0.7142857313
138313  -26.481  31.261  -17.770 0.7142857313
139230  -27.517  31.745  -18.047 0.7142857313
136463  -26.651  28.679  -16.974 0.4285714328
139214  -26.953  31.571  -16.074 0.2857142985
140044  -26.592  32.577  -17.558 0.4285714328
140046  -27.554  32.349  -18.014 0.4285714328
140801  -26.664  33.305  -17.920 0.4285714328
139201  -27.027  32.130  -15.343 0.2857142985
140029  -26.873  32.663  -16.656 0.4285714328
103683  -28.820  -1.655  -14.064 0.4285714328
104863  -28.698  -1.166  -14.432 0.4285714328
139228  -26.621  31.610  -17.173 0.4285714328
138302  -26.647  30.711  -17.964 0.7142857313
139215  -27.209  32.339  -16.012 0.2857142985
91692  -26.986  -10.684  -10.763 0.4285714328
94202  -25.836  -9.715  -11.756 0.2857142985
92921  -25.740  -10.249  -11.592 0.2857142985
92924  -28.165  -10.203  -10.748 0.4285714328
94220  -26.282  -8.759  -11.982 0.2857142985
97762  -27.483  -6.389  -12.752 0.2857142985
97763  -28.465  -6.355  -12.401 0.4285714328
97747  -28.922  -6.783  -11.951 0.4285714328
97764  -29.383  -6.129  -12.156 0.4285714328
98985  -27.515  -5.655  -13.088 0.4285714328
101309  -28.257  -3.317  -13.611 0.2857142985
102458  -29.612  -2.301  -13.331 0.5714285970
103684  -29.573  -1.660  -13.479 0.5714285970
106047  -30.047  0.492  -13.825 0.5714285970
108386  -32.757  1.970  -12.325 0.5714285970
107248  -29.530  1.153  -14.692 0.7142857313
108422  -30.389  2.095  -14.264 0.7142857313
106062  -29.191  0.353  -14.725 0.7142857313
109597  -29.873  3.628  -15.389 0.5714285970
110795  -32.418  5.230  -13.606 0.5714285970
113118  -31.689  6.620  -14.962 0.7142857313
109613  -29.260  4.328  -16.135 0.7142857313
112005  -29.965  5.581  -16.151 0.8571428657
114227  -31.632  8.096  -15.342 0.7142857313
112025  -30.192  6.159  -16.314 0.8571428657
119946  -30.673  12.352  -16.294 0.8571428657
121110  -30.906  12.979  -16.082 0.8571428657
124554  -28.861  16.508  -17.279 1.0000000000
137353  -28.369  29.561  -17.295 0.7142857313
138291  -28.103  30.497  -17.388 0.7142857313
138303  -27.368  30.688  -17.896 0.5714285970
136476  -27.029  28.612  -17.467 0.5714285970
137351  -26.600  29.755  -16.906 0.4285714328
138301  -26.591  30.701  -17.351 0.4285714328
139241  -26.772  32.047  -18.199 0.4285714328
138267  -26.476  30.614  -14.498 0.2857142985
139190  -26.644  31.598  -14.063 0.2857142985
139998  -26.875  32.369  -13.197 0.1428571492
96624  -27.192  -7.765  -12.053 0.2857142985
127748  -28.918  19.655  -17.047 1.0000000000
139229  -26.966  31.472  -18.311 0.5714285970
144312  -26.352  36.713  -17.849 0.2857142985
143338  -26.740  36.884  -17.237 0.1428571492
142436  -26.487  35.069  -17.971 0.2857142985
144318  -26.559  36.907  -18.318 0.2857142985
143333  -26.621  35.546  -16.767 0.1428571492
144308  -27.387  37.708  -16.432 0.1428571492
140776  -26.872  33.728  -16.631 0.1428571492
141590  -26.549  34.179  -17.700 0.2857142985
142418  -26.791  34.828  -16.647 0.1428571492
142438  -27.347  35.823  -18.483 0.2857142985
143346  -26.428  36.035  -18.210 0.2857142985
142431  -30.952  35.795  -17.740 0.2857142985
142430  -29.673  35.620  -17.431 0.2857142985
143326  -27.110  36.312  -15.251 0.1428571492
141591  -26.826  34.062  -18.246 0.2857142985
140780  -29.843  33.049  -16.352 0.2857142985
142437  -26.882  35.231  -18.423 0.2857142985
140034  -31.802  33.115  -16.157 0.1428571492
141582  -29.786  34.775  -16.915 0.2857142985
142429  -28.515  35.473  -17.570 0.2857142985
142419  -27.235  35.530  -16.106 0.1428571492
142420  -27.923  34.240  -17.592 0.2857142985
142427  -27.155  34.406  -18.310 0.2857142985
139231  -33.936  31.909  -16.785 0.1428571492
140036  -33.262  32.500  -16.497 0.1428571492
140781  -31.038  33.308  -16.185 0.4285714328
140779  -28.836  33.151  -17.144 0.2857142985
136456  -31.423  28.326  -14.998 0.2857142985
139203  -30.937  31.391  -15.550 0.4285714328
140033  -29.750  32.229  -16.422 0.2857142985
140045  -27.137  32.426  -18.319 0.2857142985
136448  -32.850  28.458  -14.582 0.1428571492
138279  -32.295  30.528  -15.251 0.2857142985
137336  -30.860  29.720  -15.535 0.5714285970
138293  -29.844  30.381  -16.502 0.7142857313
134618  -33.008  26.504  -14.247 0.1428571492
135557  -32.125  27.871  -14.684 0.1428571492
135565  -30.727  27.704  -15.551 0.4285714328
132769  -32.354  24.444  -14.039 0.2857142985
133709  -32.049  25.561  -14.449 0.7142857313
136467  -30.080  28.117  -16.171 0.7142857313
132788  -29.967  24.452  -15.858 0.8571428657
133719  -30.701  25.574  -15.525 0.8571428657
135575  -30.179  27.086  -16.215 0.5714285970
131819  -32.596  23.313  -13.728 0.2857142985
132761  -33.216  24.330  -13.643 0.2857142985
134625  -30.758  26.645  -15.601 0.7142857313
134645  -28.224  26.311  -18.104 0.5714285970
134635  -30.265  26.050  -16.280 0.8571428657
130823  -32.458  22.298  -13.715 0.1428571492
132767  -30.894  23.821  -14.740 0.7142857313
129796  -32.706  21.558  -13.526 0.1428571492
119983  -26.685  12.274  -18.313 0.5714285970
122316  -28.361  14.392  -17.567 0.8571428657
122315  -27.669  14.214  -17.886 0.4285714328
123455  -27.695  15.340  -17.854 0.5714285970
129824  -29.758  21.350  -16.274 0.8571428657
128730  -30.633  20.222  -15.632 0.8571428657
130838  -29.699  22.173  -15.964 0.8571428657
128722  -32.373  19.918  -13.855 0.2857142985
129814  -30.634  21.364  -15.349 0.8571428657
131825  -30.578  23.147  -14.876 0.8571428657
127718  -32.785  19.222  -13.748 0.4285714328
129806  -31.542  21.504  -14.473 0.7142857313
131826  -31.260  23.329  -14.490 0.7142857313
118872  -25.695  11.312  -18.440 0.2857142985
121148  -28.134  13.366  -17.617 0.5714285970
121158  -26.923  13.194  -18.319 0.5714285970
126712  -30.093  18.478  -16.503 0.8571428657
127737  -30.335  19.382  -16.196 0.8571428657
129825  -30.269  21.008  -15.866 0.8571428657
127727  -31.909  18.798  -14.827 0.4285714328
127726  -31.333  19.512  -15.083 0.8571428657
129815  -31.157  21.133  -14.936 0.8571428657
126694  -32.398  18.425  -14.450 0.4285714328
112037  -28.538  5.923  -17.682 0.7142857313
114263  -27.618  7.651  -18.445 0.4285714328
112038  -29.044  6.184  -17.337 0.7142857313
115360  -29.452  8.462  -17.179 0.8571428657
116590  -27.962  9.365  -18.286 0.5714285970
117735  -26.901  10.353  -18.516 0.5714285970
117734  -26.149  10.360  -18.549 0.4285714328
117716  -29.361  10.377  -17.111 0.8571428657
117737  -28.221  10.280  -18.089 0.5714285970
118874  -27.220  11.322  -18.252 0.5714285970
118840  -29.670  11.398  -16.887 0.8571428657
119971  -28.563  12.397  -17.424 0.7142857313
118853  -27.713  11.686  -17.972 0.5714285970
123438  -32.009  15.687  -15.796 0.7142857313
124535  -31.289  16.526  -15.914 0.7142857313
125608  -30.929  17.388  -15.781 0.7142857313
126702  -30.888  18.429  -15.674 0.8571428657
124527  -33.189  16.601  -14.177 0.2857142985
124526  -32.697  16.659  -14.842 0.4285714328
125610  -32.121  17.576  -14.911 0.5714285970
109612  -28.649  3.898  -16.734 0.4285714328
110845  -28.428  5.126  -17.468 0.4285714328
112046  -28.048  5.877  -18.097 0.4285714328
115361  -30.024  8.499  -16.593 0.7142857313
121112  -31.920  14.219  -15.515 0.7142857313
123430  -33.115  15.909  -14.664 0.2857142985
122291  -32.256  14.829  -15.338 0.5714285970
122290  -31.759  14.764  -15.880 0.5714285970
108470  -27.729  3.096  -17.680 0.5714285970
110829  -28.876  4.918  -16.852 0.5714285970
112023  -28.856  5.609  -17.243 0.5714285970
114244  -29.743  7.612  -16.906 0.7142857313
119933  -31.974  12.482  -14.855 0.4285714328
121095  -32.177  13.666  -14.918 0.4285714328
122272  -32.894  14.871  -14.495 0.4285714328
106082  -28.252  0.217  -15.653 0.5714285970
110756  -33.101  4.340  -12.735 0.4285714328
113079  -33.056  6.284  -12.815 0.4285714328
116517  -32.937  9.840  -13.576 0.4285714328
117649  -32.749  10.805  -13.559 0.4285714328
118797  -32.513  11.396  -13.921 0.4285714328
98978  -31.142  -5.469  -11.538 0.1428571492
114191  -32.720  7.292  -13.215 0.4285714328
115298  -33.003  8.154  -13.123 0.4285714328
115314  -33.180  9.175  -13.297 0.4285714328
100162  -31.394  -4.355  -11.762 0.1428571492
101292  -31.503  -3.257  -11.859 0.1428571492
104849  -33.024  -0.716  -11.628 0.2857142985
109511  -34.115  3.427  -11.162 0.2857142985
111934  -34.687  5.415  -10.924 0.2857142985
111933  -34.272  4.664  -11.209 0.2857142985
108387  -33.008  2.911  -12.363 0.4285714328
111946  -34.379  6.154  -11.563 0.2857142985
111945  -34.048  5.308  -11.794 0.2857142985
109543  -33.365  3.639  -12.309 0.2857142985
113068  -34.341  6.929  -11.722 0.2857142985
113067  -33.859  6.466  -12.292 0.4285714328
100163  -31.920  -4.815  -11.281 0.1428571492
100172  -30.765  -4.884  -12.145 0.1428571492
102435  -32.363  -2.569  -11.459 0.2857142985
102436  -32.821  -2.322  -11.219 0.2857142985
104827  -34.410  -0.139  -10.233 0.2857142985
107187  -34.194  1.628  -10.606 0.2857142985
107206  -33.847  1.465  -11.050 0.2857142985
107204  -32.996  1.129  -11.854 0.2857142985
108371  -33.965  2.020  -10.964 0.2857142985
100145  -32.529  -4.300  -10.780 0.1428571492
102388  -34.052  -2.081  -9.612 0.2857142985
100116  -33.055  -3.765  -10.254 0.2857142985
103612  -33.764  -1.449  -10.448 0.2857142985
102418  -33.123  -2.287  -10.891 0.2857142985
104825  -33.707  -0.487  -11.170 0.2857142985
95441  -29.173  -9.318  -10.687 0.2857142985
97749  -30.487  -6.520  -11.458 0.1428571492
96627  -29.824  -7.572  -11.275 0.2857142985
97750  -31.193  -6.225  -11.164 0.1428571492
90442  -26.675  -12.607  -10.208 0.2857142985
91671  -25.188  -12.033  -10.763 0.2857142985
95458  -29.774  -8.221  -10.959 0.2857142985
90443  -27.646  -12.108  -10.201 0.1428571492
90440  -24.619  -12.589  -10.661 0.2857142985
89155  -25.118  -13.207  -10.356 0.1428571492
101293  -32.117  -3.755  -11.359 0.1428571492
101247  -33.565  -3.032  -9.878 0.2857142985
104826  -34.074  -0.584  -10.598 0.2857142985
108331  -34.659  2.239  -10.080 0.2857142985
106025  -33.783  0.913  -11.147 0.2857142985
110729  -34.228  4.039  -11.050 0.2857142985
109542  -33.080  3.908  -12.643 0.4285714328
111957  -33.596  5.609  -12.487 0.4285714328
114165  -34.536  7.731  -11.439 0.2857142985
114256  -28.725  7.476  -17.981 0.7142857313
115299  -33.431  8.657  -12.837 0.4285714328
118854  -28.292  11.353  -17.756 0.5714285970
116534  -32.524  9.574  -14.242 0.4285714328
121074  -32.712  13.733  -13.915 0.2857142985
123431  -33.526  15.654  -14.010 0.2857142985
123439  -32.601  15.761  -15.196 0.5714285970
133741  -29.133  24.876  -17.392 0.7142857313
126703  -31.596  18.318  -15.124 0.7142857313
131833  -29.575  23.152  -16.010 0.8571428657
136478  -28.522  28.066  -17.546 0.4285714328
135574  -29.585  27.448  -16.720 0.7142857313
125600  -32.775  17.465  -14.321 0.2857142985
132777  -30.506  24.384  -15.201 0.8571428657
134634  -29.582  26.527  -16.844 0.8571428657
131827  -31.876  23.613  -14.187 0.5714285970
140778  -28.024  33.329  -17.577 0.2857142985
136447  -32.177  28.800  -14.723 0.4285714328
137337  -31.677  29.507  -15.015 0.4285714328
140020  -32.571  32.154  -15.811 0.1428571492
143339  -27.921  35.908  -18.147 0.2857142985
91674  -28.018  -11.235  -10.415 0.1428571492
92920  -24.832  -10.652  -11.701 0.2857142985
94189  -28.954  -9.809  -10.606 0.1428571492
96628  -30.562  -7.295  -11.086 0.1428571492
98969  -31.635  -5.824  -11.089 0.1428571492
98949  -33.038  -4.790  -10.263 0.1428571492
100117  -33.543  -4.140  -9.720 0.1428571492
103663  -32.229  -1.456  -11.790 0.2857142985
103641  -33.550  -1.327  -10.893 0.2857142985
106002  -34.035  -0.066  -11.071 0.2857142985
107166  -34.859  1.703  -9.698 0.2857142985
106023  -32.707  0.315  -11.995 0.2857142985
108353  -34.641  3.166  -10.271 0.2857142985
108471  -28.197  3.596  -17.269 0.5714285970
107205  -33.465  1.322  -11.443 0.2857142985
110855  -27.727  5.014  -18.175 0.2857142985
115287  -34.114  8.852  -11.842 0.2857142985
113160  -28.923  6.744  -17.665 0.7142857313
114243  -29.226  7.566  -17.483 0.5714285970
115385  -26.330  8.462  -18.532 0.4285714328
115378  -28.279  8.299  -18.213 0.5714285970
119981  -25.253  12.249  -18.339 0.2857142985
118873  -26.437  11.311  -18.422 0.5714285970
116503  -33.712  9.859  -12.487 0.2857142985
121157  -26.236  13.162  -18.455 0.2857142985
117636  -33.535  10.898  -12.435 0.1428571492
119917  -32.884  12.865  -13.447 0.4285714328
119916  -32.437  12.478  -14.118 0.4285714328
121075  -33.312  13.773  -13.215 0.1428571492
125617  -30.528  17.688  -16.174 0.8571428657
122248  -33.240  14.468  -13.797 0.1428571492
126704  -32.013  18.268  -14.856 0.5714285970
128720  -31.509  20.549  -14.768 0.7142857313
129797  -33.460  21.511  -13.194 0.2857142985
140030  -27.175  32.767  -16.115 0.2857142985
129807  -32.139  21.591  -13.912 0.4285714328
128709  -32.792  20.481  -13.389 0.4285714328
131820  -33.571  23.404  -13.474 0.1428571492
134626  -31.311  26.181  -14.975 0.5714285970
133702  -33.716  24.996  -13.638 0.1428571492
135558  -32.911  27.553  -14.455 0.1428571492
141567  -27.424  34.388  -15.960 0.1428571492
137326  -32.821  29.204  -14.788 0.1428571492
140767  -30.518  32.840  -16.012 0.2857142985
137338  -32.628  29.786  -15.095 0.2857142985
138280  -33.214  30.472  -15.440 0.1428571492
139206  -33.707  31.114  -15.718 0.1428571492
139219  -33.582  31.721  -16.120 0.1428571492
141572  -31.220  34.201  -16.706 0.2857142985
141584  -31.761  34.752  -17.453 0.2857142985
140793  -32.666  34.030  -17.836 0.1428571492
92885  -29.808  -10.665  -9.704 0.1428571492
97734  -31.692  -6.506  -10.726 0.1428571492
109513  -34.803  3.749  -10.018 0.2857142985
124512  -33.829  16.624  -13.622 0.2857142985
140047  -33.799  32.363  -17.740 0.1428571492
142432  -31.790  35.412  -18.177 0.2857142985
91690  -25.260  -11.319  -11.211 0.2857142985
91673  -26.997  -11.448  -10.501 0.2857142985
92904  -29.273  -10.692  -10.154 0.1428571492
95442  -29.826  -8.792  -10.607 0.1428571492
98988  -30.122  -5.478  -12.259 0.1428571492
103662  -31.516  -1.099  -12.228 0.4285714328
104848  -31.984  -0.424  -12.188 0.2857142985
108406  -32.797  3.231  -12.616 0.4285714328
112024  -29.470  5.899  -16.769 0.5714285970
117663  -32.522  10.567  -14.103 0.4285714328
113150  -29.410  6.791  -17.164 0.7142857313
117691  -29.939  10.405  -16.568 0.7142857313
119954  -29.305  12.420  -17.094 0.8571428657
137355  -30.157  29.320  -16.279 0.7142857313
139218  -29.573  31.433  -16.544 0.5714285970
140031  -28.133  32.307  -17.556 0.2857142985
140032  -29.163  32.256  -16.889 0.2857142985
140791  -27.141  33.373  -18.334 0.2857142985
121094  -31.733  13.067  -15.195 0.4285714328
104882  -28.889  -0.319  -14.716 0.5714285970
106024  -33.542  0.359  -11.411 0.2857142985
129813  -30.075  21.654  -15.767 0.8571428657
133729  -30.144  25.032  -16.074 0.8571428657
140790  -26.598  33.444  -17.303 0.2857142985
141581  -27.475  33.875  -17.955 0.2857142985
116560  -29.646  9.411  -16.820 0.8571428657
143337  -26.383  35.958  -17.433 0.2857142985
143334  -26.934  36.465  -16.395 0.1428571492
142426  -26.470  34.966  -17.309 0.2857142985
143347  -26.858  36.385  -18.676 0.2857142985
141579  -26.579  34.240  -17.062 0.1428571492
141583  -30.651  34.946  -17.014 0.2857142985
143340  -28.738  36.451  -18.103 0.2857142985
142422  -29.106  34.941  -17.147 0.2857142985
141570  -29.242  34.082  -16.928 0.2857142985
141571  -30.287  34.128  -16.504 0.2857142985
142428  -27.622  34.964  -17.940 0.2857142985
140768  -30.857  32.717  -15.890 0.2857142985
140782  -32.164  33.653  -16.736 0.1428571492
140783  -32.782  33.109  -16.649 0.1428571492
141569  -28.397  33.877  -17.347 0.2857142985
139205  -32.939  31.358  -15.633 0.1428571492
140794  -33.125  33.261  -17.254 0.1428571492
137325  -32.317  29.347  -14.847 0.1428571492
138277  -30.584  30.420  -15.876 0.5714285970
138278  -31.338  30.522  -15.298 0.4285714328
139202  -30.310  31.164  -16.125 0.5714285970
137327  -33.516  28.996  -14.688 0.1428571492
134617  -32.146  26.817  -14.682 0.1428571492
139204  -31.939  31.438  -15.411 0.2857142985
136455  -30.768  28.789  -15.528 0.5714285970
133720  -31.095  25.145  -14.867 0.4285714328
135566  -31.391  27.259  -15.049 0.5714285970
132778  -30.961  24.645  -14.847 0.7142857313
130832  -31.812  22.582  -14.095 0.5714285970
130830  -30.662  22.203  -14.991 0.8571428657
119969  -27.334  12.369  -18.098 0.5714285970
123464  -27.184  14.775  -18.078 0.4285714328
122326  -27.104  14.042  -18.237 0.4285714328
127725  -30.778  19.371  -15.641 0.8571428657
128731  -31.050  20.547  -15.160 0.8571428657
127716  -31.772  20.028  -14.629 0.4285714328
130831  -31.110  22.407  -14.587 0.8571428657
110856  -28.131  5.311  -17.843 0.5714285970
113167  -27.875  6.646  -18.333 0.4285714328
115379  -28.936  8.404  -17.755 0.7142857313
116582  -29.153  9.377  -17.446 0.7142857313
115387  -27.658  8.637  -18.415 0.4285714328
118875  -27.841  10.993  -18.140 0.5714285970
116588  -26.606  9.413  -18.591 0.4285714328
116587  -25.855  9.409  -18.512 0.2857142985
117715  -28.797  10.347  -17.650 0.7142857313
118855  -28.985  11.379  -17.296 0.8571428657
124536  -32.053  16.608  -15.394 0.5714285970
125609  -31.438  17.442  -15.425 0.7142857313
109636  -28.302  4.352  -17.316 0.5714285970
122273  -33.489  14.926  -14.029 0.2857142985
110757  -33.588  4.717  -12.365 0.2857142985
115313  -32.853  8.652  -13.571 0.4285714328
117650  -33.190  10.589  -13.028 0.4285714328
118798  -32.854  11.736  -13.343 0.4285714328
114175  -33.053  7.426  -12.884 0.4285714328
103664  -32.907  -1.802  -11.364 0.2857142985
110744  -33.935  4.154  -11.665 0.2857142985
109530  -33.806  3.305  -11.614 0.2857142985
109563  -32.978  3.383  -12.534 0.2857142985
108370  -33.575  2.386  -11.586 0.2857142985
114164  -33.922  7.661  -12.197 0.4285714328
98970  -32.310  -5.487  -10.765 0.1428571492
102417  -32.799  -2.592  -11.111 0.2857142985
106003  -34.193  0.556  -10.638 0.2857142985
102387  -33.602  -2.023  -10.308 0.2857142985
103613  -34.071  -1.310  -10.120 0.2857142985
90416  -27.023  -12.902  -9.942 0.1428571492
89156  -25.944  -13.165  -10.182 0.1428571492
90418  -28.329  -12.555  -9.771 0.1428571492
142411  -27.477  35.389  -15.021 0.1428571492
90444  -28.376  -11.871  -10.138 0.1428571492
94173  -29.871  -10.142  -9.869 0.1428571492
141558  -27.388  34.427  -14.540 0.1428571492
132800  -27.957  24.399  -18.160 0.5714285970
129835  -27.646  21.519  -17.641 0.4285714328
130858  -27.968  22.528  -17.747 0.4285714328
131856  -28.301  23.480  -17.806 0.5714285970
128752  -27.377  20.515  -17.463 0.4285714328
131857  -28.876  23.557  -17.470 0.5714285970
127746  -27.133  19.491  -17.491 0.4285714328
128753  -28.184  20.604  -17.253 0.5714285970
129836  -28.431  21.593  -17.309 0.5714285970
130859  -28.789  22.627  -17.279 0.5714285970
124553  -28.032  16.478  -17.716 0.5714285970
111919  -35.561  5.486  -9.258 0.1428571492
113055  -34.868  6.697  -11.004 0.1428571492
100183  -27.595  -4.205  -13.608 0.2857142985
110687  -36.785  4.726  -7.655 0.1428571492
110710  -35.514  4.657  -9.084 0.1428571492
111898  -36.499  5.340  -8.078 0.1428571492
113025  -36.770  6.363  -8.071 0.1428571492
107140  -35.429  2.135  -8.997 0.1428571492
109470  -35.714  3.347  -8.611 0.1428571492
108332  -34.951  2.788  -9.724 0.1428571492
109471  -36.139  3.873  -8.169 0.1428571492
110659  -38.268  4.171  -6.538 0.1428571492
109460  -36.484  3.658  -7.707 0.1428571492
113009  -40.710  6.222  -7.799 0.1428571492
111881  -38.560  5.310  -7.194 0.1428571492
113008  -39.738  6.082  -7.528 0.1428571492
98999  -26.979  -5.217  -13.536 0.2857142985
104773  -35.226  -0.275  -9.128 0.1428571492
104774  -35.628  -0.702  -8.029 0.1428571492
105948  -35.336  1.030  -9.007 0.1428571492
104799  -34.685  -0.151  -9.787 0.1428571492
107128  -36.684  2.019  -7.181 0.1428571492
105936  -36.316  1.141  -7.454 0.1428571492
108282  -37.413  3.315  -6.525 0.1428571492
107127  -36.336  2.278  -7.580 0.1428571492
109450  -38.810  3.433  -6.158 0.1428571492
110675  -40.165  4.303  -6.811 0.1428571492
111884  -41.238  5.245  -7.988 0.1428571492
111882  -39.470  5.258  -7.195 0.1428571492
97780  -27.008  -6.015  -13.173 0.2857142985
97779  -26.230  -6.173  -13.437 0.2857142985
96655  -25.493  -7.164  -13.360 0.2857142985
102359  -34.570  -2.179  -8.912 0.1428571492
103588  -35.520  -1.577  -7.904 0.1428571492
105949  -35.753  0.446  -8.169 0.1428571492
107120  -39.215  1.989  -5.830 0.1428571492
109463  -40.077  3.254  -6.468 0.1428571492
108284  -39.065  2.710  -5.842 0.1428571492
111900  -41.713  5.258  -8.804 0.1428571492
101248  -34.138  -2.828  -9.273 0.1428571492
102360  -35.204  -2.374  -8.176 0.1428571492
101220  -35.330  -3.397  -7.920 0.1428571492
103576  -36.755  -1.783  -6.753 0.1428571492
102344  -36.275  -2.439  -7.295 0.1428571492
104761  -38.413  -0.845  -6.378 0.1428571492
105939  -39.182  0.220  -6.185 0.1428571492
104760  -37.191  -0.767  -6.571 0.1428571492
105927  -38.874  1.071  -6.072 0.1428571492
109473  -41.526  3.230  -8.164 0.1428571492
107130  -40.575  1.593  -6.686 0.1428571492
110688  -41.509  4.277  -8.564 0.1428571492
101219  -34.557  -3.287  -8.683 0.1428571492
101246  -33.146  -3.169  -10.329 0.1428571492
101189  -37.948  -3.556  -6.501 0.1428571492
101205  -37.199  -3.436  -6.658 0.1428571492
101203  -35.967  -3.130  -7.577 0.1428571492
103565  -37.564  -1.752  -6.474 0.1428571492
102345  -36.952  -2.591  -6.707 0.1428571492
102343  -35.710  -2.692  -7.723 0.1428571492
104763  -40.305  -0.852  -7.261 0.1428571492
103578  -39.536  -1.826  -6.733 0.1428571492
105940  -40.466  0.520  -6.849 0.1428571492
105941  -41.020  0.952  -7.365 0.1428571492
109464  -41.004  3.138  -7.035 0.1428571492
105928  -39.682  1.143  -6.191 0.1428571492
100037  -38.064  -4.563  -6.562 0.1428571492
100051  -36.750  -4.266  -6.804 0.1428571492
100081  -36.071  -4.249  -7.258 0.1428571492
101206  -40.236  -3.677  -7.368 0.1428571492
101190  -38.719  -3.687  -6.618 0.1428571492
103579  -40.459  -1.896  -7.463 0.1428571492
102346  -39.979  -2.795  -7.080 0.1428571492
107142  -41.311  1.236  -7.695 0.1428571492
105950  -41.053  -0.205  -7.755 0.1428571492
102329  -38.525  -2.836  -6.475 0.1428571492
103575  -36.161  -1.350  -7.306 0.1428571492
104749  -37.816  -1.185  -6.464 0.1428571492
105937  -36.907  0.651  -6.614 0.1428571492
105976  -34.716  0.614  -9.757 0.1428571492
113028  -41.682  6.336  -8.952 0.1428571492
110676  -41.097  4.281  -7.569 0.1428571492
109448  -37.453  3.806  -6.739 0.1428571492
110674  -39.062  4.604  -6.730 0.1428571492
110731  -35.126  4.779  -9.897 0.1428571492
113041  -35.637  6.673  -9.343 0.1428571492
96656  -26.237  -6.961  -13.032 0.2857142985
108311  -41.488  2.068  -7.724 0.1428571492
111921  -42.169  5.370  -9.736 0.1428571492
113043  -42.174  6.446  -9.739 0.1428571492
125625  -27.464  17.507  -17.846 0.4285714328
113027  -41.121  6.621  -8.344 0.1428571492
111883  -40.463  5.281  -7.372 0.1428571492
113010  -41.376  5.972  -8.303 0.1428571492
113006  -38.153  6.131  -7.459 0.1428571492
114107  -39.908  6.894  -7.852 0.1428571492
113056  -35.331  6.969  -10.233 0.1428571492
141595  -32.390  34.725  -19.452 0.1428571492
133740  -28.503  25.209  -18.058 0.4285714328
97761  -26.725  -6.556  -12.943 0.2857142985
142439  -31.487  36.063  -18.528 0.1428571492
111935  -35.219  5.998  -10.128 0.1428571492
104772  -34.787  -0.591  -9.591 0.1428571492
101218  -33.976  -3.536  -9.315 0.1428571492
103586  -34.650  -1.224  -9.435 0.1428571492
116491  -34.016  9.938  -11.783 0.1428571492
109492  -35.373  3.809  -9.105 0.1428571492
110711  -35.985  4.883  -8.564 0.1428571492
111920  -36.055  5.938  -8.608 0.1428571492
110672  -37.377  4.739  -7.211 0.1428571492
109461  -36.883  3.874  -7.310 0.1428571492
111899  -37.083  5.517  -7.583 0.1428571492
111880  -37.868  5.506  -7.278 0.1428571492
107141  -35.870  1.619  -8.249 0.1428571492
108310  -35.938  2.766  -8.321 0.1428571492
108309  -35.463  2.961  -8.932 0.1428571492
108296  -36.417  3.228  -7.662 0.1428571492
110673  -38.146  4.594  -6.745 0.1428571492
110661  -39.379  3.831  -6.411 0.1428571492
108297  -36.790  2.922  -7.005 0.1428571492
113007  -38.825  5.961  -7.487 0.1428571492
103587  -35.168  -1.400  -8.618 0.1428571492
107118  -37.410  2.440  -6.250 0.1428571492
108283  -38.301  2.848  -6.030 0.1428571492
107119  -38.304  2.020  -5.855 0.1428571492
109451  -39.435  3.166  -6.183 0.1428571492
104759  -36.327  -0.107  -7.346 0.1428571492
107129  -37.609  1.411  -6.156 0.1428571492
105938  -37.986  0.275  -6.186 0.1428571492
105929  -40.217  1.265  -6.473 0.1428571492
108299  -41.008  2.127  -6.961 0.1428571492
101221  -35.853  -3.692  -7.519 0.1428571492
102328  -37.768  -2.675  -6.470 0.1428571492
101204  -36.470  -3.404  -7.169 0.1428571492
104762  -39.527  -0.692  -6.574 0.1428571492
103577  -39.007  -1.308  -6.470 0.1428571492
103566  -38.486  -1.870  -6.443 0.1428571492
104775  -41.001  -1.116  -7.961 0.1428571492
105978  -41.347  0.222  -8.590 0.1428571492
103567  -38.963  -2.344  -6.506 0.1428571492
102330  -39.243  -2.871  -6.619 0.1428571492
89153  -23.228  -13.611  -10.611 0.1428571492
90459  -22.588  -12.490  -11.603 0.1428571492
90460  -23.725  -12.450  -11.006 0.1428571492
90461  -24.577  -11.943  -10.996 0.1428571492
91688  -23.220  -11.704  -11.669 0.1428571492
92919  -24.119  -10.656  -11.861 0.1428571492
92941  -25.133  -10.101  -11.840 0.1428571492
94218  -24.260  -9.442  -12.522 0.1428571492
95469  -25.004  -8.628  -12.683 0.1428571492
94219  -25.445  -9.412  -12.051 0.1428571492
95470  -25.917  -8.240  -12.435 0.1428571492
94233  -23.381  -9.381  -12.983 0.1428571492
94234  -24.280  -8.776  -13.025 0.1428571492
95484  -25.435  -7.927  -12.925 0.1428571492
96669  -24.031  -6.929  -14.296 0.1428571492
97777  -24.521  -6.546  -14.281 0.1428571492
98998  -26.009  -5.210  -14.181 0.1428571492
98997  -25.439  -5.497  -14.372 0.1428571492
100181  -26.128  -4.639  -14.389 0.2857142985
100182  -26.597  -4.257  -14.242 0.1428571492
101308  -27.398  -3.217  -14.312 0.1428571492
100202  -26.259  -3.792  -14.675 0.2857142985
102456  -28.090  -2.342  -14.337 0.2857142985
107275  -27.586  1.517  -16.975 0.4285714328
108451  -28.501  2.780  -16.721 0.4285714328
123454  -26.785  15.498  -18.044 0.2857142985
124551  -26.227  16.414  -17.896 0.2857142985
124552  -27.140  16.465  -17.951 0.2857142985
128750  -25.708  20.345  -17.164 0.2857142985
129834  -26.803  21.445  -17.686 0.2857142985
130857  -27.105  22.465  -17.997 0.2857142985
131855  -27.495  23.493  -18.000 0.4285714328
100201  -25.722  -4.411  -14.716 0.1428571492
101326  -26.659  -3.363  -14.677 0.2857142985
102455  -27.531  -2.575  -14.658 0.1428571492
91709  -23.575  -11.007  -11.884 0.1428571492
96653  -23.589  -7.607  -14.031 0.1428571492
97791  -24.694  -6.086  -14.422 0.1428571492
99014  -24.924  -5.403  -14.681 0.1428571492
101325  -26.075  -3.159  -15.172 0.2857142985
102474  -27.004  -2.477  -15.186 0.2857142985
102475  -27.595  -2.277  -14.860 0.2857142985
103682  -28.364  -1.526  -14.604 0.2857142985
106061  -28.731  -0.142  -15.032 0.4285714328
106113  -27.070  1.437  -17.319 0.2857142985
122325  -26.484  13.967  -18.400 0.2857142985
123453  -25.828  15.214  -18.114 0.2857142985
124550  -25.307  16.381  -17.684 0.2857142985
125624  -26.578  17.448  -17.777 0.2857142985
126721  -26.866  18.478  -17.691 0.2857142985
127744  -25.419  19.275  -17.161 0.2857142985
127743  -24.921  18.821  -16.920 0.2857142985
103700  -27.661  -1.669  -15.243 0.2857142985
123462  -26.178  14.509  -18.328 0.2857142985
123452  -24.662  15.341  -17.578 0.2857142985
122313  -24.600  14.144  -17.788 0.2857142985
124549  -24.571  16.443  -17.240 0.2857142985
125615  -24.427  17.232  -16.745 0.2857142985
125623  -25.736  17.377  -17.575 0.2857142985
126720  -26.038  18.373  -17.460 0.2857142985
126711  -24.763  18.100  -16.778 0.2857142985
123437  -23.057  15.686  -16.275 0.2857142985
124540  -23.447  16.263  -16.284 0.2857142985
125622  -24.977  17.326  -17.279 0.2857142985
106097  -27.939  1.024  -16.378 0.4285714328
107276  -28.191  1.761  -16.577 0.4285714328
96636  -25.962  -7.528  -12.854 0.1428571492
104881  -28.451  -0.759  -14.938 0.4285714328
92940  -24.540  -10.067  -12.024 0.1428571492
91689  -24.185  -11.405  -11.497 0.1428571492
128751  -26.544  20.438  -17.422 0.2857142985
126719  -25.309  18.226  -17.207 0.2857142985
97778  -25.233  -6.177  -14.080 0.1428571492
89180  -23.469  -13.082  -10.774 0.1428571492
92939  -23.553  -10.210  -12.357 0.1428571492
95483  -24.795  -8.039  -13.272 0.1428571492
96654  -24.513  -7.261  -13.851 0.1428571492
101324  -25.313  -3.649  -15.298 0.2857142985
106096  -27.235  0.454  -16.675 0.4285714328
104899  -27.776  -0.704  -15.648 0.4285714328
108450  -27.853  2.253  -17.147 0.2857142985
110844  -28.012  4.662  -17.775 0.2857142985
145342  -29.071  39.271  -21.049 0.1428571492
145343  -29.720  39.148  -21.185 0.1428571492
145329  -29.832  38.227  -19.640 0.1428571492
143350  -30.452  37.067  -18.605 0.1428571492
143342  -30.836  36.519  -18.335 0.1428571492
146315  -29.427  40.125  -22.194 0.1428571492
144314  -29.205  37.163  -18.549 0.1428571492
143348  -27.709  36.742  -18.655 0.1428571492
145325  -26.914  39.040  -18.164 0.1428571492
108485  -27.633  3.797  -18.065 0.2857142985
109652  -27.366  4.260  -18.330 0.2857142985
143351  -31.149  36.821  -19.031 0.1428571492
145344  -30.573  38.630  -21.420 0.1428571492
144322  -30.351  37.692  -19.278 0.1428571492
144323  -31.062  37.282  -19.709 0.1428571492
143349  -28.496  37.241  -18.733 0.1428571492
143341  -29.976  36.715  -18.006 0.1428571492
144328  -28.223  38.550  -19.695 0.1428571492
145328  -27.276  39.081  -19.188 0.1428571492
144327  -27.630  38.488  -19.318 0.1428571492
144313  -26.850  37.694  -17.704 0.1428571492
144319  -27.064  37.748  -18.768 0.1428571492
145336  -29.594  38.739  -20.323 0.1428571492
146307  -28.466  39.872  -21.417 0.1428571492
145330  -30.221  38.219  -19.907 0.1428571492
144321  -29.119  37.963  -19.304 0.1428571492
144329  -28.800  38.646  -19.949 0.1428571492
147255  -28.705  40.744  -21.589 0.1428571492
144320  -27.984  37.794  -19.091 0.1428571492
144330  -30.729  37.817  -20.059 0.1428571492
123442  -22.946  14.611  -16.643 0.1428571492
123451  -24.171  14.725  -17.420 0.1428571492
123443  -23.567  15.237  -16.892 0.1428571492
125607  -23.300  16.929  -15.651 0.1428571492
125580  -21.996  17.379  -13.941 0.1428571492
126688  -23.396  17.933  -14.999 0.1428571492
122323  -25.170  13.835  -18.217 0.1428571492
126710  -24.318  17.977  -16.168 0.1428571492
127710  -23.365  18.766  -14.781 0.1428571492
128728  -23.639  19.435  -15.306 0.1428571492
128729  -24.129  20.180  -15.516 0.2857142985
115386  -27.070  8.514  -18.568 0.2857142985
114261  -26.107  7.491  -18.415 0.1428571492
119980  -24.578  12.270  -18.052 0.1428571492
121145  -23.578  13.213  -17.376 0.1428571492
126695  -33.008  18.218  -13.935 0.1428571492
123436  -22.369  15.038  -15.989 0.1428571492
127734  -24.505  18.946  -16.367 0.1428571492
129823  -25.171  21.300  -16.545 0.1428571492
129822  -24.821  20.575  -16.380 0.1428571492
129811  -24.599  20.824  -15.840 0.2857142985
131842  -26.316  23.832  -17.055 0.2857142985
134624  -26.496  26.885  -16.304 0.2857142985
133698  -25.979  25.476  -14.967 0.2857142985
135564  -26.636  27.902  -16.174 0.2857142985
140017  -27.270  32.782  -15.585 0.1428571492
137319  -27.265  29.825  -13.738 0.1428571492
131854  -26.688  23.525  -17.662 0.2857142985
130855  -25.719  22.436  -16.933 0.2857142985
132786  -26.565  24.736  -17.217 0.2857142985
135585  -27.953  27.412  -18.002 0.2857142985
133727  -26.529  25.866  -17.322 0.2857142985
133717  -25.997  25.341  -16.216 0.2857142985
135583  -26.542  27.657  -17.688 0.2857142985
133718  -26.285  25.798  -16.463 0.2857142985
133707  -25.880  25.428  -15.825 0.2857142985
136475  -26.594  28.178  -17.368 0.2857142985
137335  -26.355  29.845  -15.902 0.1428571492
134615  -26.768  27.053  -15.151 0.2857142985
140010  -27.027  32.757  -14.758 0.1428571492
140749  -26.777  33.567  -12.789 0.1428571492
132766  -25.426  24.835  -15.258 0.1428571492
131824  -25.088  23.959  -14.592 0.1428571492
128717  -23.746  20.242  -14.954 0.2857142985
133708  -26.441  26.044  -15.529 0.2857142985
135555  -26.731  28.200  -15.289 0.1428571492
136446  -27.048  28.594  -14.529 0.1428571492
135556  -27.150  27.625  -14.584 0.1428571492
132760  -26.438  25.415  -13.550 0.1428571492
136442  -28.270  28.499  -13.290 0.1428571492
134610  -27.499  26.884  -13.977 0.1428571492
126675  -22.821  18.084  -13.727 0.1428571492
128710  -33.858  20.532  -12.984 0.1428571492
118871  -24.981  11.323  -18.273 0.1428571492
121127  -23.051  13.186  -16.885 0.1428571492
126680  -33.703  18.584  -13.442 0.1428571492
121126  -22.575  13.144  -16.387 0.1428571492
123422  -21.513  15.016  -14.712 0.1428571492
123407  -21.157  15.448  -14.056 0.1428571492
124532  -22.493  16.148  -15.364 0.1428571492
125579  -21.051  16.882  -13.498 0.1428571492
126701  -23.778  17.799  -15.552 0.1428571492
128740  -25.038  20.174  -16.774 0.1428571492
130845  -25.120  22.690  -16.140 0.1428571492
131841  -25.759  23.588  -16.613 0.1428571492
132785  -26.137  24.249  -16.777 0.2857142985
131832  -25.220  23.845  -15.725 0.1428571492
132774  -25.828  24.833  -16.375 0.1428571492
133692  -26.930  25.633  -13.128 0.1428571492
134609  -27.091  26.715  -14.525 0.1428571492
137323  -26.301  29.954  -15.059 0.1428571492
136441  -27.617  29.061  -13.936 0.1428571492
125601  -33.443  17.486  -13.792 0.1428571492
135584  -27.104  27.678  -18.146 0.2857142985
138268  -26.749  30.243  -13.865 0.1428571492
135573  -26.425  27.703  -17.025 0.2857142985
136454  -26.461  28.907  -16.094 0.2857142985
137324  -26.740  29.590  -14.335 0.1428571492
140009  -26.602  32.566  -14.010 0.1428571492
133739  -27.634  25.455  -18.335 0.2857142985
117733  -25.424  10.373  -18.398 0.1428571492
121156  -25.529  13.136  -18.402 0.1428571492
122249  -33.844  14.899  -13.411 0.1428571492
129833  -26.006  21.400  -17.282 0.1428571492
130856  -26.347  22.412  -17.564 0.1428571492
122303  -23.228  14.090  -17.034 0.1428571492
123423  -22.100  15.627  -15.174 0.1428571492
125606  -22.866  16.599  -15.474 0.1428571492
123435  -21.789  14.523  -15.415 0.1428571492
122285  -21.813  13.978  -15.767 0.1428571492
125594  -22.758  17.129  -15.008 0.1428571492
127724  -23.612  18.557  -15.293 0.1428571492
127733  -23.994  18.717  -15.759 0.1428571492
121146  -24.235  13.210  -17.742 0.1428571492
128738  -24.142  19.467  -15.860 0.1428571492
128739  -24.522  19.972  -16.273 0.1428571492
119968  -23.945  12.287  -17.665 0.1428571492
129812  -24.697  21.859  -15.510 0.2857142985
132799  -27.131  24.547  -18.051 0.2857142985
131853  -26.135  23.164  -17.213 0.2857142985
137320  -28.080  29.712  -13.274 0.1428571492
134644  -27.317  26.579  -18.446 0.2857142985
134643  -26.623  26.730  -17.996 0.2857142985
136445  -26.523  29.159  -15.191 0.1428571492
133699  -26.777  25.960  -14.272 0.2857142985
140760  -26.767  33.588  -13.952 0.1428571492
134616  -27.126  27.061  -14.560 0.2857142985
135552  -27.671  28.002  -13.954 0.1428571492
101339  -24.706  -3.279  -15.577 0.1428571492
102491  -25.981  -2.292  -16.014 0.1428571492
103714  -26.210  -1.805  -16.273 0.1428571492
102515  -24.346  -1.766  -15.983 0.1428571492
103736  -24.334  -1.186  -16.113 0.1428571492
104910  -24.536  -0.400  -16.457 0.1428571492
103738  -25.840  -1.428  -16.583 0.1428571492
106093  -24.729  0.490  -16.818 0.1428571492
103715  -26.725  -1.575  -15.988 0.1428571492
106110  -25.170  0.936  -17.226 0.1428571492
106095  -26.293  0.220  -17.188 0.1428571492
106081  -27.608  -0.164  -16.030 0.1428571492
106112  -26.513  1.114  -17.404 0.1428571492
107281  -25.308  1.659  -17.326 0.1428571492
107283  -26.665  2.032  -17.625 0.1428571492
108469  -26.942  2.925  -18.143 0.1428571492
110853  -26.767  5.327  -18.411 0.1428571492
112044  -26.956  5.857  -18.453 0.1428571492
103716  -27.373  -1.163  -15.787 0.1428571492
100217  -24.259  -3.836  -15.486 0.1428571492
102489  -24.330  -2.395  -15.808 0.1428571492
103737  -24.948  -1.249  -16.564 0.1428571492
132759  -25.808  24.912  -13.948 0.1428571492
113166  -27.246  6.678  -18.481 0.1428571492
107284  -27.321  2.181  -17.562 0.1428571492
102490  -25.068  -2.443  -15.964 0.1428571492
101340  -25.419  -2.955  -15.601 0.1428571492
103699  -27.159  -1.930  -15.499 0.1428571492
104898  -27.230  -0.627  -16.151 0.1428571492
102517  -25.301  -1.872  -16.338 0.1428571492
102516  -24.715  -1.823  -16.183 0.1428571492
103735  -23.775  -1.014  -15.724 0.1428571492
104911  -25.214  -0.532  -16.894 0.1428571492
106094  -25.502  0.216  -17.189 0.1428571492
104912  -25.967  -0.561  -16.956 0.1428571492
103739  -26.304  -1.062  -16.618 0.1428571492
106111  -25.780  0.957  -17.425 0.1428571492
107274  -24.733  1.502  -16.891 0.1428571492
104913  -26.637  -0.549  -16.653 0.1428571492
107282  -25.976  1.795  -17.617 0.1428571492
106092  -24.056  0.494  -16.188 0.1428571492
101337  -23.240  -3.437  -14.970 0.1428571492
89179  -22.915  -13.097  -11.094 0.1428571492
90417  -27.420  -12.786  -9.885 0.1428571492
90441  -25.585  -12.580  -10.485 0.2857142985
91693  -27.510  -10.823  -10.611 0.4285714328
91708  -22.909  -11.108  -12.154 0.1428571492
92902  -27.992  -10.582  -10.637 0.1428571492
92903  -28.666  -10.425  -10.514 0.1428571492
94190  -29.573  -9.892  -10.244 0.1428571492
94217  -23.710  -9.664  -12.606 0.1428571492
95482  -23.946  -8.312  -13.560 0.1428571492
96611  -30.295  -7.979  -10.841 0.2857142985
96637  -26.725  -7.331  -12.538 0.2857142985
98977  -30.477  -5.795  -11.813 0.1428571492
98979  -31.774  -5.410  -11.191 0.1428571492
98989  -30.638  -5.410  -11.955 0.1428571492
99015  -25.542  -5.148  -14.510 0.1428571492
101275  -32.789  -3.147  -10.816 0.2857142985
101276  -33.238  -2.732  -10.436 0.2857142985
101299  -29.601  -3.087  -13.145 0.7142857313
102361  -35.737  -2.094  -7.632 0.1428571492
102473  -26.398  -2.536  -15.512 0.2857142985
102492  -26.538  -2.232  -15.692 0.2857142985
103642  -33.868  -1.162  -10.514 0.2857142985
103713  -23.927  -1.715  -15.779 0.1428571492
104750  -38.071  -1.407  -6.443 0.1428571492
104798  -34.462  -0.671  -9.963 0.2857142985
104847  -31.525  -0.629  -12.347 0.5714285970
105951  -41.213  0.630  -7.759 0.1428571492
105975  -34.448  1.271  -10.156 0.2857142985
106004  -34.479  0.211  -10.089 0.1428571492
106034  -31.505  0.543  -12.857 0.5714285970
107104  -38.722  2.357  -5.720 0.1428571492
107105  -39.032  2.294  -5.681 0.1428571492
107121  -40.030  1.828  -6.262 0.1428571492
107131  -41.019  1.415  -7.190 0.1428571492
107165  -34.492  1.885  -10.236 0.2857142985
107266  -28.478  1.187  -15.897 0.5714285970
107267  -29.111  1.389  -15.330 0.7142857313
108275  -38.727  2.634  -5.772 0.1428571492
108276  -38.924  2.504  -5.690 0.1428571492
108285  -39.741  2.564  -6.174 0.1428571492
108298  -40.458  2.423  -6.551 0.1428571492
108351  -33.979  2.924  -11.281 0.2857142985
108352  -34.311  2.598  -10.663 0.2857142985
108369  -33.196  1.703  -11.800 0.2857142985
108405  -32.508  2.870  -12.766 0.5714285970
109449  -38.050  3.823  -6.440 0.1428571492
109462  -37.556  4.183  -6.834 0.1428571492
109472  -36.542  4.269  -7.783 0.1428571492
109493  -35.720  4.307  -8.701 0.1428571492
109512  -34.433  3.557  -10.632 0.2857142985
109562  -32.739  3.727  -12.869 0.5714285970
109635  -27.922  3.946  -17.731 0.5714285970
109653  -27.743  4.308  -18.061 0.2857142985
110660  -38.615  4.091  -6.467 0.1428571492
110686  -36.372  4.618  -8.031 0.1428571492
110730  -34.574  4.373  -10.620 0.1428571492
110843  -26.980  4.453  -18.444 0.2857142985
110854  -27.128  5.040  -18.443 0.1428571492
111867  -37.991  5.743  -7.345 0.1428571492
111868  -38.197  5.600  -7.318 0.1428571492
111956  -33.073  5.306  -12.863 0.5714285970
112007  -31.243  6.098  -15.083 0.7142857313
112045  -27.511  5.830  -18.361 0.4285714328
113000  -38.148  5.833  -7.393 0.1428571492
113001  -38.378  5.757  -7.392 0.1428571492
113078  -32.784  5.880  -13.049 0.4285714328
113159  -28.429  6.640  -18.060 0.4285714328
114174  -32.807  7.912  -13.294 0.4285714328
114255  -28.221  7.323  -18.262 0.7142857313
116518  -33.353  9.611  -13.090 0.4285714328
116581  -28.600  9.336  -17.968 0.7142857313
116589  -27.315  9.420  -18.508 0.4285714328
117736  -27.597  10.286  -18.344 0.5714285970
118813  -32.235  11.448  -14.577 0.4285714328
119967  -23.397  12.287  -17.186 0.1428571492
119970  -27.907  12.413  -17.759 0.5714285970
119982  -25.971  12.248  -18.440 0.2857142985
121130  -31.022  14.126  -16.354 0.8571428657
121147  -27.537  13.280  -18.021 0.5714285970
121155  -24.859  13.158  -18.157 0.1428571492
122286  -22.211  13.883  -16.230 0.1428571492
122302  -22.673  14.015  -16.594 0.1428571492
122312  -23.864  14.126  -17.424 0.2857142985
122314  -25.190  14.547  -18.068 0.2857142985
122324  -25.787  14.080  -18.380 0.2857142985
123444  -24.219  15.854  -17.102 0.2857142985
123447  -31.426  15.548  -16.171 0.7142857313
123463  -26.602  14.688  -18.235 0.4285714328
124519  -21.926  16.281  -14.667 0.1428571492
124533  -22.928  16.119  -15.838 0.1428571492
124534  -30.776  17.007  -15.996 0.7142857313
124541  -24.041  16.358  -16.727 0.2857142985
125595  -23.321  17.455  -15.294 0.1428571492
125614  -23.918  17.089  -16.165 0.1428571492
126713  -30.486  18.488  -16.170 0.8571428657
127702  -33.439  19.637  -13.190 0.1428571492
127717  -32.119  19.497  -14.422 0.4285714328
127735  -24.827  19.459  -16.769 0.1428571492
127736  -29.691  19.271  -16.688 0.8571428657
127745  -26.280  19.407  -17.412 0.2857142985
128708  -32.403  21.045  -13.710 0.4285714328
128721  -32.071  20.571  -14.137 0.4285714328
129805  -30.991  21.708  -14.837 0.8571428657
130824  -33.128  22.431  -13.473 0.1428571492
130839  -30.134  22.437  -15.439 0.8571428657
131834  -30.031  23.428  -15.371 0.8571428657
132768  -31.362  24.376  -14.582 0.7142857313
132775  -26.344  25.308  -16.821 0.1428571492
132776  -29.823  23.976  -15.725 0.8571428657
132801  -28.698  24.260  -17.797 0.5714285970
133738  -26.925  25.673  -17.974 0.2857142985
134633  -26.338  26.794  -17.231 0.2857142985
136464  -26.893  29.090  -17.264 0.2857142985
137352  -26.773  29.314  -17.178 0.4285714328
138256  -26.666  30.849  -13.778 0.1428571492
138257  -27.212  30.561  -13.354 0.1428571492
138314  -26.605  31.466  -18.108 0.4285714328
139983  -26.988  33.065  -12.319 0.1428571492
140018  -30.390  32.168  -15.998 0.2857142985
140019  -31.499  32.448  -15.761 0.1428571492
140021  -33.136  31.972  -15.956 0.1428571492
140035  -32.385  32.866  -16.221 0.1428571492
140053  -26.680  32.556  -18.076 0.4285714328
140054  -26.843  32.509  -18.276 0.4285714328
140759  -26.634  33.014  -13.458 0.1428571492
140777  -27.227  33.305  -16.058 0.1428571492
140792  -27.521  32.940  -17.963 0.2857142985
141566  -26.863  34.303  -16.601 0.1428571492
141568  -27.925  33.831  -17.592 0.2857142985
141580  -27.123  33.925  -18.352 0.2857142985
142421  -28.442  34.608  -17.370 0.2857142985
142440  -31.975  35.437  -18.959 0.2857142985
144315  -29.820  37.386  -18.671 0.1428571492
145337  -30.450  38.336  -20.454 0.1428571492
146302  -28.081  39.488  -21.028 0.1428571492
146308  -29.398  39.513  -21.618 0.1428571492
146309  -29.910  39.206  -21.598 0.1428571492
146314  -29.005  40.435  -21.817 0.1428571492
