#!ascii label  , from subject 3435 vox2ras=TkReg
1815
45609  13.808  -43.508  64.249 0.0000000000
81472  46.874  -14.586  43.908 0.0000000000
60561  29.828  -31.725  56.123 0.0000000000
66626  30.718  -26.980  61.507 0.0000000000
55689  23.145  -35.471  55.727 0.0000000000
51779  20.323  -38.326  63.987 0.0000000000
96402  52.811  -2.922  37.429 0.0000000000
87944  55.291  -9.155  48.649 0.0000000000
76557  37.710  -18.650  52.336 0.0000000000
104735  51.400  3.860  27.759 0.0000000000
51833  30.889  -38.802  60.158 0.0000000000
50594  16.044  -40.169  63.763 0.0000000000
95151  54.776  -3.524  43.230 0.0000000000
90545  52.149  -7.478  40.682 0.0000000000
83915  44.149  -13.394  49.958 0.0000000000
82609  48.438  -13.793  51.341 0.0000000000
83938  40.037  -12.953  48.565 0.0000000000
70495  30.186  -23.721  55.031 0.0000000000
62925  29.244  -29.414  59.189 0.0000000000
54313  27.180  -37.028  61.011 0.0000000000
51754  24.987  -38.921  64.557 0.0000000000
54331  21.765  -36.764  60.082 0.0000000000
54375  17.104  -36.914  58.784 0.0000000000
56957  27.966  -34.454  55.454 0.0000000000
100106  58.417  -0.418  37.201 0.0000000000
96310  58.851  -3.306  42.968 0.0000000000
85264  51.790  -12.309  46.088 0.0000000000
165898  39.304  -15.007  54.676 0.0000000000
72796  34.366  -21.430  57.813 0.0000000000
101316  50.748  0.380  31.984 0.0000000000
101328  56.739  -0.601  31.168 0.0000000000
100253  57.321  0.126  26.766 0.0000000000
50620  29.952  -39.700  61.781 0.0000000000
48160  14.464  -41.846  63.703 0.0000000000
48115  15.429  -41.604  66.631 0.0000000000
45586  14.717  -43.441  66.987 0.0000000000
95168  49.488  -3.913  41.271 0.0000000000
80186  42.558  -15.864  50.996 0.0000000000
79024  44.840  -16.686  51.015 0.0000000000
40723  11.254  -47.598  68.280 0.0000000000
81443  40.652  -15.032  46.607 0.0000000000
64193  27.889  -28.745  54.667 0.0000000000
66691  27.767  -26.639  56.414 0.0000000000
61700  29.521  -30.980  57.828 0.0000000000
54368  24.952  -36.647  58.428 0.0000000000
53044  24.187  -37.334  59.891 0.0000000000
55653  22.605  -36.046  57.502 0.0000000000
56959  25.429  -34.822  55.609 0.0000000000
55620  27.307  -35.977  58.362 0.0000000000
51777  22.341  -38.342  63.927 0.0000000000
98891  55.572  -1.816  36.988 0.0000000000
98860  59.313  -1.218  40.385 0.0000000000
98861  56.963  -0.924  41.128 0.0000000000
91663  55.956  -6.484  45.514 0.0000000000
93977  57.293  -5.343  46.342 0.0000000000
84039  47.372  -12.495  41.847 0.0000000000
86745  50.166  -11.090  43.066 0.0000000000
82731  49.622  -13.647  44.702 0.0000000000
77851  38.693  -16.898  49.120 0.0000000000
82619  38.720  -14.451  50.854 0.0000000000
78947  39.477  -17.032  54.319 0.0000000000
69195  30.506  -24.638  58.226 0.0000000000
71640  32.649  -22.735  56.304 0.0000000000
70446  32.291  -23.615  59.973 0.0000000000
98919  49.196  -0.928  34.840 0.0000000000
101295  48.952  0.945  32.922 0.0000000000
98931  52.511  -1.431  34.327 0.0000000000
100134  55.171  -1.518  33.865 0.0000000000
103569  55.654  3.578  25.349 0.0000000000
101407  54.322  1.986  27.026 0.0000000000
101371  56.847  -0.550  28.596 0.0000000000
100233  52.862  0.739  28.489 0.0000000000
54385  31.245  -36.474  57.556 0.0000000000
56916  32.458  -34.882  58.468 0.0000000000
51830  33.427  -38.928  60.141 0.0000000000
51782  17.498  -38.858  63.720 0.0000000000
50579  19.577  -39.216  66.320 0.0000000000
50566  17.228  -39.669  66.480 0.0000000000
96405  49.648  -3.033  37.232 0.0000000000
97608  53.449  -2.260  41.241 0.0000000000
97598  50.968  -2.474  41.285 0.0000000000
92827  54.034  -5.579  42.325 0.0000000000
89247  54.353  -8.362  43.698 0.0000000000
81420  45.452  -14.946  47.149 0.0000000000
81402  48.103  -14.546  47.886 0.0000000000
82611  46.379  -13.839  51.217 0.0000000000
77818  35.382  -18.722  50.858 0.0000000000
69123  31.938  -24.578  63.932 0.0000000000
43069  12.154  -45.621  64.048 0.0000000000
41902  14.184  -46.193  66.760 0.0000000000
40733  12.638  -47.649  67.347 0.0000000000
81490  43.760  -15.021  43.330 0.0000000000
81441  42.595  -15.454  46.478 0.0000000000
83936  41.944  -13.565  48.884 0.0000000000
82616  41.227  -13.956  51.000 0.0000000000
70514  28.400  -23.781  54.685 0.0000000000
69212  28.412  -25.351  57.979 0.0000000000
65388  28.841  -27.785  60.413 0.0000000000
59318  30.745  -32.425  60.226 0.0000000000
60521  29.598  -31.525  61.976 0.0000000000
51771  28.101  -38.388  62.860 0.0000000000
50571  27.499  -39.980  64.121 0.0000000000
52963  26.404  -37.984  63.033 0.0000000000
52979  23.061  -37.773  62.294 0.0000000000
53003  20.525  -37.414  61.610 0.0000000000
55656  19.515  -35.582  57.325 0.0000000000
54353  19.199  -36.382  59.742 0.0000000000
53005  18.587  -37.524  61.212 0.0000000000
51835  16.309  -38.834  60.703 0.0000000000
50636  14.910  -40.158  61.065 0.0000000000
48188  13.602  -41.884  61.754 0.0000000000
62981  28.086  -30.351  53.100 0.0000000000
59434  27.580  -32.125  52.637 0.0000000000
58165  29.230  -33.174  54.453 0.0000000000
55631  29.152  -36.568  58.376 0.0000000000
52994  28.955  -38.138  60.587 0.0000000000
92843  59.195  -5.597  41.066 0.0000000000
97566  57.177  -2.148  43.843 0.0000000000
89306  50.599  -9.221  39.904 0.0000000000
88031  52.284  -9.625  43.021 0.0000000000
86682  53.338  -10.554  47.463 0.0000000000
82660  50.860  -13.682  48.848 0.0000000000
83893  51.963  -12.831  50.469 0.0000000000
85222  38.066  -12.519  48.459 0.0000000000
85168  39.419  -12.631  51.255 0.0000000000
82564  41.160  -14.231  54.677 0.0000000000
74089  34.008  -21.061  54.197 0.0000000000
75336  35.604  -19.521  55.476 0.0000000000
72770  33.636  -21.873  61.059 0.0000000000
74040  35.669  -20.292  58.831 0.0000000000
75320  38.635  -19.591  56.548 0.0000000000
76516  40.678  -18.660  57.362 0.0000000000
80110  40.932  -15.499  58.567 0.0000000000
101361  51.273  1.620  29.507 0.0000000000
101332  53.205  -0.480  30.977 0.0000000000
100131  58.149  -0.436  33.848 0.0000000000
49383  30.382  -40.876  62.800 0.0000000000
46901  14.138  -42.661  64.049 0.0000000000
46886  14.392  -42.600  64.948 0.0000000000
45596  14.181  -43.459  65.220 0.0000000000
78995  42.025  -16.463  51.951 0.0000000000
77816  42.965  -17.509  52.131 0.0000000000
40724  10.395  -47.175  68.741 0.0000000000
61717  28.963  -30.429  55.340 0.0000000000
64182  28.769  -29.132  56.043 0.0000000000
61707  29.523  -30.960  56.683 0.0000000000
54408  24.349  -35.853  57.077 0.0000000000
54369  23.932  -36.654  58.467 0.0000000000
55673  22.747  -35.796  56.795 0.0000000000
56972  24.387  -34.790  54.644 0.0000000000
55688  24.149  -35.385  55.624 0.0000000000
55652  25.097  -35.612  56.928 0.0000000000
51778  21.337  -38.351  63.982 0.0000000000
51758  20.926  -38.494  64.954 0.0000000000
97646  54.554  -2.284  37.463 0.0000000000
98881  56.575  -1.583  38.775 0.0000000000
96369  54.728  -2.859  38.888 0.0000000000
90464  55.437  -7.539  46.981 0.0000000000
91650  56.351  -6.827  47.046 0.0000000000
82746  47.208  -13.915  43.234 0.0000000000
82744  48.455  -13.496  43.711 0.0000000000
81456  48.302  -14.400  44.802 0.0000000000
165887  37.290  -18.366  50.583 0.0000000000
165885  38.226  -18.325  51.550 0.0000000000
79039  39.085  -16.929  50.499 0.0000000000
76539  38.739  -18.450  53.129 0.0000000000
67857  30.719  -26.269  60.165 0.0000000000
69181  31.229  -24.908  59.330 0.0000000000
67846  32.053  -25.777  61.500 0.0000000000
97664  51.000  -2.166  36.275 0.0000000000
98917  51.047  -1.495  34.920 0.0000000000
98904  52.464  -1.953  35.746 0.0000000000
98902  53.870  -2.098  35.817 0.0000000000
103554  53.666  3.408  26.308 0.0000000000
103539  52.716  3.190  27.087 0.0000000000
101374  53.707  1.180  27.720 0.0000000000
102422  52.410  2.495  27.840 0.0000000000
53058  31.340  -37.466  58.721 0.0000000000
53057  32.401  -37.630  58.861 0.0000000000
51848  32.106  -38.457  59.680 0.0000000000
51783  16.875  -39.281  63.916 0.0000000000
51746  17.549  -38.960  65.333 0.0000000000
50583  16.528  -39.711  65.169 0.0000000000
45584  15.958  -43.383  67.075 0.0000000000
46864  16.678  -42.616  66.890 0.0000000000
96392  48.498  -3.088  38.311 0.0000000000
96357  50.594  -2.728  39.608 0.0000000000
96359  48.973  -2.848  39.715 0.0000000000
92847  50.829  -5.666  41.318 0.0000000000
94033  51.198  -4.553  41.918 0.0000000000
91713  53.189  -6.478  41.533 0.0000000000
90535  54.765  -7.432  42.440 0.0000000000
89283  53.752  -8.575  42.128 0.0000000000
81405  45.022  -14.732  48.080 0.0000000000
82665  45.550  -14.219  48.860 0.0000000000
82632  45.680  -13.633  50.545 0.0000000000
96415  48.909  -2.523  36.564 0.0000000000
41912  12.012  -46.696  65.660 0.0000000000
41896  11.902  -47.479  67.170 0.0000000000
81491  42.617  -14.996  43.341 0.0000000000
81461  42.956  -15.505  45.369 0.0000000000
81462  41.886  -15.193  45.491 0.0000000000
81444  40.063  -14.562  46.838 0.0000000000
81424  41.287  -14.982  47.372 0.0000000000
83937  41.349  -13.304  48.884 0.0000000000
83896  42.019  -12.889  50.373 0.0000000000
83897  41.109  -12.648  50.524 0.0000000000
70533  26.860  -24.008  54.320 0.0000000000
65426  28.070  -27.270  57.247 0.0000000000
67906  27.715  -25.771  56.635 0.0000000000
66665  28.175  -26.669  58.211 0.0000000000
67875  28.734  -26.339  58.977 0.0000000000
65395  28.645  -27.809  59.468 0.0000000000
55608  33.380  -35.976  59.932 0.0000000000
58087  31.625  -33.247  59.297 0.0000000000
56863  32.485  -34.976  60.659 0.0000000000
56838  31.197  -33.927  62.712 0.0000000000
60514  29.439  -30.666  62.743 0.0000000000
52961  27.680  -37.940  62.442 0.0000000000
52962  27.223  -37.891  62.738 0.0000000000
52976  26.430  -37.723  62.195 0.0000000000
53046  22.768  -36.964  59.923 0.0000000000
53022  23.800  -37.490  60.629 0.0000000000
53023  22.660  -37.224  60.499 0.0000000000
52980  22.056  -37.724  62.320 0.0000000000
53024  21.624  -37.170  60.799 0.0000000000
55675  20.265  -35.370  56.420 0.0000000000
54374  17.623  -36.387  58.247 0.0000000000
55623  18.244  -36.009  58.541 0.0000000000
54354  18.068  -36.431  59.442 0.0000000000
54334  18.754  -36.865  60.527 0.0000000000
54336  17.560  -37.432  60.259 0.0000000000
53006  17.692  -38.161  61.322 0.0000000000
53029  17.044  -37.908  60.469 0.0000000000
48203  13.969  -41.349  61.258 0.0000000000
65488  27.022  -27.479  52.229 0.0000000000
65498  27.168  -28.345  51.258 0.0000000000
58167  26.535  -33.587  54.251 0.0000000000
58166  27.978  -33.192  54.075 0.0000000000
59412  28.286  -32.676  53.586 0.0000000000
58152  28.606  -33.823  54.863 0.0000000000
55666  29.091  -35.550  56.595 0.0000000000
55667  28.499  -35.475  56.572 0.0000000000
54345  27.074  -36.447  59.129 0.0000000000
54344  28.144  -36.642  59.293 0.0000000000
54312  27.606  -37.285  60.715 0.0000000000
51794  28.610  -38.499  62.191 0.0000000000
50590  26.527  -39.464  64.282 0.0000000000
40731  14.353  -47.129  67.610 0.0000000000
41893  15.092  -46.550  68.121 0.0000000000
98879  60.181  -0.721  38.212 0.0000000000
97605  59.519  -2.515  41.772 0.0000000000
96343  60.008  -3.024  41.554 0.0000000000
95167  59.782  -3.880  42.038 0.0000000000
92817  59.243  -5.644  43.107 0.0000000000
97579  54.049  -2.411  42.375 0.0000000000
98845  55.289  -1.831  42.371 0.0000000000
96290  56.221  -3.296  43.907 0.0000000000
93974  58.371  -5.866  46.272 0.0000000000
86729  50.636  -11.389  44.344 0.0000000000
88015  50.948  -10.323  42.961 0.0000000000
86711  51.385  -11.011  45.071 0.0000000000
87986  52.664  -9.947  45.741 0.0000000000
85240  52.664  -11.638  47.209 0.0000000000
82646  48.286  -13.928  49.541 0.0000000000
82662  48.821  -14.254  48.307 0.0000000000
82628  49.883  -13.690  50.494 0.0000000000
83921  36.869  -12.873  49.089 0.0000000000
82584  39.030  -14.727  52.810 0.0000000000
83882  38.815  -13.860  51.010 0.0000000000
82583  39.523  -14.417  52.676 0.0000000000
82582  39.948  -14.663  52.548 0.0000000000
82565  40.278  -13.916  54.787 0.0000000000
70512  30.177  -23.625  53.842 0.0000000000
71667  31.709  -22.946  53.945 0.0000000000
71639  33.244  -22.336  56.765 0.0000000000
71665  33.143  -22.204  54.891 0.0000000000
72821  34.398  -21.228  55.796 0.0000000000
75350  34.980  -20.001  54.649 0.0000000000
74065  34.913  -20.707  56.192 0.0000000000
70404  32.394  -23.628  62.919 0.0000000000
75280  37.297  -19.581  59.637 0.0000000000
75298  37.096  -19.584  58.439 0.0000000000
75297  38.087  -19.501  58.581 0.0000000000
75331  40.081  -19.312  56.294 0.0000000000
75295  40.059  -19.166  58.867 0.0000000000
101317  49.511  1.012  32.370 0.0000000000
101349  50.556  1.494  30.423 0.0000000000
101348  51.566  0.659  30.266 0.0000000000
101314  52.812  -0.616  31.726 0.0000000000
100125  56.953  -1.252  35.458 0.0000000000
100133  56.519  -1.419  34.332 0.0000000000
100124  57.664  -0.899  35.214 0.0000000000
100122  59.310  0.403  35.103 0.0000000000
102451  56.591  2.077  26.165 0.0000000000
101357  56.324  -0.438  29.367 0.0000000000
100197  57.705  -1.051  30.722 0.0000000000
100165  58.150  -1.002  32.390 0.0000000000
51791  30.689  -39.368  61.012 0.0000000000
50633  31.783  -39.490  60.802 0.0000000000
50604  30.960  -40.313  61.783 0.0000000000
49390  15.546  -40.805  63.978 0.0000000000
50568  15.996  -40.296  65.486 0.0000000000
48144  14.798  -41.510  65.161 0.0000000000
46873  14.809  -42.093  66.491 0.0000000000
45576  15.421  -44.013  67.436 0.0000000000
94035  48.728  -4.616  41.104 0.0000000000
91716  50.330  -6.121  40.776 0.0000000000
82634  43.767  -13.572  50.558 0.0000000000
81366  44.810  -14.503  51.429 0.0000000000
80194  43.734  -16.108  50.966 0.0000000000
77814  44.397  -18.013  51.780 0.0000000000
41897  11.215  -46.829  67.409 0.0000000000
41885  10.518  -46.480  68.342 0.0000000000
39538  9.976  -47.854  68.838 0.0000000000
81478  40.055  -14.991  44.642 0.0000000000
82706  39.200  -13.892  46.714 0.0000000000
67935  26.819  -25.788  54.428 0.0000000000
66704  27.618  -26.925  55.397 0.0000000000
64171  29.145  -29.054  57.012 0.0000000000
62930  29.427  -29.853  58.116 0.0000000000
54346  25.847  -36.991  59.486 0.0000000000
53020  25.826  -37.377  60.479 0.0000000000
54347  24.597  -37.047  59.209 0.0000000000
54370  23.040  -36.484  58.607 0.0000000000
54371  22.200  -36.378  58.706 0.0000000000
53048  15.903  -37.986  58.902 0.0000000000
53071  15.236  -37.430  57.408 0.0000000000
56971  25.640  -34.096  54.544 0.0000000000
56942  26.334  -34.899  56.176 0.0000000000
55649  27.394  -35.454  57.141 0.0000000000
55650  26.507  -35.539  57.283 0.0000000000
54367  25.978  -36.391  58.391 0.0000000000
51755  23.929  -38.846  64.528 0.0000000000
100108  56.610  -1.140  36.988 0.0000000000
100092  59.161  -0.557  39.002 0.0000000000
100100  57.666  -0.912  38.737 0.0000000000
100071  58.249  -0.848  41.030 0.0000000000
98841  58.483  -1.018  42.328 0.0000000000
94006  55.692  -4.760  43.914 0.0000000000
95138  56.678  -4.118  45.119 0.0000000000
92785  56.601  -5.993  46.482 0.0000000000
91642  57.092  -7.109  47.100 0.0000000000
86786  49.557  -10.634  40.823 0.0000000000
85351  48.478  -11.995  42.193 0.0000000000
85309  49.421  -12.391  43.582 0.0000000000
83989  50.832  -12.908  45.531 0.0000000000
81356  49.817  -14.530  52.474 0.0000000000
80202  37.785  -15.102  48.924 0.0000000000
82636  37.972  -13.827  49.742 0.0000000000
165895  38.783  -15.441  50.162 0.0000000000
165893  38.814  -15.382  51.797 0.0000000000
165892  38.868  -15.628  53.023 0.0000000000
70474  29.847  -24.221  57.006 0.0000000000
70484  31.185  -23.465  55.987 0.0000000000
70472  31.572  -23.534  57.458 0.0000000000
70471  32.103  -23.393  58.219 0.0000000000
71608  32.932  -22.402  58.897 0.0000000000
100126  47.876  0.264  34.947 0.0000000000
101297  47.787  1.367  33.816 0.0000000000
100138  49.021  0.008  33.947 0.0000000000
100154  50.283  -0.278  33.361 0.0000000000
100153  51.222  -0.563  33.174 0.0000000000
100171  52.489  -0.728  32.454 0.0000000000
98930  53.527  -1.650  34.123 0.0000000000
98913  55.418  -1.911  35.348 0.0000000000
103571  53.945  3.985  25.837 0.0000000000
103553  54.942  3.008  25.939 0.0000000000
101405  55.868  1.334  26.635 0.0000000000
101390  56.798  0.053  27.527 0.0000000000
101392  54.993  0.775  27.220 0.0000000000
100214  54.966  -0.098  28.369 0.0000000000
101359  54.642  -0.282  29.322 0.0000000000
58138  31.469  -33.908  56.632 0.0000000000
58124  31.581  -33.529  57.289 0.0000000000
55644  32.282  -35.634  57.693 0.0000000000
54361  33.374  -36.524  59.042 0.0000000000
51845  34.061  -37.578  59.967 0.0000000000
51780  19.323  -38.341  63.909 0.0000000000
51759  19.857  -38.437  64.924 0.0000000000
51745  18.333  -38.716  65.562 0.0000000000
50565  18.038  -39.657  66.663 0.0000000000
49368  16.435  -40.433  66.538 0.0000000000
49353  17.374  -40.825  66.813 0.0000000000
96404  50.789  -2.905  36.986 0.0000000000
96371  52.959  -3.291  38.991 0.0000000000
96372  51.943  -3.295  38.979 0.0000000000
97609  52.399  -2.369  41.069 0.0000000000
96305  53.150  -3.244  42.469 0.0000000000
96315  50.430  -3.268  41.570 0.0000000000
95160  51.809  -3.472  42.104 0.0000000000
94021  54.169  -4.581  43.012 0.0000000000
91686  55.486  -6.223  43.291 0.0000000000
90493  54.903  -7.715  45.148 0.0000000000
89217  54.282  -8.237  46.018 0.0000000000
81438  45.900  -15.077  46.137 0.0000000000
81437  47.044  -14.895  46.060 0.0000000000
81419  46.544  -14.916  47.084 0.0000000000
82647  47.219  -13.874  49.632 0.0000000000
82610  47.396  -13.804  51.262 0.0000000000
82597  45.671  -14.229  51.521 0.0000000000
81359  46.726  -14.661  51.674 0.0000000000
81358  47.762  -14.649  51.862 0.0000000000
76590  36.250  -18.435  51.695 0.0000000000
66604  31.660  -26.176  63.253 0.0000000000
100127  47.345  0.693  35.253 0.0000000000
97679  48.061  -0.883  35.414 0.0000000000
96414  49.898  -2.526  36.485 0.0000000000
107200  51.439  6.518  27.321 0.0000000000
105969  50.825  5.737  27.772 0.0000000000
44323  12.634  -45.032  63.920 0.0000000000
44316  13.809  -44.541  65.376 0.0000000000
43059  12.923  -45.494  64.919 0.0000000000
40739  13.583  -47.004  67.039 0.0000000000
39534  13.753  -48.389  68.173 0.0000000000
40734  11.780  -47.667  67.630 0.0000000000
81488  45.993  -14.408  43.022 0.0000000000
81504  44.159  -14.638  42.463 0.0000000000
81473  45.645  -14.955  44.092 0.0000000000
81459  45.221  -15.171  45.181 0.0000000000
81421  44.406  -14.990  47.249 0.0000000000
81406  44.141  -14.741  48.090 0.0000000000
81442  41.559  -15.275  46.508 0.0000000000
82684  42.654  -14.656  48.096 0.0000000000
82651  43.146  -13.602  49.140 0.0000000000
83895  43.051  -13.132  50.412 0.0000000000
81369  41.731  -15.061  51.242 0.0000000000
80156  41.380  -15.718  52.479 0.0000000000
70513  29.285  -23.736  54.265 0.0000000000
69252  27.279  -24.534  55.167 0.0000000000
70498  28.102  -24.517  56.189 0.0000000000
70486  29.255  -24.063  56.386 0.0000000000
69210  29.734  -24.654  57.636 0.0000000000
67873  29.753  -26.034  59.296 0.0000000000
66628  29.570  -27.341  61.078 0.0000000000
59342  31.053  -32.545  58.338 0.0000000000
60538  29.782  -31.575  58.796 0.0000000000
60532  29.732  -31.411  59.770 0.0000000000
56847  31.458  -33.749  61.803 0.0000000000
59309  30.053  -32.314  61.136 0.0000000000
61690  29.442  -30.307  60.506 0.0000000000
62905  29.214  -29.450  61.188 0.0000000000
64124  29.217  -28.553  62.228 0.0000000000
64112  29.517  -28.417  63.431 0.0000000000
50588  28.819  -39.678  63.610 0.0000000000
51751  27.971  -38.957  63.644 0.0000000000
51752  26.968  -39.003  63.870 0.0000000000
51774  25.337  -38.430  63.514 0.0000000000
52998  25.606  -37.638  61.436 0.0000000000
52978  24.112  -37.898  62.322 0.0000000000
51775  24.328  -38.548  63.745 0.0000000000
51798  22.699  -38.099  63.077 0.0000000000
51799  21.711  -38.034  63.125 0.0000000000
51800  20.728  -38.018  63.129 0.0000000000
55674  21.482  -35.631  56.601 0.0000000000
55655  20.853  -35.823  57.726 0.0000000000
55635  20.661  -35.993  58.512 0.0000000000
55657  18.406  -35.455  57.089 0.0000000000
55636  19.878  -35.910  58.576 0.0000000000
54352  20.141  -36.355  59.563 0.0000000000
54333  19.848  -36.809  60.594 0.0000000000
53004  19.602  -37.291  61.380 0.0000000000
52983  19.189  -37.797  62.152 0.0000000000
52984  18.347  -38.180  61.981 0.0000000000
51820  17.080  -38.671  61.644 0.0000000000
51805  16.488  -39.634  62.426 0.0000000000
51849  15.641  -38.811  59.399 0.0000000000
50635  15.722  -39.747  61.316 0.0000000000
49407  15.675  -40.487  63.097 0.0000000000
49408  14.827  -41.112  63.087 0.0000000000
46936  14.019  -42.125  62.702 0.0000000000
46937  13.454  -42.557  62.400 0.0000000000
45625  12.716  -44.119  63.139 0.0000000000
44346  11.873  -44.616  62.897 0.0000000000
66725  26.743  -26.775  52.919 0.0000000000
64204  27.856  -29.254  54.179 0.0000000000
61727  29.350  -31.203  54.721 0.0000000000
61764  28.036  -30.891  52.752 0.0000000000
60585  29.039  -31.734  53.833 0.0000000000
59394  30.530  -33.321  55.501 0.0000000000
56938  30.764  -34.784  56.075 0.0000000000
54386  30.404  -36.523  57.644 0.0000000000
54324  30.051  -37.466  59.338 0.0000000000
55632  28.531  -36.144  58.050 0.0000000000
54343  28.849  -36.932  59.227 0.0000000000
53018  29.556  -38.221  60.198 0.0000000000
52972  29.307  -38.600  61.194 0.0000000000
51770  28.981  -39.096  62.594 0.0000000000
44309  14.381  -44.415  66.389 0.0000000000
43042  14.960  -45.501  67.893 0.0000000000
97627  60.114  -2.038  39.973 0.0000000000
97617  55.399  -2.043  40.744 0.0000000000
98843  56.756  -1.057  42.531 0.0000000000
97563  58.355  -2.471  43.857 0.0000000000
96280  57.261  -3.746  45.034 0.0000000000
95136  58.221  -4.116  44.750 0.0000000000
94005  59.080  -4.610  44.045 0.0000000000
90561  50.173  -7.310  39.922 0.0000000000
90559  51.672  -8.004  40.201 0.0000000000
86785  50.181  -10.421  41.098 0.0000000000
88048  51.509  -9.833  41.645 0.0000000000
89296  52.915  -8.763  41.323 0.0000000000
89266  52.959  -9.213  43.556 0.0000000000
89232  53.378  -9.039  45.402 0.0000000000
87961  53.923  -9.663  47.683 0.0000000000
81435  49.062  -14.422  46.529 0.0000000000
82703  49.703  -14.096  46.452 0.0000000000
82701  51.279  -13.466  47.307 0.0000000000
82607  50.542  -13.654  51.327 0.0000000000
82659  51.546  -13.275  49.072 0.0000000000
83934  52.422  -12.369  47.813 0.0000000000
85215  52.860  -11.733  48.137 0.0000000000
85197  53.589  -11.105  49.199 0.0000000000
83959  37.834  -12.765  47.151 0.0000000000
83939  38.700  -12.685  48.026 0.0000000000
83900  38.177  -13.136  50.139 0.0000000000
85184  38.608  -12.520  50.227 0.0000000000
85199  39.718  -12.070  50.332 0.0000000000
82617  40.361  -13.817  51.109 0.0000000000
82581  40.437  -15.086  52.298 0.0000000000
81340  41.802  -15.328  54.585 0.0000000000
71666  32.500  -22.478  54.329 0.0000000000
75377  34.278  -19.746  53.088 0.0000000000
76560  35.221  -18.994  53.639 0.0000000000
76541  36.763  -18.758  53.768 0.0000000000
69155  32.301  -24.530  61.732 0.0000000000
71592  32.598  -23.001  61.325 0.0000000000
72779  33.555  -21.884  60.018 0.0000000000
74014  34.966  -20.838  60.651 0.0000000000
74041  35.040  -20.874  58.342 0.0000000000
75310  36.072  -19.556  56.782 0.0000000000
75322  36.656  -19.258  56.244 0.0000000000
75347  38.102  -19.101  54.287 0.0000000000
76529  39.694  -18.645  54.596 0.0000000000
77766  40.089  -18.164  55.173 0.0000000000
78939  39.791  -16.827  56.101 0.0000000000
76493  40.624  -18.212  59.403 0.0000000000
78929  40.448  -16.532  58.207 0.0000000000
81317  40.009  -14.686  56.521 0.0000000000
82529  41.074  -13.898  57.001 0.0000000000
105960  50.264  4.532  28.722 0.0000000000
103531  50.776  3.146  28.789 0.0000000000
100234  52.409  0.789  28.900 0.0000000000
100199  53.131  -0.112  29.551 0.0000000000
101330  55.273  -0.486  30.953 0.0000000000
100170  53.573  -0.911  32.430 0.0000000000
100168  55.652  -0.909  32.468 0.0000000000
100167  56.538  -0.871  32.427 0.0000000000
101294  58.748  -0.163  33.496 0.0000000000
49384  29.776  -40.593  63.149 0.0000000000
48150  30.177  -41.168  63.039 0.0000000000
46902  13.740  -43.158  63.725 0.0000000000
45608  14.162  -43.065  64.618 0.0000000000
45597  13.750  -44.001  64.759 0.0000000000
78981  42.320  -16.474  53.545 0.0000000000
77788  42.537  -16.982  53.274 0.0000000000
61716  29.367  -30.871  55.641 0.0000000000
55672  23.774  -35.693  56.468 0.0000000000
54409  23.658  -35.982  57.153 0.0000000000
55671  24.611  -35.548  56.489 0.0000000000
96401  53.601  -2.670  37.547 0.0000000000
97638  54.911  -2.432  38.069 0.0000000000
96386  54.272  -2.721  38.122 0.0000000000
89202  55.393  -8.300  47.812 0.0000000000
89188  55.661  -8.649  48.461 0.0000000000
82734  47.602  -14.094  43.736 0.0000000000
81471  47.788  -14.372  44.258 0.0000000000
165886  37.566  -18.516  51.544 0.0000000000
66638  31.021  -26.625  60.803 0.0000000000
67856  31.405  -25.903  60.439 0.0000000000
66625  31.430  -26.606  61.500 0.0000000000
97649  52.327  -2.571  36.772 0.0000000000
97675  51.468  -1.818  35.703 0.0000000000
97648  53.122  -2.425  36.931 0.0000000000
97661  53.463  -2.150  36.415 0.0000000000
103540  52.049  3.432  27.430 0.0000000000
103530  51.626  3.357  27.934 0.0000000000
53042  30.700  -37.642  59.134 0.0000000000
53041  31.482  -38.091  59.457 0.0000000000
51832  31.564  -38.783  60.016 0.0000000000
50607  16.486  -39.712  63.449 0.0000000000
51763  16.815  -39.364  64.618 0.0000000000
50593  16.462  -39.750  64.265 0.0000000000
96393  47.606  -3.038  38.184 0.0000000000
96375  49.152  -3.021  39.007 0.0000000000
96376  48.277  -2.975  39.073 0.0000000000
91714  52.164  -6.670  41.106 0.0000000000
92846  51.687  -5.878  41.507 0.0000000000
90543  53.721  -7.250  41.487 0.0000000000
90544  52.968  -7.522  41.034 0.0000000000
82666  44.512  -14.235  48.788 0.0000000000
82649  44.937  -13.729  49.698 0.0000000000
41913  11.218  -46.215  65.529 0.0000000000
81492  41.454  -14.981  43.399 0.0000000000
81476  42.238  -15.053  44.424 0.0000000000
81477  41.136  -15.007  44.524 0.0000000000
82687  40.156  -14.016  47.681 0.0000000000
82670  40.815  -13.743  48.362 0.0000000000
83918  41.251  -12.769  49.602 0.0000000000
83919  40.413  -12.325  49.857 0.0000000000
65409  28.505  -27.679  58.293 0.0000000000
65410  28.048  -27.043  57.808 0.0000000000
66664  28.498  -27.134  58.858 0.0000000000
64148  28.901  -28.678  59.292 0.0000000000
54322  33.597  -36.226  60.482 0.0000000000
55609  32.900  -35.480  60.132 0.0000000000
54323  32.986  -35.868  60.759 0.0000000000
52996  27.495  -37.487  61.361 0.0000000000
52975  27.279  -37.664  62.027 0.0000000000
52997  26.651  -37.348  61.203 0.0000000000
54330  22.375  -36.815  59.868 0.0000000000
54335  17.895  -36.998  60.305 0.0000000000
54355  17.365  -37.163  59.792 0.0000000000
53047  16.659  -37.573  59.356 0.0000000000
58154  26.717  -33.886  54.826 0.0000000000
58153  27.397  -33.837  54.836 0.0000000000
56940  28.563  -35.074  56.116 0.0000000000
56929  28.121  -35.347  56.577 0.0000000000
54328  26.852  -36.925  60.345 0.0000000000
50591  25.600  -39.395  64.652 0.0000000000
39533  14.550  -48.138  68.225 0.0000000000
40719  14.901  -47.439  68.200 0.0000000000
100105  59.182  0.108  36.949 0.0000000000
100097  59.908  0.109  37.679 0.0000000000
100098  59.175  0.017  38.059 0.0000000000
96327  59.556  -3.173  42.321 0.0000000000
95158  59.437  -3.990  42.820 0.0000000000
94018  59.477  -4.742  42.555 0.0000000000
94004  59.296  -4.883  43.476 0.0000000000
96303  54.762  -3.230  43.040 0.0000000000
97568  55.272  -2.492  43.133 0.0000000000
96302  55.488  -3.043  43.362 0.0000000000
86712  50.906  -11.591  45.061 0.0000000000
85284  51.822  -11.461  45.606 0.0000000000
86710  52.178  -10.901  45.712 0.0000000000
85263  52.157  -11.770  46.217 0.0000000000
82629  48.865  -13.743  50.503 0.0000000000
83941  36.452  -12.587  48.256 0.0000000000
82574  39.066  -14.688  53.751 0.0000000000
82573  39.508  -14.171  53.827 0.0000000000
82566  39.493  -14.009  54.849 0.0000000000
70511  30.944  -23.276  53.398 0.0000000000
70494  31.011  -23.329  54.539 0.0000000000
72809  33.808  -21.907  57.238 0.0000000000
72822  33.887  -21.835  56.236 0.0000000000
72808  34.421  -21.333  56.746 0.0000000000
75265  37.005  -19.565  60.839 0.0000000000
75279  38.379  -19.448  59.543 0.0000000000
75296  39.078  -19.531  58.691 0.0000000000
75278  39.236  -19.347  59.574 0.0000000000
102399  49.464  1.791  31.391 0.0000000000
101335  50.223  1.176  31.388 0.0000000000
101350  49.944  1.689  30.915 0.0000000000
101334  51.157  0.594  31.168 0.0000000000
101315  51.742  -0.220  31.788 0.0000000000
100115  57.601  -0.722  36.295 0.0000000000
100114  58.376  -0.224  36.100 0.0000000000
101404  57.079  1.192  26.763 0.0000000000
100252  57.485  0.853  26.362 0.0000000000
101343  56.548  -0.535  30.384 0.0000000000
101342  57.164  -0.705  30.847 0.0000000000
100186  58.202  -1.278  31.612 0.0000000000
101327  57.140  -0.742  31.473 0.0000000000
50619  30.772  -39.718  61.453 0.0000000000
49391  14.884  -41.284  64.227 0.0000000000
49379  14.853  -41.374  64.792 0.0000000000
45592  14.423  -43.410  66.165 0.0000000000
46874  14.503  -42.523  65.834 0.0000000000
45585  15.373  -43.240  67.338 0.0000000000
45577  14.973  -43.871  67.518 0.0000000000
92848  49.954  -5.461  41.059 0.0000000000
91717  49.546  -5.974  40.666 0.0000000000
82614  43.213  -13.815  50.893 0.0000000000
81367  43.878  -14.618  51.089 0.0000000000
80195  43.201  -15.959  50.905 0.0000000000
66715  27.153  -27.127  54.112 0.0000000000
65458  27.959  -28.119  55.199 0.0000000000
62941  29.036  -29.548  56.483 0.0000000000
65443  28.551  -28.402  56.223 0.0000000000
64159  29.280  -29.316  57.705 0.0000000000
64170  29.312  -29.548  57.458 0.0000000000
54391  23.234  -36.215  57.747 0.0000000000
54392  22.471  -36.174  58.031 0.0000000000
56988  24.781  -33.981  53.611 0.0000000000
56943  25.778  -35.082  56.214 0.0000000000
54389  25.135  -36.012  57.542 0.0000000000
54388  26.084  -35.883  57.720 0.0000000000
51756  22.962  -38.679  64.666 0.0000000000
100107  57.323  -0.786  37.501 0.0000000000
98890  56.355  -1.502  37.644 0.0000000000
98872  56.575  -1.653  39.774 0.0000000000
98880  56.975  -0.967  39.285 0.0000000000
98871  56.953  -1.009  40.221 0.0000000000
98850  58.641  -0.862  41.470 0.0000000000
100060  57.656  -0.816  41.912 0.0000000000
92807  56.101  -5.813  44.614 0.0000000000
92797  56.426  -5.658  45.707 0.0000000000
91656  56.009  -6.521  46.380 0.0000000000
91643  56.602  -7.254  47.339 0.0000000000
85369  47.545  -11.887  41.277 0.0000000000
85368  48.291  -11.694  41.529 0.0000000000
85352  47.805  -12.292  41.949 0.0000000000
82732  48.766  -13.799  44.258 0.0000000000
84001  49.289  -12.920  43.955 0.0000000000
84000  50.172  -12.910  44.606 0.0000000000
82730  50.226  -13.483  45.206 0.0000000000
80210  37.492  -15.564  48.235 0.0000000000
80209  38.704  -16.101  49.060 0.0000000000
80201  38.527  -15.463  49.335 0.0000000000
69209  30.191  -24.406  57.499 0.0000000000
70473  30.585  -23.950  57.230 0.0000000000
70462  31.013  -24.030  58.062 0.0000000000
70447  31.912  -24.218  59.632 0.0000000000
70461  31.566  -23.982  58.631 0.0000000000
70460  32.198  -23.546  59.058 0.0000000000
71620  32.542  -22.939  58.533 0.0000000000
71609  32.555  -22.960  59.435 0.0000000000
98920  48.356  -0.414  34.933 0.0000000000
100139  48.253  0.490  34.305 0.0000000000
98934  49.549  -0.592  34.335 0.0000000000
98932  51.535  -1.200  34.335 0.0000000000
98933  50.480  -0.810  34.191 0.0000000000
98944  51.083  -0.777  33.747 0.0000000000
98943  51.904  -0.949  33.739 0.0000000000
98942  52.765  -1.227  33.669 0.0000000000
98901  54.969  -2.065  36.167 0.0000000000
98914  54.296  -2.089  35.071 0.0000000000
98900  56.055  -1.599  36.425 0.0000000000
102454  53.747  2.853  26.793 0.0000000000
102453  54.302  2.451  26.657 0.0000000000
102452  55.406  2.107  26.122 0.0000000000
101406  54.786  1.668  26.776 0.0000000000
101391  56.112  0.461  27.290 0.0000000000
100232  53.728  0.581  27.982 0.0000000000
100231  54.605  0.218  27.880 0.0000000000
100215  54.391  -0.109  28.676 0.0000000000
100216  53.425  0.058  28.820 0.0000000000
56937  31.508  -34.836  56.806 0.0000000000
55645  31.598  -35.661  57.201 0.0000000000
51847  32.819  -38.331  59.489 0.0000000000
53056  33.247  -37.222  58.925 0.0000000000
51859  33.485  -37.482  59.321 0.0000000000
53039  33.735  -37.086  59.544 0.0000000000
51846  33.699  -37.860  59.651 0.0000000000
51781  18.370  -38.543  63.758 0.0000000000
51760  18.850  -38.499  64.782 0.0000000000
51761  17.979  -38.761  64.632 0.0000000000
50582  17.019  -39.303  65.802 0.0000000000
50581  17.775  -39.094  66.155 0.0000000000
50552  18.098  -40.193  66.790 0.0000000000
50553  17.349  -40.188  66.853 0.0000000000
49369  15.841  -40.802  66.255 0.0000000000
49355  15.894  -41.163  66.834 0.0000000000
96390  50.368  -3.280  38.046 0.0000000000
96389  51.393  -3.291  38.049 0.0000000000
96373  50.973  -3.122  38.919 0.0000000000
97621  51.052  -2.358  40.242 0.0000000000
97610  51.455  -2.307  40.911 0.0000000000
97581  52.404  -2.670  41.848 0.0000000000
96330  49.385  -3.267  40.975 0.0000000000
96316  49.925  -3.538  41.360 0.0000000000
94031  52.573  -5.026  42.378 0.0000000000
94023  51.973  -4.094  42.247 0.0000000000
94022  53.108  -4.363  42.643 0.0000000000
92821  53.742  -5.056  42.658 0.0000000000
92819  55.136  -5.622  43.072 0.0000000000
92826  54.639  -5.792  42.563 0.0000000000
90522  54.929  -7.792  43.259 0.0000000000
90521  55.393  -7.283  43.671 0.0000000000
90507  54.926  -7.830  44.172 0.0000000000
89231  54.180  -8.259  44.762 0.0000000000
82648  46.132  -13.793  49.681 0.0000000000
82664  46.629  -14.237  48.819 0.0000000000
82631  46.761  -13.671  50.521 0.0000000000
80184  44.651  -15.530  51.261 0.0000000000
80170  45.438  -15.053  51.603 0.0000000000
80169  46.281  -15.145  51.585 0.0000000000
80181  47.190  -15.926  51.392 0.0000000000
80168  47.404  -15.394  51.616 0.0000000000
78993  48.386  -15.832  51.590 0.0000000000
77833  35.808  -18.420  50.177 0.0000000000
77817  36.226  -18.536  51.123 0.0000000000
76591  35.653  -18.566  51.650 0.0000000000
98922  47.269  0.042  35.752 0.0000000000
98921  47.749  -0.142  35.393 0.0000000000
98905  47.462  -0.778  35.823 0.0000000000
107201  50.927  6.314  27.972 0.0000000000
43068  12.743  -45.184  64.252 0.0000000000
43060  12.359  -45.945  64.729 0.0000000000
41904  12.324  -47.101  66.610 0.0000000000
41903  13.463  -46.752  66.611 0.0000000000
40740  13.180  -47.226  66.967 0.0000000000
40732  13.781  -47.324  67.315 0.0000000000
40721  13.257  -47.963  67.858 0.0000000000
39536  11.912  -48.343  68.776 0.0000000000
82758  46.201  -13.594  42.306 0.0000000000
82759  45.334  -13.765  41.999 0.0000000000
81489  44.892  -14.978  43.194 0.0000000000
81474  44.494  -15.213  44.225 0.0000000000
81440  43.738  -15.541  46.414 0.0000000000
81422  43.319  -15.023  47.505 0.0000000000
81463  40.832  -15.141  45.606 0.0000000000
82685  41.855  -14.574  48.060 0.0000000000
82668  42.440  -13.934  48.652 0.0000000000
83917  42.353  -13.221  49.468 0.0000000000
83878  41.670  -13.157  51.021 0.0000000000
82615  42.190  -13.952  51.040 0.0000000000
81362  41.043  -15.472  51.964 0.0000000000
70531  28.395  -23.470  53.523 0.0000000000
67919  27.298  -25.865  55.522 0.0000000000
69253  26.951  -24.815  54.879 0.0000000000
69236  27.079  -25.211  55.378 0.0000000000
69224  28.048  -24.965  57.019 0.0000000000
70488  28.348  -24.662  56.716 0.0000000000
70497  28.503  -24.005  55.797 0.0000000000
70487  28.675  -24.423  56.694 0.0000000000
70475  29.255  -24.381  57.092 0.0000000000
69211  28.835  -24.756  57.630 0.0000000000
66651  28.777  -26.997  59.471 0.0000000000
67874  29.181  -26.393  59.345 0.0000000000
67859  29.639  -26.627  59.868 0.0000000000
66641  29.289  -27.139  60.288 0.0000000000
59357  31.619  -33.412  57.748 0.0000000000
59358  31.268  -32.914  57.301 0.0000000000
58107  31.821  -33.666  58.329 0.0000000000
58071  31.315  -32.871  60.005 0.0000000000
59329  31.041  -32.559  59.309 0.0000000000
59330  30.226  -32.078  59.525 0.0000000000
59319  30.039  -32.087  60.400 0.0000000000
58040  30.228  -32.769  62.455 0.0000000000
58048  30.849  -33.241  62.155 0.0000000000
59300  29.862  -32.193  61.809 0.0000000000
60527  29.562  -31.402  60.934 0.0000000000
60528  29.454  -31.082  61.536 0.0000000000
61683  29.364  -30.455  61.142 0.0000000000
60522  29.453  -30.885  62.043 0.0000000000
61665  29.430  -30.016  62.733 0.0000000000
64123  29.429  -28.247  62.667 0.0000000000
51750  28.622  -39.093  63.237 0.0000000000
51772  27.199  -38.395  63.357 0.0000000000
51773  26.315  -38.473  63.566 0.0000000000
52964  25.859  -38.202  63.201 0.0000000000
53043  25.063  -37.324  59.917 0.0000000000
53021  24.832  -37.522  60.633 0.0000000000
53000  23.411  -37.609  61.447 0.0000000000
52999  24.511  -37.693  61.510 0.0000000000
51796  24.657  -38.243  63.030 0.0000000000
51797  23.694  -38.226  63.021 0.0000000000
53002  21.397  -37.462  61.576 0.0000000000
52981  21.094  -37.714  62.337 0.0000000000
55622  18.922  -35.933  59.001 0.0000000000
55637  18.816  -35.857  58.041 0.0000000000
55621  19.529  -36.115  59.236 0.0000000000
54315  19.052  -37.120  61.043 0.0000000000
51802  18.793  -38.259  62.904 0.0000000000
51834  16.899  -38.408  60.982 0.0000000000
51819  17.626  -38.548  61.818 0.0000000000
51804  16.851  -39.191  62.818 0.0000000000
51821  16.450  -39.382  61.851 0.0000000000
50645  15.291  -39.650  60.157 0.0000000000
50622  15.937  -39.997  62.344 0.0000000000
50623  15.209  -40.150  61.837 0.0000000000
49421  15.236  -40.477  62.446 0.0000000000
49422  14.643  -40.783  61.839 0.0000000000
48187  14.162  -41.697  62.267 0.0000000000
46938  12.487  -42.957  62.069 0.0000000000
45642  12.360  -43.865  62.625 0.0000000000
44345  12.055  -44.422  62.769 0.0000000000
45643  11.513  -44.210  62.671 0.0000000000
64214  27.622  -29.056  53.238 0.0000000000
62982  27.924  -29.766  53.499 0.0000000000
62972  27.959  -29.779  54.036 0.0000000000
62971  28.259  -30.235  53.922 0.0000000000
60640  27.327  -31.185  51.799 0.0000000000
61765  27.769  -30.767  52.263 0.0000000000
60603  27.994  -31.817  52.839 0.0000000000
59411  28.977  -32.519  53.966 0.0000000000
59410  29.646  -32.474  54.645 0.0000000000
58151  29.895  -33.643  55.091 0.0000000000
56954  30.599  -34.389  55.754 0.0000000000
56955  30.195  -34.457  55.544 0.0000000000
55647  29.495  -36.149  57.424 0.0000000000
55665  30.113  -35.615  56.528 0.0000000000
54365  29.934  -36.732  58.233 0.0000000000
54342  29.537  -36.965  58.975 0.0000000000
55634  27.042  -35.721  57.798 0.0000000000
55633  27.767  -35.828  57.873 0.0000000000
55619  27.920  -36.191  58.622 0.0000000000
54326  28.508  -37.231  59.764 0.0000000000
54310  28.721  -37.737  60.034 0.0000000000
54325  29.308  -37.640  59.713 0.0000000000
52993  29.745  -38.540  60.658 0.0000000000
50606  29.048  -39.476  63.080 0.0000000000
49373  27.968  -40.244  64.096 0.0000000000
51743  20.415  -38.803  65.935 0.0000000000
50563  20.425  -39.614  66.567 0.0000000000
43053  14.171  -45.426  66.359 0.0000000000
44310  14.032  -44.976  65.972 0.0000000000
43041  15.539  -45.578  67.723 0.0000000000
41892  15.896  -46.312  67.657 0.0000000000
100082  59.600  -0.922  39.623 0.0000000000
98859  59.755  -1.396  40.500 0.0000000000
95184  59.856  -3.832  41.119 0.0000000000
96354  53.498  -2.919  39.743 0.0000000000
97630  54.349  -2.853  39.578 0.0000000000
97618  54.233  -2.485  40.484 0.0000000000
98828  56.321  -1.588  43.106 0.0000000000
98844  56.033  -1.571  42.427 0.0000000000
98818  56.941  -1.712  43.479 0.0000000000
98816  58.158  -1.424  43.987 0.0000000000
97565  57.708  -1.941  44.238 0.0000000000
93986  57.080  -4.833  46.023 0.0000000000
96282  56.913  -3.827  45.172 0.0000000000
93985  57.399  -4.833  45.904 0.0000000000
93983  58.415  -5.125  45.629 0.0000000000
92795  59.132  -5.729  45.211 0.0000000000
93993  58.866  -4.779  44.728 0.0000000000
92794  59.367  -6.069  44.599 0.0000000000
92806  59.388  -5.859  43.916 0.0000000000
90576  49.745  -7.930  39.550 0.0000000000
90562  49.314  -7.161  39.824 0.0000000000
90575  50.511  -7.999  39.692 0.0000000000
89305  51.130  -8.886  39.998 0.0000000000
86764  49.232  -11.263  41.971 0.0000000000
86763  50.139  -10.662  41.718 0.0000000000
88014  51.466  -10.045  43.513 0.0000000000
88032  51.547  -9.924  42.562 0.0000000000
88057  52.079  -9.369  41.223 0.0000000000
89284  53.029  -9.137  42.513 0.0000000000
87974  53.036  -10.053  46.492 0.0000000000
89233  52.821  -9.520  45.131 0.0000000000
87985  53.255  -9.568  46.222 0.0000000000
89218  53.735  -9.046  46.545 0.0000000000
87973  53.460  -9.767  46.927 0.0000000000
81418  47.653  -14.751  47.060 0.0000000000
81436  48.315  -14.570  45.988 0.0000000000
81417  48.743  -14.525  47.321 0.0000000000
82661  49.934  -13.892  48.606 0.0000000000
82682  49.629  -14.189  47.504 0.0000000000
82681  50.670  -13.843  47.870 0.0000000000
82702  50.620  -13.721  46.770 0.0000000000
82626  51.345  -13.235  50.297 0.0000000000
83914  52.077  -12.756  49.426 0.0000000000
83935  51.990  -12.861  48.460 0.0000000000
83913  52.564  -12.286  48.799 0.0000000000
85248  37.591  -12.603  47.779 0.0000000000
81379  38.341  -14.374  49.870 0.0000000000
83901  37.545  -13.363  49.606 0.0000000000
82635  38.509  -14.035  50.303 0.0000000000
83881  38.952  -13.171  51.387 0.0000000000
83899  38.650  -12.762  50.700 0.0000000000
85183  39.039  -12.332  50.818 0.0000000000
85200  39.007  -12.072  49.873 0.0000000000
85182  39.680  -12.389  51.042 0.0000000000
83898  40.321  -12.384  50.810 0.0000000000
83880  39.889  -12.895  51.409 0.0000000000
82571  40.518  -14.916  53.514 0.0000000000
81351  41.107  -15.444  53.056 0.0000000000
81341  41.203  -15.090  54.161 0.0000000000
71641  32.080  -23.012  55.856 0.0000000000
71652  31.878  -23.023  55.002 0.0000000000
71651  32.614  -22.653  55.360 0.0000000000
72856  33.219  -21.755  53.922 0.0000000000
74106  33.685  -20.956  53.294 0.0000000000
74119  33.897  -20.341  52.972 0.0000000000
74105  34.169  -20.383  53.663 0.0000000000
75349  35.363  -19.568  54.850 0.0000000000
75364  35.168  -19.485  54.317 0.0000000000
76543  35.515  -19.116  54.507 0.0000000000
76542  35.989  -18.699  54.182 0.0000000000
76531  35.906  -19.005  54.920 0.0000000000
67823  31.574  -25.688  63.913 0.0000000000
67835  32.075  -25.530  62.699 0.0000000000
69139  32.224  -24.518  62.783 0.0000000000
72758  32.928  -22.376  62.516 0.0000000000
71578  32.990  -22.340  61.676 0.0000000000
71591  33.046  -22.403  60.703 0.0000000000
74025  35.635  -20.316  59.937 0.0000000000
74026  34.951  -20.852  59.522 0.0000000000
74053  35.733  -20.070  57.618 0.0000000000
74052  36.309  -19.834  58.302 0.0000000000
75308  37.836  -19.488  57.496 0.0000000000
75321  37.603  -19.386  56.378 0.0000000000
75334  37.291  -19.216  55.235 0.0000000000
75333  38.392  -19.443  55.390 0.0000000000
75346  39.019  -19.216  54.490 0.0000000000
75332  39.473  -19.448  55.606 0.0000000000
76522  40.507  -18.842  56.443 0.0000000000
77754  40.558  -18.098  56.591 0.0000000000
77755  40.132  -17.673  55.772 0.0000000000
77747  40.217  -17.413  56.644 0.0000000000
76494  40.234  -18.730  59.674 0.0000000000
76480  40.399  -18.145  60.299 0.0000000000
80116  40.208  -15.565  57.313 0.0000000000
81304  40.554  -14.507  57.257 0.0000000000
82530  40.324  -14.089  56.774 0.0000000000
81303  41.124  -14.360  57.673 0.0000000000
105959  50.357  5.165  28.503 0.0000000000
101296  48.338  1.160  33.360 0.0000000000
102380  48.009  1.784  33.066 0.0000000000
102415  50.586  2.463  29.396 0.0000000000
102414  51.184  2.239  29.101 0.0000000000
101377  51.526  1.978  28.981 0.0000000000
101347  52.544  -0.084  30.124 0.0000000000
101346  53.654  -0.334  30.220 0.0000000000
101331  54.286  -0.443  30.985 0.0000000000
100151  53.259  -1.200  33.172 0.0000000000
100150  54.360  -1.307  33.070 0.0000000000
100132  57.544  -0.981  34.146 0.0000000000
100148  56.544  -1.180  33.272 0.0000000000
100147  57.396  -0.943  33.185 0.0000000000
100146  58.124  -0.744  33.066 0.0000000000
100121  60.044  0.298  34.809 0.0000000000
104762  55.206  4.395  25.061 0.0000000000
49403  30.200  -40.595  62.758 0.0000000000
48145  14.565  -41.875  64.615 0.0000000000
79014  42.060  -16.291  51.426 0.0000000000
79013  42.654  -16.993  51.546 0.0000000000
77799  42.682  -17.317  52.650 0.0000000000
64192  28.198  -29.267  55.172 0.0000000000
62951  28.844  -30.023  55.898 0.0000000000
62950  29.280  -30.451  56.304 0.0000000000
54390  24.205  -36.278  57.712 0.0000000000
55687  24.838  -35.247  55.907 0.0000000000
55670  25.349  -35.326  56.407 0.0000000000
54407  24.781  -35.719  57.029 0.0000000000
51757  21.978  -38.513  64.853 0.0000000000
51741  22.607  -38.930  65.485 0.0000000000
51742  21.606  -38.885  65.833 0.0000000000
51734  21.554  -39.259  66.216 0.0000000000
97659  54.949  -1.952  37.008 0.0000000000
97644  55.986  -1.952  38.392 0.0000000000
97645  55.414  -2.057  37.732 0.0000000000
97636  56.035  -2.128  39.236 0.0000000000
97628  55.950  -2.056  40.176 0.0000000000
90479  55.560  -7.019  46.096 0.0000000000
90449  56.034  -7.811  47.885 0.0000000000
82757  47.081  -13.470  42.623 0.0000000000
84012  47.995  -13.158  43.014 0.0000000000
82745  47.973  -13.591  43.365 0.0000000000
82733  48.123  -13.894  43.960 0.0000000000
82720  49.016  -14.180  45.182 0.0000000000
165888  38.327  -17.446  49.026 0.0000000000
165889  38.637  -17.124  49.212 0.0000000000
69182  30.454  -25.366  59.049 0.0000000000
69194  31.090  -24.403  58.555 0.0000000000
69169  31.984  -24.983  60.458 0.0000000000
70434  32.142  -24.216  60.397 0.0000000000
97676  50.595  -1.733  35.515 0.0000000000
98918  50.088  -1.216  34.836 0.0000000000
98916  52.155  -1.752  35.182 0.0000000000
98915  53.192  -1.962  34.987 0.0000000000
98903  52.962  -2.017  35.725 0.0000000000
97660  54.285  -2.078  36.662 0.0000000000
103538  53.421  2.992  26.867 0.0000000000
102437  53.532  2.448  27.174 0.0000000000
101393  54.034  1.576  27.394 0.0000000000
101394  53.466  1.955  27.532 0.0000000000
101375  53.151  1.512  27.862 0.0000000000
54363  31.803  -36.975  58.133 0.0000000000
53040  32.225  -38.118  59.376 0.0000000000
51762  17.256  -39.007  64.570 0.0000000000
51747  16.992  -39.193  65.120 0.0000000000
50567  16.485  -39.968  66.133 0.0000000000
46865  15.986  -42.493  67.105 0.0000000000
48114  15.941  -41.661  67.053 0.0000000000
96391  49.367  -3.206  38.178 0.0000000000
96374  50.039  -3.095  38.944 0.0000000000
96358  49.758  -2.810  39.636 0.0000000000
97622  50.222  -2.535  40.201 0.0000000000
94034  50.207  -4.320  41.561 0.0000000000
94025  50.670  -3.859  41.678 0.0000000000
92830  51.376  -5.224  41.845 0.0000000000
92829  52.183  -5.400  42.024 0.0000000000
91701  53.750  -6.057  41.966 0.0000000000
91700  54.363  -6.205  42.186 0.0000000000
91712  54.010  -6.651  41.775 0.0000000000
89282  54.242  -7.920  41.966 0.0000000000
89264  54.400  -8.248  42.725 0.0000000000
81404  46.057  -14.692  48.030 0.0000000000
79011  45.454  -16.193  51.206 0.0000000000
96406  48.529  -2.995  37.454 0.0000000000
41926  11.467  -45.951  64.399 0.0000000000
41918  12.431  -46.197  65.191 0.0000000000
81475  43.352  -15.222  44.322 0.0000000000
81425  40.598  -14.691  47.337 0.0000000000
82686  41.024  -14.393  47.947 0.0000000000
70532  27.481  -23.413  53.963 0.0000000000
66677  27.889  -26.526  57.346 0.0000000000
67896  27.989  -25.826  57.659 0.0000000000
66652  28.525  -26.607  58.789 0.0000000000
55616  32.841  -35.440  59.076 0.0000000000
56902  32.138  -34.128  58.938 0.0000000000
56901  32.508  -34.767  59.464 0.0000000000
56883  32.439  -34.699  60.259 0.0000000000
58070  31.708  -33.464  60.422 0.0000000000
58039  30.686  -33.310  63.051 0.0000000000
60513  29.516  -31.405  62.785 0.0000000000
53045  23.286  -37.146  59.913 0.0000000000
53001  22.364  -37.501  61.480 0.0000000000
53025  20.739  -37.114  61.003 0.0000000000
54394  17.455  -36.218  57.564 0.0000000000
55638  17.969  -35.868  57.774 0.0000000000
53028  17.855  -37.571  60.664 0.0000000000
50646  14.605  -40.275  60.264 0.0000000000
48221  13.952  -40.998  60.678 0.0000000000
65487  27.195  -28.253  51.820 0.0000000000
62994  27.809  -29.941  52.490 0.0000000000
58177  26.965  -32.862  53.312 0.0000000000
58176  27.792  -32.806  53.506 0.0000000000
59423  27.917  -32.381  53.120 0.0000000000
56956  29.155  -34.496  55.413 0.0000000000
55648  28.327  -35.678  57.123 0.0000000000
54327  27.771  -36.953  59.980 0.0000000000
54311  28.253  -37.568  60.349 0.0000000000
52973  28.713  -38.310  61.513 0.0000000000
52995  28.145  -37.840  61.093 0.0000000000
52974  28.036  -37.963  61.978 0.0000000000
41894  14.550  -46.511  67.441 0.0000000000
41884  14.597  -46.978  67.885 0.0000000000
98848  59.280  -1.948  41.373 0.0000000000
97615  59.907  -2.225  41.012 0.0000000000
94030  59.626  -4.714  41.625 0.0000000000
92825  59.230  -5.558  42.178 0.0000000000
91697  58.892  -6.413  42.750 0.0000000000
97595  53.734  -2.102  41.917 0.0000000000
97607  54.640  -1.963  41.482 0.0000000000
97578  54.974  -2.116  42.776 0.0000000000
97577  55.651  -2.037  43.166 0.0000000000
97567  56.278  -2.429  43.595 0.0000000000
92767  57.845  -6.680  46.925 0.0000000000
93975  58.038  -5.573  46.390 0.0000000000
88072  49.636  -9.433  39.670 0.0000000000
86728  50.938  -10.598  44.039 0.0000000000
87999  51.742  -10.235  44.450 0.0000000000
88013  52.288  -9.705  43.987 0.0000000000
87987  52.067  -10.373  45.168 0.0000000000
86698  52.774  -10.776  46.616 0.0000000000
82663  47.699  -14.312  48.725 0.0000000000
81401  48.556  -14.469  47.845 0.0000000000
82645  49.340  -13.819  49.513 0.0000000000
82644  50.309  -13.678  49.605 0.0000000000
83892  52.816  -12.180  49.939 0.0000000000
85223  37.111  -12.565  48.217 0.0000000000
82601  38.941  -14.500  51.662 0.0000000000
83868  39.079  -14.083  51.391 0.0000000000
82600  39.447  -14.215  51.578 0.0000000000
82618  39.764  -13.708  51.372 0.0000000000
82572  40.176  -14.285  53.671 0.0000000000
71650  33.281  -22.282  55.775 0.0000000000
72839  33.849  -21.578  55.113 0.0000000000
74077  34.321  -20.988  54.843 0.0000000000
74088  34.492  -20.468  54.426 0.0000000000
74076  34.742  -20.591  55.259 0.0000000000
74075  35.188  -20.154  55.720 0.0000000000
69122  32.165  -24.073  63.380 0.0000000000
70386  32.275  -23.625  63.934 0.0000000000
71569  32.654  -22.871  63.179 0.0000000000
72757  33.589  -21.859  62.246 0.0000000000
74039  36.372  -19.876  59.251 0.0000000000
75307  38.833  -19.606  57.672 0.0000000000
75319  39.558  -19.593  56.837 0.0000000000
75306  39.759  -19.509  57.874 0.0000000000
75305  40.449  -19.167  58.026 0.0000000000
102391  48.336  1.986  32.447 0.0000000000
102390  49.002  1.736  31.924 0.0000000000
101362  50.648  1.914  29.806 0.0000000000
101333  52.106  -0.125  30.999 0.0000000000
101313  53.906  -0.602  31.757 0.0000000000
98928  55.801  -1.656  34.720 0.0000000000
101273  58.923  0.361  34.695 0.0000000000
100123  58.323  0.034  34.929 0.0000000000
103552  56.105  2.766  25.676 0.0000000000
103551  57.098  2.681  25.625 0.0000000000
102450  57.517  2.054  25.812 0.0000000000
101356  57.157  -0.709  29.814 0.0000000000
100196  58.267  -1.496  30.686 0.0000000000
51818  30.398  -38.954  60.580 0.0000000000
51817  31.201  -39.178  60.600 0.0000000000
50634  31.144  -39.496  61.011 0.0000000000
50618  31.830  -40.046  61.225 0.0000000000
49402  30.829  -40.720  62.297 0.0000000000
50584  15.979  -40.272  64.635 0.0000000000
49378  15.326  -40.959  65.075 0.0000000000
48127  14.907  -41.541  65.892 0.0000000000
48128  14.578  -41.981  65.313 0.0000000000
46866  15.177  -42.400  67.067 0.0000000000
45575  15.820  -44.203  67.146 0.0000000000
92832  49.638  -4.942  41.283 0.0000000000
91715  51.195  -6.352  40.923 0.0000000000
82633  44.553  -13.585  50.523 0.0000000000
82613  44.264  -13.949  50.979 0.0000000000
80193  44.237  -16.323  51.027 0.0000000000
79012  43.275  -17.226  51.414 0.0000000000
79025  43.730  -17.021  51.037 0.0000000000
77831  44.570  -17.516  51.165 0.0000000000
39537  10.910  -48.140  68.738 0.0000000000
38340  10.478  -48.708  68.501 0.0000000000
82721  39.567  -14.367  46.474 0.0000000000
82705  39.706  -14.138  47.010 0.0000000000
83957  39.663  -13.511  47.749 0.0000000000
67934  27.220  -26.406  54.873 0.0000000000
65457  28.391  -28.708  55.653 0.0000000000
65444  28.087  -27.562  56.292 0.0000000000
65425  28.662  -28.078  57.205 0.0000000000
64160  29.125  -28.904  58.196 0.0000000000
62931  29.311  -29.521  58.661 0.0000000000
54329  26.253  -37.153  60.216 0.0000000000
53019  26.412  -37.205  60.569 0.0000000000
54348  23.624  -36.921  59.237 0.0000000000
54349  22.749  -36.716  59.391 0.0000000000
54350  21.912  -36.546  59.381 0.0000000000
54395  16.602  -36.606  57.452 0.0000000000
53060  16.283  -37.335  58.374 0.0000000000
53061  15.628  -37.763  58.052 0.0000000000
58168  25.777  -33.711  54.046 0.0000000000
56970  26.363  -33.941  54.766 0.0000000000
56958  26.642  -34.287  55.371 0.0000000000
56941  27.458  -34.980  56.313 0.0000000000
55668  26.744  -35.194  56.733 0.0000000000
54387  26.570  -35.765  57.769 0.0000000000
55651  25.690  -35.590  57.100 0.0000000000
54366  26.665  -35.983  58.227 0.0000000000
100099  58.438  -0.633  38.289 0.0000000000
100093  58.470  -1.054  39.248 0.0000000000
100083  59.056  -1.241  39.789 0.0000000000
100094  57.717  -1.010  39.718 0.0000000000
100070  58.848  -1.056  40.697 0.0000000000
98849  59.038  -1.311  41.299 0.0000000000
98840  58.544  -1.951  42.121 0.0000000000
97593  58.511  -2.324  42.608 0.0000000000
95150  55.555  -3.755  43.688 0.0000000000
93995  56.346  -4.816  44.931 0.0000000000
93994  56.753  -4.773  45.634 0.0000000000
92784  57.005  -5.578  46.512 0.0000000000
91649  56.869  -6.726  46.979 0.0000000000
92768  57.595  -6.661  46.896 0.0000000000
86787  48.466  -11.272  41.014 0.0000000000
86765  48.636  -11.575  41.664 0.0000000000
86746  49.475  -11.529  42.626 0.0000000000
84011  48.591  -12.871  43.227 0.0000000000
85331  49.294  -12.029  43.053 0.0000000000
85330  49.781  -11.709  43.340 0.0000000000
85308  49.878  -12.033  43.892 0.0000000000
85286  50.625  -12.142  44.850 0.0000000000
83988  51.251  -12.635  45.810 0.0000000000
81357  48.830  -14.580  52.149 0.0000000000
82593  49.132  -14.138  52.019 0.0000000000
81391  36.944  -14.183  48.826 0.0000000000
82652  37.238  -13.715  49.271 0.0000000000
81390  37.829  -14.533  49.318 0.0000000000
81389  38.446  -14.908  49.808 0.0000000000
81378  38.607  -14.727  50.326 0.0000000000
81370  38.735  -15.229  50.903 0.0000000000
70485  30.070  -23.927  56.166 0.0000000000
71629  32.012  -23.124  56.613 0.0000000000
71628  32.551  -22.876  57.451 0.0000000000
71619  32.931  -22.478  58.147 0.0000000000
72797  33.555  -22.009  58.281 0.0000000000
101281  47.913  1.055  33.974 0.0000000000
100156  48.704  0.509  33.708 0.0000000000
100155  49.293  0.428  33.288 0.0000000000
100137  49.703  -0.278  33.793 0.0000000000
100174  49.892  0.321  32.926 0.0000000000
100173  50.482  0.041  32.681 0.0000000000
100172  51.438  -0.397  32.500 0.0000000000
100152  52.186  -0.819  33.124 0.0000000000
100135  54.081  -1.560  33.648 0.0000000000
98929  54.729  -1.792  34.409 0.0000000000
98912  56.296  -1.530  35.542 0.0000000000
100116  56.769  -1.017  36.349 0.0000000000
104763  53.978  4.619  25.415 0.0000000000
103570  54.560  3.825  25.647 0.0000000000
104749  53.582  4.073  25.910 0.0000000000
101372  56.169  -0.187  28.259 0.0000000000
100246  54.251  0.826  27.600 0.0000000000
101373  55.404  0.014  27.928 0.0000000000
101358  55.332  -0.265  29.023 0.0000000000
101344  55.733  -0.462  30.128 0.0000000000
59375  30.924  -33.115  56.113 0.0000000000
59376  30.478  -32.336  56.620 0.0000000000
58123  31.812  -33.981  57.530 0.0000000000
56927  32.410  -35.251  57.970 0.0000000000
54383  32.502  -36.062  57.928 0.0000000000
55630  32.660  -35.685  58.287 0.0000000000
55629  33.055  -36.008  58.773 0.0000000000
55615  33.256  -35.931  59.419 0.0000000000
53015  33.807  -36.682  59.979 0.0000000000
51816  31.833  -39.125  60.441 0.0000000000
50643  32.506  -39.301  60.438 0.0000000000
50631  33.620  -39.772  60.777 0.0000000000
51815  33.663  -39.428  60.557 0.0000000000
51744  19.287  -38.674  65.738 0.0000000000
50580  18.682  -39.132  66.314 0.0000000000
50551  18.547  -40.174  66.688 0.0000000000
50554  16.784  -40.156  66.695 0.0000000000
48113  16.687  -41.665  67.009 0.0000000000
49354  16.514  -40.796  66.961 0.0000000000
96403  51.894  -3.046  37.275 0.0000000000
96387  53.350  -3.048  38.183 0.0000000000
96388  52.410  -3.265  38.136 0.0000000000
96355  52.478  -2.944  39.757 0.0000000000
96356  51.507  -2.794  39.662 0.0000000000
97620  51.974  -2.534  40.392 0.0000000000
97596  52.838  -2.437  41.622 0.0000000000
96312  53.446  -2.697  42.303 0.0000000000
95152  54.081  -3.448  42.879 0.0000000000
96344  48.990  -2.926  40.340 0.0000000000
97612  49.849  -2.748  40.637 0.0000000000
96329  50.597  -2.822  41.473 0.0000000000
94024  51.151  -3.951  41.857 0.0000000000
95161  50.960  -3.506  41.811 0.0000000000
96314  51.457  -2.918  41.854 0.0000000000
95159  52.673  -3.579  42.442 0.0000000000
94009  53.660  -3.787  42.846 0.0000000000
94007  54.857  -4.192  43.368 0.0000000000
94020  54.950  -4.902  43.280 0.0000000000
92818  55.671  -5.688  43.689 0.0000000000
91685  55.747  -6.553  43.946 0.0000000000
91699  55.032  -6.495  42.673 0.0000000000
90492  55.488  -7.135  45.364 0.0000000000
90480  55.066  -7.588  46.057 0.0000000000
90465  54.846  -8.028  46.614 0.0000000000
89203  54.569  -8.747  47.349 0.0000000000
81458  46.347  -14.906  45.072 0.0000000000
81457  47.454  -14.700  45.008 0.0000000000
81403  47.119  -14.636  47.957 0.0000000000
82630  47.816  -13.722  50.508 0.0000000000
82594  48.074  -14.172  51.803 0.0000000000
82612  45.339  -13.951  51.274 0.0000000000
82596  46.139  -14.247  51.509 0.0000000000
80183  45.769  -15.641  51.404 0.0000000000
81360  45.812  -14.573  51.600 0.0000000000
82595  47.059  -14.223  51.600 0.0000000000
80167  48.570  -15.170  51.907 0.0000000000
77840  36.263  -18.305  49.144 0.0000000000
76572  36.900  -18.554  51.759 0.0000000000
65367  30.547  -27.179  63.160 0.0000000000
66615  31.668  -26.449  62.540 0.0000000000
67824  31.031  -26.142  64.330 0.0000000000
97678  48.788  -1.265  35.355 0.0000000000
97667  48.175  -1.713  35.956 0.0000000000
97666  49.272  -2.018  35.865 0.0000000000
97677  49.694  -1.564  35.368 0.0000000000
97665  50.183  -2.112  35.956 0.0000000000
97650  51.576  -2.581  36.686 0.0000000000
105968  51.312  5.371  26.994 0.0000000000
104744  50.916  4.887  27.658 0.0000000000
44322  13.157  -44.498  64.158 0.0000000000
43054  13.651  -45.504  65.761 0.0000000000
41910  13.740  -46.086  66.235 0.0000000000
41911  12.954  -46.314  65.850 0.0000000000
41895  13.956  -46.801  67.023 0.0000000000
40720  14.283  -47.600  67.861 0.0000000000
40722  12.238  -48.087  68.028 0.0000000000
39535  12.814  -48.546  68.346 0.0000000000
38337  13.368  -49.038  68.558 0.0000000000
84024  46.913  -12.959  42.093 0.0000000000
82747  46.612  -13.893  42.916 0.0000000000
81487  46.670  -14.209  43.266 0.0000000000
81503  45.125  -14.413  42.416 0.0000000000
81439  44.810  -15.203  46.251 0.0000000000
81460  44.124  -15.501  45.274 0.0000000000
82650  43.947  -13.702  49.335 0.0000000000
81423  42.207  -15.115  47.395 0.0000000000
82667  43.451  -14.299  48.561 0.0000000000
83894  43.790  -13.345  50.286 0.0000000000
81368  42.827  -14.759  51.008 0.0000000000
83877  42.440  -13.305  50.822 0.0000000000
80187  41.850  -15.839  51.234 0.0000000000
80172  41.884  -16.242  52.370 0.0000000000
80155  41.821  -15.949  53.001 0.0000000000
70530  29.318  -23.580  53.125 0.0000000000
70496  29.276  -23.858  55.399 0.0000000000
70516  27.124  -24.327  54.909 0.0000000000
70515  27.590  -24.124  55.145 0.0000000000
69235  27.406  -24.912  55.809 0.0000000000
69196  29.687  -25.283  58.522 0.0000000000
69197  28.869  -25.322  58.466 0.0000000000
69183  30.094  -25.716  59.038 0.0000000000
67872  30.329  -25.919  59.538 0.0000000000
66639  30.430  -26.823  60.712 0.0000000000
66627  29.999  -27.176  61.480 0.0000000000
60551  29.862  -31.725  57.168 0.0000000000
60544  29.898  -31.803  58.026 0.0000000000
59328  31.327  -32.824  58.820 0.0000000000
59343  30.388  -32.136  58.618 0.0000000000
61695  29.530  -30.721  58.943 0.0000000000
62924  29.462  -29.957  59.097 0.0000000000
56864  32.055  -34.287  61.089 0.0000000000
56865  31.595  -33.639  61.271 0.0000000000
59308  30.496  -32.448  60.843 0.0000000000
61689  29.541  -30.485  59.980 0.0000000000
62915  29.429  -29.851  59.626 0.0000000000
62916  29.321  -29.628  60.177 0.0000000000
64137  28.934  -28.645  60.326 0.0000000000
64130  29.043  -28.580  61.287 0.0000000000
61675  29.388  -30.132  62.000 0.0000000000
62896  29.241  -29.341  62.083 0.0000000000
65383  29.204  -27.806  61.333 0.0000000000
65382  29.572  -27.582  61.705 0.0000000000
66617  30.331  -27.219  62.160 0.0000000000
49385  29.027  -40.359  63.698 0.0000000000
49386  28.451  -40.066  64.033 0.0000000000
50589  27.686  -39.654  64.093 0.0000000000
51753  26.001  -38.877  64.204 0.0000000000
52977  25.337  -37.961  62.610 0.0000000000
51795  25.114  -38.210  63.056 0.0000000000
51776  23.329  -38.461  63.827 0.0000000000
55690  22.096  -35.400  55.714 0.0000000000
55654  21.982  -35.946  57.459 0.0000000000
54393  21.764  -36.076  58.136 0.0000000000
54372  21.294  -36.218  58.703 0.0000000000
54351  21.095  -36.467  59.498 0.0000000000
55676  18.962  -34.959  56.078 0.0000000000
54373  20.614  -36.162  58.983 0.0000000000
54332  20.871  -36.738  60.277 0.0000000000
53026  20.180  -37.113  61.170 0.0000000000
54314  19.311  -36.979  60.913 0.0000000000
52982  20.147  -37.711  62.275 0.0000000000
51801  19.751  -38.082  63.055 0.0000000000
51803  17.814  -38.632  62.560 0.0000000000
52985  17.907  -38.470  61.874 0.0000000000
50621  16.417  -39.752  62.823 0.0000000000
53030  16.308  -38.209  59.767 0.0000000000
50608  16.114  -40.023  63.100 0.0000000000
48174  14.321  -41.833  62.990 0.0000000000
46918  14.059  -42.339  63.187 0.0000000000
46919  13.729  -42.863  63.328 0.0000000000
45624  13.212  -43.582  63.277 0.0000000000
45641  12.883  -43.265  62.559 0.0000000000
44331  12.883  -44.246  63.457 0.0000000000
44332  12.376  -44.719  63.288 0.0000000000
43076  11.903  -45.228  63.437 0.0000000000
44334  10.934  -45.102  63.500 0.0000000000
43070  11.196  -45.683  64.034 0.0000000000
41927  11.051  -45.844  64.420 0.0000000000
66724  27.034  -27.313  53.217 0.0000000000
65476  27.008  -27.386  52.841 0.0000000000
65475  27.197  -28.012  52.977 0.0000000000
65468  27.675  -28.356  54.049 0.0000000000
64203  28.057  -29.788  54.477 0.0000000000
61728  29.071  -30.680  54.925 0.0000000000
60572  29.690  -31.765  55.147 0.0000000000
62993  27.934  -30.486  52.652 0.0000000000
59422  28.621  -32.220  53.478 0.0000000000
60602  28.543  -31.614  53.266 0.0000000000
61751  28.410  -30.860  53.300 0.0000000000
61739  29.225  -31.393  54.236 0.0000000000
59395  30.211  -32.624  55.441 0.0000000000
55664  30.967  -35.417  56.675 0.0000000000
56939  29.655  -35.086  55.961 0.0000000000
55646  30.641  -36.006  57.108 0.0000000000
54364  30.812  -37.005  58.198 0.0000000000
53017  30.317  -38.258  59.863 0.0000000000
56930  27.827  -35.374  56.783 0.0000000000
55618  28.588  -36.527  58.746 0.0000000000
55617  29.013  -36.753  58.828 0.0000000000
51792  29.900  -39.192  61.293 0.0000000000
51769  29.534  -39.372  62.039 0.0000000000
51793  29.172  -38.841  61.829 0.0000000000
51735  21.141  -39.241  66.250 0.0000000000
44315  14.229  -43.955  65.796 0.0000000000
43048  14.623  -45.275  67.129 0.0000000000
44304  14.730  -44.306  67.194 0.0000000000
44297  15.425  -44.793  67.585 0.0000000000
44296  15.773  -44.864  67.243 0.0000000000
100091  59.910  -0.113  38.843 0.0000000000
98870  60.097  -1.083  39.343 0.0000000000
96370  53.901  -3.080  38.923 0.0000000000
97629  55.238  -2.571  39.717 0.0000000000
97616  55.878  -1.923  40.603 0.0000000000
98854  55.000  -1.818  41.984 0.0000000000
98853  55.584  -1.744  41.709 0.0000000000
98852  56.484  -1.312  41.782 0.0000000000
98842  57.632  -0.850  42.464 0.0000000000
98825  58.373  -1.652  43.200 0.0000000000
96311  58.536  -3.138  43.457 0.0000000000
96289  56.737  -3.476  44.664 0.0000000000
96288  57.182  -3.275  44.678 0.0000000000
93984  57.809  -4.916  45.854 0.0000000000
95137  57.799  -3.881  44.877 0.0000000000
96287  57.647  -3.196  44.624 0.0000000000
96301  57.932  -3.032  44.332 0.0000000000
95149  58.695  -4.037  44.117 0.0000000000
95148  59.026  -4.077  43.494 0.0000000000
91733  48.833  -6.362  40.246 0.0000000000
91732  49.812  -6.590  40.275 0.0000000000
91731  50.665  -6.807  40.376 0.0000000000
88060  49.874  -9.984  40.168 0.0000000000
88059  50.640  -9.673  40.326 0.0000000000
88033  50.861  -10.344  42.188 0.0000000000
88049  50.737  -10.129  41.189 0.0000000000
88058  51.411  -9.533  40.767 0.0000000000
89304  52.013  -8.842  40.595 0.0000000000
90558  52.421  -8.133  40.651 0.0000000000
89265  53.715  -8.772  43.121 0.0000000000
89248  53.587  -8.830  44.173 0.0000000000
89249  52.890  -9.329  44.519 0.0000000000
89204  53.871  -9.265  47.157 0.0000000000
87960  54.394  -9.390  47.917 0.0000000000
82704  49.167  -14.262  45.939 0.0000000000
81416  49.317  -14.398  46.952 0.0000000000
82719  49.716  -13.934  45.549 0.0000000000
82718  50.366  -13.625  45.920 0.0000000000
83976  50.831  -13.291  46.139 0.0000000000
83975  51.473  -12.887  46.348 0.0000000000
82608  49.512  -13.797  51.405 0.0000000000
82606  51.341  -13.297  51.037 0.0000000000
82643  51.077  -13.439  49.684 0.0000000000
82680  51.430  -13.439  48.173 0.0000000000
83956  51.831  -12.940  47.486 0.0000000000
83955  52.169  -12.388  46.873 0.0000000000
85239  53.034  -11.228  47.672 0.0000000000
85181  53.353  -11.610  49.703 0.0000000000
85214  53.328  -11.140  48.320 0.0000000000
86661  53.862  -10.399  48.475 0.0000000000
86660  54.514  -10.046  48.875 0.0000000000
87932  55.153  -9.763  49.083 0.0000000000
83977  38.793  -13.562  46.629 0.0000000000
83958  39.060  -13.202  47.248 0.0000000000
83920  37.733  -12.728  49.440 0.0000000000
85202  37.608  -12.592  48.950 0.0000000000
85201  38.277  -12.435  49.467 0.0000000000
85221  38.994  -12.294  48.918 0.0000000000
85220  39.676  -12.229  49.470 0.0000000000
83879  40.795  -13.052  51.153 0.0000000000
82599  40.077  -14.440  51.598 0.0000000000
82598  40.724  -14.741  51.348 0.0000000000
81350  41.682  -15.478  53.803 0.0000000000
72857  32.641  -22.187  53.705 0.0000000000
76575  34.700  -19.164  52.740 0.0000000000
75365  34.699  -19.759  53.904 0.0000000000
76561  34.709  -19.385  53.366 0.0000000000
76574  35.378  -18.700  52.513 0.0000000000
76559  36.065  -18.478  53.238 0.0000000000
76558  36.903  -18.645  52.793 0.0000000000
76540  37.622  -18.861  53.410 0.0000000000
69156  32.209  -25.012  61.294 0.0000000000
70433  32.368  -23.794  60.962 0.0000000000
70421  32.425  -23.734  61.994 0.0000000000
71601  32.588  -22.995  60.364 0.0000000000
71600  32.983  -22.409  59.774 0.0000000000
72787  33.435  -22.031  59.210 0.0000000000
72786  34.203  -21.537  59.072 0.0000000000
72769  34.322  -21.353  61.414 0.0000000000
74003  35.000  -20.810  61.725 0.0000000000
72778  34.254  -21.359  60.290 0.0000000000
74054  35.053  -20.788  57.190 0.0000000000
74064  35.473  -19.985  56.458 0.0000000000
75323  35.965  -19.376  56.121 0.0000000000
75309  36.735  -19.491  57.343 0.0000000000
75335  36.322  -19.119  55.473 0.0000000000
76530  36.602  -18.928  54.658 0.0000000000
75348  37.304  -18.954  54.280 0.0000000000
76528  40.161  -18.882  55.599 0.0000000000
80124  39.522  -15.697  55.970 0.0000000000
75277  39.756  -19.075  59.775 0.0000000000
76508  40.446  -18.721  59.109 0.0000000000
76507  40.634  -18.557  58.467 0.0000000000
77725  40.818  -17.399  59.960 0.0000000000
77737  40.700  -17.459  58.852 0.0000000000
77746  40.525  -17.646  57.602 0.0000000000
78938  40.047  -16.723  57.134 0.0000000000
165890  39.631  -14.654  55.718 0.0000000000
82549  40.075  -13.903  55.916 0.0000000000
82548  41.126  -13.878  55.826 0.0000000000
82528  41.976  -13.894  56.762 0.0000000000
82563  41.570  -14.578  55.286 0.0000000000
104736  50.862  4.110  28.167 0.0000000000
102423  51.507  2.474  28.603 0.0000000000
101376  52.119  1.518  28.671 0.0000000000
101360  52.078  0.641  29.404 0.0000000000
100200  52.562  0.119  29.536 0.0000000000
100198  54.007  -0.241  29.462 0.0000000000
101345  54.721  -0.387  30.036 0.0000000000
101329  56.114  -0.539  31.007 0.0000000000
100149  55.488  -1.287  33.197 0.0000000000
100169  54.644  -0.923  32.445 0.0000000000
101312  54.928  -0.602  31.751 0.0000000000
101311  55.837  -0.619  31.731 0.0000000000
101310  56.565  -0.671  31.691 0.0000000000
100166  57.299  -0.866  32.188 0.0000000000
101308  58.770  -0.588  32.975 0.0000000000
101280  58.757  0.212  34.185 0.0000000000
101278  59.977  0.351  33.877 0.0000000000
41883  14.729  -47.141  68.065 0.0000000000
41919  11.835  -46.314  64.812 0.0000000000
43061  10.587  -45.491  64.496 0.0000000000
43077  11.464  -45.391  63.589 0.0000000000
43078  11.058  -45.429  63.729 0.0000000000
44298  14.955  -44.577  67.676 0.0000000000
44333  11.493  -44.822  63.143 0.0000000000
46867  14.639  -42.742  66.577 0.0000000000
46955  13.241  -42.096  61.722 0.0000000000
50578  21.797  -39.283  66.169 0.0000000000
50592  25.115  -39.370  64.870 0.0000000000
50644  32.129  -39.213  60.488 0.0000000000
51829  34.412  -37.998  60.068 0.0000000000
51831  32.360  -38.919  60.102 0.0000000000
51860  33.187  -37.750  59.182 0.0000000000
53007  17.167  -38.295  61.094 0.0000000000
53016  31.058  -38.507  59.853 0.0000000000
53027  18.269  -37.235  60.663 0.0000000000
53038  33.909  -37.409  59.870 0.0000000000
53059  30.779  -37.326  58.694 0.0000000000
54340  33.588  -36.381  59.710 0.0000000000
54341  30.298  -37.163  58.778 0.0000000000
54362  32.732  -36.585  58.342 0.0000000000
54384  32.064  -36.270  57.716 0.0000000000
55669  26.062  -35.287  56.645 0.0000000000
56884  32.085  -34.090  59.918 0.0000000000
56917  32.112  -34.272  58.147 0.0000000000
56928  32.117  -34.834  57.525 0.0000000000
56960  24.695  -35.086  55.436 0.0000000000
56987  25.425  -33.798  53.914 0.0000000000
58049  30.418  -32.691  61.659 0.0000000000
58058  31.655  -33.572  60.994 0.0000000000
58059  31.114  -33.020  61.094 0.0000000000
58060  30.517  -32.592  61.210 0.0000000000
58088  31.345  -32.867  59.547 0.0000000000
58137  31.745  -34.380  57.107 0.0000000000
58150  30.733  -33.956  55.718 0.0000000000
58164  29.836  -32.984  54.829 0.0000000000
59341  31.493  -33.066  58.305 0.0000000000
59359  30.501  -32.208  57.678 0.0000000000
60584  29.458  -31.819  54.356 0.0000000000
60622  28.136  -31.344  52.906 0.0000000000
60623  27.672  -31.541  52.364 0.0000000000
61682  29.439  -30.673  60.650 0.0000000000
61740  28.876  -30.937  54.104 0.0000000000
62940  29.311  -30.033  56.972 0.0000000000
62961  28.553  -30.216  54.865 0.0000000000
64113  29.389  -28.736  62.957 0.0000000000
64224  27.433  -28.986  52.195 0.0000000000
65376  30.316  -27.341  62.787 0.0000000000
65377  29.787  -27.660  62.506 0.0000000000
65378  29.365  -27.923  62.120 0.0000000000
66616  30.914  -27.032  62.482 0.0000000000
66640  29.844  -26.965  60.553 0.0000000000
67834  32.260  -24.950  62.275 0.0000000000
67845  32.247  -25.184  61.891 0.0000000000
67858  30.114  -26.447  60.010 0.0000000000
67871  30.845  -25.687  59.691 0.0000000000
67885  29.228  -25.718  58.934 0.0000000000
67886  28.814  -25.852  58.794 0.0000000000
67887  28.423  -25.995  58.437 0.0000000000
67920  26.994  -25.391  55.078 0.0000000000
69140  32.014  -25.099  63.343 0.0000000000
69168  32.239  -24.512  60.957 0.0000000000
69198  28.643  -25.620  58.405 0.0000000000
69223  28.482  -24.693  57.011 0.0000000000
71579  32.593  -22.954  62.264 0.0000000000
71627  33.214  -22.313  57.577 0.0000000000
72838  34.353  -21.118  55.250 0.0000000000
75262  39.324  -19.119  60.216 0.0000000000
75294  40.461  -19.024  58.473 0.0000000000
75318  40.307  -19.328  57.124 0.0000000000
75337  35.185  -19.971  55.193 0.0000000000
76532  35.618  -19.301  54.940 0.0000000000
76573  36.195  -18.393  52.287 0.0000000000
77765  40.403  -18.357  55.877 0.0000000000
77832  44.046  -17.536  51.427 0.0000000000
78994  42.178  -16.688  52.622 0.0000000000
79026  43.141  -16.410  51.000 0.0000000000
80117  39.800  -16.205  56.666 0.0000000000
80171  44.985  -14.931  51.583 0.0000000000
80173  41.622  -15.933  51.912 0.0000000000
80182  46.634  -15.754  51.408 0.0000000000
80185  43.463  -15.458  51.010 0.0000000000
81291  40.886  -14.894  57.860 0.0000000000
81329  41.413  -14.900  54.906 0.0000000000
81361  45.266  -14.631  51.621 0.0000000000
81365  45.369  -14.342  51.556 0.0000000000
81470  48.249  -14.134  44.312 0.0000000000
81502  45.642  -14.010  42.470 0.0000000000
82550  39.546  -14.300  55.332 0.0000000000
82627  50.752  -13.510  50.429 0.0000000000
82642  51.590  -13.094  49.795 0.0000000000
82669  41.578  -13.921  48.485 0.0000000000
82683  49.074  -14.360  47.719 0.0000000000
82688  39.534  -13.778  47.310 0.0000000000
82756  47.638  -13.420  42.915 0.0000000000
83867  39.042  -13.806  51.388 0.0000000000
83916  43.426  -13.308  49.794 0.0000000000
83940  38.058  -12.670  47.863 0.0000000000
83974  51.940  -12.364  46.359 0.0000000000
84002  48.778  -13.270  43.790 0.0000000000
84010  49.154  -12.551  43.455 0.0000000000
84022  48.423  -12.535  42.644 0.0000000000
84023  47.836  -12.834  42.465 0.0000000000
85167  39.670  -12.611  51.246 0.0000000000
85198  53.079  -11.673  49.022 0.0000000000
85285  51.395  -12.093  45.586 0.0000000000
85332  48.718  -12.373  42.762 0.0000000000
85350  49.126  -11.703  42.458 0.0000000000
86683  52.945  -11.046  47.243 0.0000000000
86697  53.155  -10.289  46.872 0.0000000000
86744  50.879  -10.503  43.403 0.0000000000
87931  55.602  -9.300  48.914 0.0000000000
87945  54.774  -9.375  48.352 0.0000000000
87946  54.293  -9.771  48.269 0.0000000000
87998  52.385  -9.819  44.846 0.0000000000
88047  52.296  -9.548  42.014 0.0000000000
88050  50.210  -10.174  40.712 0.0000000000
88071  50.228  -9.446  39.886 0.0000000000
89189  55.141  -8.815  48.173 0.0000000000
89294  54.000  -7.620  41.665 0.0000000000
89295  53.699  -8.000  41.466 0.0000000000
89320  50.749  -8.456  39.756 0.0000000000
89321  50.258  -8.767  39.651 0.0000000000
90427  56.236  -8.422  48.241 0.0000000000
90447  57.165  -7.832  47.346 0.0000000000
90506  55.465  -7.252  44.510 0.0000000000
90534  55.234  -7.197  43.000 0.0000000000
90542  54.251  -7.282  41.862 0.0000000000
90560  50.956  -7.523  40.009 0.0000000000
90574  51.046  -8.165  39.835 0.0000000000
91672  55.831  -6.675  44.788 0.0000000000
91698  55.449  -6.763  43.283 0.0000000000
91711  54.531  -6.806  42.131 0.0000000000
91730  51.483  -7.112  40.511 0.0000000000
92766  58.144  -6.899  46.984 0.0000000000
92773  58.501  -6.387  46.351 0.0000000000
92775  57.774  -6.130  46.721 0.0000000000
92776  57.125  -5.927  46.627 0.0000000000
92777  56.857  -6.248  46.747 0.0000000000
92796  56.791  -5.317  46.150 0.0000000000
92820  54.440  -5.236  42.828 0.0000000000
92828  53.115  -5.487  42.175 0.0000000000
92831  50.504  -5.033  41.592 0.0000000000
92845  52.458  -5.978  41.681 0.0000000000
92849  48.845  -5.432  40.879 0.0000000000
93976  57.621  -5.459  46.375 0.0000000000
93992  59.260  -5.309  44.346 0.0000000000
94008  54.048  -3.932  43.111 0.0000000000
94019  55.370  -5.226  43.497 0.0000000000
94032  52.031  -4.776  42.263 0.0000000000
95128  57.955  -4.392  45.345 0.0000000000
95129  57.542  -4.178  45.299 0.0000000000
95130  57.185  -4.214  45.534 0.0000000000
95131  56.956  -4.167  45.534 0.0000000000
95139  56.209  -3.988  44.423 0.0000000000
95153  53.408  -3.535  42.658 0.0000000000
95162  50.298  -3.723  41.546 0.0000000000
95197  48.070  -3.029  37.856 0.0000000000
96281  57.064  -3.708  45.170 0.0000000000
96286  57.984  -3.415  44.592 0.0000000000
96299  58.669  -3.542  43.620 0.0000000000
96300  58.289  -3.150  44.034 0.0000000000
96304  53.781  -2.972  42.575 0.0000000000
96313  52.723  -2.964  42.241 0.0000000000
96328  51.199  -2.653  41.558 0.0000000000
96385  54.845  -2.636  38.421 0.0000000000
96400  54.086  -2.495  37.559 0.0000000000
96413  50.488  -2.426  36.418 0.0000000000
97551  57.760  -2.442  44.446 0.0000000000
97552  57.443  -2.615  44.335 0.0000000000
97553  56.933  -2.826  44.202 0.0000000000
97554  56.635  -3.031  44.050 0.0000000000
97564  58.131  -2.302  44.248 0.0000000000
97569  54.610  -2.605  42.724 0.0000000000
97574  58.652  -2.870  42.834 0.0000000000
97575  58.471  -2.562  43.193 0.0000000000
97576  58.405  -2.092  43.736 0.0000000000
97580  53.192  -2.508  42.073 0.0000000000
97592  58.858  -2.654  42.419 0.0000000000
97594  54.578  -1.879  42.067 0.0000000000
97597  51.811  -2.561  41.456 0.0000000000
97599  50.268  -2.686  41.096 0.0000000000
97606  55.306  -1.870  41.298 0.0000000000
97611  50.611  -2.405  40.778 0.0000000000
97619  52.997  -2.614  40.518 0.0000000000
97623  49.553  -2.718  40.152 0.0000000000
97637  55.385  -2.474  38.611 0.0000000000
97647  53.854  -2.291  37.116 0.0000000000
97662  52.623  -2.145  36.246 0.0000000000
97663  51.853  -2.172  36.261 0.0000000000
97674  52.116  -1.943  35.838 0.0000000000
98815  58.363  -1.763  43.884 0.0000000000
98817  57.530  -1.382  43.797 0.0000000000
98824  58.398  -2.112  42.769 0.0000000000
98826  58.020  -0.900  43.312 0.0000000000
98827  57.168  -1.041  43.240 0.0000000000
98829  55.657  -1.844  42.810 0.0000000000
98839  59.013  -2.317  41.837 0.0000000000
98851  57.184  -0.911  41.891 0.0000000000
98862  56.229  -1.665  40.847 0.0000000000
98863  55.637  -1.822  41.167 0.0000000000
98889  56.897  -0.961  38.404 0.0000000000
98927  56.460  -1.548  34.998 0.0000000000
98935  48.846  -0.310  34.453 0.0000000000
98941  53.248  -1.377  33.619 0.0000000000
100059  58.082  -0.781  41.801 0.0000000000
100072  57.647  -0.819  41.407 0.0000000000
100084  58.358  -1.156  40.194 0.0000000000
100085  57.662  -0.903  40.615 0.0000000000
100130  60.185  -0.198  34.051 0.0000000000
100136  53.512  -1.450  33.608 0.0000000000
100187  57.606  -0.947  31.546 0.0000000000
100217  52.688  0.299  29.082 0.0000000000
100247  53.926  1.043  27.667 0.0000000000
101271  59.762  0.497  34.260 0.0000000000
101272  59.378  0.471  34.500 0.0000000000
101279  59.345  0.353  33.859 0.0000000000
101309  56.924  -0.702  31.625 0.0000000000
101318  48.769  1.267  32.757 0.0000000000
102392  47.869  2.095  32.982 0.0000000000
102421  53.085  2.191  27.553 0.0000000000
102424  51.020  2.598  28.984 0.0000000000
102436  54.070  2.148  27.111 0.0000000000
102438  52.921  2.572  27.401 0.0000000000
103523  50.354  2.994  29.199 0.0000000000
103529  52.202  3.127  27.585 0.0000000000
165904  39.211  -14.335  54.303 0.0000000000
