#!ascii label  , from subject 3173 vox2ras=TkReg
927
114997  45.287  31.919  20.104 0.0000000000
120166  50.017  39.009  25.396 0.0000000000
111898  53.140  27.912  23.653 0.0000000000
114237  39.245  31.018  20.372 0.0000000000
113452  43.214  30.346  20.756 0.0000000000
118614  47.915  37.453  21.920 0.0000000000
120115  46.617  40.162  30.188 0.0000000000
122788  44.688  43.543  28.356 0.0000000000
110315  53.628  26.788  30.367 0.0000000000
110343  47.740  26.661  26.870 0.0000000000
117091  51.489  35.915  22.140 0.0000000000
113496  50.737  30.708  18.521 0.0000000000
115687  52.174  33.186  23.854 0.0000000000
113382  50.819  30.450  27.673 0.0000000000
123515  45.182  44.178  22.734 0.0000000000
120949  47.389  40.031  22.613 0.0000000000
112623  46.676  29.522  24.451 0.0000000000
114233  42.380  31.571  19.539 0.0000000000
112691  40.886  30.157  19.736 0.0000000000
113512  44.610  30.718  17.813 0.0000000000
116408  47.376  35.022  23.236 0.0000000000
115700  43.985  33.480  22.216 0.0000000000
122144  43.739  42.647  29.392 0.0000000000
109464  53.383  25.827  33.237 0.0000000000
109517  50.154  25.266  30.644 0.0000000000
107737  50.397  23.105  31.763 0.0000000000
122244  47.004  43.342  18.658 0.0000000000
118599  51.637  37.702  23.070 0.0000000000
116417  52.671  34.645  22.356 0.0000000000
117788  52.078  36.360  25.291 0.0000000000
115653  46.842  33.211  26.431 0.0000000000
114188  48.966  31.997  25.880 0.0000000000
114153  48.776  31.192  28.584 0.0000000000
112570  50.704  29.974  30.010 0.0000000000
120901  47.397  40.745  27.458 0.0000000000
120923  44.650  40.551  25.330 0.0000000000
120938  48.946  40.416  23.742 0.0000000000
120200  51.093  39.402  21.792 0.0000000000
112667  51.462  29.469  21.579 0.0000000000
112670  48.675  29.678  21.436 0.0000000000
111901  49.923  28.411  23.376 0.0000000000
112645  40.479  29.225  22.749 0.0000000000
112627  42.502  29.245  24.011 0.0000000000
119449  48.481  38.060  19.404 0.0000000000
118661  46.057  37.389  20.305 0.0000000000
120160  48.999  39.662  28.442 0.0000000000
117774  49.817  36.842  26.461 0.0000000000
123464  40.947  44.451  26.396 0.0000000000
124678  44.199  46.301  26.747 0.0000000000
122766  46.512  43.151  29.963 0.0000000000
111115  53.655  27.390  26.887 0.0000000000
111133  50.899  27.604  25.466 0.0000000000
110331  50.701  26.806  27.812 0.0000000000
108627  47.937  24.666  28.854 0.0000000000
115711  48.652  33.252  21.700 0.0000000000
114243  48.512  31.492  18.667 0.0000000000
115723  51.411  33.748  19.890 0.0000000000
114974  52.244  32.448  20.797 0.0000000000
114203  52.660  30.919  23.130 0.0000000000
116384  50.860  34.786  25.165 0.0000000000
114197  51.276  31.886  24.868 0.0000000000
112611  52.722  29.497  25.620 0.0000000000
112567  53.264  29.075  28.853 0.0000000000
111796  52.393  28.359  32.363 0.0000000000
123540  47.313  45.288  21.109 0.0000000000
121616  44.206  41.894  20.127 0.0000000000
120943  43.918  40.848  22.807 0.0000000000
120204  46.200  39.705  21.025 0.0000000000
120217  49.419  39.448  20.734 0.0000000000
117836  49.593  36.855  22.553 0.0000000000
113485  46.882  30.350  18.816 0.0000000000
113418  45.361  30.471  22.945 0.0000000000
111888  43.551  28.463  24.495 0.0000000000
111136  47.850  27.863  25.935 0.0000000000
114998  44.132  31.731  19.699 0.0000000000
114272  42.916  31.464  18.377 0.0000000000
115012  44.622  31.494  18.842 0.0000000000
114967  46.459  32.953  22.012 0.0000000000
116423  45.630  34.265  22.844 0.0000000000
115714  44.941  32.714  21.475 0.0000000000
114983  42.739  32.498  21.060 0.0000000000
109447  52.381  25.160  34.546 0.0000000000
108612  51.687  24.303  32.600 0.0000000000
107734  51.307  23.635  33.458 0.0000000000
110376  40.522  26.321  24.928 0.0000000000
119383  50.762  38.586  24.610 0.0000000000
117812  51.797  37.133  23.596 0.0000000000
118586  51.347  37.450  25.144 0.0000000000
114916  46.897  32.508  27.845 0.0000000000
114166  47.689  32.050  27.876 0.0000000000
120919  49.021  40.196  26.207 0.0000000000
120920  48.026  40.283  25.811 0.0000000000
120172  49.681  39.439  24.912 0.0000000000
120936  50.302  39.735  23.548 0.0000000000
112650  52.460  28.929  22.582 0.0000000000
112652  50.714  28.746  22.151 0.0000000000
111899  51.683  27.938  23.127 0.0000000000
113455  38.288  30.535  21.351 0.0000000000
112686  39.292  30.044  20.323 0.0000000000
113471  42.337  30.324  19.876 0.0000000000
112672  40.859  29.801  21.279 0.0000000000
113422  41.755  30.075  22.181 0.0000000000
112644  41.358  29.570  23.069 0.0000000000
113421  42.441  30.185  22.486 0.0000000000
118658  48.741  37.874  20.186 0.0000000000
117870  47.806  37.137  19.476 0.0000000000
118640  47.452  37.531  21.005 0.0000000000
114222  39.802  31.504  21.402 0.0000000000
114213  38.398  31.147  22.129 0.0000000000
120133  47.943  39.747  29.599 0.0000000000
119345  48.427  38.810  28.637 0.0000000000
119328  47.277  39.179  29.333 0.0000000000
121523  45.653  41.691  30.327 0.0000000000
122131  45.340  42.715  30.310 0.0000000000
121521  47.094  41.497  30.240 0.0000000000
121538  48.131  41.008  29.338 0.0000000000
110328  53.470  26.870  28.380 0.0000000000
111104  52.293  26.896  27.320 0.0000000000
110323  51.763  26.705  28.800 0.0000000000
108622  48.654  23.815  30.222 0.0000000000
109522  49.156  25.308  29.438 0.0000000000
136793  48.129  23.734  29.013 0.0000000000
116432  50.115  34.180  21.812 0.0000000000
115725  50.223  33.264  20.727 0.0000000000
116430  51.685  34.716  21.203 0.0000000000
116406  52.566  34.708  23.449 0.0000000000
115694  52.590  33.563  21.595 0.0000000000
115686  52.730  33.388  23.013 0.0000000000
114211  52.408  31.164  22.281 0.0000000000
114959  52.272  32.532  23.588 0.0000000000
117791  49.124  36.197  25.866 0.0000000000
117790  50.108  36.335  25.798 0.0000000000
116386  48.829  34.483  25.367 0.0000000000
114175  49.775  31.101  26.971 0.0000000000
114187  49.761  31.496  25.870 0.0000000000
113390  50.969  30.470  26.613 0.0000000000
113399  52.128  30.206  25.521 0.0000000000
112594  52.145  29.870  27.255 0.0000000000
112593  52.888  29.390  27.079 0.0000000000
113369  52.178  30.179  28.850 0.0000000000
111807  50.441  28.091  31.324 0.0000000000
112542  52.012  29.190  31.216 0.0000000000
123530  46.825  45.096  21.914 0.0000000000
122883  45.696  43.794  20.484 0.0000000000
122874  44.717  43.537  21.492 0.0000000000
124058  45.434  45.844  27.715 0.0000000000
123469  45.474  45.372  26.190 0.0000000000
123461  44.796  44.457  26.713 0.0000000000
120940  46.509  40.138  23.571 0.0000000000
120932  44.494  40.533  24.242 0.0000000000
120950  46.157  39.912  22.664 0.0000000000
120190  44.867  39.992  21.852 0.0000000000
120188  46.840  39.729  21.777 0.0000000000
120203  47.381  39.410  20.881 0.0000000000
120187  48.091  39.751  21.601 0.0000000000
118636  51.432  37.798  21.785 0.0000000000
119410  50.782  38.571  21.645 0.0000000000
117835  50.750  36.713  22.124 0.0000000000
116419  49.567  34.828  22.475 0.0000000000
114255  49.746  31.213  17.899 0.0000000000
113510  47.111  30.870  17.808 0.0000000000
113483  49.176  30.429  18.974 0.0000000000
112655  47.881  29.869  22.359 0.0000000000
113430  47.186  30.220  22.208 0.0000000000
113417  46.345  30.367  23.019 0.0000000000
112641  44.409  29.888  23.609 0.0000000000
112624  45.505  29.459  24.591 0.0000000000
111120  48.765  27.418  26.462 0.0000000000
111135  48.748  27.760  25.764 0.0000000000
111121  47.841  27.298  26.368 0.0000000000
114235  40.523  31.449  20.159 0.0000000000
113474  39.724  30.565  19.914 0.0000000000
114261  40.956  31.191  18.775 0.0000000000
136874  42.696  30.848  18.040 0.0000000000
136871  43.050  30.667  18.701 0.0000000000
117813  47.382  36.098  23.023 0.0000000000
115001  41.757  32.090  20.793 0.0000000000
110290  53.103  26.058  31.636 0.0000000000
110307  52.157  26.377  30.729 0.0000000000
109507  51.392  25.085  31.654 0.0000000000
108617  50.630  24.264  31.588 0.0000000000
117857  51.904  36.690  22.062 0.0000000000
117108  52.212  35.642  22.185 0.0000000000
117833  51.994  36.540  22.845 0.0000000000
117070  52.383  35.558  23.980 0.0000000000
116397  52.363  34.927  24.311 0.0000000000
116388  46.866  34.134  25.745 0.0000000000
115667  48.253  33.534  25.463 0.0000000000
114929  48.212  32.100  26.239 0.0000000000
114176  48.862  31.492  26.770 0.0000000000
113383  50.026  30.729  27.806 0.0000000000
113353  51.114  30.415  29.339 0.0000000000
113354  50.079  30.487  29.384 0.0000000000
112557  49.688  28.980  30.233 0.0000000000
111082  48.736  27.607  30.837 0.0000000000
123496  46.001  45.458  23.629 0.0000000000
121576  45.756  41.546  28.060 0.0000000000
121577  44.785  41.400  27.169 0.0000000000
120912  46.188  40.703  26.411 0.0000000000
120930  46.772  40.326  24.564 0.0000000000
120939  47.756  40.248  23.609 0.0000000000
120948  48.841  40.261  22.446 0.0000000000
120947  49.953  40.568  22.865 0.0000000000
120199  51.546  38.776  22.004 0.0000000000
113462  51.302  30.378  20.299 0.0000000000
113464  49.475  30.017  19.837 0.0000000000
112668  50.476  29.360  21.535 0.0000000000
112653  49.634  29.041  22.381 0.0000000000
112637  48.720  29.363  23.387 0.0000000000
108635  46.049  25.054  27.096 0.0000000000
110345  46.067  26.334  26.464 0.0000000000
111917  39.090  28.804  22.638 0.0000000000
112685  40.077  30.103  20.249 0.0000000000
112657  40.077  29.186  22.047 0.0000000000
111892  39.629  28.029  23.806 0.0000000000
111891  40.339  28.198  24.168 0.0000000000
111156  40.572  27.319  24.664 0.0000000000
111155  41.693  27.451  24.655 0.0000000000
118695  47.586  37.106  18.008 0.0000000000
117896  47.352  36.621  18.269 0.0000000000
120164  49.542  39.412  27.213 0.0000000000
119368  50.243  38.390  26.812 0.0000000000
119361  49.537  38.731  27.609 0.0000000000
118573  48.510  37.498  26.757 0.0000000000
117776  47.851  36.912  26.187 0.0000000000
117045  46.597  35.998  25.692 0.0000000000
116370  46.452  34.683  26.028 0.0000000000
124078  42.335  45.220  26.221 0.0000000000
124059  43.555  46.053  27.378 0.0000000000
124048  45.175  45.740  28.559 0.0000000000
122787  45.253  43.685  29.103 0.0000000000
121559  46.658  41.965  28.895 0.0000000000
120900  48.140  40.718  27.807 0.0000000000
111880  53.481  27.449  24.730 0.0000000000
111149  51.973  27.559  24.708 0.0000000000
111131  52.562  26.965  25.839 0.0000000000
111106  50.751  27.111  27.096 0.0000000000
110333  48.786  26.575  27.527 0.0000000000
110318  50.829  26.300  29.440 0.0000000000
109525  48.725  25.623  28.818 0.0000000000
109531  47.666  25.781  27.824 0.0000000000
114978  48.109  32.579  21.207 0.0000000000
114229  46.825  31.524  19.765 0.0000000000
114994  48.683  32.364  20.283 0.0000000000
115007  50.530  32.541  19.514 0.0000000000
115006  51.382  32.410  19.169 0.0000000000
116436  52.224  34.180  20.286 0.0000000000
114990  52.169  32.821  19.859 0.0000000000
114227  51.750  31.228  19.554 0.0000000000
114218  52.205  31.333  21.387 0.0000000000
113429  52.391  30.077  22.505 0.0000000000
112633  52.807  28.794  23.393 0.0000000000
117789  51.119  36.526  25.768 0.0000000000
117040  51.482  35.618  25.462 0.0000000000
116399  51.194  34.141  24.757 0.0000000000
115666  49.246  33.571  25.333 0.0000000000
115679  50.965  33.255  24.764 0.0000000000
114950  51.793  32.350  24.253 0.0000000000
114196  51.841  31.060  24.720 0.0000000000
113408  52.460  30.247  24.663 0.0000000000
112610  53.204  28.743  25.170 0.0000000000
112600  53.487  28.467  25.856 0.0000000000
111847  53.783  28.226  28.343 0.0000000000
111835  53.613  28.313  29.384 0.0000000000
112569  51.728  30.016  29.949 0.0000000000
111818  53.404  28.968  30.831 0.0000000000
111064  53.487  27.377  31.805 0.0000000000
111049  53.363  27.185  32.915 0.0000000000
122891  46.855  43.715  19.614 0.0000000000
122235  44.794  42.543  19.350 0.0000000000
121626  44.774  41.073  19.081 0.0000000000
121581  43.678  41.770  25.708 0.0000000000
122219  43.608  42.531  22.696 0.0000000000
121611  43.799  41.643  21.228 0.0000000000
120969  44.783  40.332  20.697 0.0000000000
120235  45.420  39.535  19.420 0.0000000000
120220  46.485  39.017  20.075 0.0000000000
120232  48.628  38.534  19.820 0.0000000000
119412  48.879  38.293  20.728 0.0000000000
120201  50.055  39.481  21.381 0.0000000000
119411  49.503  38.713  21.221 0.0000000000
118613  49.101  37.832  21.940 0.0000000000
117094  48.682  35.713  22.769 0.0000000000
115696  48.188  33.778  22.435 0.0000000000
114258  46.530  31.346  18.178 0.0000000000
113501  45.287  30.385  18.009 0.0000000000
113468  44.943  30.453  19.751 0.0000000000
113465  48.360  30.111  20.014 0.0000000000
113449  46.271  30.403  20.946 0.0000000000
113433  44.303  30.379  21.804 0.0000000000
112642  43.434  29.806  23.460 0.0000000000
111889  42.557  28.421  24.356 0.0000000000
111882  50.553  27.933  24.075 0.0000000000
111884  48.839  28.701  24.718 0.0000000000
112612  47.477  28.959  25.200 0.0000000000
110358  45.681  26.708  26.027 0.0000000000
111874  45.742  28.430  25.332 0.0000000000
105949  49.934  21.780  32.005 0.0000000000
105969  50.130  21.583  30.311 0.0000000000
115011  44.876  31.761  19.425 0.0000000000
114980  45.598  32.467  21.278 0.0000000000
114968  46.088  32.802  22.013 0.0000000000
114981  44.678  32.390  20.813 0.0000000000
108604  51.874  24.378  33.743 0.0000000000
119374  50.955  38.135  25.000 0.0000000000
119375  50.539  38.382  25.772 0.0000000000
120167  49.746  39.408  26.098 0.0000000000
120168  49.378  39.893  25.680 0.0000000000
120171  50.266  38.978  24.775 0.0000000000
111912  52.712  28.115  22.970 0.0000000000
111913  52.149  28.164  22.602 0.0000000000
111179  52.317  27.790  23.023 0.0000000000
113475  39.085  30.768  20.423 0.0000000000
112675  38.341  29.909  21.103 0.0000000000
112687  38.862  30.335  20.511 0.0000000000
113453  42.386  30.292  20.694 0.0000000000
113436  41.677  30.078  21.413 0.0000000000
113435  42.476  30.253  21.561 0.0000000000
118639  48.371  37.934  20.997 0.0000000000
118659  48.027  37.355  19.868 0.0000000000
114223  38.936  31.111  20.806 0.0000000000
120877  47.153  40.404  30.211 0.0000000000
120147  48.043  39.105  29.168 0.0000000000
120134  46.908  39.894  29.988 0.0000000000
120860  45.866  40.725  30.189 0.0000000000
121522  46.426  41.583  30.379 0.0000000000
120859  46.832  40.650  30.304 0.0000000000
120876  47.573  40.689  30.080 0.0000000000
110321  53.491  26.871  29.413 0.0000000000
110322  52.752  26.676  29.045 0.0000000000
117110  51.290  35.175  21.793 0.0000000000
116431  50.947  34.509  21.405 0.0000000000
115677  52.307  34.041  23.967 0.0000000000
114958  52.338  32.009  22.954 0.0000000000
117792  48.077  36.191  25.783 0.0000000000
117042  49.476  35.461  25.475 0.0000000000
117043  48.375  35.361  25.456 0.0000000000
113391  50.357  30.671  27.090 0.0000000000
114174  50.326  30.921  26.392 0.0000000000
113389  51.772  30.176  26.518 0.0000000000
113381  51.535  30.247  27.411 0.0000000000
112586  51.934  30.074  27.845 0.0000000000
113370  51.595  30.365  28.422 0.0000000000
111808  49.822  27.868  31.198 0.0000000000
123513  46.712  45.496  23.064 0.0000000000
124103  46.968  45.790  22.695 0.0000000000
123514  46.056  44.673  22.763 0.0000000000
123531  46.137  44.296  21.929 0.0000000000
122864  45.488  43.917  22.159 0.0000000000
123452  45.070  45.159  28.202 0.0000000000
123460  45.254  45.245  27.231 0.0000000000
122802  44.321  43.445  27.372 0.0000000000
120941  45.373  40.210  23.460 0.0000000000
117858  51.570  36.898  21.835 0.0000000000
117859  51.022  37.432  21.835 0.0000000000
117092  51.116  35.820  22.186 0.0000000000
116418  50.590  35.003  22.150 0.0000000000
114254  50.532  31.145  18.224 0.0000000000
113498  48.789  30.679  17.932 0.0000000000
113497  49.935  30.729  18.265 0.0000000000
112638  47.664  29.765  23.438 0.0000000000
113416  47.138  30.107  22.986 0.0000000000
112639  46.469  29.944  23.764 0.0000000000
112640  45.407  29.998  23.783 0.0000000000
110342  48.462  26.874  27.042 0.0000000000
114247  41.705  31.514  19.439 0.0000000000
114260  41.911  31.299  18.733 0.0000000000
136872  43.235  31.155  17.966 0.0000000000
136875  42.570  31.067  17.918 0.0000000000
117814  46.765  36.231  23.043 0.0000000000
117096  46.566  35.182  23.209 0.0000000000
116424  44.502  34.296  22.759 0.0000000000
114999  43.102  31.816  20.220 0.0000000000
115000  42.168  32.080  20.546 0.0000000000
114234  41.512  31.745  20.375 0.0000000000
109504  53.408  26.015  32.338 0.0000000000
110291  52.438  26.126  31.413 0.0000000000
109506  52.311  25.300  32.013 0.0000000000
108613  50.880  23.640  32.168 0.0000000000
107738  50.138  23.443  31.343 0.0000000000
108618  49.970  23.827  31.118 0.0000000000
107740  50.051  22.822  31.246 0.0000000000
122897  47.463  43.658  19.258 0.0000000000
122243  48.388  43.300  18.380 0.0000000000
118610  52.068  37.497  22.115 0.0000000000
118598  51.849  37.121  22.878 0.0000000000
117802  51.934  36.862  24.414 0.0000000000
117811  52.133  36.421  23.619 0.0000000000
117801  52.404  36.138  24.584 0.0000000000
117057  52.426  35.549  24.717 0.0000000000
117038  52.396  35.550  25.061 0.0000000000
115669  46.816  33.620  26.106 0.0000000000
115668  47.363  33.427  25.915 0.0000000000
114930  47.345  32.498  26.748 0.0000000000
114165  48.428  31.536  27.809 0.0000000000
114164  49.213  31.089  27.777 0.0000000000
113372  49.598  30.843  28.639 0.0000000000
112571  49.480  29.619  29.838 0.0000000000
111836  49.188  28.811  30.183 0.0000000000
111822  48.566  28.268  30.445 0.0000000000
120902  46.457  40.749  27.374 0.0000000000
120903  45.564  40.826  27.174 0.0000000000
120929  47.906  40.217  24.701 0.0000000000
120921  47.010  40.660  25.546 0.0000000000
119389  51.344  38.520  23.357 0.0000000000
120186  50.942  39.546  22.677 0.0000000000
119395  51.687  38.192  22.307 0.0000000000
119394  52.013  38.025  21.912 0.0000000000
112680  50.979  30.074  21.204 0.0000000000
112681  50.386  29.891  20.882 0.0000000000
111914  50.526  28.553  22.869 0.0000000000
112636  49.404  28.827  23.313 0.0000000000
111905  38.222  28.352  23.139 0.0000000000
112692  40.515  30.324  19.510 0.0000000000
113473  40.024  30.367  19.783 0.0000000000
112656  41.025  29.665  22.142 0.0000000000
111916  39.796  28.852  22.868 0.0000000000
111903  40.226  28.766  23.469 0.0000000000
112628  41.721  29.308  23.839 0.0000000000
111902  40.988  28.919  23.851 0.0000000000
111890  41.462  28.443  24.280 0.0000000000
119432  47.272  38.524  19.502 0.0000000000
119450  47.453  37.759  18.902 0.0000000000
117871  47.591  37.020  19.520 0.0000000000
117881  47.725  36.967  19.204 0.0000000000
117882  47.160  36.637  19.158 0.0000000000
118678  46.503  36.957  19.616 0.0000000000
120898  49.230  39.880  27.989 0.0000000000
119344  49.174  38.970  28.494 0.0000000000
119362  48.759  38.512  27.914 0.0000000000
117794  46.675  36.446  25.814 0.0000000000
117024  46.600  35.099  25.932 0.0000000000
123472  41.898  44.953  25.900 0.0000000000
124069  42.159  45.043  26.427 0.0000000000
124060  43.109  45.301  27.906 0.0000000000
124050  43.944  45.981  28.589 0.0000000000
124049  44.881  46.041  28.800 0.0000000000
122756  46.436  43.082  30.215 0.0000000000
122767  45.941  43.636  29.820 0.0000000000
122142  46.421  42.975  29.762 0.0000000000
122162  45.837  42.709  29.306 0.0000000000
122161  46.540  42.503  29.517 0.0000000000
120886  48.413  40.460  28.867 0.0000000000
120887  48.307  40.723  28.449 0.0000000000
120899  48.818  40.097  28.162 0.0000000000
120908  49.254  39.893  27.622 0.0000000000
111130  53.469  27.254  26.000 0.0000000000
110371  53.066  26.721  25.520 0.0000000000
110356  52.983  26.780  26.164 0.0000000000
110330  51.644  26.702  27.899 0.0000000000
111105  51.597  27.075  27.215 0.0000000000
111107  49.852  27.280  27.092 0.0000000000
110332  49.803  26.756  27.682 0.0000000000
109519  51.450  25.915  30.612 0.0000000000
110317  51.852  26.233  29.787 0.0000000000
109521  49.848  25.586  29.850 0.0000000000
109526  47.925  25.407  28.425 0.0000000000
109530  48.375  26.010  28.190 0.0000000000
108628  47.244  24.676  28.169 0.0000000000
108633  47.062  25.115  27.723 0.0000000000
108629  46.701  24.188  28.029 0.0000000000
114977  49.134  32.755  21.045 0.0000000000
115724  50.684  33.339  20.177 0.0000000000
114992  50.394  32.884  20.045 0.0000000000
114241  50.581  31.756  18.494 0.0000000000
116429  52.271  34.645  21.191 0.0000000000
115707  52.365  33.635  20.468 0.0000000000
114975  52.045  31.997  19.947 0.0000000000
114219  51.924  31.306  20.489 0.0000000000
113415  52.638  29.826  23.272 0.0000000000
118571  50.398  37.595  26.743 0.0000000000
118587  50.924  37.395  26.056 0.0000000000
117773  50.546  36.927  26.266 0.0000000000
117041  50.509  35.576  25.486 0.0000000000
116383  51.709  34.953  25.111 0.0000000000
114941  48.631  32.692  25.538 0.0000000000
114940  49.545  32.564  25.348 0.0000000000
114186  50.883  31.064  25.518 0.0000000000
114939  50.542  32.323  25.095 0.0000000000
114951  51.244  32.659  24.666 0.0000000000
113398  52.663  29.509  24.895 0.0000000000
112609  53.477  28.260  25.352 0.0000000000
112601  53.172  29.214  26.127 0.0000000000
112584  53.487  29.017  27.754 0.0000000000
111805  52.799  28.879  31.583 0.0000000000
111804  53.502  28.223  31.312 0.0000000000
111795  53.158  28.031  32.198 0.0000000000
124711  47.081  46.036  21.444 0.0000000000
124713  46.153  46.340  21.012 0.0000000000
124125  47.355  45.789  20.697 0.0000000000
123541  47.151  44.650  20.819 0.0000000000
122227  44.661  43.186  20.488 0.0000000000
122226  45.364  43.467  20.157 0.0000000000
121639  44.735  41.572  18.764 0.0000000000
120986  44.483  41.178  19.724 0.0000000000
120913  45.089  40.666  26.361 0.0000000000
121580  44.149  41.342  26.038 0.0000000000
121586  43.936  40.843  25.430 0.0000000000
121598  43.866  40.908  23.219 0.0000000000
121593  43.426  41.583  24.147 0.0000000000
121599  43.496  41.476  23.078 0.0000000000
121605  43.707  41.780  22.110 0.0000000000
121604  43.964  41.078  21.785 0.0000000000
120205  45.161  40.150  21.213 0.0000000000
120959  44.792  40.340  21.082 0.0000000000
120221  45.459  39.847  20.382 0.0000000000
120202  48.526  39.620  20.653 0.0000000000
120219  47.868  39.086  20.111 0.0000000000
120218  48.817  39.134  20.184 0.0000000000
119431  48.842  38.433  20.143 0.0000000000
119430  49.191  38.994  20.479 0.0000000000
120957  50.102  40.275  21.662 0.0000000000
118612  50.323  37.867  22.193 0.0000000000
119396  50.125  38.467  21.901 0.0000000000
119397  49.760  38.323  21.989 0.0000000000
117837  48.433  36.818  22.531 0.0000000000
115695  49.158  33.925  22.171 0.0000000000
116420  48.570  34.615  22.705 0.0000000000
115712  47.674  33.190  21.953 0.0000000000
114244  47.422  31.497  19.158 0.0000000000
114245  46.266  31.461  18.996 0.0000000000
114257  47.602  31.301  18.045 0.0000000000
113499  47.582  30.552  18.044 0.0000000000
113500  46.454  30.615  18.153 0.0000000000
113486  45.723  30.434  18.779 0.0000000000
113487  44.548  30.579  18.710 0.0000000000
112683  48.877  29.797  20.561 0.0000000000
113447  48.261  29.966  20.955 0.0000000000
113431  46.325  30.386  22.042 0.0000000000
113432  45.314  30.458  21.919 0.0000000000
113450  45.198  30.509  20.844 0.0000000000
113420  43.386  30.226  22.649 0.0000000000
113419  44.350  30.397  22.805 0.0000000000
112625  44.457  29.318  24.314 0.0000000000
112626  43.473  29.232  24.116 0.0000000000
111154  42.718  27.564  24.572 0.0000000000
111150  50.920  27.677  24.482 0.0000000000
111871  48.772  28.246  25.258 0.0000000000
111872  47.833  28.444  25.416 0.0000000000
111885  48.198  29.010  24.868 0.0000000000
109553  45.398  25.729  26.339 0.0000000000
114232  43.323  31.541  19.215 0.0000000000
114231  43.713  31.552  19.105 0.0000000000
136876  43.626  31.423  18.525 0.0000000000
136873  44.292  31.323  18.130 0.0000000000
115697  47.280  33.711  22.525 0.0000000000
116422  46.713  34.483  22.997 0.0000000000
115698  46.393  33.392  22.342 0.0000000000
115699  45.166  33.161  22.216 0.0000000000
115715  44.322  32.783  21.602 0.0000000000
115716  43.397  32.881  21.697 0.0000000000
114982  43.736  32.374  20.846 0.0000000000
109465  52.964  25.347  33.603 0.0000000000
108611  52.322  24.881  32.811 0.0000000000
107735  50.658  23.067  32.663 0.0000000000
118593  51.484  37.617  23.997 0.0000000000
114931  46.459  32.842  26.941 0.0000000000
114154  48.040  31.492  28.518 0.0000000000
120910  48.133  40.576  26.830 0.0000000000
120911  47.203  40.670  26.558 0.0000000000
120928  49.063  39.947  24.986 0.0000000000
120927  49.481  39.721  24.571 0.0000000000
120937  49.819  39.829  23.925 0.0000000000
120180  50.086  39.382  24.312 0.0000000000
120179  50.623  39.258  23.709 0.0000000000
112666  52.127  29.402  21.994 0.0000000000
112651  51.723  28.640  22.139 0.0000000000
112635  51.096  28.580  22.678 0.0000000000
111900  50.806  28.267  23.371 0.0000000000
113472  41.682  30.253  19.688 0.0000000000
112684  40.858  29.931  20.391 0.0000000000
113454  41.628  30.103  20.542 0.0000000000
112643  42.455  29.845  23.361 0.0000000000
118677  47.830  37.415  19.095 0.0000000000
118676  48.603  37.782  19.618 0.0000000000
118660  47.101  37.049  20.110 0.0000000000
114986  40.096  31.814  21.840 0.0000000000
114212  39.307  31.824  22.672 0.0000000000
113437  38.024  30.720  21.888 0.0000000000
120146  48.575  39.596  28.907 0.0000000000
119346  47.566  38.783  28.668 0.0000000000
122143  44.628  42.664  29.764 0.0000000000
122768  44.256  43.279  29.731 0.0000000000
122130  46.112  42.562  30.503 0.0000000000
122129  46.738  42.216  30.249 0.0000000000
121539  47.284  41.679  29.605 0.0000000000
122140  47.055  42.046  30.056 0.0000000000
110340  53.457  26.887  27.389 0.0000000000
110341  52.935  26.731  26.951 0.0000000000
110329  52.702  26.671  27.929 0.0000000000
108621  49.514  24.370  30.588 0.0000000000
108624  49.248  24.938  29.865 0.0000000000
108625  48.598  24.485  29.625 0.0000000000
107746  47.520  23.778  28.606 0.0000000000
115710  49.665  33.338  21.248 0.0000000000
115709  50.574  33.701  21.057 0.0000000000
115708  51.263  34.094  20.613 0.0000000000
114966  52.437  32.334  21.998 0.0000000000
114949  52.309  31.609  23.802 0.0000000000
116385  49.889  34.588  25.346 0.0000000000
114185  51.558  30.696  25.402 0.0000000000
113400  51.441  30.503  25.898 0.0000000000
112602  52.445  29.709  26.358 0.0000000000
112585  52.495  29.730  28.201 0.0000000000
112568  52.512  29.740  29.395 0.0000000000
111820  50.823  28.738  30.950 0.0000000000
112555  51.398  29.405  30.727 0.0000000000
111806  51.573  28.594  31.672 0.0000000000
124700  46.441  46.281  22.638 0.0000000000
124114  46.804  45.615  22.073 0.0000000000
123529  47.088  45.349  21.515 0.0000000000
122872  46.434  44.192  21.210 0.0000000000
122884  45.055  43.804  20.916 0.0000000000
122221  44.375  43.236  21.162 0.0000000000
124677  44.922  46.409  26.981 0.0000000000
124683  45.416  46.293  26.376 0.0000000000
124066  45.554  45.915  26.752 0.0000000000
120931  45.603  40.344  24.452 0.0000000000
120942  44.406  40.519  23.187 0.0000000000
120952  44.420  40.578  22.214 0.0000000000
120951  45.121  40.060  22.565 0.0000000000
120189  45.690  39.726  21.859 0.0000000000
120968  49.206  39.801  20.572 0.0000000000
118637  50.974  37.935  21.782 0.0000000000
117093  50.086  35.816  22.494 0.0000000000
114256  48.589  31.189  17.873 0.0000000000
114268  47.637  31.059  17.721 0.0000000000
113484  48.040  30.358  18.852 0.0000000000
112671  47.878  29.956  21.616 0.0000000000
111119  49.875  27.493  26.304 0.0000000000
111134  49.838  27.736  25.471 0.0000000000
114236  39.714  31.017  19.971 0.0000000000
114250  39.846  31.129  18.959 0.0000000000
113503  40.529  30.946  18.746 0.0000000000
113489  40.465  30.549  19.027 0.0000000000
113502  41.928  30.960  18.370 0.0000000000
113488  41.391  30.522  19.131 0.0000000000
113470  42.966  30.462  19.942 0.0000000000
118615  46.928  37.387  21.996 0.0000000000
117815  46.039  36.267  23.093 0.0000000000
117097  46.005  35.129  23.093 0.0000000000
115717  42.504  32.942  21.838 0.0000000000
114984  41.592  32.327  21.510 0.0000000000
114221  40.904  31.742  21.064 0.0000000000
121541  44.213  41.630  29.462 0.0000000000
121524  44.926  41.689  29.997 0.0000000000
110305  53.472  26.751  31.291 0.0000000000
110316  52.891  26.527  30.021 0.0000000000
110306  53.035  26.429  30.903 0.0000000000
109515  51.693  25.810  31.333 0.0000000000
109516  50.847  25.341  31.083 0.0000000000
108616  51.541  24.706  31.983 0.0000000000
108620  50.237  24.834  31.019 0.0000000000
107742  49.044  23.215  30.371 0.0000000000
117109  51.774  35.749  21.944 0.0000000000
117090  52.382  35.594  23.035 0.0000000000
116387  47.743  34.355  25.393 0.0000000000
114942  47.888  32.788  25.891 0.0000000000
114177  48.003  31.782  27.051 0.0000000000
113371  50.545  30.596  28.584 0.0000000000
112556  50.300  29.215  30.428 0.0000000000
111821  49.671  28.341  30.711 0.0000000000
111081  49.389  27.642  31.126 0.0000000000
122181  44.708  42.421  27.991 0.0000000000
120922  45.891  40.670  25.427 0.0000000000
120956  50.603  40.097  22.370 0.0000000000
120946  50.453  39.998  23.154 0.0000000000
119409  51.616  38.256  21.867 0.0000000000
118635  51.934  37.525  21.729 0.0000000000
113481  51.170  30.441  19.142 0.0000000000
113482  50.228  30.264  19.000 0.0000000000
113463  50.433  29.985  19.904 0.0000000000
112682  49.592  29.734  20.672 0.0000000000
112669  49.579  29.472  21.524 0.0000000000
112654  48.711  29.554  22.431 0.0000000000
112622  47.774  29.341  24.419 0.0000000000
109542  46.919  25.958  27.038 0.0000000000
109543  46.116  25.676  26.838 0.0000000000
111171  38.274  27.637  23.578 0.0000000000
112674  39.125  29.688  20.999 0.0000000000
112673  40.006  29.636  21.113 0.0000000000
112658  39.093  29.285  21.843 0.0000000000
111904  39.190  28.252  23.295 0.0000000000
111170  39.002  27.589  23.736 0.0000000000
118641  46.505  37.466  21.128 0.0000000000
119376  50.100  38.753  26.422 0.0000000000
119369  49.904  38.893  26.918 0.0000000000
119360  49.894  38.517  27.149 0.0000000000
118557  49.861  38.094  27.198 0.0000000000
118558  49.089  38.049  27.302 0.0000000000
118572  49.468  37.489  26.847 0.0000000000
117775  48.828  36.824  26.390 0.0000000000
117044  47.090  35.280  25.650 0.0000000000
115654  46.233  33.693  26.357 0.0000000000
124067  43.418  45.893  26.425 0.0000000000
124068  42.663  45.337  26.816 0.0000000000
124671  45.096  46.549  27.803 0.0000000000
123443  44.935  44.358  28.579 0.0000000000
122758  44.724  43.713  30.213 0.0000000000
124039  44.908  45.219  29.388 0.0000000000
123442  45.075  44.664  29.188 0.0000000000
122180  45.420  42.332  28.588 0.0000000000
121560  45.919  42.169  28.701 0.0000000000
121575  46.924  41.140  28.102 0.0000000000
121558  47.706  41.171  28.631 0.0000000000
121574  47.554  40.943  27.998 0.0000000000
120909  48.831  40.308  27.247 0.0000000000
120918  49.314  39.886  26.880 0.0000000000
111897  53.256  27.473  24.235 0.0000000000
111167  52.833  27.334  24.086 0.0000000000
111166  53.247  26.996  24.528 0.0000000000
111148  52.806  26.746  24.930 0.0000000000
111132  51.888  27.418  25.625 0.0000000000
111116  52.403  27.035  26.642 0.0000000000
111117  51.718  27.304  26.466 0.0000000000
111118  50.837  27.374  26.330 0.0000000000
111108  49.112  27.289  26.985 0.0000000000
110334  47.959  26.468  27.387 0.0000000000
110324  50.756  26.616  28.598 0.0000000000
109524  49.415  25.973  29.202 0.0000000000
110325  49.730  26.446  28.501 0.0000000000
110326  49.046  26.340  28.153 0.0000000000
109541  47.407  26.108  27.350 0.0000000000
109532  46.966  25.478  27.447 0.0000000000
114996  46.341  31.939  20.503 0.0000000000
114995  47.534  31.861  20.223 0.0000000000
115010  47.758  31.667  19.658 0.0000000000
115009  48.242  31.774  19.577 0.0000000000
114993  49.830  32.791  20.403 0.0000000000
115008  49.268  32.102  19.441 0.0000000000
114242  49.601  31.705  18.465 0.0000000000
114240  51.321  31.376  18.704 0.0000000000
116437  51.900  34.350  20.300 0.0000000000
115722  52.004  33.627  19.702 0.0000000000
115005  51.846  32.833  19.490 0.0000000000
114991  51.898  32.127  19.319 0.0000000000
113446  51.663  30.498  21.133 0.0000000000
113445  52.139  30.289  21.753 0.0000000000
117039  52.170  35.572  25.273 0.0000000000
116382  52.267  35.155  24.936 0.0000000000
116398  51.920  34.481  24.580 0.0000000000
115678  51.657  33.472  24.399 0.0000000000
115665  50.320  33.604  25.126 0.0000000000
114195  52.667  30.620  23.986 0.0000000000
113407  52.751  29.637  24.076 0.0000000000
112619  52.929  28.723  24.252 0.0000000000
111869  53.498  28.037  24.986 0.0000000000
111868  53.554  27.716  25.463 0.0000000000
111860  53.734  27.947  26.345 0.0000000000
112592  53.525  28.740  26.735 0.0000000000
111852  53.866  28.112  27.303 0.0000000000
111103  54.043  27.281  27.845 0.0000000000
111099  53.656  27.473  28.860 0.0000000000
111094  53.811  27.463  29.874 0.0000000000
113352  51.891  30.330  29.254 0.0000000000
112554  52.531  29.413  30.551 0.0000000000
112553  53.501  29.262  29.945 0.0000000000
111817  53.711  28.316  30.389 0.0000000000
111080  53.719  27.471  30.844 0.0000000000
110289  53.437  26.432  32.222 0.0000000000
110269  53.449  26.390  32.926 0.0000000000
109445  53.296  25.873  33.892 0.0000000000
122233  46.568  43.448  19.298 0.0000000000
122892  46.208  43.866  19.939 0.0000000000
122234  45.843  43.332  19.589 0.0000000000
122245  45.638  42.505  18.495 0.0000000000
122246  44.791  42.029  18.684 0.0000000000
121638  45.165  41.413  18.262 0.0000000000
121002  45.040  40.319  18.715 0.0000000000
123497  45.261  44.511  23.453 0.0000000000
122196  44.020  42.290  26.925 0.0000000000
122816  44.090  43.390  26.099 0.0000000000
121587  43.503  41.350  25.172 0.0000000000
122857  43.920  43.208  23.375 0.0000000000
122856  44.592  43.788  23.064 0.0000000000
122875  44.301  43.372  21.957 0.0000000000
122222  43.928  42.865  21.548 0.0000000000
121617  43.961  41.807  20.701 0.0000000000
120960  44.404  40.552  21.303 0.0000000000
120961  43.851  40.984  20.956 0.0000000000
120970  44.291  40.906  20.447 0.0000000000
120985  44.764  40.364  19.762 0.0000000000
120234  46.084  38.941  19.030 0.0000000000
120233  48.197  38.530  19.609 0.0000000000
120958  49.152  40.049  21.209 0.0000000000
118638  48.945  38.242  21.241 0.0000000000
117095  47.932  36.205  22.842 0.0000000000
116407  48.085  35.131  23.110 0.0000000000
116421  47.705  34.422  22.912 0.0000000000
114979  46.809  32.653  21.571 0.0000000000
114259  45.349  31.350  18.309 0.0000000000
114271  44.632  31.123  17.855 0.0000000000
114269  46.789  31.074  17.824 0.0000000000
113511  45.994  30.836  17.872 0.0000000000
136870  44.356  30.315  18.053 0.0000000000
113469  43.828  30.426  19.742 0.0000000000
113451  44.160  30.348  20.778 0.0000000000
113466  47.209  30.402  19.910 0.0000000000
113448  47.376  30.220  21.108 0.0000000000
113467  46.076  30.576  19.809 0.0000000000
113434  43.346  30.282  21.696 0.0000000000
111168  51.977  27.658  23.726 0.0000000000
111169  51.165  27.761  23.688 0.0000000000
111883  49.760  28.335  24.333 0.0000000000
111870  49.489  28.114  25.154 0.0000000000
112620  49.363  28.682  23.970 0.0000000000
112621  48.786  29.091  24.153 0.0000000000
112613  46.722  29.112  25.155 0.0000000000
110344  46.898  26.564  26.570 0.0000000000
110357  46.485  26.911  26.273 0.0000000000
111137  46.771  27.615  25.896 0.0000000000
111138  45.775  27.556  25.596 0.0000000000
111873  46.720  28.403  25.553 0.0000000000
112614  45.958  29.192  25.054 0.0000000000
111886  45.334  28.759  24.966 0.0000000000
111887  44.540  28.475  24.735 0.0000000000
106834  50.110  22.360  31.919 0.0000000000
105960  50.205  21.613  31.512 0.0000000000
106836  50.225  22.266  31.300 0.0000000000
105968  50.371  21.554  30.896 0.0000000000
106826  50.036  22.158  32.511 0.0000000000
107741  49.682  23.203  30.910 0.0000000000
108603  52.381  24.868  33.191 0.0000000000
109466  52.302  25.095  34.022 0.0000000000
109486  53.377  25.913  32.596 0.0000000000
109487  52.950  25.212  32.738 0.0000000000
109488  52.296  24.968  32.607 0.0000000000
109505  53.204  25.767  32.228 0.0000000000
109520  50.850  25.718  30.194 0.0000000000
109533  46.453  25.349  27.220 0.0000000000
110245  53.129  26.248  34.195 0.0000000000
110256  53.341  26.496  33.572 0.0000000000
110319  50.040  26.342  29.175 0.0000000000
110355  53.318  26.932  26.498 0.0000000000
110370  53.240  26.883  25.814 0.0000000000
111042  53.206  27.007  33.547 0.0000000000
111122  47.151  27.280  26.257 0.0000000000
111147  53.375  26.911  25.196 0.0000000000
111151  50.163  28.042  24.717 0.0000000000
111178  52.682  27.689  23.387 0.0000000000
111819  51.369  28.961  31.126 0.0000000000
111881  53.418  28.022  24.405 0.0000000000
111915  50.001  28.579  22.744 0.0000000000
112543  51.612  29.060  31.185 0.0000000000
112634  51.531  28.301  22.738 0.0000000000
113456  37.834  30.377  21.712 0.0000000000
113490  39.852  30.794  18.982 0.0000000000
113504  40.060  31.036  18.827 0.0000000000
113509  47.965  30.881  17.730 0.0000000000
113513  42.458  31.269  18.040 0.0000000000
114220  41.349  31.922  20.988 0.0000000000
114228  47.294  31.588  19.725 0.0000000000
114230  45.997  31.456  19.791 0.0000000000
114246  45.395  31.562  19.216 0.0000000000
114248  41.105  31.467  19.346 0.0000000000
114249  40.300  31.311  19.205 0.0000000000
114262  40.231  31.149  18.837 0.0000000000
114263  40.022  31.239  18.890 0.0000000000
114270  45.666  31.086  17.816 0.0000000000
114971  40.028  31.994  22.326 0.0000000000
114976  49.558  32.952  20.913 0.0000000000
115713  47.030  33.243  22.103 0.0000000000
115730  51.686  33.041  19.469 0.0000000000
115731  51.375  33.178  19.521 0.0000000000
115732  50.992  33.320  19.656 0.0000000000
116409  46.893  35.049  23.246 0.0000000000
117025  46.256  35.336  25.998 0.0000000000
117071  48.175  35.476  22.975 0.0000000000
117072  47.804  35.609  23.065 0.0000000000
117073  47.017  35.583  23.237 0.0000000000
117787  52.473  35.859  25.086 0.0000000000
117834  51.301  36.236  22.182 0.0000000000
118611  51.796  37.627  22.492 0.0000000000
119382  51.168  38.174  24.373 0.0000000000
119390  51.020  38.668  24.023 0.0000000000
119408  52.029  37.826  21.830 0.0000000000
120132  48.302  39.846  29.369 0.0000000000
120145  49.075  39.411  28.516 0.0000000000
120159  49.340  39.527  28.083 0.0000000000
120173  49.481  39.695  25.422 0.0000000000
120178  51.178  39.165  23.024 0.0000000000
120185  51.394  38.997  22.443 0.0000000000
120191  44.621  40.347  21.739 0.0000000000
120206  44.762  40.255  21.522 0.0000000000
120858  47.244  40.957  30.328 0.0000000000
120875  48.282  40.234  29.464 0.0000000000
120924  43.923  40.667  24.964 0.0000000000
120933  43.798  40.987  24.458 0.0000000000
120953  43.860  41.130  22.389 0.0000000000
120967  49.635  39.898  21.016 0.0000000000
120971  44.004  41.425  20.694 0.0000000000
121540  46.836  42.209  29.499 0.0000000000
121557  48.265  40.949  28.829 0.0000000000
121592  43.953  41.046  23.733 0.0000000000
121610  43.870  40.986  21.344 0.0000000000
121627  44.483  41.739  19.213 0.0000000000
122128  46.960  41.919  30.246 0.0000000000
122141  46.789  42.544  29.881 0.0000000000
122163  45.080  42.894  28.764 0.0000000000
122197  43.786  42.283  26.031 0.0000000000
122211  43.507  42.248  25.457 0.0000000000
122228  44.039  42.294  20.800 0.0000000000
122759  44.265  44.261  30.208 0.0000000000
122865  44.745  43.625  22.334 0.0000000000
122866  44.105  43.266  22.488 0.0000000000
122873  45.609  43.911  21.394 0.0000000000
122882  46.628  44.072  20.370 0.0000000000
122896  48.095  43.654  19.061 0.0000000000
123453  44.744  44.424  27.776 0.0000000000
123495  46.618  45.712  23.370 0.0000000000
123547  47.200  44.391  19.995 0.0000000000
124094  46.791  45.958  23.309 0.0000000000
124113  47.071  45.674  21.567 0.0000000000
124664  45.219  46.216  28.470 0.0000000000
124665  45.144  46.420  28.328 0.0000000000
124666  44.754  46.426  28.297 0.0000000000
124670  45.359  46.273  28.072 0.0000000000
124672  44.418  46.408  27.656 0.0000000000
124676  45.320  46.225  27.293 0.0000000000
124684  44.828  46.409  26.052 0.0000000000
124685  44.063  46.075  26.089 0.0000000000
124699  46.970  46.233  22.973 0.0000000000
124705  46.974  45.936  21.666 0.0000000000
124706  46.710  45.966  22.020 0.0000000000
124712  46.765  46.256  21.236 0.0000000000
136877  43.223  31.456  18.109 0.0000000000
136878  43.259  31.504  18.330 0.0000000000
