#!ascii label  , from subject 3169 vox2ras=TkReg
532
88293  23.987  -7.427  -18.667 0.0000000000
97493  29.126  0.655  -22.561 0.0000000000
109220  25.537  10.365  -25.597 0.0000000000
102054  22.856  4.865  -24.133 0.0000000000
82075  25.520  -12.427  -16.208 0.0000000000
86166  28.262  -8.740  -17.535 0.0000000000
91734  27.125  -4.665  -21.767 0.0000000000
96437  24.814  -0.411  -23.820 0.0000000000
103224  26.869  5.515  -23.593 0.0000000000
111355  29.514  12.071  -22.944 0.0000000000
112468  24.113  14.251  -28.836 0.0000000000
84936  25.109  -9.925  -18.185 0.0000000000
86155  27.219  -10.373  -16.974 0.0000000000
87260  26.852  -8.600  -18.582 0.0000000000
94086  23.660  -1.721  -21.836 0.0000000000
97478  22.045  0.391  -21.680 0.0000000000
105680  24.407  7.149  -25.722 0.0000000000
103258  25.049  5.374  -25.657 0.0000000000
106896  26.607  8.496  -24.475 0.0000000000
106860  28.064  8.809  -22.800 0.0000000000
110304  27.462  11.202  -23.956 0.0000000000
113492  24.104  14.596  -26.280 0.0000000000
111394  23.445  12.756  -26.367 0.0000000000
157537  21.848  16.310  -28.688 0.0000000000
94083  28.285  -2.407  -22.974 0.0000000000
90519  29.242  -4.935  -20.806 0.0000000000
94040  30.541  -2.319  -20.703 0.0000000000
108046  23.852  8.961  -26.612 0.0000000000
100824  29.724  3.339  -21.233 0.0000000000
90472  23.710  -5.466  -18.954 0.0000000000
89390  24.994  -6.594  -20.420 0.0000000000
92904  24.629  -3.906  -21.484 0.0000000000
92934  25.478  -2.677  -23.242 0.0000000000
97509  27.053  -0.030  -23.991 0.0000000000
99712  23.904  2.764  -24.303 0.0000000000
99710  25.947  2.753  -24.653 0.0000000000
100843  27.839  3.230  -22.485 0.0000000000
104365  28.417  6.115  -21.552 0.0000000000
109215  23.280  10.322  -26.256 0.0000000000
111393  25.093  12.560  -26.957 0.0000000000
157544  24.127  18.091  -29.137 0.0000000000
114529  25.561  15.978  -27.426 0.0000000000
112445  26.446  14.013  -25.582 0.0000000000
114471  29.275  14.959  -24.805 0.0000000000
89386  27.604  -6.928  -20.106 0.0000000000
88295  22.670  -7.040  -17.646 0.0000000000
87244  23.651  -8.133  -17.652 0.0000000000
87263  24.347  -8.412  -18.183 0.0000000000
86185  25.747  -9.617  -18.476 0.0000000000
87278  25.354  -8.200  -19.321 0.0000000000
106910  25.193  8.363  -25.737 0.0000000000
105679  25.286  7.327  -25.049 0.0000000000
106909  26.041  8.751  -25.096 0.0000000000
108036  27.241  9.454  -24.189 0.0000000000
109214  26.322  10.355  -24.878 0.0000000000
157502  23.691  16.335  -26.917 0.0000000000
113507  23.466  14.816  -27.200 0.0000000000
115465  22.534  16.996  -28.001 0.0000000000
95234  28.756  -1.174  -22.754 0.0000000000
94066  28.964  -2.275  -21.675 0.0000000000
95218  29.608  -1.230  -22.142 0.0000000000
106899  23.861  8.043  -25.208 0.0000000000
106900  23.669  8.900  -24.826 0.0000000000
83432  24.652  -11.600  -16.419 0.0000000000
80674  24.945  -13.372  -15.835 0.0000000000
80672  26.240  -13.085  -15.034 0.0000000000
82055  26.641  -12.345  -15.431 0.0000000000
86154  27.802  -9.762  -17.036 0.0000000000
84887  28.817  -10.091  -15.495 0.0000000000
91711  24.124  -4.685  -20.427 0.0000000000
92855  23.440  -3.778  -19.823 0.0000000000
95249  23.799  -1.150  -23.079 0.0000000000
94098  24.406  -1.907  -22.902 0.0000000000
95260  25.428  -1.056  -23.768 0.0000000000
95246  26.354  -1.401  -24.224 0.0000000000
96435  26.074  -0.436  -24.397 0.0000000000
99695  23.304  3.050  -23.399 0.0000000000
99713  23.439  3.586  -23.843 0.0000000000
103225  25.994  5.621  -24.137 0.0000000000
100860  25.574  3.703  -24.927 0.0000000000
102035  26.569  4.620  -24.079 0.0000000000
99693  26.863  2.675  -23.335 0.0000000000
102020  27.861  4.551  -22.880 0.0000000000
102019  28.223  4.440  -22.294 0.0000000000
104386  27.800  6.431  -22.667 0.0000000000
109197  29.009  10.805  -23.078 0.0000000000
108001  29.337  9.653  -21.832 0.0000000000
110334  23.074  13.062  -28.452 0.0000000000
110321  23.624  11.716  -27.110 0.0000000000
110327  23.815  12.237  -27.664 0.0000000000
110320  24.164  11.353  -27.636 0.0000000000
111398  24.733  12.886  -27.495 0.0000000000
114491  26.009  15.570  -25.856 0.0000000000
115446  27.119  16.421  -25.707 0.0000000000
113487  27.880  15.216  -24.693 0.0000000000
90546  26.399  -5.794  -21.529 0.0000000000
89388  26.757  -6.973  -20.988 0.0000000000
89411  27.321  -6.114  -21.422 0.0000000000
91708  29.818  -4.383  -20.163 0.0000000000
90494  29.140  -5.403  -19.718 0.0000000000
84906  24.311  -10.780  -16.774 0.0000000000
84905  25.270  -10.988  -16.908 0.0000000000
84903  26.948  -11.088  -16.727 0.0000000000
84919  25.969  -10.549  -17.622 0.0000000000
86168  26.781  -9.675  -17.768 0.0000000000
87242  27.822  -8.628  -18.053 0.0000000000
95221  22.309  -1.079  -20.779 0.0000000000
96394  22.864  -0.615  -21.809 0.0000000000
97496  23.277  0.552  -22.654 0.0000000000
104419  23.861  6.141  -25.169 0.0000000000
102067  23.779  4.778  -25.142 0.0000000000
104431  24.466  6.082  -25.569 0.0000000000
104417  25.774  6.543  -24.852 0.0000000000
105638  26.934  6.950  -24.142 0.0000000000
105647  28.020  7.390  -23.315 0.0000000000
106895  27.574  8.545  -24.145 0.0000000000
109199  27.668  10.381  -23.775 0.0000000000
111370  28.810  12.299  -23.218 0.0000000000
112449  23.871  13.908  -25.859 0.0000000000
157552  22.504  14.248  -28.258 0.0000000000
157554  22.835  14.225  -29.341 0.0000000000
92923  27.505  -3.647  -22.366 0.0000000000
90543  28.631  -4.889  -21.386 0.0000000000
92900  28.677  -3.293  -21.936 0.0000000000
92876  29.856  -3.396  -20.592 0.0000000000
104405  23.044  6.138  -24.169 0.0000000000
105650  23.550  7.255  -24.834 0.0000000000
106911  24.190  8.204  -26.293 0.0000000000
108053  24.605  9.483  -26.844 0.0000000000
83411  27.944  -11.211  -15.286 0.0000000000
98579  29.271  1.548  -21.960 0.0000000000
97477  30.326  0.758  -21.221 0.0000000000
89346  24.198  -6.516  -19.066 0.0000000000
88313  24.667  -7.420  -19.450 0.0000000000
90471  24.278  -5.901  -19.458 0.0000000000
91710  24.796  -4.846  -20.864 0.0000000000
92903  25.428  -4.158  -21.751 0.0000000000
94068  24.219  -2.994  -21.607 0.0000000000
92925  25.590  -3.471  -22.277 0.0000000000
92924  26.593  -3.559  -22.364 0.0000000000
94094  27.531  -2.279  -23.412 0.0000000000
95244  28.068  -1.401  -23.320 0.0000000000
96410  28.352  0.040  -23.123 0.0000000000
99673  23.492  1.800  -23.155 0.0000000000
98600  24.198  1.208  -24.162 0.0000000000
100875  24.697  3.962  -25.166 0.0000000000
98629  25.003  2.355  -25.207 0.0000000000
97524  25.503  0.637  -24.462 0.0000000000
98615  26.702  1.736  -24.332 0.0000000000
97495  27.586  0.986  -23.065 0.0000000000
98580  28.430  1.337  -22.080 0.0000000000
100825  29.114  3.559  -21.618 0.0000000000
102005  29.120  4.654  -21.198 0.0000000000
105646  28.394  7.762  -22.680 0.0000000000
109223  23.727  10.400  -27.593 0.0000000000
109222  24.339  10.563  -27.467 0.0000000000
110318  25.268  11.363  -25.827 0.0000000000
157523  22.889  17.145  -29.671 0.0000000000
157533  24.533  15.920  -28.687 0.0000000000
114546  25.205  17.499  -27.735 0.0000000000
113518  24.645  14.985  -27.650 0.0000000000
112456  25.581  14.090  -26.674 0.0000000000
112446  25.632  13.535  -26.178 0.0000000000
111384  25.924  12.277  -25.206 0.0000000000
111383  27.100  12.208  -24.588 0.0000000000
112432  28.051  13.129  -24.452 0.0000000000
113449  29.663  13.854  -23.799 0.0000000000
88311  26.031  -7.562  -19.938 0.0000000000
87276  27.138  -8.088  -19.765 0.0000000000
87258  28.221  -7.567  -18.353 0.0000000000
90495  28.103  -5.728  -19.909 0.0000000000
89345  28.391  -6.808  -18.864 0.0000000000
88294  23.180  -7.147  -18.159 0.0000000000
88274  23.033  -7.634  -17.675 0.0000000000
88273  23.649  -7.736  -18.063 0.0000000000
87262  25.097  -8.872  -18.872 0.0000000000
87279  24.622  -8.136  -18.990 0.0000000000
108045  25.171  9.435  -26.200 0.0000000000
108044  25.755  9.453  -25.317 0.0000000000
110312  26.227  11.284  -25.115 0.0000000000
157506  23.498  16.513  -27.072 0.0000000000
95233  29.207  -0.699  -22.595 0.0000000000
96408  29.581  -0.183  -22.480 0.0000000000
83431  25.436  -11.779  -16.543 0.0000000000
82076  24.647  -12.669  -16.298 0.0000000000
80689  25.134  -13.043  -16.236 0.0000000000
80688  25.497  -12.902  -15.850 0.0000000000
82074  26.079  -12.310  -15.858 0.0000000000
86153  28.721  -9.144  -17.106 0.0000000000
86135  28.303  -9.691  -16.189 0.0000000000
87230  29.262  -8.678  -17.139 0.0000000000
94016  23.069  -3.331  -19.526 0.0000000000
96438  24.237  -0.648  -23.475 0.0000000000
95261  24.776  -1.018  -23.533 0.0000000000
95259  25.833  -1.202  -24.251 0.0000000000
96436  25.434  -0.338  -24.185 0.0000000000
100846  23.018  3.930  -23.398 0.0000000000
100863  23.061  4.220  -24.042 0.0000000000
102034  27.327  4.557  -23.537 0.0000000000
103211  27.646  5.476  -23.139 0.0000000000
110285  29.351  11.438  -22.840 0.0000000000
109180  29.331  10.655  -22.535 0.0000000000
111405  23.395  13.476  -28.653 0.0000000000
110328  23.069  12.519  -28.166 0.0000000000
110333  23.577  12.811  -28.171 0.0000000000
110332  24.162  12.635  -27.794 0.0000000000
111404  24.134  13.284  -28.053 0.0000000000
115463  26.766  16.762  -26.475 0.0000000000
115462  27.513  16.945  -26.259 0.0000000000
115445  28.213  16.653  -25.766 0.0000000000
90545  26.941  -5.615  -21.647 0.0000000000
89412  26.927  -6.368  -21.459 0.0000000000
91689  30.403  -3.958  -19.474 0.0000000000
91690  29.878  -4.654  -19.079 0.0000000000
86170  24.571  -9.584  -17.774 0.0000000000
84921  23.945  -9.992  -17.275 0.0000000000
84920  24.965  -10.357  -17.581 0.0000000000
84935  25.602  -10.197  -18.092 0.0000000000
86184  26.357  -9.244  -18.515 0.0000000000
87243  27.358  -9.040  -18.003 0.0000000000
97458  22.072  0.476  -20.861 0.0000000000
96395  22.225  -0.420  -21.339 0.0000000000
96412  22.467  -0.114  -21.931 0.0000000000
96411  23.188  -0.276  -22.385 0.0000000000
97497  22.612  0.493  -22.126 0.0000000000
105681  24.035  6.485  -25.657 0.0000000000
104432  24.127  6.147  -25.472 0.0000000000
106897  25.786  8.102  -24.878 0.0000000000
105666  26.204  7.423  -24.520 0.0000000000
104403  26.310  6.621  -24.260 0.0000000000
105665  27.130  7.708  -24.351 0.0000000000
109213  27.028  10.346  -24.305 0.0000000000
110303  28.159  11.323  -23.507 0.0000000000
111371  27.866  12.171  -23.949 0.0000000000
113471  24.247  15.209  -25.504 0.0000000000
112437  24.677  14.195  -24.144 0.0000000000
157542  22.516  15.089  -28.259 0.0000000000
113509  22.800  14.516  -27.832 0.0000000000
111412  22.187  14.894  -28.757 0.0000000000
157560  22.307  14.680  -29.008 0.0000000000
157559  22.056  15.626  -28.934 0.0000000000
92922  28.146  -3.256  -22.423 0.0000000000
91755  28.407  -3.888  -22.223 0.0000000000
94067  28.510  -2.650  -22.268 0.0000000000
94065  29.790  -1.933  -21.338 0.0000000000
94041  29.655  -2.653  -21.089 0.0000000000
104389  23.064  6.251  -23.442 0.0000000000
105651  23.379  7.015  -24.079 0.0000000000
104404  23.395  6.603  -24.765 0.0000000000
108038  23.698  8.352  -26.151 0.0000000000
106920  24.295  9.021  -26.718 0.0000000000
83429  27.029  -11.574  -16.287 0.0000000000
84889  27.389  -11.004  -16.261 0.0000000000
84868  28.445  -10.816  -15.254 0.0000000000
99670  29.502  2.558  -21.589 0.0000000000
90473  22.945  -5.519  -18.242 0.0000000000
90498  24.071  -5.423  -19.554 0.0000000000
92877  24.423  -4.288  -21.021 0.0000000000
91691  24.285  -4.963  -20.284 0.0000000000
91709  25.444  -5.003  -21.473 0.0000000000
94069  23.541  -2.367  -21.284 0.0000000000
94084  24.848  -2.681  -22.799 0.0000000000
92933  26.170  -2.842  -23.168 0.0000000000
92932  27.016  -2.899  -22.971 0.0000000000
94095  26.648  -2.207  -23.682 0.0000000000
96425  26.693  -0.561  -24.026 0.0000000000
95245  27.015  -1.398  -23.578 0.0000000000
96424  27.338  -0.545  -23.541 0.0000000000
96423  28.124  -0.381  -23.205 0.0000000000
97507  28.025  0.179  -23.181 0.0000000000
99674  22.990  2.259  -22.722 0.0000000000
99694  23.553  2.172  -23.578 0.0000000000
98601  23.735  1.374  -23.626 0.0000000000
98618  23.895  1.801  -24.194 0.0000000000
102065  24.817  4.592  -25.468 0.0000000000
102052  24.171  4.294  -24.791 0.0000000000
99722  25.322  2.900  -25.200 0.0000000000
98628  25.167  2.571  -25.221 0.0000000000
98616  25.594  1.892  -24.870 0.0000000000
98598  27.154  1.604  -23.381 0.0000000000
99692  27.447  2.457  -22.560 0.0000000000
98581  27.642  1.399  -22.482 0.0000000000
99672  27.907  2.047  -21.941 0.0000000000
99671  28.657  2.456  -21.852 0.0000000000
99691  28.047  2.758  -22.158 0.0000000000
103209  28.425  4.920  -22.026 0.0000000000
102018  28.579  4.389  -21.772 0.0000000000
103193  28.500  5.441  -21.468 0.0000000000
103192  29.350  5.783  -20.998 0.0000000000
104364  28.974  6.578  -21.404 0.0000000000
106873  28.324  8.192  -23.002 0.0000000000
110313  23.283  11.420  -25.218 0.0000000000
109216  23.056  10.463  -25.115 0.0000000000
110326  24.491  12.147  -27.482 0.0000000000
110319  24.921  11.471  -27.129 0.0000000000
109221  24.896  10.353  -26.687 0.0000000000
118452  23.102  19.149  -29.676 0.0000000000
113506  25.430  14.832  -26.643 0.0000000000
113489  26.000  14.695  -25.762 0.0000000000
112434  25.832  12.898  -25.571 0.0000000000
112433  26.746  13.311  -25.174 0.0000000000
113468  28.353  14.480  -24.532 0.0000000000
112431  28.773  13.835  -24.205 0.0000000000
113467  29.523  14.295  -24.289 0.0000000000
88330  25.028  -7.088  -19.959 0.0000000000
88312  25.507  -7.592  -19.759 0.0000000000
88329  25.678  -7.131  -20.180 0.0000000000
88326  27.472  -7.163  -20.266 0.0000000000
88327  27.244  -7.564  -20.339 0.0000000000
88310  27.391  -7.805  -19.921 0.0000000000
87259  27.585  -7.809  -18.695 0.0000000000
88309  27.588  -7.375  -19.702 0.0000000000
90520  28.443  -5.397  -20.622 0.0000000000
89344  29.069  -6.368  -18.724 0.0000000000
89365  28.597  -6.037  -19.550 0.0000000000
88291  28.576  -7.169  -18.297 0.0000000000
86187  24.445  -9.057  -17.934 0.0000000000
86186  24.816  -9.345  -18.378 0.0000000000
87261  25.970  -8.912  -19.062 0.0000000000
108037  26.490  9.477  -24.673 0.0000000000
110311  26.843  11.205  -24.392 0.0000000000
114472  24.283  15.249  -26.303 0.0000000000
113491  23.744  14.686  -26.708 0.0000000000
114492  23.950  15.439  -26.812 0.0000000000
114512  23.235  15.962  -27.370 0.0000000000
157521  22.384  16.408  -28.158 0.0000000000
95235  28.551  -1.798  -23.006 0.0000000000
95219  28.974  -1.664  -22.227 0.0000000000
108039  23.389  9.086  -25.949 0.0000000000
83433  23.903  -11.357  -16.102 0.0000000000
83414  23.259  -11.218  -15.548 0.0000000000
82077  24.231  -12.021  -16.134 0.0000000000
82057  23.720  -12.166  -15.485 0.0000000000
80651  26.030  -12.742  -14.232 0.0000000000
82035  26.728  -12.467  -14.725 0.0000000000
86136  27.585  -10.273  -16.397 0.0000000000
91693  23.205  -4.545  -19.162 0.0000000000
91692  23.767  -4.722  -19.711 0.0000000000
92878  23.887  -4.135  -20.694 0.0000000000
95236  23.580  -0.996  -22.023 0.0000000000
94099  24.030  -1.570  -22.359 0.0000000000
95248  24.576  -1.460  -23.325 0.0000000000
94097  25.114  -2.024  -23.399 0.0000000000
94096  25.815  -2.061  -23.960 0.0000000000
103241  25.660  5.555  -25.004 0.0000000000
102051  25.332  4.585  -25.242 0.0000000000
102050  25.801  4.714  -24.592 0.0000000000
100859  26.248  3.689  -24.425 0.0000000000
99709  26.535  2.756  -24.070 0.0000000000
100845  26.777  3.647  -23.713 0.0000000000
100844  27.406  3.574  -22.988 0.0000000000
100827  27.822  3.871  -22.453 0.0000000000
103210  28.165  5.444  -22.322 0.0000000000
104385  28.377  6.526  -21.983 0.0000000000
108017  28.245  9.823  -23.121 0.0000000000
108002  28.495  9.598  -22.608 0.0000000000
111399  22.779  12.858  -27.720 0.0000000000
115481  26.250  17.154  -27.129 0.0000000000
114511  25.731  15.659  -26.388 0.0000000000
115464  26.036  16.335  -26.530 0.0000000000
114490  26.648  15.570  -25.456 0.0000000000
113488  27.148  14.609  -25.083 0.0000000000
114489  27.604  15.698  -25.262 0.0000000000
89389  25.780  -6.730  -20.948 0.0000000000
89413  26.314  -6.375  -21.323 0.0000000000
89387  27.492  -6.606  -20.733 0.0000000000
90470  29.630  -5.362  -18.645 0.0000000000
84907  23.163  -10.326  -16.295 0.0000000000
83430  26.315  -11.784  -16.383 0.0000000000
84904  26.119  -11.057  -16.798 0.0000000000
84918  26.626  -10.537  -17.157 0.0000000000
86169  26.092  -10.143  -18.151 0.0000000000
86167  27.823  -9.181  -17.577 0.0000000000
95220  22.899  -1.339  -21.428 0.0000000000
96426  23.617  -0.194  -23.205 0.0000000000
97526  24.183  0.090  -23.672 0.0000000000
103244  23.004  5.407  -24.457 0.0000000000
102053  23.384  4.672  -24.595 0.0000000000
103242  23.929  5.538  -25.406 0.0000000000
103259  24.351  5.282  -25.659 0.0000000000
104430  25.137  6.313  -25.406 0.0000000000
103226  25.906  6.093  -24.583 0.0000000000
104402  26.586  6.408  -23.694 0.0000000000
104401  27.286  6.412  -23.312 0.0000000000
105648  27.207  7.050  -23.942 0.0000000000
105664  27.852  7.780  -24.103 0.0000000000
106874  28.081  8.485  -23.543 0.0000000000
108018  27.787  9.490  -23.549 0.0000000000
109198  28.367  10.486  -23.321 0.0000000000
110302  28.840  11.343  -23.170 0.0000000000
112458  23.291  14.425  -26.882 0.0000000000
112459  22.911  13.931  -27.413 0.0000000000
112469  22.364  13.314  -27.977 0.0000000000
111406  22.517  13.609  -28.799 0.0000000000
157543  23.148  14.042  -29.289 0.0000000000
92901  27.437  -4.211  -22.042 0.0000000000
91733  28.024  -4.454  -22.057 0.0000000000
91732  28.996  -4.227  -21.871 0.0000000000
90542  29.186  -4.641  -21.365 0.0000000000
92899  29.275  -3.361  -21.369 0.0000000000
91731  29.497  -4.221  -21.100 0.0000000000
103227  22.818  5.455  -23.753 0.0000000000
104420  23.324  5.936  -24.695 0.0000000000
105668  23.749  7.073  -25.595 0.0000000000
106877  23.563  7.619  -24.475 0.0000000000
106898  23.781  7.764  -26.058 0.0000000000
105667  23.935  7.489  -26.109 0.0000000000
106919  24.734  8.820  -26.535 0.0000000000
83413  26.747  -11.995  -15.991 0.0000000000
83412  27.372  -11.603  -15.681 0.0000000000
84888  27.890  -10.559  -15.668 0.0000000000
97492  29.843  0.716  -22.045 0.0000000000
89347  23.486  -6.413  -18.473 0.0000000000
89368  24.538  -6.572  -19.808 0.0000000000
90497  24.460  -5.637  -20.145 0.0000000000
90523  24.964  -6.020  -20.957 0.0000000000
90522  25.650  -5.705  -21.374 0.0000000000
91735  26.034  -4.796  -21.918 0.0000000000
94042  23.393  -2.871  -20.141 0.0000000000
92905  23.821  -3.320  -21.132 0.0000000000
94085  24.229  -2.336  -22.125 0.0000000000
92926  24.721  -3.081  -22.071 0.0000000000
91758  26.182  -3.980  -22.062 0.0000000000
91757  26.598  -4.166  -21.916 0.0000000000
92931  27.677  -2.884  -22.802 0.0000000000
95243  28.384  -0.915  -23.093 0.0000000000
96409  28.846  -0.221  -23.001 0.0000000000
98563  22.130  1.136  -21.912 0.0000000000
98583  22.804  1.291  -22.326 0.0000000000
98582  23.403  1.331  -22.905 0.0000000000
97511  23.684  0.633  -23.349 0.0000000000
97525  24.647  0.468  -24.254 0.0000000000
100862  23.873  3.903  -24.229 0.0000000000
100861  24.447  3.425  -24.803 0.0000000000
100874  25.098  3.756  -25.319 0.0000000000
99723  24.893  3.029  -25.371 0.0000000000
99711  24.649  2.638  -24.939 0.0000000000
98617  24.652  1.689  -24.679 0.0000000000
97523  26.516  0.589  -24.255 0.0000000000
97522  27.057  1.013  -24.205 0.0000000000
98599  26.850  2.173  -23.872 0.0000000000
98614  27.192  1.213  -24.036 0.0000000000
97508  27.459  0.518  -23.637 0.0000000000
97494  28.208  0.580  -22.908 0.0000000000
100826  28.345  3.517  -22.115 0.0000000000
100809  29.419  3.991  -20.849 0.0000000000
105636  28.247  7.134  -22.547 0.0000000000
106859  28.565  8.566  -22.311 0.0000000000
104384  28.697  7.027  -21.709 0.0000000000
108040  23.309  9.708  -25.088 0.0000000000
108047  23.627  9.666  -26.949 0.0000000000
109230  23.741  10.065  -27.698 0.0000000000
108054  24.091  9.554  -27.197 0.0000000000
109228  24.392  9.979  -27.240 0.0000000000
157528  22.317  17.073  -28.752 0.0000000000
157545  22.209  17.235  -28.987 0.0000000000
157536  22.465  16.270  -29.433 0.0000000000
157555  23.018  15.249  -29.643 0.0000000000
112457  24.976  13.836  -27.356 0.0000000000
112447  25.097  13.173  -26.980 0.0000000000
111392  25.238  12.387  -26.017 0.0000000000
113469  27.582  13.882  -24.752 0.0000000000
112417  28.482  12.758  -23.839 0.0000000000
112416  29.132  13.372  -23.736 0.0000000000
112415  29.911  13.549  -23.611 0.0000000000
114470  29.739  14.809  -24.899 0.0000000000
113448  30.079  13.997  -23.866 0.0000000000
111369  30.049  12.756  -23.377 0.0000000000
87277  26.295  -8.102  -19.617 0.0000000000
88328  26.524  -7.545  -20.328 0.0000000000
87290  26.819  -8.094  -20.134 0.0000000000
87241  28.683  -8.055  -17.619 0.0000000000
90544  27.754  -5.513  -21.352 0.0000000000
90521  27.860  -5.923  -20.519 0.0000000000
89367  27.665  -6.196  -20.190 0.0000000000
89366  27.987  -6.493  -19.656 0.0000000000
88292  28.078  -7.228  -18.921 0.0000000000
96393  30.256  -0.263  -21.850 0.0000000000
95196  30.349  -1.237  -21.292 0.0000000000
80687  25.968  -12.738  -15.471 0.0000000000
86137  27.285  -10.703  -16.600 0.0000000000
86152  29.438  -8.947  -16.885 0.0000000000
87275  27.355  -7.773  -19.561 0.0000000000
87289  27.033  -8.003  -20.303 0.0000000000
90496  27.696  -5.959  -19.981 0.0000000000
91672  23.379  -4.851  -19.106 0.0000000000
91736  25.291  -4.543  -21.492 0.0000000000
91756  28.040  -3.875  -22.359 0.0000000000
92902  27.073  -3.966  -21.916 0.0000000000
94082  28.703  -2.019  -22.495 0.0000000000
94107  25.719  -1.523  -23.975 0.0000000000
94108  25.493  -1.648  -23.735 0.0000000000
95247  25.120  -1.453  -23.536 0.0000000000
95262  24.329  -1.089  -23.378 0.0000000000
96422  28.548  -0.674  -23.033 0.0000000000
97510  24.081  0.744  -23.840 0.0000000000
102066  24.285  4.666  -25.334 0.0000000000
103194  28.282  5.877  -21.772 0.0000000000
103240  25.765  5.296  -24.574 0.0000000000
103243  23.517  5.349  -25.057 0.0000000000
103260  23.875  5.079  -25.488 0.0000000000
104387  26.811  6.784  -24.012 0.0000000000
104388  26.711  6.884  -24.213 0.0000000000
104418  24.136  5.849  -25.484 0.0000000000
105634  29.048  7.418  -21.606 0.0000000000
105637  27.039  6.878  -23.973 0.0000000000
105649  26.794  7.104  -24.283 0.0000000000
108003  27.903  9.261  -23.025 0.0000000000
108055  23.817  9.897  -27.523 0.0000000000
109181  28.688  10.286  -22.952 0.0000000000
109229  23.997  10.041  -27.658 0.0000000000
111356  29.126  11.811  -22.990 0.0000000000
111372  27.323  11.706  -24.189 0.0000000000
111382  27.680  12.521  -24.324 0.0000000000
111407  22.320  14.446  -28.673 0.0000000000
112448  23.480  14.292  -26.564 0.0000000000
112460  22.643  14.383  -27.972 0.0000000000
113490  25.729  15.196  -26.086 0.0000000000
113505  25.724  14.270  -26.319 0.0000000000
113508  23.072  14.815  -27.677 0.0000000000
114493  24.163  14.900  -26.582 0.0000000000
115447  26.339  16.204  -25.888 0.0000000000
115448  25.960  15.978  -26.090 0.0000000000
157505  23.530  16.254  -27.115 0.0000000000
157512  22.469  16.234  -28.023 0.0000000000
157515  22.370  17.014  -28.530 0.0000000000
157519  22.539  15.998  -27.936 0.0000000000
157520  22.096  15.933  -28.358 0.0000000000
157527  22.392  16.652  -28.221 0.0000000000
157534  22.165  16.508  -28.491 0.0000000000
157540  22.314  16.787  -28.446 0.0000000000
157553  22.036  15.493  -28.508 0.0000000000
