#!ascii label  , from subject 3808 vox2ras=TkReg
904
65721  24.874  -35.706  92.638 0.0000000000
82338  47.308  -23.035  76.604 0.0000000000
80969  55.895  -23.377  75.941 0.0000000000
78129  46.645  -25.721  87.708 0.0000000000
67035  32.153  -34.676  90.432 0.0000000000
64493  28.435  -35.544  94.386 0.0000000000
85184  53.064  -22.141  77.259 0.0000000000
85094  50.242  -20.177  82.062 0.0000000000
75684  41.850  -27.617  90.202 0.0000000000
69650  35.910  -32.427  93.300 0.0000000000
87904  60.482  -18.812  65.394 0.0000000000
83835  57.303  -21.878  70.632 0.0000000000
79598  42.017  -24.343  82.969 0.0000000000
86368  44.753  -20.305  83.460 0.0000000000
67020  28.171  -34.247  91.754 0.0000000000
65691  26.527  -35.835  93.925 0.0000000000
82320  49.966  -22.805  77.061 0.0000000000
85111  51.830  -21.158  79.967 0.0000000000
85136  49.262  -20.636  79.809 0.0000000000
67079  40.979  -34.083  87.740 0.0000000000
68308  32.549  -33.755  94.360 0.0000000000
68349  33.423  -33.411  92.354 0.0000000000
66997  34.263  -34.599  93.524 0.0000000000
89060  60.278  -17.116  68.619 0.0000000000
85331  59.056  -20.019  67.010 0.0000000000
85287  59.250  -20.697  68.750 0.0000000000
83778  54.522  -21.784  73.826 0.0000000000
83837  55.035  -22.248  70.711 0.0000000000
82368  57.091  -22.450  73.664 0.0000000000
81038  57.623  -23.272  72.089 0.0000000000
79712  55.617  -24.377  73.235 0.0000000000
76846  43.952  -26.394  89.361 0.0000000000
75728  42.855  -26.941  86.347 0.0000000000
79563  43.388  -24.015  86.490 0.0000000000
83588  42.916  -22.227  82.900 0.0000000000
83517  44.029  -21.773  86.971 0.0000000000
86324  45.676  -20.520  84.992 0.0000000000
78163  45.694  -25.433  86.077 0.0000000000
68324  29.567  -33.606  93.441 0.0000000000
83781  51.966  -22.472  73.746 0.0000000000
85202  54.598  -21.038  76.883 0.0000000000
82303  53.361  -22.249  79.480 0.0000000000
80915  51.954  -23.033  81.650 0.0000000000
72194  38.885  -30.167  91.280 0.0000000000
72192  40.972  -30.424  91.020 0.0000000000
72229  43.151  -30.664  89.038 0.0000000000
70998  45.342  -30.792  87.066 0.0000000000
72284  45.519  -30.230  85.298 0.0000000000
70973  37.573  -31.432  90.421 0.0000000000
68345  38.047  -33.435  91.746 0.0000000000
84002  60.680  -21.010  62.768 0.0000000000
85290  57.129  -20.426  68.541 0.0000000000
82432  59.557  -22.271  70.630 0.0000000000
81091  55.595  -23.676  69.914 0.0000000000
85139  46.176  -20.530  80.206 0.0000000000
88871  47.621  -18.421  82.887 0.0000000000
83584  47.521  -21.100  83.047 0.0000000000
64505  25.160  -36.435  93.451 0.0000000000
65705  24.977  -35.939  93.150 0.0000000000
64504  26.141  -36.399  93.863 0.0000000000
82321  48.984  -22.684  77.126 0.0000000000
83698  49.332  -21.525  78.565 0.0000000000
83699  48.201  -21.686  78.654 0.0000000000
66983  33.391  -34.631  94.037 0.0000000000
89075  58.257  -17.859  67.692 0.0000000000
87858  59.585  -17.890  68.007 0.0000000000
87860  57.815  -18.594  68.067 0.0000000000
83752  56.091  -21.780  75.074 0.0000000000
83777  55.573  -22.025  73.573 0.0000000000
82369  56.764  -22.796  74.395 0.0000000000
80995  56.689  -23.459  74.212 0.0000000000
76859  45.032  -26.423  88.690 0.0000000000
78131  43.363  -24.874  88.174 0.0000000000
79515  44.163  -24.239  88.232 0.0000000000
80871  43.726  -22.788  87.109 0.0000000000
80851  44.865  -23.084  87.745 0.0000000000
82187  45.244  -22.728  87.121 0.0000000000
79560  46.883  -25.014  86.968 0.0000000000
68325  28.734  -33.433  93.250 0.0000000000
66988  28.866  -34.489  94.420 0.0000000000
65687  30.003  -34.977  94.460 0.0000000000
83755  51.795  -22.540  75.613 0.0000000000
83782  51.097  -22.815  73.775 0.0000000000
85222  52.568  -22.422  75.766 0.0000000000
85220  53.848  -21.995  75.334 0.0000000000
86457  53.819  -20.502  77.203 0.0000000000
83695  54.143  -21.205  77.961 0.0000000000
85132  53.125  -21.427  78.454 0.0000000000
85112  51.286  -20.590  80.677 0.0000000000
83656  52.093  -21.547  80.585 0.0000000000
82282  51.470  -22.291  81.884 0.0000000000
80916  51.138  -22.903  81.879 0.0000000000
82264  50.256  -21.992  82.375 0.0000000000
69665  39.084  -32.435  91.196 0.0000000000
72183  40.026  -30.174  91.665 0.0000000000
69674  40.007  -32.411  90.579 0.0000000000
68390  42.580  -32.744  88.600 0.0000000000
70983  44.259  -30.830  88.035 0.0000000000
69669  34.750  -32.479  92.727 0.0000000000
69676  35.642  -32.552  91.564 0.0000000000
70953  36.453  -31.509  92.118 0.0000000000
70952  37.648  -31.504  91.916 0.0000000000
69658  36.979  -32.930  92.718 0.0000000000
90277  61.429  -17.677  65.423 0.0000000000
86621  60.734  -19.592  64.405 0.0000000000
83887  58.479  -21.365  67.634 0.0000000000
83836  56.257  -22.134  70.645 0.0000000000
83853  54.520  -22.246  69.710 0.0000000000
83851  56.519  -21.829  69.734 0.0000000000
85291  56.016  -20.594  68.310 0.0000000000
83850  57.516  -21.523  69.812 0.0000000000
83849  58.395  -21.242  69.766 0.0000000000
83814  58.808  -21.615  71.403 0.0000000000
79754  55.427  -24.028  71.393 0.0000000000
81076  56.811  -23.619  70.555 0.0000000000
74591  40.805  -28.685  89.843 0.0000000000
74605  42.256  -27.805  88.246 0.0000000000
78179  42.468  -25.174  84.553 0.0000000000
75762  42.423  -27.057  84.428 0.0000000000
83586  43.846  -21.513  82.956 0.0000000000
83637  43.274  -21.822  81.672 0.0000000000
86413  44.285  -20.707  81.089 0.0000000000
85167  44.816  -21.403  79.556 0.0000000000
86411  45.728  -19.986  81.250 0.0000000000
86410  46.612  -19.616  81.321 0.0000000000
87653  46.151  -19.336  82.806 0.0000000000
83544  45.989  -21.619  84.885 0.0000000000
85022  46.782  -20.558  84.097 0.0000000000
82249  46.321  -22.097  83.374 0.0000000000
82268  46.882  -22.267  82.329 0.0000000000
67000  27.161  -34.542  93.176 0.0000000000
64494  27.563  -35.794  94.219 0.0000000000
64502  28.110  -36.089  93.791 0.0000000000
64503  26.999  -36.371  93.627 0.0000000000
83717  51.335  -22.143  77.187 0.0000000000
85160  51.586  -21.483  78.607 0.0000000000
85161  50.363  -21.292  78.946 0.0000000000
85135  50.052  -20.495  79.753 0.0000000000
87682  50.085  -19.897  81.214 0.0000000000
68336  31.383  -33.452  93.134 0.0000000000
68364  33.188  -34.014  91.380 0.0000000000
68321  32.520  -33.186  94.117 0.0000000000
69652  34.167  -32.830  93.701 0.0000000000
68318  35.308  -33.572  93.383 0.0000000000
67006  36.253  -34.656  92.302 0.0000000000
65714  35.549  -35.462  92.036 0.0000000000
87889  60.242  -18.107  66.335 0.0000000000
86595  59.473  -19.452  66.392 0.0000000000
87879  59.368  -18.794  67.446 0.0000000000
85313  59.219  -20.556  67.970 0.0000000000
82456  59.078  -21.618  68.739 0.0000000000
82399  53.449  -22.894  72.307 0.0000000000
83794  54.792  -22.272  72.711 0.0000000000
83793  55.831  -22.393  72.604 0.0000000000
83791  57.686  -22.025  72.266 0.0000000000
82396  58.725  -22.272  72.162 0.0000000000
81013  57.681  -23.279  72.973 0.0000000000
79711  56.330  -24.141  72.964 0.0000000000
75683  42.673  -27.276  89.690 0.0000000000
75698  42.545  -27.212  88.887 0.0000000000
76873  43.114  -25.756  88.215 0.0000000000
76890  43.313  -25.089  87.542 0.0000000000
79588  42.691  -24.135  84.722 0.0000000000
80902  42.028  -23.408  83.066 0.0000000000
80892  43.217  -23.186  84.755 0.0000000000
82234  43.537  -22.027  85.505 0.0000000000
85024  44.425  -21.136  84.874 0.0000000000
87610  44.903  -19.555  84.811 0.0000000000
85004  44.844  -20.879  85.856 0.0000000000
82204  45.916  -22.604  86.074 0.0000000000
79586  44.957  -24.298  84.945 0.0000000000
68368  29.253  -33.545  90.406 0.0000000000
68353  29.371  -33.398  91.531 0.0000000000
68337  30.383  -33.508  92.840 0.0000000000
68310  30.617  -33.789  94.414 0.0000000000
65685  31.900  -35.196  94.180 0.0000000000
85241  53.662  -21.912  74.259 0.0000000000
85231  54.508  -21.708  74.893 0.0000000000
82334  55.535  -22.727  76.312 0.0000000000
80954  54.941  -23.029  77.932 0.0000000000
80955  54.559  -23.512  78.705 0.0000000000
79626  53.787  -23.955  79.757 0.0000000000
83678  52.568  -21.642  79.714 0.0000000000
82297  52.776  -22.586  80.447 0.0000000000
70972  38.471  -31.002  89.761 0.0000000000
73454  39.634  -29.512  91.027 0.0000000000
73453  40.413  -28.881  90.949 0.0000000000
74565  41.418  -28.547  90.832 0.0000000000
68375  41.212  -32.842  89.633 0.0000000000
72209  41.815  -30.496  89.977 0.0000000000
73450  42.749  -28.921  90.440 0.0000000000
74574  43.523  -28.169  89.814 0.0000000000
74587  44.942  -28.407  88.104 0.0000000000
74603  45.566  -28.383  87.252 0.0000000000
75727  46.238  -27.243  86.747 0.0000000000
72272  45.641  -30.248  86.058 0.0000000000
72212  37.855  -31.176  90.915 0.0000000000
70951  38.554  -31.681  91.827 0.0000000000
67029  39.021  -34.634  90.950 0.0000000000
65729  37.419  -35.356  91.266 0.0000000000
65743  38.144  -35.857  90.284 0.0000000000
82579  61.310  -21.716  62.148 0.0000000000
87861  56.982  -18.805  67.735 0.0000000000
85289  58.162  -20.387  68.929 0.0000000000
83847  59.171  -21.519  69.464 0.0000000000
82447  58.704  -22.434  69.448 0.0000000000
82417  58.866  -22.642  71.623 0.0000000000
81075  57.791  -23.297  70.332 0.0000000000
81102  56.752  -23.211  68.650 0.0000000000
74627  42.684  -28.085  85.981 0.0000000000
83723  45.420  -22.511  78.160 0.0000000000
83700  47.093  -21.763  78.679 0.0000000000
85138  47.292  -20.840  80.126 0.0000000000
87684  48.174  -19.694  81.628 0.0000000000
87651  48.605  -19.339  82.627 0.0000000000
86352  46.479  -19.137  84.185 0.0000000000
86366  47.802  -19.381  83.531 0.0000000000
85060  49.356  -20.323  82.998 0.0000000000
82266  48.633  -21.906  82.093 0.0000000000
75739  45.784  -27.543  85.878 0.0000000000
76923  44.982  -26.780  84.925 0.0000000000
64506  24.157  -36.518  93.014 0.0000000000
82322  47.974  -22.828  77.349 0.0000000000
83720  48.627  -22.248  77.967 0.0000000000
89076  57.211  -18.198  67.527 0.0000000000
82350  56.199  -22.535  75.289 0.0000000000
80978  56.321  -23.352  75.064 0.0000000000
78113  45.970  -25.763  88.357 0.0000000000
78114  44.965  -25.378  88.762 0.0000000000
79513  45.621  -24.959  88.231 0.0000000000
80824  44.891  -23.799  88.159 0.0000000000
80823  45.431  -24.293  88.054 0.0000000000
80850  45.522  -23.709  87.472 0.0000000000
79559  47.125  -25.404  87.100 0.0000000000
65689  28.036  -35.054  94.744 0.0000000000
65688  29.054  -35.145  94.686 0.0000000000
64501  29.132  -35.671  94.097 0.0000000000
85205  52.201  -22.289  76.608 0.0000000000
85204  53.156  -22.288  76.303 0.0000000000
86474  53.572  -21.771  76.736 0.0000000000
86445  53.750  -20.887  77.614 0.0000000000
85159  52.928  -21.448  78.012 0.0000000000
85093  50.806  -20.507  81.578 0.0000000000
83657  51.518  -20.967  81.114 0.0000000000
85078  51.062  -20.968  82.108 0.0000000000
82263  50.916  -22.118  82.378 0.0000000000
83607  50.347  -21.367  82.529 0.0000000000
68360  39.511  -33.468  90.699 0.0000000000
68377  40.018  -33.278  89.944 0.0000000000
69659  35.413  -32.041  93.088 0.0000000000
68347  35.323  -32.662  91.794 0.0000000000
69668  35.440  -32.098  92.243 0.0000000000
69667  36.162  -31.762  91.709 0.0000000000
70954  35.817  -31.722  92.643 0.0000000000
70938  36.622  -31.964  93.192 0.0000000000
87903  61.199  -18.378  65.377 0.0000000000
89108  62.082  -17.896  65.109 0.0000000000
86603  61.701  -19.015  64.466 0.0000000000
86604  61.051  -19.202  64.855 0.0000000000
83816  57.078  -22.108  71.527 0.0000000000
83834  58.200  -21.560  70.642 0.0000000000
79755  54.780  -24.261  71.618 0.0000000000
79771  55.302  -24.067  70.772 0.0000000000
74590  41.556  -28.209  89.373 0.0000000000
74589  42.018  -27.669  88.854 0.0000000000
78194  42.357  -24.979  83.595 0.0000000000
78195  42.178  -25.495  82.974 0.0000000000
85063  44.110  -21.108  83.483 0.0000000000
85081  44.100  -21.320  82.442 0.0000000000
86395  44.511  -20.775  81.779 0.0000000000
86412  44.968  -20.455  81.171 0.0000000000
86394  45.290  -20.270  81.967 0.0000000000
86393  46.036  -19.495  82.039 0.0000000000
86381  45.484  -19.762  82.975 0.0000000000
82218  45.541  -22.750  84.750 0.0000000000
82232  46.025  -22.167  84.404 0.0000000000
82233  45.693  -22.760  83.884 0.0000000000
82250  45.826  -22.667  82.823 0.0000000000
65719  26.597  -35.124  93.098 0.0000000000
67011  26.806  -34.723  92.406 0.0000000000
65703  26.839  -35.008  93.591 0.0000000000
66990  27.300  -34.562  93.742 0.0000000000
65690  27.089  -35.247  94.104 0.0000000000
64495  26.832  -35.969  94.037 0.0000000000
82336  49.407  -23.357  76.312 0.0000000000
80972  49.605  -23.522  75.843 0.0000000000
82335  50.326  -23.282  76.309 0.0000000000
83739  50.818  -22.661  76.796 0.0000000000
83718  50.517  -22.221  77.570 0.0000000000
85186  50.986  -21.615  77.962 0.0000000000
83697  50.182  -21.754  78.205 0.0000000000
85162  49.553  -20.811  79.150 0.0000000000
86426  50.224  -20.205  80.827 0.0000000000
86407  49.590  -20.199  81.077 0.0000000000
68322  31.488  -33.368  94.044 0.0000000000
68335  32.475  -33.373  93.292 0.0000000000
66982  33.803  -34.425  93.940 0.0000000000
68306  33.855  -34.209  94.160 0.0000000000
68319  34.199  -33.506  93.943 0.0000000000
66996  34.956  -34.262  93.405 0.0000000000
67007  35.223  -34.601  93.009 0.0000000000
90254  59.208  -17.370  67.149 0.0000000000
90244  60.189  -16.806  68.023 0.0000000000
90252  60.111  -17.344  66.742 0.0000000000
87856  60.467  -17.300  67.786 0.0000000000
87878  59.774  -18.057  67.147 0.0000000000
87857  60.412  -17.414  68.111 0.0000000000
86560  58.989  -19.508  68.003 0.0000000000
83885  59.344  -21.093  68.204 0.0000000000
83795  53.895  -22.313  72.967 0.0000000000
82398  54.058  -22.567  72.281 0.0000000000
83762  56.799  -22.222  73.571 0.0000000000
83776  56.447  -22.241  73.270 0.0000000000
83792  56.750  -22.194  72.410 0.0000000000
83775  57.151  -22.134  73.053 0.0000000000
82383  57.776  -22.525  72.906 0.0000000000
79701  56.263  -24.010  73.805 0.0000000000
81014  56.946  -23.660  73.411 0.0000000000
79734  55.638  -24.054  72.330 0.0000000000
76847  43.316  -26.496  89.297 0.0000000000
76860  42.967  -26.323  89.014 0.0000000000
78102  43.211  -26.019  89.080 0.0000000000
78149  43.548  -24.372  87.175 0.0000000000
78150  43.290  -24.703  86.548 0.0000000000
78165  42.806  -24.958  85.656 0.0000000000
79577  43.178  -23.984  85.699 0.0000000000
79576  43.416  -23.489  86.189 0.0000000000
82206  43.710  -22.009  86.836 0.0000000000
80883  43.538  -22.676  86.244 0.0000000000
82219  43.689  -21.851  86.195 0.0000000000
83565  43.794  -21.552  84.719 0.0000000000
83531  44.234  -21.454  86.384 0.0000000000
85005  44.574  -21.044  85.461 0.0000000000
83530  44.926  -21.309  86.488 0.0000000000
80870  45.743  -23.226  86.400 0.0000000000
82205  45.574  -22.283  86.475 0.0000000000
80882  45.499  -23.301  85.433 0.0000000000
79575  45.579  -24.301  85.850 0.0000000000
68355  27.968  -34.026  90.954 0.0000000000
68369  28.290  -33.602  90.075 0.0000000000
68354  28.596  -33.740  91.350 0.0000000000
68338  29.441  -33.338  92.580 0.0000000000
68352  30.302  -33.437  91.731 0.0000000000
68323  30.509  -33.560  93.804 0.0000000000
83797  52.040  -22.530  72.901 0.0000000000
83780  52.966  -22.445  73.859 0.0000000000
86490  54.234  -21.346  76.416 0.0000000000
85219  54.206  -21.682  75.538 0.0000000000
85218  54.721  -21.458  76.026 0.0000000000
83737  55.183  -21.615  76.605 0.0000000000
82318  55.012  -22.177  77.460 0.0000000000
82312  53.633  -21.879  78.855 0.0000000000
82311  54.237  -22.325  78.368 0.0000000000
82302  53.987  -23.042  79.256 0.0000000000
80944  53.968  -23.614  79.312 0.0000000000
82295  53.859  -23.343  79.553 0.0000000000
85133  52.294  -21.375  79.097 0.0000000000
82281  52.177  -22.517  81.347 0.0000000000
80932  52.709  -23.487  81.047 0.0000000000
72210  39.203  -30.236  90.317 0.0000000000
72193  39.157  -29.843  90.965 0.0000000000
70949  40.264  -30.551  91.463 0.0000000000
73438  40.406  -29.276  91.436 0.0000000000
74566  40.853  -28.576  91.064 0.0000000000
73437  41.086  -29.202  91.325 0.0000000000
68376  40.828  -33.262  89.560 0.0000000000
68392  41.294  -33.546  89.133 0.0000000000
69702  42.829  -32.207  88.858 0.0000000000
69683  42.152  -31.744  89.429 0.0000000000
72208  42.440  -30.015  89.679 0.0000000000
73451  42.059  -29.216  90.507 0.0000000000
73466  42.637  -29.332  90.174 0.0000000000
74563  43.037  -28.465  90.337 0.0000000000
72207  43.050  -29.755  89.406 0.0000000000
72245  44.855  -30.343  87.597 0.0000000000
73482  44.451  -29.553  88.108 0.0000000000
73500  45.156  -29.306  87.494 0.0000000000
74586  45.437  -28.104  87.815 0.0000000000
73499  45.593  -29.530  87.049 0.0000000000
72258  45.641  -30.221  86.736 0.0000000000
68363  34.308  -33.739  91.378 0.0000000000
70974  36.963  -32.034  90.602 0.0000000000
69687  37.258  -32.130  89.730 0.0000000000
70943  37.737  -31.968  92.632 0.0000000000
70942  38.217  -32.208  92.245 0.0000000000
69666  38.520  -32.631  91.897 0.0000000000
67016  38.529  -34.078  91.335 0.0000000000
67019  36.627  -34.903  91.946 0.0000000000
65751  38.039  -35.690  89.484 0.0000000000
85400  61.586  -20.756  63.273 0.0000000000
84003  59.688  -21.384  62.697 0.0000000000
82436  53.975  -22.573  70.723 0.0000000000
82450  53.083  -22.892  69.744 0.0000000000
83838  54.388  -22.470  70.201 0.0000000000
86564  55.745  -20.018  67.844 0.0000000000
86563  56.348  -19.578  67.872 0.0000000000
86562  57.477  -19.471  68.318 0.0000000000
83832  59.480  -21.858  70.510 0.0000000000
83848  58.996  -21.421  69.814 0.0000000000
82433  59.219  -22.253  69.996 0.0000000000
82434  58.878  -22.516  69.956 0.0000000000
81012  58.122  -22.769  72.420 0.0000000000
81037  58.359  -22.935  71.760 0.0000000000
81090  56.796  -23.528  69.583 0.0000000000
81103  55.738  -23.594  68.845 0.0000000000
75712  42.772  -26.853  87.613 0.0000000000
74620  42.717  -27.801  87.071 0.0000000000
82252  42.413  -22.663  83.022 0.0000000000
83680  43.720  -21.793  80.005 0.0000000000
85166  45.622  -21.243  79.493 0.0000000000
83702  45.098  -21.975  78.948 0.0000000000
83701  46.037  -21.943  78.844 0.0000000000
85165  46.640  -21.265  79.465 0.0000000000
87668  47.208  -19.335  82.065 0.0000000000
86409  47.590  -19.971  81.280 0.0000000000
87667  47.777  -19.391  82.172 0.0000000000
87666  48.583  -19.454  82.139 0.0000000000
88882  48.198  -18.989  82.777 0.0000000000
87593  45.564  -19.894  84.824 0.0000000000
87609  45.512  -19.301  84.542 0.0000000000
87608  45.746  -19.610  84.481 0.0000000000
83563  47.397  -20.872  83.655 0.0000000000
85062  47.608  -19.945  83.746 0.0000000000
85041  47.807  -20.513  83.512 0.0000000000
86365  48.610  -19.579  83.204 0.0000000000
83582  48.761  -20.563  83.045 0.0000000000
83608  49.375  -21.110  82.730 0.0000000000
83609  48.492  -21.320  82.599 0.0000000000
82267  47.858  -22.136  82.131 0.0000000000
74619  45.819  -28.422  86.244 0.0000000000
74626  45.523  -28.477  85.395 0.0000000000
65720  25.796  -35.323  92.798 0.0000000000
65704  26.105  -35.654  93.588 0.0000000000
82337  48.329  -23.236  76.549 0.0000000000
83719  49.624  -22.267  77.837 0.0000000000
85163  48.733  -20.919  79.111 0.0000000000
66984  32.617  -34.519  94.355 0.0000000000
65683  33.191  -35.308  93.817 0.0000000000
65697  33.570  -35.589  93.398 0.0000000000
90245  59.483  -17.120  68.246 0.0000000000
89074  59.389  -17.483  68.124 0.0000000000
87859  58.750  -18.440  67.967 0.0000000000
86561  58.356  -19.426  68.378 0.0000000000
83764  55.322  -21.706  74.638 0.0000000000
83763  56.428  -22.042  74.258 0.0000000000
80994  57.405  -23.062  73.736 0.0000000000
76845  44.400  -26.341  89.196 0.0000000000
78101  43.605  -25.850  89.175 0.0000000000
78115  43.967  -25.092  88.828 0.0000000000
79540  43.858  -23.765  87.540 0.0000000000
79562  43.578  -23.510  86.806 0.0000000000
80852  44.228  -22.933  87.512 0.0000000000
82188  44.643  -22.411  87.294 0.0000000000
83516  44.458  -21.808  86.937 0.0000000000
79561  46.152  -24.483  86.707 0.0000000000
68339  28.596  -33.641  92.498 0.0000000000
68313  28.236  -33.757  93.612 0.0000000000
68312  28.815  -33.918  93.868 0.0000000000
68311  29.722  -34.050  94.034 0.0000000000
66987  29.839  -34.467  94.374 0.0000000000
83768  51.122  -22.908  74.896 0.0000000000
83767  51.816  -22.490  74.607 0.0000000000
83766  52.644  -22.338  74.550 0.0000000000
85233  53.460  -22.167  74.654 0.0000000000
85221  53.171  -22.232  75.341 0.0000000000
86473  53.885  -21.306  76.712 0.0000000000
86472  54.154  -20.684  77.012 0.0000000000
85183  54.318  -20.664  77.462 0.0000000000
85157  54.033  -20.339  77.676 0.0000000000
83696  53.622  -21.544  78.402 0.0000000000
83635  51.568  -21.542  81.527 0.0000000000
80906  50.750  -22.407  82.217 0.0000000000
82283  50.040  -22.371  82.047 0.0000000000
72184  39.243  -30.514  91.538 0.0000000000
70950  39.749  -31.258  91.421 0.0000000000
70960  40.194  -31.593  90.818 0.0000000000
70959  40.555  -30.963  90.972 0.0000000000
67078  41.683  -33.528  88.037 0.0000000000
69701  43.596  -31.972  88.475 0.0000000000
70984  43.635  -31.129  88.542 0.0000000000
69717  44.116  -32.426  87.784 0.0000000000
69700  44.322  -31.679  88.022 0.0000000000
68333  34.330  -32.487  92.905 0.0000000000
68348  34.626  -32.870  92.293 0.0000000000
68379  35.896  -33.789  89.861 0.0000000000
68361  36.275  -32.859  90.629 0.0000000000
69688  36.758  -32.600  90.275 0.0000000000
70962  36.818  -31.760  91.278 0.0000000000
70961  37.405  -31.441  91.314 0.0000000000
70936  37.469  -32.104  92.983 0.0000000000
68329  37.780  -33.013  92.395 0.0000000000
87919  62.101  -18.935  64.182 0.0000000000
86620  61.493  -19.696  63.990 0.0000000000
85378  60.864  -20.152  63.591 0.0000000000
83905  58.650  -20.953  67.384 0.0000000000
83852  55.391  -21.982  69.720 0.0000000000
83865  55.688  -21.455  68.935 0.0000000000
83864  56.803  -21.260  69.005 0.0000000000
83863  57.745  -21.004  69.200 0.0000000000
83862  58.223  -20.864  69.325 0.0000000000
83833  58.946  -21.611  70.592 0.0000000000
83812  59.942  -21.874  71.178 0.0000000000
81060  56.041  -23.707  71.840 0.0000000000
81059  56.808  -23.582  71.511 0.0000000000
81077  55.916  -23.825  70.911 0.0000000000
79784  55.383  -23.891  70.459 0.0000000000
76906  42.765  -26.035  85.514 0.0000000000
75740  42.802  -27.091  85.221 0.0000000000
76924  42.470  -26.252  84.564 0.0000000000
76925  42.220  -26.443  83.761 0.0000000000
83587  43.479  -21.786  83.252 0.0000000000
83614  42.634  -22.237  82.324 0.0000000000
85096  43.383  -21.513  81.962 0.0000000000
83636  43.779  -21.474  81.315 0.0000000000
85142  44.087  -21.278  80.567 0.0000000000
83679  44.328  -21.608  79.727 0.0000000000
85141  44.454  -21.147  80.157 0.0000000000
85140  45.152  -20.731  79.997 0.0000000000
85116  46.420  -20.071  80.766 0.0000000000
86428  46.076  -20.026  80.760 0.0000000000
86392  46.456  -19.457  81.731 0.0000000000
88872  47.154  -18.854  82.824 0.0000000000
85023  46.412  -20.772  84.382 0.0000000000
83564  46.665  -21.336  83.833 0.0000000000
83585  47.041  -21.638  82.900 0.0000000000
67021  27.509  -34.376  91.667 0.0000000000
67010  27.906  -34.288  92.578 0.0000000000
83756  51.061  -22.971  75.928 0.0000000000
83738  51.450  -22.501  76.442 0.0000000000
85185  51.998  -21.722  77.575 0.0000000000
85134  51.010  -20.792  79.845 0.0000000000
86425  50.580  -20.245  80.812 0.0000000000
86405  50.508  -20.125  81.019 0.0000000000
86391  50.075  -19.925  81.995 0.0000000000
67045  39.899  -34.298  89.891 0.0000000000
68351  31.253  -33.810  92.055 0.0000000000
68365  32.169  -34.211  91.269 0.0000000000
68350  32.307  -33.688  92.260 0.0000000000
68307  33.387  -33.907  94.383 0.0000000000
68320  33.487  -33.145  94.046 0.0000000000
68334  33.651  -32.814  93.331 0.0000000000
69660  34.541  -32.463  93.165 0.0000000000
69651  34.871  -32.791  93.364 0.0000000000
68317  36.112  -32.920  93.289 0.0000000000
68332  35.771  -34.031  92.847 0.0000000000
65713  36.123  -35.209  92.026 0.0000000000
64533  35.673  -36.013  91.017 0.0000000000
89093  60.832  -18.000  65.949 0.0000000000
87890  60.151  -18.486  66.090 0.0000000000
86594  59.905  -19.007  65.829 0.0000000000
86580  59.658  -18.943  66.715 0.0000000000
86581  59.230  -19.570  67.261 0.0000000000
85314  58.904  -20.607  67.503 0.0000000000
83886  59.068  -21.251  68.041 0.0000000000
82474  58.583  -21.574  68.025 0.0000000000
82457  58.731  -21.843  68.570 0.0000000000
82419  53.631  -22.838  71.592 0.0000000000
82418  54.402  -22.520  71.728 0.0000000000
83818  55.165  -22.394  71.787 0.0000000000
83817  56.053  -22.210  71.635 0.0000000000
83815  57.985  -21.722  71.489 0.0000000000
82382  58.234  -22.394  72.466 0.0000000000
81039  56.729  -23.676  72.488 0.0000000000
81040  56.118  -23.835  72.316 0.0000000000
78132  43.202  -25.334  88.477 0.0000000000
76891  43.363  -25.802  86.742 0.0000000000
79597  42.472  -24.227  83.724 0.0000000000
80901  42.700  -23.343  83.778 0.0000000000
82251  43.122  -22.475  83.721 0.0000000000
80891  43.439  -22.672  85.363 0.0000000000
82235  43.424  -22.266  84.673 0.0000000000
83566  43.487  -21.766  84.030 0.0000000000
85044  44.128  -20.938  84.319 0.0000000000
86355  44.419  -20.290  84.063 0.0000000000
86367  44.926  -19.629  83.850 0.0000000000
86343  44.461  -19.986  85.009 0.0000000000
86326  44.804  -20.379  85.274 0.0000000000
85003  45.339  -20.910  85.823 0.0000000000
83515  45.078  -21.948  86.855 0.0000000000
83529  45.509  -21.496  86.285 0.0000000000
83528  45.869  -21.886  85.851 0.0000000000
82217  45.787  -22.429  85.407 0.0000000000
68366  31.160  -34.219  90.829 0.0000000000
68367  30.145  -33.631  90.601 0.0000000000
68309  31.583  -33.741  94.396 0.0000000000
66986  30.753  -34.308  94.595 0.0000000000
66985  31.713  -34.390  94.462 0.0000000000
83779  53.668  -22.000  73.700 0.0000000000
85240  54.063  -21.551  74.280 0.0000000000
85232  53.998  -21.849  74.763 0.0000000000
85239  54.371  -21.663  74.356 0.0000000000
85230  55.020  -21.573  75.279 0.0000000000
83753  55.511  -21.952  75.614 0.0000000000
82333  55.856  -22.858  75.802 0.0000000000
80962  55.710  -23.653  76.458 0.0000000000
80970  55.642  -23.399  76.423 0.0000000000
80963  55.375  -23.471  76.992 0.0000000000
79657  55.301  -23.949  77.990 0.0000000000
82310  54.730  -22.553  77.911 0.0000000000
83677  53.165  -21.510  79.066 0.0000000000
82304  52.696  -22.033  80.059 0.0000000000
82296  53.573  -23.060  79.818 0.0000000000
80931  53.374  -23.494  80.225 0.0000000000
70971  39.305  -30.868  89.344 0.0000000000
73468  40.067  -29.710  89.892 0.0000000000
73439  39.624  -29.823  91.567 0.0000000000
73467  40.407  -29.044  90.285 0.0000000000
74576  40.839  -28.486  90.418 0.0000000000
74575  41.387  -28.169  90.510 0.0000000000
75673  41.691  -27.924  90.601 0.0000000000
67044  40.368  -33.683  89.583 0.0000000000
69685  40.761  -32.609  90.068 0.0000000000
69672  41.045  -31.430  90.429 0.0000000000
68391  41.829  -33.169  88.974 0.0000000000
70970  41.476  -31.070  90.006 0.0000000000
72191  41.477  -29.970  90.733 0.0000000000
73452  41.463  -29.178  90.903 0.0000000000
75672  42.120  -27.808  90.484 0.0000000000
75671  42.918  -27.830  90.213 0.0000000000
75682  43.637  -27.205  89.556 0.0000000000
73483  43.748  -28.773  88.757 0.0000000000
74588  44.070  -27.796  89.011 0.0000000000
75697  44.218  -27.234  89.239 0.0000000000
75696  44.673  -27.328  88.671 0.0000000000
75695  45.707  -27.509  88.120 0.0000000000
75694  46.501  -26.902  87.866 0.0000000000
75710  46.574  -26.747  87.252 0.0000000000
75711  46.256  -27.418  87.493 0.0000000000
73512  45.696  -29.396  86.512 0.0000000000
69732  45.345  -31.613  86.122 0.0000000000
71027  45.323  -31.538  85.485 0.0000000000
67034  32.993  -34.722  90.550 0.0000000000
67032  34.908  -34.077  90.438 0.0000000000
72211  38.280  -30.762  90.697 0.0000000000
72185  38.497  -31.004  91.514 0.0000000000
72195  38.112  -31.023  91.272 0.0000000000
65749  39.205  -35.132  90.395 0.0000000000
68331  36.408  -33.472  92.787 0.0000000000
68330  37.311  -33.496  92.328 0.0000000000
68346  37.620  -34.025  91.728 0.0000000000
64530  38.038  -35.997  91.287 0.0000000000
67017  38.091  -34.704  91.270 0.0000000000
65742  38.497  -35.438  90.806 0.0000000000
65706  24.102  -36.121  92.917 0.0000000000
81217  60.904  -22.144  61.904 0.0000000000
85288  58.849  -20.322  68.811 0.0000000000
85272  58.470  -20.841  69.350 0.0000000000
85270  59.134  -20.929  69.316 0.0000000000
82446  59.123  -21.868  69.140 0.0000000000
82458  57.854  -22.561  68.767 0.0000000000
83789  59.248  -21.724  71.967 0.0000000000
82395  59.367  -22.200  71.856 0.0000000000
82416  59.372  -22.545  71.278 0.0000000000
81058  57.746  -23.380  71.210 0.0000000000
81057  58.711  -23.076  71.020 0.0000000000
81074  58.578  -22.747  70.163 0.0000000000
81088  58.331  -22.683  69.626 0.0000000000
81089  57.713  -22.950  69.446 0.0000000000
81114  56.382  -23.078  68.093 0.0000000000
82339  46.264  -22.751  76.714 0.0000000000
83724  44.495  -22.354  78.217 0.0000000000
83741  45.727  -22.377  77.236 0.0000000000
82324  46.459  -22.551  77.273 0.0000000000
82323  46.991  -22.673  77.319 0.0000000000
83721  47.551  -22.309  78.021 0.0000000000
85164  47.734  -21.255  79.343 0.0000000000
85137  48.347  -20.855  79.988 0.0000000000
85115  46.974  -20.284  80.786 0.0000000000
85114  47.956  -20.626  80.817 0.0000000000
85113  48.959  -20.559  80.625 0.0000000000
87683  49.140  -19.841  81.470 0.0000000000
87665  49.599  -19.793  81.612 0.0000000000
86378  49.855  -19.820  82.425 0.0000000000
87640  45.377  -18.966  83.658 0.0000000000
88858  46.450  -18.785  83.552 0.0000000000
88857  47.081  -18.745  83.262 0.0000000000
86340  46.669  -20.312  84.040 0.0000000000
87622  47.155  -18.923  83.562 0.0000000000
88856  47.665  -18.411  83.247 0.0000000000
87635  48.561  -19.135  82.925 0.0000000000
86364  49.397  -19.741  82.861 0.0000000000
85059  49.830  -20.097  82.840 0.0000000000
85080  49.890  -20.845  82.744 0.0000000000
82265  49.422  -21.831  82.255 0.0000000000
82284  49.466  -22.406  81.814 0.0000000000
83610  47.806  -21.609  82.506 0.0000000000
76889  46.601  -26.247  86.793 0.0000000000
76904  45.852  -26.476  86.363 0.0000000000
75760  45.431  -27.655  85.006 0.0000000000
76922  45.524  -26.992  85.576 0.0000000000
78164  45.104  -25.834  85.457 0.0000000000
78177  45.273  -25.075  85.405 0.0000000000
64492  28.847  -35.458  94.436 0.0000000000
64531  37.779  -35.954  91.174 0.0000000000
64547  38.161  -36.019  91.102 0.0000000000
64548  37.777  -36.161  90.798 0.0000000000
65728  38.036  -35.667  91.186 0.0000000000
65731  35.889  -35.613  91.530 0.0000000000
66998  33.484  -34.950  93.609 0.0000000000
67005  36.797  -34.060  92.344 0.0000000000
67008  34.724  -34.807  93.145 0.0000000000
67009  28.478  -34.114  92.127 0.0000000000
67018  37.103  -34.595  91.859 0.0000000000
67030  38.537  -34.971  90.976 0.0000000000
67059  41.447  -33.565  88.819 0.0000000000
67060  40.918  -33.915  89.004 0.0000000000
68326  28.236  -33.627  93.156 0.0000000000
68344  38.803  -33.451  91.314 0.0000000000
69648  37.253  -32.211  93.052 0.0000000000
69649  36.753  -32.477  93.088 0.0000000000
69656  38.012  -32.605  92.362 0.0000000000
69657  37.440  -32.546  92.736 0.0000000000
69661  33.951  -32.683  93.675 0.0000000000
69673  40.703  -31.923  90.528 0.0000000000
69675  36.270  -32.381  91.228 0.0000000000
69684  41.432  -32.205  89.816 0.0000000000
69686  40.323  -32.840  89.975 0.0000000000
69703  42.197  -32.472  89.168 0.0000000000
69744  45.334  -31.596  85.734 0.0000000000
70937  37.182  -31.970  93.111 0.0000000000
70944  36.958  -31.699  92.756 0.0000000000
70945  36.173  -31.728  92.997 0.0000000000
70958  41.057  -30.768  90.629 0.0000000000
70969  42.133  -30.953  89.638 0.0000000000
70985  42.855  -31.287  89.084 0.0000000000
70986  39.570  -30.985  88.812 0.0000000000
70999  44.802  -31.237  87.448 0.0000000000
71013  45.496  -30.953  86.406 0.0000000000
71026  45.531  -31.092  85.650 0.0000000000
72181  41.115  -29.691  91.283 0.0000000000
72182  40.768  -29.999  91.412 0.0000000000
72190  41.967  -29.720  90.329 0.0000000000
72227  44.222  -30.222  87.996 0.0000000000
72228  43.540  -30.030  88.760 0.0000000000
72244  45.487  -30.105  87.253 0.0000000000
73440  39.254  -29.997  91.615 0.0000000000
73455  39.342  -29.826  91.451 0.0000000000
73465  43.148  -29.184  89.773 0.0000000000
73519  45.613  -29.379  85.751 0.0000000000
74555  41.092  -28.779  91.250 0.0000000000
74556  40.867  -28.816  91.327 0.0000000000
74564  42.401  -28.386  90.546 0.0000000000
74604  45.234  -28.703  87.578 0.0000000000
75681  44.335  -26.789  89.228 0.0000000000
75699  42.081  -27.450  89.648 0.0000000000
75726  46.601  -26.575  86.952 0.0000000000
76857  46.567  -26.487  87.983 0.0000000000
76858  46.145  -26.568  88.271 0.0000000000
76870  46.985  -26.095  87.339 0.0000000000
76871  46.791  -26.242  87.530 0.0000000000
76872  43.196  -25.204  88.022 0.0000000000
76887  47.148  -26.009  87.175 0.0000000000
76888  46.989  -26.204  87.040 0.0000000000
76905  45.365  -26.334  85.759 0.0000000000
78100  44.313  -25.853  89.167 0.0000000000
78112  46.522  -26.157  88.060 0.0000000000
78116  43.209  -25.535  88.788 0.0000000000
78128  46.988  -25.861  87.380 0.0000000000
78130  46.230  -25.274  87.824 0.0000000000
78146  47.197  -25.772  87.119 0.0000000000
78147  47.058  -25.651  86.899 0.0000000000
78148  46.513  -25.498  86.650 0.0000000000
79514  44.820  -24.569  88.476 0.0000000000
79537  46.992  -25.593  87.311 0.0000000000
79538  46.753  -25.247  87.348 0.0000000000
79539  46.088  -24.716  87.482 0.0000000000
79668  55.801  -23.929  76.480 0.0000000000
79733  56.206  -23.964  72.549 0.0000000000
79772  54.906  -24.269  70.936 0.0000000000
80825  44.416  -23.564  87.840 0.0000000000
80869  45.902  -22.896  86.174 0.0000000000
80881  45.961  -22.894  85.932 0.0000000000
80884  43.375  -23.211  85.650 0.0000000000
80890  45.239  -23.412  84.426 0.0000000000
80907  50.539  -22.542  82.050 0.0000000000
80930  53.758  -23.506  79.748 0.0000000000
80971  49.895  -23.477  75.849 0.0000000000
80979  49.903  -23.511  75.542 0.0000000000
80980  49.715  -23.538  75.625 0.0000000000
81055  59.427  -22.519  70.659 0.0000000000
81056  59.224  -22.674  70.752 0.0000000000
81072  59.294  -22.450  70.438 0.0000000000
81073  58.953  -22.576  70.292 0.0000000000
81218  60.683  -22.440  61.853 0.0000000000
82189  44.041  -22.201  87.236 0.0000000000
82319  54.458  -21.783  77.810 0.0000000000
82351  55.758  -22.562  75.720 0.0000000000
82353  49.514  -23.568  75.479 0.0000000000
82394  59.823  -22.189  71.453 0.0000000000
82397  58.210  -22.143  72.340 0.0000000000
82415  59.853  -22.370  71.034 0.0000000000
82435  54.645  -22.382  71.232 0.0000000000
82448  58.181  -22.662  69.341 0.0000000000
82449  53.937  -22.541  69.742 0.0000000000
83545  43.973  -21.447  85.587 0.0000000000
83562  47.628  -20.665  83.563 0.0000000000
83583  48.087  -20.678  83.082 0.0000000000
83606  51.053  -21.475  82.319 0.0000000000
83611  47.388  -21.907  82.479 0.0000000000
83612  43.608  -21.629  82.600 0.0000000000
83613  43.201  -21.803  82.378 0.0000000000
83634  52.249  -22.027  81.048 0.0000000000
83658  43.742  -21.634  80.914 0.0000000000
83715  54.693  -21.170  77.177 0.0000000000
83716  54.514  -21.383  77.555 0.0000000000
83722  46.421  -22.440  77.902 0.0000000000
83740  46.203  -22.465  77.241 0.0000000000
83754  52.385  -22.329  75.142 0.0000000000
83765  54.649  -21.723  74.427 0.0000000000
83788  59.756  -21.858  71.641 0.0000000000
83790  58.533  -21.722  72.071 0.0000000000
83813  59.484  -21.718  71.262 0.0000000000
83831  59.978  -21.940  70.935 0.0000000000
83860  59.251  -21.289  68.611 0.0000000000
83861  59.064  -21.492  68.520 0.0000000000
83973  60.285  -20.527  63.274 0.0000000000
85002  45.708  -21.211  85.390 0.0000000000
85042  47.278  -20.477  83.878 0.0000000000
85043  46.990  -20.897  84.024 0.0000000000
85045  43.706  -21.296  84.076 0.0000000000
85061  48.204  -20.201  83.449 0.0000000000
85064  43.643  -21.480  83.763 0.0000000000
85079  50.282  -20.543  82.472 0.0000000000
85082  43.544  -21.525  82.131 0.0000000000
85095  43.878  -21.310  81.640 0.0000000000
85117  43.998  -21.102  81.018 0.0000000000
85158  53.643  -21.014  77.840 0.0000000000
85182  54.467  -20.388  77.147 0.0000000000
85203  53.690  -21.871  76.035 0.0000000000
85271  58.744  -20.839  69.371 0.0000000000
85359  60.522  -19.740  64.191 0.0000000000
85401  61.209  -20.830  62.949 0.0000000000
86325  45.215  -20.411  85.322 0.0000000000
86327  44.652  -20.641  84.989 0.0000000000
86341  45.981  -20.001  84.023 0.0000000000
86342  45.978  -19.305  84.437 0.0000000000
86344  44.455  -20.430  84.638 0.0000000000
86351  47.000  -19.716  83.875 0.0000000000
86353  46.062  -18.832  84.384 0.0000000000
86354  44.680  -19.796  84.453 0.0000000000
86363  49.948  -19.955  82.660 0.0000000000
86379  49.156  -19.537  82.614 0.0000000000
86380  45.882  -19.517  82.580 0.0000000000
86382  44.733  -20.639  82.692 0.0000000000
86390  50.439  -20.307  81.410 0.0000000000
86406  49.926  -20.124  81.129 0.0000000000
86408  48.600  -20.204  81.233 0.0000000000
86427  49.672  -20.378  80.426 0.0000000000
86429  45.456  -20.371  80.616 0.0000000000
86430  44.710  -20.626  80.574 0.0000000000
86431  44.287  -20.881  80.678 0.0000000000
86443  54.163  -20.142  77.515 0.0000000000
86444  53.870  -20.308  77.439 0.0000000000
86455  54.331  -19.953  77.068 0.0000000000
86456  54.106  -20.044  77.275 0.0000000000
86458  53.624  -21.371  77.334 0.0000000000
86471  54.231  -20.323  76.874 0.0000000000
86489  54.355  -21.045  76.850 0.0000000000
86491  53.957  -21.645  75.919 0.0000000000
86644  61.403  -20.001  63.722 0.0000000000
86645  61.189  -19.812  63.883 0.0000000000
87594  45.171  -19.774  85.177 0.0000000000
87595  44.799  -19.840  85.157 0.0000000000
87623  46.499  -18.686  84.040 0.0000000000
87624  45.839  -18.530  84.066 0.0000000000
87625  44.988  -19.013  84.270 0.0000000000
87636  48.153  -18.830  83.268 0.0000000000
87637  47.715  -18.767  83.391 0.0000000000
87638  46.659  -19.022  83.047 0.0000000000
87639  45.979  -18.918  83.471 0.0000000000
87650  49.356  -19.543  82.185 0.0000000000
87652  46.719  -19.181  82.567 0.0000000000
87654  45.790  -19.272  83.315 0.0000000000
87664  50.254  -19.795  81.084 0.0000000000
87669  46.680  -19.339  81.968 0.0000000000
87670  46.399  -19.325  82.320 0.0000000000
87681  50.457  -19.540  80.911 0.0000000000
87685  47.362  -19.499  81.635 0.0000000000
87686  46.962  -19.377  81.665 0.0000000000
87695  50.423  -19.754  80.980 0.0000000000
87696  50.254  -19.618  81.032 0.0000000000
87838  60.362  -17.305  68.496 0.0000000000
87839  60.192  -17.421  68.602 0.0000000000
87877  59.944  -17.293  67.335 0.0000000000
88842  47.273  -18.652  83.362 0.0000000000
88843  46.988  -18.785  83.471 0.0000000000
88844  46.611  -18.750  83.737 0.0000000000
88854  48.397  -18.689  83.013 0.0000000000
88855  48.296  -18.464  83.053 0.0000000000
88869  48.269  -18.714  82.833 0.0000000000
88870  48.093  -18.271  82.840 0.0000000000
88883  47.940  -18.863  82.696 0.0000000000
88884  47.487  -19.058  82.644 0.0000000000
88885  47.061  -19.159  82.437 0.0000000000
89061  59.904  -17.341  68.920 0.0000000000
89072  60.335  -17.165  67.663 0.0000000000
89073  60.511  -17.038  68.222 0.0000000000
89082  59.925  -17.507  66.799 0.0000000000
89083  58.010  -17.636  67.372 0.0000000000
89109  61.466  -17.940  65.485 0.0000000000
90235  59.990  -16.857  68.833 0.0000000000
90236  59.682  -17.073  68.786 0.0000000000
90243  60.179  -17.148  67.467 0.0000000000
90246  58.957  -17.625  67.842 0.0000000000
