#!ascii label  , from subject 3960 vox2ras=TkReg
2095
7370  -40.030  -82.197  15.004 0.1000000015
8067  -39.505  -81.451  14.547 0.1000000015
8081  -38.257  -82.109  13.389 0.1000000015
8693  -38.874  -80.725  13.768 0.1000000015
8728  -37.823  -80.804  12.927 0.1000000015
9304  -39.355  -79.790  12.971 0.1000000015
9335  -37.512  -80.272  12.194 0.1000000015
128987  -38.667  -79.483  11.437 0.1000000015
128993  -39.410  -79.217  10.321 0.1000000015
9373  -37.588  -79.336  10.344 0.1000000015
10014  -38.587  -79.135  9.653 0.1000000015
128994  -39.740  -78.934  9.539 0.1000000015
10013  -37.266  -79.074  9.253 0.1000000015
10028  -39.260  -78.656  8.692 0.1000000015
11326  -39.075  -76.693  8.618 0.1000000015
10027  -38.070  -78.639  8.411 0.1000000015
10039  -38.974  -78.003  7.935 0.1000000015
8685  -41.173  -80.502  15.246 0.1000000015
8068  -40.062  -80.996  14.821 0.1000000015
8696  -41.607  -79.843  14.891 0.1000000015
8695  -41.006  -79.949  14.393 0.1000000015
8694  -39.927  -80.268  14.169 0.1000000015
9305  -40.779  -79.633  12.860 0.1000000015
128986  -39.833  -79.510  12.050 0.1000000015
128989  -41.370  -79.421  11.824 0.1000000015
128995  -40.606  -79.259  10.751 0.1000000015
10576  -41.717  -76.908  15.000 0.1000000015
10617  -41.162  -76.997  13.028 0.1000000015
10637  -41.272  -76.831  11.546 0.1000000015
10657  -41.614  -76.578  10.068 0.1000000015
10673  -40.891  -76.915  8.856 0.1000000015
129000  -40.113  -77.203  8.326 0.1000000015
10697  -39.523  -77.368  8.041 0.1000000015
7374  -42.871  -82.023  16.853 0.1000000015
9272  -43.978  -79.422  15.932 0.2000000030
8687  -43.055  -80.399  16.189 0.2000000030
8055  -42.532  -81.344  16.403 0.1000000015
9289  -43.338  -79.432  15.150 0.1000000015
9288  -42.606  -79.570  14.952 0.1000000015
16398  -43.306  -69.462  16.930 0.1000000015
15517  -43.549  -69.943  16.514 0.1000000015
9307  -43.516  -78.878  13.450 0.1000000015
9317  -41.908  -79.392  12.475 0.1000000015
14668  -42.745  -71.135  16.482 0.1000000015
14669  -43.925  -71.041  15.910 0.1000000015
13271  -44.327  -72.718  15.029 0.1000000015
13283  -44.376  -73.485  14.388 0.1000000015
12576  -43.901  -74.358  14.916 0.1000000015
9318  -42.893  -79.086  12.365 0.1000000015
9336  -42.038  -79.053  11.285 0.1000000015
9358  -41.650  -78.916  10.473 0.1000000015
13270  -43.871  -73.177  15.915 0.1000000015
13282  -43.962  -73.793  15.272 0.1000000015
11891  -43.034  -75.504  15.331 0.1000000015
11892  -44.006  -75.307  14.805 0.1000000015
11242  -44.453  -74.809  12.961 0.1000000015
11254  -43.624  -75.302  11.982 0.1000000015
9374  -41.453  -78.643  9.800 0.1000000015
11881  -43.425  -74.541  16.244 0.1000000015
11230  -42.724  -75.938  14.938 0.1000000015
10577  -42.424  -76.352  14.294 0.1000000015
10658  -43.114  -76.567  10.242 0.1000000015
10674  -42.047  -76.810  9.159 0.1000000015
10596  -42.081  -76.784  13.730 0.1000000015
10618  -42.455  -76.347  12.410 0.1000000015
10638  -42.768  -76.110  11.085 0.1000000015
10029  -42.065  -77.066  8.889 0.1000000015
10040  -40.654  -78.098  8.775 0.1000000015
9273  -44.475  -79.441  16.606 0.1000000015
8676  -43.856  -80.236  16.501 0.2000000030
8042  -43.925  -81.206  17.356 0.1000000015
7335  -43.682  -81.834  17.810 0.2000000030
7314  -43.429  -82.087  18.072 0.2000000030
9290  -44.183  -78.768  15.343 0.1000000015
16357  -41.857  -69.014  18.303 0.1000000015
16375  -42.453  -68.977  17.339 0.1000000015
9923  -44.065  -78.580  14.179 0.1000000015
9945  -44.265  -78.072  12.972 0.1000000015
13951  -44.231  -72.039  15.447 0.1000000015
13974  -44.771  -72.269  14.398 0.1000000015
9319  -43.665  -78.290  12.135 0.1000000015
13991  -44.881  -72.903  13.351 0.1000000015
11231  -43.870  -75.101  14.052 0.1000000015
11272  -44.558  -75.780  11.239 0.1000000015
10000  -43.638  -77.229  10.725 0.1000000015
9337  -43.138  -78.355  11.075 0.1000000015
10015  -42.385  -77.088  9.294 0.1000000015
9998  -41.771  -78.137  9.198 0.1000000015
10526  -45.775  -78.551  19.012 0.1000000015
9853  -45.689  -79.138  18.689 0.1000000015
9852  -45.472  -78.571  18.415 0.1000000015
9876  -45.347  -79.256  18.048 0.1000000015
9260  -45.228  -79.590  17.942 0.1000000015
8670  -45.166  -80.032  18.130 0.2000000030
8669  -44.802  -80.546  18.164 0.2000000030
9274  -44.929  -79.806  17.567 0.2000000030
8003  -44.221  -81.118  18.593 0.2000000030
8002  -43.753  -81.346  18.608 0.2000000030
9899  -44.539  -78.255  16.092 0.1000000015
9875  -45.101  -78.563  17.647 0.1000000015
9924  -44.611  -77.634  14.094 0.1000000015
16358  -42.776  -69.349  17.785 0.1000000015
15479  -44.015  -70.074  17.654 0.1000000015
15496  -45.158  -70.326  16.563 0.1000000015
14655  -45.196  -70.319  17.062 0.1000000015
17255  -41.530  -68.433  17.675 0.1000000015
16356  -41.278  -68.855  18.632 0.1000000015
15494  -43.620  -69.597  17.221 0.1000000015
15518  -44.646  -70.422  16.176 0.1000000015
14686  -45.341  -71.754  14.337 0.1000000015
13975  -45.528  -72.226  13.628 0.1000000015
13292  -45.914  -74.273  12.350 0.1000000015
11894  -45.935  -75.455  14.354 0.1000000015
10578  -45.117  -76.425  13.722 0.1000000015
9946  -44.575  -77.332  12.865 0.1000000015
18090  -40.800  -67.836  17.954 0.1000000015
12577  -44.427  -74.696  13.717 0.1000000015
11893  -45.373  -75.670  14.127 0.1000000015
11243  -45.201  -75.767  12.697 0.1000000015
11256  -44.946  -76.102  11.858 0.1000000015
9980  -44.178  -77.427  11.862 0.1000000015
18902  -40.448  -66.619  17.716 0.1000000015
19627  -40.386  -66.120  17.935 0.1000000015
11865  -45.402  -75.755  19.633 0.1000000015
10506  -45.460  -77.522  19.042 0.1000000015
12516  -45.639  -74.934  20.036 0.1000000015
11864  -45.022  -75.518  18.884 0.1000000015
9834  -46.270  -79.032  19.768 0.1000000015
9245  -45.415  -79.696  18.523 0.1000000015
9230  -45.556  -79.807  19.437 0.2000000030
12535  -45.053  -75.031  18.492 0.1000000015
11204  -44.644  -76.481  17.760 0.1000000015
10525  -45.104  -77.700  18.251 0.1000000015
8645  -44.965  -80.394  19.149 0.2000000030
12551  -45.376  -74.644  17.980 0.1000000015
17246  -40.279  -68.308  19.834 0.1000000015
17247  -40.598  -68.569  19.208 0.1000000015
16342  -41.580  -69.497  19.041 0.1000000015
15460  -42.181  -70.167  19.197 0.1000000015
15477  -42.576  -69.817  18.548 0.1000000015
14641  -43.059  -70.205  18.470 0.1000000015
14642  -43.670  -70.447  18.386 0.1000000015
13230  -46.904  -73.728  17.789 0.1000000015
12564  -45.375  -74.880  16.981 0.1000000015
10543  -44.664  -77.424  16.468 0.1000000015
15476  -41.954  -69.698  18.963 0.1000000015
14656  -45.879  -70.798  16.695 0.1000000015
14672  -46.810  -71.499  15.893 0.1000000015
14688  -46.674  -71.654  14.796 0.1000000015
11887  -45.420  -75.587  15.471 0.1000000015
11222  -45.143  -76.395  15.197 0.1000000015
18075  -40.096  -67.552  20.454 0.1000000015
14671  -46.053  -71.036  15.411 0.1000000015
13284  -47.247  -73.318  14.515 0.1000000015
12578  -46.379  -74.917  14.495 0.1000000015
11888  -46.116  -75.241  15.025 0.1000000015
10560  -44.845  -76.916  14.929 0.1000000015
17253  -40.383  -68.063  19.010 0.1000000015
18082  -40.301  -67.473  19.513 0.1000000015
18089  -40.471  -67.381  18.349 0.1000000015
18893  -40.424  -66.379  18.412 0.1000000015
19628  -40.558  -65.535  18.207 0.1000000015
19639  -40.541  -65.261  17.069 0.1000000015
10507  -46.189  -77.846  19.768 0.1000000015
12536  -45.521  -74.641  18.989 0.1000000015
13190  -46.340  -74.113  19.596 0.1000000015
11849  -46.054  -75.896  20.456 0.1000000015
13207  -46.548  -73.957  18.640 0.1000000015
13208  -47.596  -73.164  18.694 0.1000000015
10486  -46.712  -77.718  20.547 0.1000000015
13231  -47.494  -73.054  17.310 0.1000000015
9212  -45.259  -79.716  20.101 0.2000000030
16326  -40.353  -69.198  20.219 0.1000000015
14630  -42.796  -70.669  19.186 0.1000000015
13254  -46.862  -73.693  16.772 0.1000000015
9813  -46.008  -79.255  20.604 0.1000000015
9812  -44.988  -79.265  20.650 0.2000000030
15458  -40.962  -69.764  19.799 0.1000000015
14643  -44.908  -70.823  17.954 0.1000000015
14644  -46.053  -71.308  17.634 0.1000000015
13952  -47.309  -72.279  15.071 0.1000000015
13273  -47.323  -73.071  15.629 0.1000000015
12571  -46.294  -74.569  15.804 0.1000000015
18872  -40.359  -66.847  20.156 0.1000000015
18886  -40.421  -66.629  19.291 0.1000000015
18887  -40.675  -66.029  19.589 0.1000000015
19617  -40.896  -65.523  19.302 0.1000000015
20428  -41.262  -64.859  18.792 0.1000000015
20444  -41.007  -64.518  17.583 0.1000000015
13209  -48.146  -72.459  19.011 0.1000000015
13192  -47.884  -72.650  19.846 0.1000000015
13191  -46.998  -73.691  20.266 0.1000000015
13891  -47.876  -71.983  18.744 0.1000000015
12517  -46.275  -74.785  20.708 0.1000000015
11180  -46.655  -77.057  20.697 0.1000000015
12498  -47.091  -74.727  21.495 0.1000000015
10508  -46.637  -78.656  20.502 0.1000000015
13907  -47.439  -71.970  17.820 0.1000000015
11181  -47.477  -76.828  21.595 0.1000000015
17239  -39.919  -68.382  20.836 0.1000000015
15439  -40.285  -69.640  20.763 0.1000000015
15441  -41.298  -70.554  20.275 0.1000000015
14615  -43.177  -71.490  20.089 0.1000000015
14632  -44.663  -71.383  18.833 0.1000000015
13905  -45.664  -71.376  18.178 0.1000000015
13906  -46.357  -71.589  18.185 0.1000000015
10487  -47.159  -77.997  21.080 0.1000000015
9814  -46.883  -78.983  21.055 0.1000000015
14631  -43.934  -71.232  19.107 0.1000000015
13926  -47.426  -72.309  16.448 0.1000000015
9799  -46.382  -78.560  21.626 0.1000000015
18856  -39.963  -66.725  20.917 0.1000000015
19603  -40.365  -66.228  20.548 0.1000000015
18873  -40.613  -66.308  20.011 0.1000000015
19604  -40.814  -65.598  20.315 0.1000000015
20413  -42.078  -64.207  20.169 0.1000000015
20430  -42.694  -64.078  19.699 0.1000000015
13877  -47.992  -71.618  19.545 0.1000000015
13878  -48.407  -71.861  20.059 0.1000000015
13861  -47.210  -71.451  20.084 0.1000000015
13176  -47.362  -73.414  21.099 0.1000000015
13876  -47.008  -71.657  19.481 0.1000000015
11850  -46.896  -75.919  21.283 0.1000000015
13890  -46.710  -71.743  18.783 0.1000000015
13860  -46.155  -71.693  20.357 0.1000000015
11835  -47.395  -75.645  21.707 0.1000000015
18061  -39.576  -67.513  21.299 0.1000000015
14614  -41.966  -71.009  20.233 0.1000000015
13888  -44.547  -71.595  19.370 0.1000000015
13889  -45.408  -71.631  18.866 0.1000000015
13875  -45.865  -71.822  19.672 0.1000000015
11836  -47.831  -75.580  22.255 0.1000000015
9800  -47.065  -78.590  21.675 0.1000000015
16311  -39.907  -69.288  21.273 0.1000000015
15386  -40.156  -69.967  21.823 0.1000000015
14613  -41.167  -70.787  20.848 0.1000000015
14595  -41.665  -71.191  21.323 0.1000000015
14616  -44.063  -71.680  19.914 0.1000000015
11162  -47.610  -77.313  22.122 0.1000000015
19590  -40.579  -65.071  20.912 0.1000000015
19589  -39.964  -65.595  21.202 0.1000000015
20392  -41.051  -64.459  20.588 0.1000000015
20393  -41.493  -63.922  20.459 0.1000000015
20414  -42.636  -63.916  20.048 0.1000000015
21223  -41.675  -63.375  20.363 0.1000000015
14583  -45.420  -70.960  21.627 0.1000000015
14599  -46.463  -71.229  21.007 0.1000000015
15417  -47.057  -70.725  21.064 0.1000000015
14582  -44.371  -71.147  21.796 0.1000000015
13177  -48.021  -72.695  21.336 0.1000000015
14596  -42.637  -71.517  21.148 0.1000000015
14581  -43.175  -71.239  21.960 0.1000000015
14597  -44.044  -71.738  20.883 0.1000000015
13849  -48.467  -72.352  21.739 0.1000000015
18060  -39.019  -67.438  22.084 0.1000000015
17225  -39.349  -68.384  21.836 0.1000000015
14594  -41.120  -70.809  21.584 0.1000000015
11837  -48.180  -74.767  22.551 0.1000000015
18855  -39.282  -66.549  21.640 0.1000000015
11163  -47.879  -76.542  22.298 0.1000000015
10467  -47.314  -78.065  22.108 0.1000000015
20378  -40.218  -64.496  21.235 0.1000000015
21214  -40.405  -63.559  21.075 0.1000000015
22047  -40.505  -62.785  20.809 0.1000000015
21222  -41.031  -63.449  20.614 0.1000000015
22057  -41.068  -62.472  20.401 0.1000000015
22848  -41.399  -61.818  20.084 0.1000000015
21237  -42.363  -63.424  20.134 0.1000000015
14600  -47.679  -71.128  20.388 0.1000000015
14618  -48.142  -71.504  20.028 0.1000000015
14601  -48.465  -71.019  20.568 0.1000000015
13863  -48.634  -71.748  21.171 0.1000000015
17211  -39.018  -68.072  22.985 0.1000000015
16296  -40.978  -70.157  22.731 0.1000000015
15388  -41.504  -70.613  22.460 0.1000000015
19588  -38.965  -65.444  22.111 0.1000000015
18838  -38.733  -66.575  22.525 0.1000000015
18047  -38.832  -67.463  22.857 0.1000000015
16294  -39.632  -69.232  22.358 0.1000000015
16295  -40.339  -69.806  22.625 0.1000000015
12486  -48.080  -73.453  22.236 0.1000000015
20377  -39.463  -64.577  21.743 0.1000000015
21213  -39.670  -63.633  21.607 0.1000000015
22045  -39.030  -62.823  22.111 0.1000000015
22046  -39.795  -62.512  21.295 0.1000000015
22839  -39.713  -61.305  21.046 0.1000000015
22056  -40.320  -61.910  20.694 0.1000000015
22846  -40.239  -61.035  20.586 0.1000000015
23662  -41.082  -60.494  19.896 0.1000000015
15391  -44.839  -70.275  22.191 0.1000000015
15392  -46.290  -70.213  21.685 0.1000000015
15418  -47.688  -70.153  21.102 0.1000000015
15390  -43.636  -70.399  22.472 0.1000000015
20376  -38.970  -64.457  22.275 0.1000000015
20362  -38.607  -64.690  22.803 0.1000000015
21212  -39.168  -63.842  22.089 0.1000000015
22838  -39.114  -61.576  21.734 0.1000000015
23654  -39.893  -60.320  20.770 0.1000000015
24458  -40.299  -59.395  20.442 0.1000000015
15393  -47.013  -69.651  21.623 0.1000000015
19571  -38.494  -65.687  23.031 0.1000000015
18820  -38.857  -66.721  23.592 0.1000000015
16271  -39.873  -69.137  23.120 0.1000000015
16272  -40.888  -69.417  23.241 0.1000000015
15389  -42.373  -70.385  22.723 0.1000000015
21201  -38.750  -63.741  22.624 0.1000000015
23647  -39.262  -60.453  21.417 0.1000000015
24452  -39.549  -59.401  21.060 0.1000000015
25393  -40.039  -58.385  20.755 0.1000000015
16299  -44.052  -69.295  22.724 0.1000000015
16273  -41.755  -69.081  23.424 0.1000000015
16274  -42.544  -68.938  23.319 0.1000000015
20340  -38.492  -64.920  23.433 0.1000000015
19557  -38.628  -65.598  23.762 0.1000000015
18032  -39.528  -67.644  23.694 0.1000000015
17196  -40.140  -68.435  23.567 0.1000000015
17197  -41.065  -68.391  23.703 0.1000000015
24451  -38.932  -59.490  21.849 0.1000000015
25388  -39.357  -58.398  21.499 0.1000000015
26401  -39.232  -57.359  21.925 0.1000000015
17198  -41.999  -68.255  23.644 0.1000000015
18801  -39.271  -66.231  24.260 0.1000000015
18821  -39.623  -67.000  24.180 0.1000000015
18033  -40.338  -67.439  24.115 0.1000000015
22036  -38.503  -62.750  22.996 0.1000000015
22831  -38.649  -61.709  22.561 0.1000000015
23646  -38.731  -60.627  22.197 0.1000000015
25387  -38.837  -58.423  22.339 0.1000000015
21182  -38.418  -63.889  23.449 0.1000000015
23637  -38.446  -60.855  22.931 0.1000000015
24445  -38.496  -59.680  22.870 0.1000000015
26400  -38.858  -57.380  22.692 0.1000000015
27400  -38.903  -56.792  22.893 0.1000000015
26393  -38.721  -57.139  23.302 0.1000000015
22822  -38.382  -61.630  23.448 0.1000000015
25383  -38.546  -58.281  23.337 0.1000000015
8066  -38.731  -81.889  14.024 0.1000000015
8708  -38.006  -81.437  13.216 0.1000000015
9303  -38.371  -80.188  12.873 0.1000000015
9357  -37.013  -79.776  11.167 0.1000000015
8686  -42.197  -80.086  15.537 0.1000000015
8684  -40.534  -80.599  14.806 0.1000000015
9306  -42.194  -79.386  14.062 0.1000000015
8056  -43.340  -81.264  16.729 0.1000000015
11885  -43.110  -75.298  15.775 0.1000000015
11241  -43.160  -75.752  13.456 0.1000000015
11255  -44.766  -75.092  11.707 0.1000000015
11271  -43.955  -75.544  10.945 0.1000000015
9360  -42.808  -78.239  10.382 0.1000000015
11287  -44.160  -76.033  10.861 0.1000000015
9999  -42.823  -77.739  9.954 0.1000000015
9259  -44.974  -79.162  17.340 0.1000000015
8677  -44.526  -80.453  17.445 0.2000000030
8033  -44.496  -80.947  17.899 0.2000000030
9338  -43.583  -78.113  11.550 0.1000000015
14670  -45.062  -71.258  15.209 0.1000000015
13992  -45.636  -73.057  12.656 0.1000000015
12584  -45.384  -74.662  13.362 0.1000000015
11232  -45.156  -75.477  14.070 0.1000000015
10660  -44.448  -76.498  11.285 0.1000000015
9978  -43.424  -77.783  10.766 0.1000000015
15519  -45.415  -70.582  15.943 0.1000000015
17254  -40.972  -68.378  18.388 0.1000000015
13976  -46.662  -72.500  13.630 0.1000000015
13293  -46.715  -73.960  13.431 0.1000000015
12585  -46.134  -75.043  13.464 0.1000000015
10619  -44.677  -76.867  12.257 0.1000000015
18097  -40.643  -67.304  17.317 0.1000000015
11195  -45.840  -76.723  19.971 0.1000000015
11194  -45.159  -76.706  18.987 0.1000000015
9229  -44.817  -80.112  19.565 0.2000000030
11213  -44.699  -76.558  16.619 0.1000000015
12570  -45.479  -75.179  16.245 0.1000000015
14657  -46.817  -71.508  17.041 0.1000000015
12572  -47.029  -73.801  15.308 0.1000000015
13272  -46.907  -73.599  15.994 0.1000000015
20412  -41.566  -65.037  19.815 0.1000000015
20445  -41.649  -64.275  18.339 0.1000000015
20429  -42.148  -64.374  19.227 0.1000000015
13874  -44.814  -71.833  19.908 0.1000000015
14598  -45.252  -71.578  21.123 0.1000000015
22058  -41.857  -62.558  20.148 0.1000000015
23663  -41.610  -60.568  19.676 0.1000000015
15366  -41.490  -70.097  22.899 0.1000000015
11036  -42.827  -76.118  31.289 0.5000000000
7887  -45.239  -81.848  26.018 0.5000000000
7888  -45.769  -81.266  26.491 0.5000000000
11705  -42.210  -75.300  31.598 0.5000000000
11049  -42.366  -76.745  30.786 0.5000000000
11050  -43.414  -76.670  30.650 0.5000000000
8547  -44.462  -80.913  25.970 0.5000000000
13068  -40.714  -73.498  31.734 0.5000000000
12376  -41.536  -74.218  31.768 0.5000000000
11035  -41.824  -76.109  31.253 0.5000000000
9163  -44.677  -80.141  26.438 0.5000000000
11704  -41.250  -75.343  31.383 0.5000000000
12375  -40.564  -74.593  31.323 0.5000000000
11034  -41.010  -76.035  30.969 0.5000000000
11047  -40.539  -76.262  30.360 0.4000000060
8553  -41.600  -80.570  24.766 0.5000000000
8566  -41.290  -80.948  23.985 0.5000000000
9181  -40.757  -80.059  24.464 0.5000000000
9186  -40.147  -79.476  23.762 0.5000000000
10440  -39.460  -77.516  23.305 0.5000000000
9782  -39.856  -78.520  24.445 0.5000000000
11794  -39.852  -76.175  23.610 0.4000000060
12476  -40.842  -74.939  24.050 0.4000000060
9116  -45.983  -79.297  29.759 0.1000000015
7866  -45.937  -81.389  27.198 0.5000000000
12377  -42.603  -74.473  31.807 0.5000000000
11706  -43.291  -75.322  31.549 0.5000000000
11037  -43.790  -76.044  31.038 0.5000000000
10368  -43.800  -77.101  30.001 0.4000000060
9164  -45.623  -80.153  26.624 0.5000000000
13052  -41.003  -72.929  32.007 0.5000000000
12360  -41.736  -73.778  31.899 0.5000000000
13748  -40.403  -71.851  31.997 0.5000000000
15263  -39.926  -69.934  32.409 0.5000000000
15262  -39.304  -69.703  32.188 0.5000000000
13762  -39.950  -72.636  31.643 0.5000000000
16160  -38.923  -68.911  32.115 0.4000000060
14485  -39.610  -71.572  31.790 0.3000000119
13067  -39.647  -73.750  30.983 0.4000000060
11702  -40.201  -75.483  30.637 0.4000000060
14484  -39.001  -71.032  31.470 0.3000000119
10379  -41.319  -77.480  29.302 0.6999999881
9718  -41.955  -78.005  28.757 0.5000000000
15274  -38.941  -69.958  31.716 0.3000000119
16174  -38.649  -69.184  31.315 0.3000000119
13761  -39.165  -72.317  31.177 0.3000000119
13086  -39.447  -74.005  30.445 0.4000000060
10364  -40.640  -76.672  29.985 0.5000000000
10398  -40.568  -77.535  28.381 0.6000000238
9737  -41.509  -78.215  28.082 0.6000000238
9757  -43.128  -78.912  27.439 0.6000000238
8546  -43.426  -80.726  25.783 0.5000000000
8554  -42.520  -81.199  24.958 0.3000000119
15291  -38.678  -70.256  31.054 0.3000000119
13066  -39.194  -73.073  30.668 0.3000000119
11733  -39.360  -74.905  29.263 0.4000000060
10397  -39.850  -76.756  28.659 0.5000000000
9755  -40.702  -78.095  27.527 0.6000000238
9768  -40.946  -78.937  26.442 0.6000000238
9173  -42.001  -80.428  25.362 0.5000000000
14519  -38.745  -71.496  29.743 0.4000000060
13104  -39.218  -73.636  29.186 0.4000000060
11083  -39.425  -76.091  28.654 0.5000000000
11095  -39.318  -76.294  27.786 0.5000000000
9767  -40.274  -78.100  26.744 0.5000000000
9777  -40.684  -79.078  25.876 0.5000000000
9180  -40.384  -79.232  24.858 0.5000000000
15321  -38.821  -70.376  29.315 0.4000000060
14529  -39.100  -71.548  28.584 0.4000000060
13129  -39.359  -73.262  28.008 0.5000000000
11105  -39.228  -75.778  27.136 0.5000000000
11106  -39.383  -76.476  26.592 0.4000000060
9776  -40.267  -78.666  25.618 0.5000000000
13803  -39.208  -72.678  28.373 0.4000000060
12436  -39.434  -74.055  27.845 0.5000000000
11769  -39.418  -75.412  26.508 0.5000000000
11778  -39.502  -75.860  25.679 0.4000000060
11123  -39.474  -76.993  24.603 0.4000000060
10436  -39.497  -77.659  24.082 0.5000000000
13141  -40.390  -73.363  26.810 0.5000000000
12457  -40.545  -74.351  25.896 0.4000000060
12464  -40.189  -75.061  24.813 0.4000000060
11786  -40.021  -75.583  24.098 0.4000000060
13145  -40.651  -73.920  26.369 0.3000000119
12458  -41.137  -74.182  25.696 0.4000000060
12465  -41.289  -74.416  25.045 0.3000000119
13155  -41.982  -73.989  25.603 0.3000000119
12466  -42.447  -74.282  24.764 0.3000000119
9698  -46.130  -78.193  31.119 0.1000000015
9707  -45.782  -78.817  30.473 0.1000000015
10369  -47.356  -77.850  30.534 0.1000000015
9723  -47.400  -78.979  29.314 0.4000000060
9127  -46.750  -79.672  28.991 0.4000000060
8522  -46.348  -80.592  28.088 0.4000000060
8537  -46.437  -80.404  27.430 0.5000000000
8523  -46.857  -80.233  27.945 0.4000000060
9156  -46.736  -79.701  27.406 0.5000000000
8549  -46.039  -80.759  26.734 0.5000000000
12378  -43.673  -74.279  31.705 0.5000000000
11707  -44.572  -75.411  31.106 0.5000000000
11051  -44.775  -76.452  30.242 0.4000000060
9760  -46.564  -78.949  27.372 0.5000000000
9155  -46.013  -79.535  26.978 0.5000000000
13749  -41.263  -72.183  32.079 0.5000000000
13054  -42.525  -73.121  31.954 0.5000000000
12362  -42.843  -73.787  31.875 0.5000000000
15264  -40.816  -70.077  32.472 0.5000000000
14472  -40.156  -70.876  32.204 0.5000000000
9758  -44.322  -78.824  27.404 0.6000000238
17077  -39.371  -67.961  32.645 0.4000000060
17922  -38.797  -67.362  32.198 0.2000000030
19467  -38.653  -65.529  32.578 0.2000000030
17089  -38.642  -68.159  31.648 0.3000000119
16189  -38.584  -69.493  30.631 0.3000000119
18727  -38.627  -66.327  32.138 0.3000000119
17946  -38.484  -67.006  30.552 0.3000000119
20215  -38.467  -64.545  31.729 0.3000000119
18751  -38.566  -66.269  30.083 0.4000000060
17125  -38.567  -68.301  29.485 0.4000000060
17958  -38.533  -67.260  29.835 0.3000000119
16219  -38.848  -69.269  29.024 0.4000000060
14542  -39.696  -71.679  27.736 0.4000000060
17971  -38.732  -67.346  29.010 0.3000000119
16220  -39.183  -69.086  28.387 0.3000000119
15334  -39.912  -70.529  27.620 0.3000000119
13131  -40.000  -72.910  27.276 0.4000000060
16233  -40.436  -69.500  27.251 0.3000000119
14552  -41.147  -71.394  26.777 0.3000000119
13146  -41.259  -73.810  26.150 0.4000000060
13154  -41.435  -74.132  25.653 0.3000000119
16241  -41.149  -69.636  26.782 0.2000000030
16242  -41.822  -69.639  26.579 0.2000000030
13827  -42.357  -72.196  26.509 0.3000000119
13147  -42.306  -73.177  26.209 0.3000000119
17167  -42.021  -68.553  26.507 0.1000000015
15346  -42.932  -70.441  26.191 0.2000000030
13830  -42.912  -72.538  26.250 0.4000000060
20289  -44.343  -64.784  26.026 0.1000000015
9710  -48.159  -78.071  29.708 0.1000000015
9709  -47.611  -78.306  29.898 0.1000000015
9724  -48.227  -78.451  29.164 0.2000000030
9129  -47.913  -78.822  28.711 0.5000000000
9143  -47.652  -79.126  28.451 0.4000000060
9761  -47.339  -79.091  27.729 0.4000000060
12379  -44.855  -74.265  31.523 0.5000000000
11722  -45.475  -75.686  30.476 0.4000000060
11067  -45.733  -76.642  29.259 0.4000000060
9741  -46.147  -78.168  27.726 0.5000000000
9742  -47.210  -78.336  27.811 0.5000000000
13750  -42.262  -72.228  32.043 0.5000000000
13751  -43.035  -72.335  31.725 0.5000000000
13070  -44.215  -73.304  31.630 0.4000000060
9759  -45.506  -78.808  27.310 0.4000000060
17065  -40.624  -67.701  32.971 0.4000000060
16163  -41.539  -69.099  32.425 0.4000000060
14473  -41.056  -71.068  32.253 0.5000000000
17913  -40.425  -67.086  33.108 0.4000000060
16162  -40.549  -69.140  32.650 0.5000000000
17063  -39.637  -67.641  32.902 0.4000000060
18720  -40.076  -66.364  33.307 0.3000000119
18719  -39.246  -66.400  33.026 0.3000000119
19468  -38.934  -65.579  33.090 0.3000000119
21049  -38.716  -64.141  33.045 0.2000000030
19474  -38.491  -65.430  31.960 0.2000000030
22714  -39.287  -61.654  33.195 0.1000000015
21063  -38.518  -63.765  32.341 0.3000000119
22729  -38.745  -61.738  32.544 0.1000000015
21074  -38.452  -63.577  31.468 0.3000000119
19485  -38.554  -65.312  30.376 0.3000000119
22732  -38.526  -61.700  31.730 0.2000000030
21937  -38.439  -62.594  31.189 0.2000000030
21095  -38.546  -63.178  29.946 0.2000000030
18759  -39.043  -66.456  28.629 0.2000000030
17989  -39.867  -67.420  27.723 0.2000000030
20237  -38.959  -63.686  29.041 0.2000000030
19521  -39.651  -65.780  28.039 0.2000000030
17156  -40.188  -68.429  27.485 0.2000000030
20255  -39.407  -64.409  28.516 0.2000000030
20275  -40.282  -64.864  27.782 0.1000000015
17157  -41.103  -68.508  26.848 0.2000000030
17166  -41.514  -69.090  26.666 0.2000000030
20257  -41.079  -63.697  27.522 0.1000000015
18777  -41.136  -66.435  26.967 0.1000000015
17992  -42.135  -67.071  26.535 0.1000000015
18002  -42.629  -67.453  26.264 0.1000000015
20277  -42.384  -64.256  26.806 0.1000000015
19525  -42.628  -65.052  26.492 0.1000000015
18785  -42.591  -66.449  26.366 0.1000000015
20278  -43.530  -64.385  26.381 0.1000000015
20288  -43.720  -65.066  26.099 0.1000000015
20279  -44.702  -63.982  26.330 0.1000000015
21988  -45.060  -62.471  27.112 0.1000000015
10386  -48.673  -77.485  29.370 0.3000000119
10404  -48.543  -77.536  28.798 0.3000000119
12409  -48.696  -74.331  29.308 0.3000000119
11737  -49.120  -75.318  28.928 0.3000000119
11085  -48.206  -76.693  28.442 0.3000000119
10403  -47.856  -77.637  28.149 0.3000000119
9743  -47.951  -78.542  28.403 0.4000000060
12394  -47.669  -74.252  30.064 0.3000000119
11736  -47.981  -75.508  29.052 0.3000000119
11084  -47.551  -77.038  28.254 0.5000000000
10402  -46.845  -77.452  28.168 0.5000000000
13765  -45.557  -72.337  31.373 0.4000000060
12381  -46.552  -73.971  31.134 0.5000000000
11723  -46.785  -75.225  30.015 0.4000000060
11052  -46.098  -76.054  29.704 0.4000000060
16164  -42.429  -68.969  31.863 0.4000000060
15266  -42.721  -70.001  31.826 0.4000000060
14476  -43.460  -71.786  31.571 0.5000000000
13752  -43.765  -72.376  31.596 0.5000000000
18729  -41.805  -66.158  32.344 0.4000000060
17914  -41.234  -67.098  32.789 0.4000000060
18721  -40.978  -66.258  33.028 0.4000000060
19475  -41.487  -65.260  32.773 0.4000000060
20203  -41.930  -64.133  32.450 0.3000000119
19470  -40.586  -65.433  33.346 0.3000000119
21051  -40.449  -63.548  33.504 0.3000000119
20191  -40.046  -64.595  33.576 0.3000000119
21903  -40.839  -62.516  33.507 0.3000000119
23518  -40.759  -60.397  33.757 0.1000000015
23517  -39.685  -60.511  33.360 0.1000000015
23516  -39.002  -60.727  32.805 0.1000000015
23532  -38.671  -60.814  32.188 0.1000000015
22738  -38.548  -61.633  30.865 0.2000000030
24331  -38.984  -59.236  32.155 0.1000000015
25253  -38.923  -59.117  31.728 0.1000000015
21960  -38.728  -62.582  29.818 0.2000000030
24338  -38.708  -59.963  31.151 0.2000000030
23552  -39.128  -60.889  29.819 0.2000000030
21115  -39.350  -62.987  28.829 0.1000000015
22757  -39.833  -61.410  28.944 0.1000000015
21975  -40.784  -62.219  28.236 0.1000000015
21131  -41.384  -63.561  27.432 0.1000000015
21985  -42.171  -62.155  27.475 0.1000000015
21986  -42.989  -62.359  27.280 0.1000000015
21987  -43.984  -62.432  27.098 0.1000000015
23588  -44.407  -60.926  27.761 0.1000000015
22779  -44.705  -61.694  27.476 0.1000000015
23589  -45.348  -61.058  27.869 0.1000000015
23570  -46.221  -60.681  28.326 0.1000000015
23571  -47.377  -60.528  28.774 0.1000000015
24363  -48.086  -59.703  29.349 0.1000000015
13106  -49.672  -73.358  29.491 0.3000000119
13089  -49.879  -73.807  29.688 0.2000000030
13796  -49.194  -72.385  29.638 0.3000000119
13783  -47.290  -72.131  30.604 0.4000000060
14507  -47.779  -71.582  30.047 0.3000000119
16175  -43.287  -68.775  31.258 0.3000000119
15276  -43.542  -69.824  31.325 0.4000000060
14488  -45.118  -71.319  31.230 0.4000000060
14505  -46.413  -70.838  30.540 0.3000000119
17925  -42.667  -67.075  31.333 0.3000000119
17090  -42.928  -67.858  31.248 0.3000000119
15278  -44.936  -70.059  30.706 0.4000000060
15293  -45.885  -70.128  30.366 0.4000000060
15308  -46.722  -69.733  29.690 0.3000000119
20204  -43.054  -64.237  32.093 0.3000000119
19476  -42.334  -65.115  32.004 0.3000000119
21065  -42.706  -63.375  32.465 0.3000000119
21052  -41.501  -63.372  33.125 0.3000000119
21904  -41.794  -62.430  33.269 0.3000000119
22716  -41.269  -61.538  33.606 0.2000000030
23499  -41.489  -59.899  33.889 0.1000000015
24304  -42.637  -59.170  34.126 0.1000000015
24324  -40.131  -59.337  33.514 0.1000000015
25248  -41.442  -58.115  33.856 0.1000000015
25246  -39.866  -58.201  32.954 0.1000000015
25254  -39.235  -58.522  32.062 0.1000000015
24345  -39.025  -59.541  30.394 0.2000000030
26276  -39.808  -57.746  30.577 0.2000000030
25268  -39.518  -58.714  30.179 0.2000000030
23554  -40.336  -60.203  29.000 0.1000000015
26294  -40.138  -58.128  29.914 0.1000000015
24374  -40.758  -59.766  28.954 0.1000000015
22759  -41.270  -61.325  28.236 0.1000000015
24375  -41.462  -59.495  28.746 0.1000000015
23566  -41.812  -60.397  28.261 0.1000000015
23567  -42.884  -60.429  28.034 0.1000000015
24376  -42.440  -59.489  28.473 0.1000000015
23587  -43.572  -60.899  27.744 0.1000000015
23568  -44.035  -60.172  28.117 0.1000000015
24379  -45.888  -59.777  28.722 0.1000000015
24361  -45.702  -59.066  29.054 0.1000000015
24380  -46.601  -60.107  28.810 0.1000000015
25289  -46.725  -58.807  29.464 0.1000000015
23555  -47.635  -60.046  29.171 0.1000000015
24346  -47.140  -59.063  29.487 0.1000000015
25272  -49.127  -59.112  29.992 0.1000000015
25271  -48.250  -58.914  29.627 0.1000000015
25273  -49.797  -59.383  29.931 0.1000000015
14509  -51.012  -71.626  30.214 0.2000000030
13075  -49.962  -73.815  30.305 0.2000000030
15313  -51.562  -70.269  29.803 0.2000000030
13797  -49.964  -72.298  29.424 0.3000000119
16209  -51.189  -69.238  29.291 0.2000000030
14521  -50.225  -71.367  29.452 0.3000000119
14520  -49.388  -71.376  29.564 0.3000000119
15277  -44.161  -69.909  31.002 0.3000000119
15309  -47.331  -70.013  29.648 0.3000000119
18736  -43.080  -66.609  31.174 0.3000000119
16177  -44.534  -69.289  30.543 0.3000000119
15292  -45.395  -69.385  30.169 0.3000000119
16193  -46.324  -69.608  29.777 0.3000000119
19477  -43.407  -65.066  31.847 0.3000000119
18730  -42.738  -66.078  31.465 0.3000000119
16191  -45.010  -68.625  30.099 0.3000000119
16204  -46.226  -68.487  29.450 0.3000000119
16205  -46.667  -69.001  29.378 0.2000000030
16206  -47.737  -69.157  29.347 0.2000000030
20205  -44.259  -64.509  32.520 0.2000000030
21066  -43.857  -63.567  32.423 0.3000000119
21923  -43.382  -62.917  32.552 0.3000000119
21905  -42.720  -62.480  32.918 0.3000000119
22718  -43.173  -61.656  33.221 0.2000000030
23519  -41.766  -60.695  33.674 0.1000000015
23521  -43.637  -60.905  33.514 0.2000000030
23501  -43.139  -60.067  33.925 0.1000000015
24305  -43.597  -59.255  34.210 0.1000000015
26226  -43.642  -57.508  34.332 0.1000000015
26228  -45.558  -57.572  34.493 0.1000000015
27203  -47.000  -56.659  34.449 0.1000000015
26225  -42.660  -57.336  34.113 0.1000000015
27200  -44.137  -56.762  34.335 0.1000000015
28177  -44.540  -56.005  34.217 0.1000000015
28192  -46.853  -55.218  33.949 0.1000000015
28193  -47.905  -55.380  33.976 0.1000000015
29045  -49.221  -54.576  33.515 0.1000000015
26248  -41.572  -57.413  33.727 0.1000000015
27212  -42.283  -56.560  33.752 0.1000000015
29040  -44.309  -54.658  33.509 0.1000000015
29042  -46.282  -54.467  33.578 0.1000000015
29805  -47.755  -53.792  33.333 0.1000000015
30567  -48.203  -53.139  33.100 0.1000000015
26263  -40.243  -57.035  32.492 0.1000000015
27227  -41.113  -56.070  32.725 0.1000000015
26262  -39.800  -57.488  32.177 0.1000000015
27234  -39.881  -57.207  30.970 0.2000000030
26277  -40.366  -57.382  30.141 0.1000000015
27251  -40.702  -56.970  30.031 0.1000000015
25285  -41.452  -58.485  29.251 0.1000000015
25286  -42.286  -58.156  29.150 0.1000000015
25302  -42.105  -58.812  28.845 0.1000000015
25303  -42.987  -58.536  28.825 0.1000000015
24377  -43.512  -59.393  28.469 0.1000000015
24378  -44.823  -59.215  28.666 0.1000000015
25305  -44.708  -58.306  28.944 0.1000000015
25288  -46.242  -58.390  29.403 0.1000000015
25269  -46.723  -58.114  29.546 0.1000000015
26280  -47.937  -57.908  29.700 0.1000000015
17085  -50.948  -67.669  31.939 0.2000000030
17131  -50.608  -68.116  29.333 0.2000000030
15311  -49.621  -70.307  29.362 0.3000000119
15296  -47.868  -70.841  29.770 0.3000000119
17084  -50.117  -68.259  32.509 0.2000000030
17113  -50.509  -67.407  29.883 0.2000000030
17130  -49.232  -68.407  29.330 0.2000000030
16208  -50.029  -69.235  29.223 0.3000000119
15310  -48.461  -70.320  29.471 0.3000000119
17935  -43.942  -66.664  30.839 0.3000000119
17092  -44.683  -66.987  30.731 0.3000000119
17107  -44.996  -67.556  30.050 0.3000000119
17108  -45.842  -67.772  29.688 0.3000000119
18731  -43.795  -65.728  31.739 0.3000000119
17936  -44.313  -66.612  31.103 0.3000000119
17093  -45.554  -67.338  30.402 0.3000000119
17109  -46.771  -67.698  29.664 0.3000000119
19472  -44.640  -65.042  33.125 0.2000000030
19471  -44.380  -65.267  32.727 0.3000000119
17128  -47.185  -68.304  29.374 0.2000000030
17129  -48.146  -68.507  29.496 0.2000000030
20206  -44.865  -64.404  32.864 0.2000000030
21067  -44.919  -63.883  32.725 0.2000000030
21924  -44.026  -62.899  32.544 0.3000000119
21925  -44.699  -63.219  32.597 0.3000000119
21906  -43.657  -62.354  32.792 0.3000000119
22719  -44.131  -61.717  33.066 0.2000000030
21907  -44.559  -62.509  32.692 0.3000000119
22720  -45.166  -61.882  32.887 0.2000000030
23522  -44.629  -60.997  33.407 0.2000000030
23503  -45.103  -60.258  33.922 0.2000000030
24307  -45.579  -59.400  34.322 0.1000000015
29061  -42.610  -54.356  32.709 0.1000000015
29802  -44.526  -53.924  33.190 0.1000000015
29803  -45.601  -53.623  33.227 0.1000000015
30565  -46.272  -52.935  32.996 0.1000000015
28206  -41.266  -55.393  32.289 0.1000000015
29060  -41.861  -54.667  32.233 0.1000000015
29819  -42.975  -53.826  32.472 0.1000000015
30580  -44.920  -52.348  32.506 0.1000000015
28209  -40.869  -55.591  31.517 0.1000000015
29072  -41.610  -54.735  31.669 0.1000000015
29841  -42.594  -53.569  31.264 0.1000000015
30604  -42.954  -53.046  31.042 0.1000000015
31380  -43.873  -51.959  31.323 0.1000000015
28213  -40.690  -55.898  31.091 0.1000000015
28220  -41.392  -55.775  30.222 0.1000000015
29846  -43.028  -53.505  30.288 0.1000000015
29081  -43.004  -54.368  29.812 0.1000000015
27252  -41.301  -56.457  29.872 0.1000000015
27253  -42.489  -56.376  29.471 0.1000000015
27254  -43.632  -56.400  29.391 0.1000000015
26297  -42.990  -57.444  29.184 0.1000000015
26309  -43.671  -57.947  28.973 0.1000000015
25304  -43.998  -58.542  28.768 0.1000000015
25287  -45.294  -58.589  29.035 0.1000000015
17905  -49.439  -67.509  34.764 0.3000000119
16156  -48.784  -68.794  33.278 0.3000000119
16169  -49.298  -68.629  32.320 0.3000000119
16181  -48.986  -68.549  31.715 0.2000000030
17112  -49.427  -67.761  29.725 0.2000000030
17111  -48.523  -68.111  29.660 0.2000000030
16155  -47.869  -69.163  32.938 0.3000000119
16180  -48.435  -68.465  31.268 0.3000000119
17096  -48.331  -67.986  30.242 0.3000000119
16207  -48.844  -69.249  29.200 0.2000000030
17926  -44.101  -66.355  31.672 0.3000000119
17081  -44.835  -67.453  32.030 0.3000000119
16153  -45.992  -68.488  32.262 0.3000000119
16179  -47.492  -68.193  30.803 0.3000000119
17110  -47.635  -68.004  29.748 0.2000000030
19465  -44.674  -65.148  33.548 0.2000000030
17915  -44.226  -66.909  33.086 0.3000000119
20183  -44.782  -64.764  34.227 0.2000000030
20184  -45.338  -64.596  34.058 0.2000000030
20195  -45.460  -64.431  33.611 0.2000000030
21068  -45.403  -63.599  32.788 0.2000000030
21908  -45.680  -63.069  32.689 0.3000000119
22721  -46.321  -62.088  32.871 0.2000000030
23523  -45.680  -61.139  33.376 0.2000000030
29082  -43.967  -54.405  29.535 0.1000000015
26298  -44.073  -57.304  29.192 0.1000000015
17885  -49.421  -66.732  35.984 0.1000000015
17884  -48.585  -66.914  36.214 0.2000000030
17897  -48.860  -67.429  35.392 0.3000000119
17041  -48.065  -68.005  35.069 0.3000000119
17055  -47.689  -68.638  34.526 0.3000000119
16143  -45.700  -68.706  33.110 0.3000000119
17053  -45.445  -68.700  34.062 0.3000000119
18712  -43.874  -66.304  34.277 0.3000000119
17904  -43.812  -67.115  34.540 0.3000000119
17066  -44.179  -67.596  34.061 0.3000000119
17052  -44.565  -68.142  34.523 0.3000000119
20179  -43.585  -64.671  35.181 0.2000000030
21041  -45.125  -63.991  34.570 0.1000000015
21055  -45.777  -63.960  33.238 0.2000000030
21890  -45.731  -63.578  34.745 0.1000000015
21043  -46.647  -63.980  33.843 0.2000000030
21056  -46.705  -63.610  33.186 0.2000000030
21057  -47.535  -63.456  33.201 0.3000000119
17895  -47.015  -67.714  35.952 0.3000000119
17040  -47.280  -68.249  35.271 0.3000000119
17039  -46.273  -68.323  35.407 0.3000000119
17038  -45.240  -68.227  35.324 0.3000000119
19462  -43.334  -65.558  35.672 0.3000000119
17051  -44.088  -67.681  34.964 0.3000000119
21880  -43.446  -63.203  35.789 0.1000000015
21882  -45.090  -63.022  35.264 0.1000000015
22699  -45.002  -62.384  35.802 0.1000000015
21883  -46.057  -62.956  35.195 0.1000000015
21892  -47.303  -63.592  34.282 0.1000000015
17881  -45.678  -67.267  36.758 0.3000000119
17871  -45.555  -66.840  37.593 0.2000000030
17018  -45.872  -67.796  36.051 0.3000000119
17880  -44.519  -67.068  36.692 0.3000000119
18695  -43.734  -66.593  36.488 0.3000000119
17036  -44.215  -67.602  35.501 0.3000000119
20174  -42.708  -64.323  36.600 0.2000000030
19454  -42.858  -65.059  36.797 0.2000000030
21023  -42.234  -63.485  37.947 0.1000000015
21024  -42.540  -63.446  37.111 0.1000000015
21863  -42.099  -62.989  38.356 0.1000000015
21875  -43.024  -62.589  36.691 0.1000000015
21877  -44.586  -62.511  35.788 0.1000000015
22686  -43.122  -61.886  37.431 0.1000000015
22687  -43.789  -61.793  36.932 0.1000000015
22689  -45.975  -61.695  36.642 0.1000000015
17870  -44.790  -66.686  37.791 0.2000000030
18684  -43.682  -66.219  37.582 0.2000000030
18685  -44.179  -66.632  37.220 0.2000000030
19447  -42.859  -65.357  37.882 0.2000000030
20160  -42.377  -64.732  38.274 0.1000000015
20167  -42.506  -64.371  37.537 0.2000000030
21016  -41.908  -63.617  38.704 0.1000000015
21864  -42.493  -62.416  37.937 0.1000000015
22666  -44.586  -61.455  37.608 0.1000000015
22652  -42.487  -61.830  39.097 0.1000000015
22653  -42.872  -61.663  38.701 0.1000000015
22654  -43.652  -61.401  38.687 0.1000000015
22655  -44.423  -61.313  38.517 0.1000000015
22647  -42.218  -61.596  39.721 0.1000000015
23448  -42.125  -61.035  40.167 0.1000000015
22649  -43.420  -61.326  39.164 0.1000000015
9719  -42.948  -77.997  28.786 0.4000000060
10367  -42.870  -77.236  30.150 0.5000000000
11048  -41.417  -76.601  30.653 0.5000000000
10381  -43.402  -77.559  29.431 0.4000000060
10365  -41.012  -76.886  30.031 0.5000000000
10380  -42.379  -77.664  29.484 0.6000000238
9720  -43.956  -77.832  28.724 0.5000000000
11066  -45.081  -76.895  29.424 0.4000000060
8556  -44.069  -81.323  25.657 0.5000000000
9721  -44.545  -77.665  28.654 0.4000000060
9738  -42.476  -78.412  28.100 0.5000000000
9154  -45.025  -79.447  26.839 0.5000000000
9162  -43.576  -80.111  26.303 0.5000000000
8567  -42.096  -81.316  24.360 0.5000000000
9153  -43.902  -79.451  26.830 0.5000000000
11046  -40.113  -76.117  29.995 0.4000000060
11127  -39.518  -76.855  23.818 0.4000000060
11785  -39.633  -76.064  24.639 0.4000000060
12475  -40.343  -75.264  24.093 0.4000000060
9722  -47.039  -79.226  29.380 0.2000000030
11721  -44.927  -75.858  30.620 0.5000000000
12392  -39.526  -74.555  30.245 0.3000000119
10377  -40.004  -76.588  29.212 0.4000000060
9736  -40.987  -77.934  28.140 0.6000000238
14504  -38.724  -71.362  30.730 0.4000000060
13085  -39.207  -73.677  30.058 0.4000000060
11064  -39.822  -76.153  29.448 0.5000000000
10413  -40.373  -77.702  27.792 0.6000000238
9756  -41.848  -78.851  27.330 0.6000000238
9739  -43.594  -78.344  28.090 0.6000000238
9152  -42.740  -79.456  26.755 0.5000000000
9161  -42.305  -80.021  26.024 0.5000000000
12426  -39.326  -74.034  28.707 0.4000000060
11749  -39.284  -74.755  28.604 0.4000000060
10412  -39.945  -77.441  27.455 0.5000000000
9160  -41.476  -79.492  26.149 0.5000000000
9769  -41.815  -79.377  26.564 0.5000000000
9172  -41.023  -79.595  25.517 0.5000000000
13795  -38.998  -72.723  29.259 0.4000000060
16203  -38.581  -69.356  29.884 0.4000000060
11758  -39.258  -74.932  27.819 0.5000000000
10422  -39.755  -77.546  26.160 0.4000000060
9171  -40.514  -79.158  25.336 0.5000000000
13814  -39.442  -72.821  27.874 0.5000000000
11768  -39.311  -75.088  27.200 0.5000000000
11115  -39.485  -76.773  25.450 0.4000000060
10430  -39.646  -77.696  25.063 0.5000000000
13140  -39.863  -73.702  27.074 0.5000000000
12456  -39.790  -75.046  25.788 0.4000000060
12463  -39.752  -75.497  25.217 0.4000000060
13825  -40.838  -72.289  26.822 0.4000000060
13816  -40.199  -72.391  27.265 0.4000000060
12450  -40.349  -74.018  26.494 0.4000000060
15265  -41.786  -70.088  32.281 0.5000000000
9740  -44.831  -78.054  28.054 0.5000000000
17923  -39.165  -67.130  32.684 0.3000000119
17933  -38.528  -67.057  31.369 0.3000000119
17105  -38.459  -68.238  30.601 0.4000000060
18745  -38.488  -66.180  30.857 0.3000000119
20226  -38.475  -64.406  30.842 0.3000000119
19493  -38.678  -65.440  29.561 0.3000000119
18758  -38.703  -66.387  29.316 0.3000000119
17143  -38.913  -68.291  28.678 0.3000000119
16232  -39.674  -69.346  27.827 0.3000000119
15322  -39.225  -70.167  28.386 0.3000000119
14543  -40.422  -71.474  27.206 0.3000000119
17972  -39.220  -67.379  28.328 0.2000000030
15344  -41.489  -70.515  26.685 0.3000000119
14553  -41.923  -71.357  26.623 0.3000000119
13826  -41.613  -72.160  26.655 0.4000000060
13143  -41.942  -72.655  26.518 0.4000000060
16243  -42.533  -69.516  26.281 0.2000000030
15345  -42.227  -70.473  26.485 0.3000000119
14554  -42.629  -71.301  26.426 0.2000000030
17158  -41.634  -68.029  26.620 0.2000000030
17168  -42.910  -68.477  26.024 0.2000000030
19530  -43.911  -65.600  25.824 0.1000000015
13071  -45.167  -73.282  31.530 0.4000000060
11708  -45.659  -74.935  30.974 0.5000000000
11068  -47.035  -76.376  28.781 0.4000000060
10401  -45.710  -77.537  28.299 0.5000000000
14474  -42.047  -71.151  32.170 0.5000000000
17079  -41.263  -68.117  32.689 0.4000000060
20190  -39.152  -64.773  33.357 0.3000000119
21050  -39.406  -63.753  33.452 0.2000000030
21901  -38.818  -62.892  33.014 0.2000000030
22715  -40.229  -61.533  33.544 0.1000000015
21082  -38.458  -63.421  30.580 0.2000000030
23538  -38.622  -60.745  31.407 0.2000000030
20236  -38.645  -64.214  29.676 0.2000000030
21096  -38.833  -63.160  29.421 0.2000000030
19505  -39.362  -65.654  28.350 0.2000000030
19504  -38.910  -65.539  28.863 0.2000000030
18776  -40.333  -66.502  27.485 0.2000000030
21973  -39.479  -62.084  29.015 0.2000000030
20274  -39.730  -65.294  28.086 0.1000000015
17990  -40.674  -67.445  27.195 0.2000000030
21116  -40.190  -63.129  28.270 0.1000000015
20256  -40.530  -63.897  27.787 0.1000000015
19523  -40.791  -65.536  27.329 0.1000000015
20276  -41.267  -64.294  27.298 0.1000000015
21117  -41.140  -63.049  27.695 0.1000000015
19524  -41.771  -65.384  26.806 0.1000000015
18778  -41.929  -66.410  26.652 0.1000000015
19528  -42.411  -65.763  26.503 0.1000000015
18003  -43.446  -67.465  25.743 0.1000000015
21132  -42.024  -63.198  27.272 0.1000000015
19529  -43.139  -65.532  26.205 0.1000000015
18786  -43.301  -66.485  25.947 0.1000000015
21133  -43.184  -63.298  26.863 0.1000000015
21134  -44.307  -63.276  26.660 0.1000000015
22780  -45.757  -61.709  27.626 0.1000000015
11071  -49.417  -76.195  29.536 0.3000000119
11086  -48.944  -76.619  28.910 0.3000000119
12410  -49.485  -74.535  29.380 0.3000000119
13105  -48.802  -73.214  29.637 0.3000000119
11753  -49.321  -76.045  29.046 0.3000000119
11752  -48.758  -76.054  28.686 0.3000000119
11069  -47.899  -76.146  28.606 0.3000000119
11724  -47.653  -74.965  29.629 0.3000000119
12393  -46.875  -74.392  30.551 0.3000000119
13088  -48.224  -73.008  30.006 0.3000000119
13074  -47.382  -73.367  30.635 0.3000000119
11735  -47.151  -75.737  29.273 0.3000000119
13764  -44.624  -72.318  31.474 0.4000000060
14489  -46.085  -71.371  31.016 0.4000000060
14490  -46.694  -71.930  31.021 0.4000000060
13073  -46.843  -73.255  31.147 0.4000000060
17080  -42.147  -68.036  31.916 0.4000000060
14475  -43.070  -71.154  31.629 0.4000000060
14487  -44.091  -71.187  31.375 0.4000000060
17924  -42.002  -67.102  32.089 0.4000000060
20192  -41.075  -64.411  33.266 0.3000000119
21053  -42.129  -63.003  32.825 0.3000000119
24302  -41.015  -59.270  33.893 0.1000000015
24323  -39.212  -59.540  32.741 0.1000000015
23544  -38.806  -60.559  30.520 0.2000000030
26246  -40.114  -57.466  32.692 0.1000000015
25261  -39.063  -58.704  31.038 0.2000000030
23545  -39.130  -60.176  29.890 0.1000000015
23553  -39.684  -60.495  29.349 0.1000000015
21974  -40.000  -62.207  28.631 0.1000000015
22758  -40.501  -61.414  28.603 0.1000000015
23565  -40.909  -60.486  28.660 0.1000000015
21118  -41.704  -62.625  27.529 0.1000000015
22760  -42.051  -61.277  27.797 0.1000000015
22777  -42.885  -61.447  27.593 0.1000000015
22778  -43.742  -61.616  27.459 0.1000000015
23569  -45.106  -60.296  28.244 0.1000000015
13090  -50.185  -73.157  29.595 0.2000000030
13107  -50.219  -72.756  29.549 0.2000000030
12384  -49.619  -74.822  30.508 0.2000000030
13785  -48.370  -72.364  29.882 0.3000000119
16176  -44.139  -68.655  30.543 0.3000000119
22717  -42.232  -61.606  33.396 0.1000000015
25224  -41.402  -58.602  33.917 0.1000000015
23500  -42.235  -59.971  33.891 0.1000000015
25226  -43.103  -58.309  34.266 0.1000000015
25225  -42.055  -58.197  34.089 0.1000000015
25247  -40.820  -58.280  33.618 0.1000000015
26249  -42.135  -57.199  33.921 0.1000000015
26247  -40.615  -57.154  33.082 0.1000000015
26269  -39.561  -57.734  31.365 0.1000000015
25283  -39.963  -58.880  29.696 0.1000000015
25284  -40.582  -58.625  29.493 0.1000000015
26295  -40.875  -57.608  29.656 0.1000000015
14522  -50.881  -71.412  29.690 0.2000000030
16210  -52.159  -69.079  29.622 0.2000000030
15312  -50.633  -70.336  29.423 0.2000000030
18737  -43.487  -66.378  31.220 0.3000000119
17091  -43.788  -67.555  30.656 0.3000000119
17106  -44.478  -67.666  30.330 0.3000000119
16190  -44.629  -68.017  30.121 0.3000000119
20193  -44.592  -64.912  32.875 0.3000000119
23520  -42.687  -60.814  33.594 0.1000000015
23502  -44.104  -60.164  33.924 0.1000000015
25227  -44.090  -58.403  34.393 0.1000000015
26227  -44.593  -57.564  34.452 0.1000000015
27201  -45.057  -56.743  34.427 0.1000000015
27202  -46.013  -56.712  34.465 0.1000000015
28178  -45.476  -55.941  34.279 0.1000000015
28179  -46.423  -55.907  34.294 0.1000000015
28175  -43.222  -56.221  33.991 0.1000000015
28189  -43.969  -55.393  33.826 0.1000000015
28191  -45.876  -55.205  33.938 0.1000000015
28190  -44.914  -55.271  33.898 0.1000000015
29043  -47.313  -54.526  33.596 0.1000000015
29044  -48.293  -54.549  33.610 0.1000000015
29806  -48.700  -53.794  33.280 0.1000000015
27211  -41.382  -56.393  33.201 0.1000000015
28188  -42.993  -55.703  33.728 0.1000000015
29038  -42.692  -55.008  33.306 0.1000000015
29041  -45.258  -54.511  33.566 0.1000000015
29039  -43.358  -54.738  33.379 0.1000000015
29804  -46.750  -53.748  33.236 0.1000000015
29823  -49.144  -53.367  33.091 0.1000000015
27226  -40.631  -56.333  32.406 0.1000000015
28207  -41.899  -54.935  32.605 0.1000000015
27231  -40.443  -56.239  31.575 0.1000000015
27236  -41.077  -56.030  30.353 0.1000000015
26296  -41.876  -57.406  29.375 0.1000000015
17097  -49.731  -68.064  31.043 0.2000000030
17959  -51.021  -67.529  29.537 0.2000000030
16157  -49.510  -68.510  33.101 0.3000000119
17094  -46.430  -67.449  30.300 0.3000000119
17927  -44.456  -66.870  31.763 0.3000000119
16165  -45.999  -68.014  31.456 0.3000000119
16166  -46.640  -68.184  31.306 0.3000000119
17095  -47.261  -67.623  30.147 0.3000000119
20194  -44.936  -64.763  33.312 0.2000000030
18722  -44.230  -65.983  32.896 0.3000000119
24306  -44.578  -59.341  34.289 0.1000000015
25228  -45.071  -58.455  34.466 0.1000000015
29820  -43.558  -53.618  32.630 0.1000000015
29821  -44.683  -53.144  32.769 0.1000000015
30582  -46.783  -52.250  32.751 0.1000000015
29837  -42.833  -53.566  32.087 0.1000000015
30579  -44.065  -52.560  32.234 0.1000000015
29838  -43.371  -52.982  32.034 0.1000000015
29076  -41.461  -54.884  31.213 0.1000000015
29080  -42.430  -54.383  30.407 0.1000000015
28221  -42.071  -55.327  30.002 0.1000000015
28222  -43.227  -55.368  29.523 0.1000000015
17069  -49.312  -68.328  33.718 0.3000000119
17058  -50.294  -67.451  33.832 0.3000000119
17056  -48.745  -68.258  34.407 0.3000000119
16146  -48.085  -68.931  33.842 0.3000000119
16167  -47.621  -68.768  31.834 0.3000000119
16154  -46.918  -68.882  32.587 0.3000000119
17916  -44.527  -67.266  32.503 0.3000000119
17068  -45.276  -68.231  32.676 0.3000000119
17067  -44.619  -67.853  33.252 0.3000000119
16144  -46.290  -68.952  33.392 0.3000000119
19464  -44.258  -65.404  34.231 0.3000000119
20182  -44.190  -64.603  34.704 0.2000000030
21042  -45.870  -64.187  34.151 0.2000000030
21909  -47.052  -63.005  32.741 0.2000000030
23524  -46.769  -61.270  33.406 0.2000000030
18699  -50.524  -66.220  36.269 0.1000000015
17883  -47.648  -66.986  36.563 0.2000000030
17896  -47.866  -67.486  35.707 0.3000000119
16145  -47.245  -69.069  33.688 0.3000000119
17054  -46.686  -68.830  34.480 0.3000000119
18707  -43.598  -66.601  35.311 0.3000000119
21040  -44.504  -64.179  34.720 0.2000000030
21037  -44.554  -63.618  35.016 0.1000000015
21891  -46.458  -63.613  34.552 0.2000000030
17882  -46.617  -67.343  36.601 0.3000000119
17019  -46.436  -67.782  36.004 0.3000000119
19461  -42.885  -64.883  36.208 0.2000000030
20178  -42.965  -64.519  35.841 0.2000000030
21035  -43.253  -63.962  35.561 0.2000000030
21881  -44.204  -63.054  35.451 0.1000000015
21032  -42.871  -63.641  36.206 0.1000000015
22700  -45.566  -62.305  35.822 0.1000000015
17879  -43.980  -67.033  36.343 0.3000000119
19455  -43.288  -65.750  36.997 0.2000000030
20166  -42.185  -64.145  38.229 0.1000000015
21856  -42.439  -62.089  38.662 0.1000000015
22688  -44.837  -61.871  36.461 0.1000000015
18670  -43.726  -66.418  38.693 0.2000000030
19448  -43.273  -65.825  37.636 0.2000000030
20159  -41.998  -64.503  38.755 0.1000000015
22665  -43.749  -61.519  37.860 0.1000000015
22648  -42.943  -61.347  39.445 0.1000000015
7924  -42.538  -82.094  24.196 0.3000000119
6534  -42.674  -84.145  23.551 0.3000000119
7213  -42.716  -82.845  23.922 0.3000000119
6551  -39.294  -85.031  23.117 0.2000000030
6550  -38.713  -84.061  22.988 0.2000000030
5896  -42.444  -84.924  23.789 0.4000000060
5335  -41.657  -85.626  23.509 0.3000000119
7943  -42.153  -82.315  23.608 0.4000000060
5895  -42.091  -85.257  23.603 0.3000000119
5871  -41.036  -85.379  24.186 0.3000000119
7923  -41.935  -81.625  23.872 0.4000000060
7244  -41.935  -83.526  22.878 0.4000000060
5334  -40.860  -85.960  23.568 0.3000000119
5911  -39.395  -85.818  22.883 0.2000000030
7228  -41.726  -82.583  23.053 0.4000000060
5931  -40.818  -85.813  21.980 0.4000000060
8579  -40.794  -81.058  23.277 0.4000000060
9187  -40.608  -80.368  23.710 0.4000000060
6552  -41.536  -84.098  22.343 0.4000000060
5348  -40.822  -86.280  22.611 0.3000000119
4826  -39.014  -86.858  21.784 0.3000000119
7960  -40.979  -81.878  22.726 0.4000000060
6569  -40.953  -84.826  21.787 0.3000000119
4816  -40.085  -86.742  21.954 0.4000000060
8578  -40.330  -80.321  23.000 0.4000000060
7256  -40.866  -83.538  21.821 0.4000000060
5930  -40.173  -85.782  21.275 0.3000000119
7959  -40.547  -81.472  22.168 0.4000000060
7974  -40.724  -82.355  21.974 0.4000000060
6568  -40.235  -84.235  21.227 0.4000000060
9193  -39.823  -79.544  22.605 0.4000000060
7255  -40.230  -82.831  21.305 0.4000000060
7271  -39.533  -83.477  20.601 0.3000000119
9786  -39.562  -78.454  23.282 0.4000000060
8592  -40.183  -80.630  22.055 0.4000000060
7973  -40.255  -81.645  21.538 0.4000000060
9200  -39.707  -79.854  21.428 0.4000000060
8606  -39.893  -80.944  21.228 0.4000000060
7984  -39.700  -81.943  20.780 0.4000000060
9789  -39.511  -78.682  22.134 0.4000000060
8622  -39.586  -80.888  20.512 0.4000000060
8621  -39.393  -81.656  20.313 0.4000000060
7983  -39.147  -82.449  20.052 0.3000000119
7270  -39.039  -83.636  19.933 0.2000000030
10449  -39.449  -77.833  22.633 0.3000000119
9797  -39.595  -78.796  21.154 0.4000000060
9209  -39.695  -79.756  20.407 0.4000000060
8640  -39.516  -80.773  19.604 0.4000000060
7998  -39.086  -81.986  19.255 0.2000000030
6623  -39.498  -83.907  18.189 0.3000000119
11139  -39.669  -76.918  22.774 0.3000000119
10462  -39.672  -77.732  21.750 0.3000000119
8015  -39.459  -82.086  18.631 0.2000000030
7309  -39.149  -82.990  18.649 0.2000000030
5985  -39.973  -84.792  17.731 0.2000000030
11812  -40.144  -76.195  22.943 0.3000000119
11156  -39.996  -76.972  22.016 0.3000000119
9807  -40.075  -78.723  20.312 0.4000000060
8656  -39.954  -80.651  18.889 0.1000000015
11796  -41.317  -75.309  23.268 0.3000000119
11157  -40.666  -76.706  21.728 0.3000000119
10481  -40.381  -77.615  20.967 0.2000000030
9830  -40.579  -78.860  19.738 0.2000000030
7310  -39.796  -82.739  18.197 0.1000000015
5986  -40.739  -84.263  17.497 0.2000000030
11159  -42.607  -76.708  21.480 0.2000000030
10482  -41.368  -77.652  20.535 0.2000000030
9831  -41.457  -78.558  19.698 0.1000000015
8657  -40.568  -80.717  18.543 0.1000000015
7311  -40.706  -82.483  17.938 0.1000000015
6624  -40.308  -83.599  17.789 0.1000000015
12477  -41.853  -74.726  23.977 0.2000000030
11814  -41.787  -75.744  22.559 0.3000000119
11832  -42.207  -76.228  22.002 0.3000000119
13156  -42.963  -73.682  25.436 0.2000000030
12478  -42.999  -74.715  23.845 0.1000000015
11797  -42.356  -75.257  23.184 0.3000000119
11815  -42.797  -75.826  22.481 0.2000000030
10504  -41.720  -78.059  20.167 0.1000000015
9243  -41.494  -79.804  18.795 0.1000000015
7312  -41.859  -82.245  18.104 0.1000000015
6625  -41.311  -83.412  17.638 0.1000000015
12467  -43.592  -74.216  24.647 0.2000000030
11798  -43.459  -75.435  23.104 0.2000000030
11833  -43.133  -76.409  21.968 0.1000000015
11178  -42.949  -77.230  21.037 0.1000000015
9832  -42.434  -78.877  19.511 0.1000000015
9833  -43.374  -79.242  19.666 0.1000000015
8641  -41.943  -81.124  18.417 0.1000000015
6626  -42.095  -83.003  17.733 0.1000000015
6653  -42.142  -83.659  17.073 0.1000000015
12479  -44.303  -74.918  23.745 0.1000000015
11816  -43.860  -76.371  22.430 0.2000000030
11141  -44.092  -76.830  22.144 0.1000000015
10484  -43.529  -77.824  20.820 0.1000000015
8642  -42.400  -80.820  18.582 0.1000000015
8001  -42.958  -81.617  18.491 0.1000000015
6640  -42.381  -82.967  17.449 0.1000000015
6668  -41.667  -83.761  16.553 0.1000000015
11161  -44.550  -77.430  21.889 0.1000000015
9211  -44.551  -79.664  20.034 0.1000000015
9228  -43.913  -80.054  19.496 0.1000000015
7355  -43.284  -81.923  17.319 0.1000000015
7373  -42.240  -82.677  16.599 0.1000000015
8644  -44.308  -80.739  19.060 0.1000000015
21910  -48.228  -62.963  33.012 0.2000000030
13148  -43.303  -73.010  25.933 0.2000000030
13149  -43.840  -72.771  25.855 0.1000000015
12468  -44.679  -74.185  24.495 0.1000000015
11799  -44.459  -75.764  23.142 0.1000000015
11142  -44.709  -77.050  22.310 0.1000000015
10465  -44.702  -77.907  21.554 0.1000000015
7313  -42.783  -82.398  18.104 0.1000000015
8643  -43.387  -80.770  18.867 0.1000000015
9798  -45.391  -78.688  21.247 0.1000000015
6554  -42.319  -84.604  23.348 0.3000000119
7229  -42.374  -83.240  23.393 0.4000000060
5333  -40.317  -85.879  23.439 0.3000000119
5349  -41.619  -85.700  22.975 0.3000000119
5912  -41.534  -85.268  22.510 0.3000000119
5347  -39.985  -86.367  22.893 0.3000000119
7243  -41.337  -82.969  22.426 0.4000000060
5361  -40.309  -86.449  21.833 0.3000000119
8639  -39.260  -81.505  19.954 0.2000000030
7288  -38.878  -83.281  19.330 0.2000000030
10480  -39.791  -78.167  21.000 0.3000000119
9829  -40.246  -79.056  19.833 0.2000000030
11813  -40.788  -75.933  22.558 0.3000000119
10463  -40.137  -77.236  21.604 0.3000000119
9224  -40.194  -79.664  19.491 0.2000000030
8016  -40.082  -81.589  18.377 0.1000000015
11176  -41.177  -77.081  21.103 0.2000000030
9809  -41.323  -78.123  20.172 0.2000000030
9225  -40.997  -79.267  19.162 0.1000000015
9226  -41.837  -79.286  19.106 0.1000000015
8017  -41.037  -81.470  18.160 0.1000000015
8659  -42.013  -80.136  18.686 0.1000000015
7290  -42.445  -82.018  18.272 0.1000000015
6639  -41.870  -83.663  17.353 0.1000000015
11179  -43.398  -77.362  21.172 0.1000000015
9810  -42.999  -78.428  20.063 0.1000000015
9227  -42.707  -79.821  19.003 0.1000000015
6669  -42.175  -83.400  16.834 0.1000000015
9811  -44.010  -78.917  20.298 0.1000000015
10450  -45.076  -77.677  21.987 0.1000000015
7847  -44.209  -82.138  28.615 0.3000000119
7143  -44.174  -82.617  28.191 0.2000000030
7142  -43.247  -83.052  28.412 0.3000000119
7159  -43.927  -83.373  27.240 0.2000000030
7849  -45.791  -81.195  27.933 0.4000000060
7848  -44.940  -81.707  28.246 0.2000000030
7160  -44.660  -82.786  27.281 0.3000000119
7158  -42.882  -83.342  27.670 0.2000000030
6464  -43.227  -83.666  26.884 0.2000000030
7157  -41.971  -82.832  27.627 0.1000000015
7180  -42.519  -83.382  27.008 0.2000000030
7179  -41.691  -83.133  26.472 0.1000000015
7181  -43.979  -83.654  26.204 0.3000000119
6491  -42.543  -84.374  25.538 0.2000000030
7178  -40.730  -82.527  26.423 0.1000000015
7196  -41.586  -83.606  25.745 0.1000000015
7195  -40.751  -83.154  25.347 0.1000000015
7884  -39.391  -82.211  26.304 0.1000000015
7885  -40.191  -82.322  25.947 0.1000000015
7194  -40.235  -82.820  25.018 0.1000000015
7901  -38.714  -82.000  25.552 0.1000000015
7902  -39.803  -82.402  25.285 0.1000000015
7199  -44.679  -82.435  25.724 0.3000000119
6492  -43.397  -84.159  25.557 0.2000000030
5851  -42.288  -84.697  24.956 0.2000000030
6478  -42.091  -83.880  25.864 0.2000000030
6490  -41.692  -84.229  25.254 0.2000000030
7210  -39.160  -82.624  24.261 0.1000000015
7920  -38.023  -81.724  24.806 0.1000000015
7905  -43.293  -82.289  24.765 0.2000000030
7198  -44.019  -83.209  25.171 0.3000000119
5852  -42.883  -84.613  25.027 0.2000000030
6509  -40.677  -84.272  24.466 0.2000000030
7211  -40.057  -83.188  24.517 0.1000000015
7941  -38.387  -82.109  24.123 0.1000000015
7214  -43.282  -83.375  24.368 0.3000000119
5319  -42.338  -85.219  24.021 0.3000000119
8555  -43.410  -81.376  25.344 0.2000000030
5894  -40.441  -85.203  23.849 0.2000000030
6531  -39.842  -84.243  23.763 0.1000000015
7225  -37.879  -82.318  23.387 0.1000000015
7226  -38.706  -82.936  23.562 0.1000000015
7241  -37.461  -82.648  22.635 0.1000000015
7197  -43.626  -82.969  24.707 0.2000000030
5909  -38.030  -84.771  22.265 0.1000000015
5910  -38.700  -85.456  22.561 0.1000000015
7254  -37.046  -83.162  21.911 0.1000000015
6549  -37.775  -83.647  22.408 0.1000000015
5359  -38.377  -86.309  21.996 0.1000000015
5928  -37.710  -85.569  21.665 0.1000000015
5358  -37.993  -86.547  21.355 0.1000000015
7982  -35.841  -81.988  21.048 0.1000000015
6567  -37.374  -84.308  21.708 0.1000000015
5380  -39.522  -86.597  21.093 0.3000000119
6584  -36.482  -84.496  20.111 0.1000000015
7906  -44.348  -82.028  25.457 0.3000000119
7865  -45.271  -82.320  27.090 0.3000000119
7182  -44.677  -82.892  26.344 0.2000000030
5874  -43.061  -84.541  24.671 0.3000000119
6530  -39.154  -83.594  23.545 0.1000000015
7242  -38.131  -83.063  22.954 0.1000000015
5872  -41.658  -84.980  24.552 0.2000000030
6512  -43.449  -84.008  24.793 0.3000000119
6508  -40.210  -83.880  24.227 0.1000000015
7240  -36.746  -82.161  22.224 0.1000000015
7253  -36.361  -82.585  21.416 0.1000000015
6585  -37.039  -85.043  21.013 0.1000000015
7972  -36.117  -81.707  21.764 0.1000000015
6566  -36.648  -83.739  21.112 0.1000000015
4836  -38.849  -86.880  21.131 0.2000000030
5400  -37.075  -86.311  19.074 0.1000000015
5428  -37.042  -86.182  18.176 0.1000000015
5416  -37.467  -86.533  18.559 0.2000000030
5997  -36.829  -85.351  17.490 0.1000000015
5402  -38.420  -86.342  19.718 0.2000000030
5401  -37.773  -86.557  19.342 0.2000000030
5429  -37.617  -86.451  17.669 0.2000000030
5417  -38.583  -86.415  18.511 0.1000000015
5998  -37.411  -85.951  16.877 0.1000000015
5430  -38.279  -86.690  17.759 0.2000000030
5379  -38.920  -86.632  20.574 0.2000000030
5442  -37.920  -86.400  16.821 0.1000000015
4880  -38.538  -86.583  17.394 0.1000000015
5952  -39.478  -86.048  20.672 0.2000000030
5951  -39.012  -85.654  20.060 0.2000000030
4871  -39.030  -86.399  17.986 0.1000000015
5968  -38.804  -85.824  19.303 0.1000000015
5984  -39.312  -85.176  18.384 0.1000000015
6587  -39.619  -84.973  20.621 0.2000000030
6605  -38.905  -84.651  19.471 0.2000000030
5418  -39.466  -85.924  17.864 0.1000000015
5983  -38.960  -85.341  18.877 0.1000000015
6586  -39.165  -84.476  20.144 0.2000000030
5431  -39.707  -85.938  17.290 0.1000000015
5378  -37.972  -86.672  20.483 0.1000000015
5377  -37.274  -86.323  19.747 0.1000000015
7131  -43.263  -82.632  29.354 0.1000000015
11726  -49.633  -75.653  29.987 0.2000000030
11040  -48.831  -76.418  30.612 0.1000000015
17086  -51.784  -66.913  31.745 0.1000000015
14492  -51.485  -70.488  30.966 0.1000000015
13770  -50.331  -72.510  30.706 0.1000000015
17960  -51.639  -67.618  29.461 0.1000000015
17918  -52.311  -66.425  32.834 0.2000000030
17928  -52.568  -66.276  31.423 0.1000000015
16182  -53.233  -68.998  31.495 0.1000000015
17917  -51.419  -66.986  33.141 0.2000000030
17099  -52.061  -66.727  31.037 0.1000000015
17938  -52.485  -66.651  30.447 0.1000000015
17115  -53.941  -68.177  29.687 0.1000000015
16211  -52.805  -68.606  30.200 0.1000000015
15298  -52.501  -69.402  31.142 0.1000000015
8513  -45.861  -80.326  28.770 0.2000000030
11054  -48.639  -76.915  30.340 0.1000000015
16194  -52.387  -69.410  30.305 0.1000000015
17133  -52.678  -68.309  29.710 0.1000000015
17937  -51.873  -67.003  30.112 0.1000000015
17906  -50.170  -67.180  34.489 0.2000000030
11725  -49.501  -76.118  30.077 0.1000000015
14491  -50.967  -70.945  31.299 0.1000000015
15281  -51.834  -70.183  31.669 0.1000000015
17114  -52.643  -67.682  29.619 0.1000000015
17939  -53.692  -65.840  30.843 0.1000000015
8512  -44.800  -80.601  29.269 0.1000000015
7841  -44.442  -81.333  29.057 0.1000000015
17861  -44.620  -66.714  38.782 0.1000000015
17862  -45.528  -66.743  38.564 0.1000000015
17863  -46.300  -66.687  38.327 0.1000000015
18672  -46.971  -66.599  38.262 0.1000000015
18674  -48.749  -66.381  38.407 0.1000000015
17872  -46.501  -66.837  37.490 0.1000000015
17873  -47.188  -66.826  37.187 0.1000000015
17838  -45.057  -67.292  40.537 0.1000000015
17839  -46.099  -67.287  40.406 0.1000000015
17852  -47.717  -66.768  39.748 0.1000000015
17849  -44.533  -66.877  39.726 0.1000000015
17850  -45.390  -66.931  39.564 0.1000000015
18659  -47.320  -66.592  38.934 0.1000000015
18660  -48.287  -66.547  39.135 0.1000000015
18661  -49.506  -66.465  39.406 0.1000000015
17848  -43.829  -66.700  39.676 0.1000000015
17825  -46.764  -67.700  41.248 0.1000000015
17837  -44.105  -67.117  40.537 0.1000000015
17824  -45.719  -67.746  41.335 0.1000000015
17840  -47.192  -67.224  40.425 0.1000000015
17841  -48.331  -67.186  40.531 0.1000000015
18657  -43.144  -66.397  39.513 0.1000000015
18656  -42.425  -66.018  39.564 0.1000000015
17813  -44.195  -67.755  42.728 0.1000000015
17823  -44.535  -67.729  41.686 0.1000000015
16951  -45.520  -68.128  42.154 0.1000000015
17812  -43.521  -67.482  42.268 0.1000000015
17822  -43.455  -67.225  41.268 0.1000000015
18647  -42.743  -66.426  40.067 0.1000000015
18669  -42.925  -65.944  38.764 0.1000000015
22722  -47.491  -62.152  32.899 0.1000000015
23505  -47.177  -60.383  33.892 0.1000000015
18646  -42.220  -66.231  40.483 0.1000000015
19434  -42.048  -65.596  39.508 0.1000000015
21044  -47.311  -63.718  33.631 0.1000000015
23504  -46.134  -60.341  33.924 0.1000000015
24310  -48.641  -59.524  34.338 0.1000000015
24309  -47.610  -59.451  34.264 0.1000000015
16929  -45.025  -68.094  42.938 0.1000000015
16930  -46.058  -68.423  42.910 0.1000000015
24308  -46.592  -59.427  34.289 0.1000000015
18697  -48.514  -66.575  36.915 0.1000000015
18688  -49.128  -66.333  37.581 0.1000000015
18686  -47.264  -66.609  37.759 0.1000000015
17851  -46.525  -66.800  39.349 0.1000000015
18673  -47.746  -66.492  38.341 0.1000000015
18675  -49.944  -66.118  38.411 0.1000000015
17836  -43.254  -66.748  40.360 0.1000000015
17821  -42.750  -66.743  40.988 0.1000000015
23525  -47.837  -61.273  33.350 0.1000000015
13831  -43.546  -72.214  26.112 0.1000000015
14558  -43.963  -71.382  25.872 0.1000000015
14555  -43.292  -71.311  26.187 0.1000000015
7822  -42.832  -82.590  32.878 0.1000000015
7117  -42.725  -83.472  31.905 0.1000000015
7123  -42.958  -82.931  30.673 0.1000000015
7816  -43.197  -82.891  33.861 0.1000000015
7112  -42.630  -83.765  32.984 0.1000000015
6424  -42.523  -84.687  32.035 0.1000000015
7828  -42.905  -82.418  31.529 0.1000000015
7805  -43.105  -82.563  34.611 0.1000000015
7817  -43.561  -82.024  33.753 0.1000000015
8489  -42.957  -81.678  32.300 0.1000000015
7804  -42.041  -82.504  34.583 0.1000000015
8474  -42.862  -81.456  34.912 0.1000000015
8482  -44.361  -81.239  34.381 0.1000000015
9083  -42.257  -80.289  34.728 0.1000000015
8475  -44.175  -81.406  35.016 0.1000000015
12979  -42.343  -73.595  40.431 0.1000000015
13679  -41.762  -72.899  39.907 0.1000000015
13693  -38.810  -73.099  38.665 0.1000000015
13009  -38.397  -73.272  37.971 0.1000000015
13016  -38.086  -73.727  37.200 0.1000000015
12325  -38.505  -73.995  36.584 0.1000000015
7833  -43.206  -82.034  30.383 0.1000000015
12324  -37.552  -74.157  36.611 0.1000000015
12335  -39.109  -74.491  36.125 0.1000000015
8473  -41.766  -81.225  34.647 0.1000000015
9082  -41.150  -80.135  34.587 0.1000000015
7130  -42.524  -82.854  29.395 0.1000000015
11661  -37.345  -75.057  35.365 0.1000000015
11003  -38.128  -76.665  34.496 0.1000000015
10322  -39.629  -78.094  34.556 0.1000000015
9672  -41.537  -79.172  34.623 0.1000000015
9673  -42.729  -79.249  34.598 0.1000000015
9084  -43.510  -80.377  34.937 0.1000000015
7141  -42.322  -82.841  28.515 0.1000000015
11670  -36.432  -75.219  34.829 0.1000000015
10334  -38.470  -78.067  33.477 0.1000000015
10323  -40.847  -78.110  34.846 0.1000000015
10324  -41.954  -78.140  34.563 0.1000000015
13678  -40.666  -73.048  40.070 0.1000000015
13688  -40.077  -72.649  39.378 0.1000000015
13694  -39.483  -72.628  38.642 0.1000000015
9105  -43.859  -80.069  32.708 0.1000000015
9114  -43.742  -79.812  31.135 0.1000000015
8495  -43.042  -81.521  31.057 0.1000000015
13010  -39.019  -72.916  37.709 0.1000000015
12326  -39.053  -73.848  36.532 0.1000000015
13017  -39.200  -73.153  36.976 0.1000000015
7839  -43.221  -82.350  29.889 0.1000000015
11004  -39.152  -76.709  35.122 0.1000000015
11005  -40.278  -76.964  35.173 0.1000000015
11664  -40.384  -75.828  35.369 0.1000000015
11674  -40.996  -76.357  35.102 0.1000000015
11006  -41.342  -77.135  34.845 0.1000000015
10325  -43.142  -78.162  34.471 0.1000000015
14407  -42.351  -72.407  39.537 0.1000000015
13690  -41.725  -72.323  39.348 0.1000000015
14408  -43.159  -72.069  39.686 0.1000000015
14409  -44.156  -71.864  40.301 0.1000000015
9106  -44.448  -79.218  32.073 0.1000000015
13689  -41.018  -72.501  39.455 0.1000000015
14419  -41.334  -71.706  38.268 0.1000000015
9098  -44.527  -80.651  33.848 0.1000000015
9115  -44.895  -79.397  30.364 0.1000000015
14418  -40.560  -72.088  38.381 0.1000000015
9092  -45.033  -80.493  34.551 0.1000000015
8505  -44.194  -80.109  30.167 0.1000000015
13707  -39.973  -72.284  37.489 0.1000000015
13018  -39.917  -72.844  36.568 0.1000000015
12336  -40.135  -74.743  35.664 0.1000000015
10996  -39.686  -76.331  35.362 0.1000000015
11663  -39.292  -75.809  35.507 0.1000000015
11675  -41.729  -76.219  34.716 0.1000000015
11007  -42.370  -77.110  34.513 0.1000000015
12337  -41.026  -74.886  35.206 0.1000000015
11665  -41.216  -75.670  35.043 0.1000000015
15178  -43.631  -71.273  39.771 0.1000000015
9099  -44.777  -79.763  33.488 0.1000000015
14414  -42.197  -71.745  39.011 0.1000000015
14415  -43.043  -71.314  39.277 0.1000000015
15179  -44.422  -70.756  40.242 0.1000000015
15180  -45.794  -70.762  40.916 0.1000000015
9676  -45.703  -78.613  34.282 0.1000000015
9682  -45.526  -79.355  34.054 0.1000000015
9697  -45.241  -78.623  31.538 0.1000000015
14420  -42.114  -71.275  38.185 0.1000000015
15192  -42.739  -71.095  38.752 0.1000000015
9085  -44.639  -80.349  35.059 0.1000000015
7834  -43.416  -81.547  30.027 0.1000000015
14430  -40.579  -71.920  37.596 0.1000000015
14431  -41.447  -71.505  37.483 0.1000000015
11008  -43.503  -77.082  34.377 0.1000000015
9674  -43.984  -79.284  34.736 0.1000000015
13715  -40.041  -72.360  36.961 0.1000000015
12343  -41.952  -75.128  34.702 0.1000000015
13024  -40.030  -73.509  36.119 0.1000000015
13025  -40.885  -73.905  35.428 0.1000000015
15194  -44.444  -70.104  39.576 0.1000000015
15193  -43.547  -70.487  39.117 0.1000000015
10327  -45.362  -78.018  34.427 0.1000000015
9126  -45.674  -79.849  29.375 0.1000000015
11676  -42.728  -76.073  34.443 0.1000000015
11009  -44.637  -77.064  34.347 0.1000000015
13732  -41.417  -73.508  35.229 0.1000000015
14452  -41.163  -71.967  36.161 0.1000000015
13719  -40.484  -72.488  36.308 0.1000000015
13720  -41.222  -72.795  35.562 0.1000000015
11010  -45.647  -77.006  34.441 0.1000000015
10337  -46.419  -77.244  33.635 0.1000000015
15200  -42.821  -70.750  38.161 0.1000000015
12344  -43.103  -75.033  34.332 0.1000000015
11677  -43.852  -76.033  34.291 0.1000000015
11678  -44.962  -76.047  34.346 0.1000000015
14432  -42.278  -71.116  37.406 0.1000000015
13034  -42.495  -74.096  34.630 0.1000000015
14445  -41.689  -71.499  36.695 0.1000000015
13721  -42.394  -72.457  35.294 0.1000000015
13734  -42.963  -73.176  34.787 0.1000000015
14453  -41.962  -71.817  35.909 0.1000000015
11011  -46.395  -76.880  34.409 0.1000000015
11019  -46.770  -76.752  33.979 0.1000000015
12346  -45.344  -75.089  34.310 0.1000000015
12347  -46.341  -75.169  34.416 0.1000000015
16087  -44.061  -70.010  38.424 0.1000000015
13735  -44.047  -73.154  34.720 0.1000000015
13036  -44.682  -74.091  34.436 0.1000000015
13035  -43.568  -74.056  34.457 0.1000000015
12354  -47.368  -75.160  33.738 0.1000000015
13037  -45.777  -74.215  34.571 0.1000000015
13038  -46.809  -74.402  34.861 0.1000000015
16069  -44.283  -69.936  39.016 0.1000000015
13722  -43.470  -72.327  35.181 0.1000000015
14446  -42.654  -71.184  36.571 0.1000000015
12349  -47.975  -74.760  34.304 0.1000000015
15207  -43.060  -70.694  37.378 0.1000000015
14410  -45.043  -71.618  40.690 0.1000000015
15169  -48.249  -71.011  41.389 0.1000000015
16038  -47.707  -70.227  41.082 0.1000000015
15181  -46.787  -70.201  40.932 0.1000000015
15167  -46.381  -71.491  41.146 0.1000000015
13687  -39.139  -73.202  39.360 0.1000000015
13023  -39.356  -73.751  36.442 0.1000000015
12334  -37.980  -74.595  36.016 0.1000000015
11662  -38.291  -75.363  35.511 0.1000000015
11672  -38.547  -76.141  35.150 0.1000000015
11673  -38.984  -76.238  35.318 0.1000000015
10321  -38.704  -77.513  34.316 0.1000000015
9670  -39.789  -79.244  34.186 0.1000000015
9671  -40.504  -79.111  34.544 0.1000000015
9090  -40.180  -80.487  33.852 0.1000000015
13695  -40.128  -72.345  38.743 0.1000000015
10328  -46.162  -77.747  34.184 0.1000000015
10326  -44.338  -78.161  34.465 0.1000000015
11679  -45.948  -76.071  34.458 0.1000000015
12345  -44.242  -75.030  34.268 0.1000000015
11680  -46.721  -76.065  34.367 0.1000000015
15168  -47.064  -71.074  41.305 0.1000000015
3947  -33.299  -88.601  14.527 0.1000000015
3486  -33.519  -89.136  15.171 0.1000000015
4000  -30.954  -88.534  8.892 0.1000000015
3546  -31.063  -89.044  9.385 0.1000000015
3991  -32.182  -88.551  10.074 0.1000000015
3539  -32.197  -89.189  10.809 0.1000000015
3510  -32.888  -89.365  13.275 0.1000000015
4459  -30.570  -88.345  8.868 0.1000000015
4440  -30.614  -86.975  9.644 0.1000000015
5506  -30.981  -85.792  9.904 0.1000000015
4413  -33.223  -87.810  14.751 0.1000000015
4405  -33.214  -87.683  15.806 0.1000000015
3958  -33.277  -88.596  13.235 0.1000000015
3530  -32.509  -89.334  11.580 0.1000000015
3970  -33.014  -88.977  12.223 0.1000000015
3939  -33.598  -88.682  15.676 0.1000000015
4001  -31.797  -88.087  9.189 0.1000000015
3520  -32.390  -89.738  12.481 0.1000000015
3529  -31.725  -89.829  11.407 0.1000000015
4460  -31.194  -87.535  8.630 0.1000000015
4956  -31.036  -86.540  8.638 0.1000000015
5514  -31.106  -85.666  8.997 0.1000000015
6098  -31.433  -84.574  9.891 0.1000000015
7969  -32.068  -82.009  21.408 0.1000000015
6620  -32.204  -83.534  19.088 0.1000000015
7993  -32.060  -82.114  19.780 0.1000000015
4909  -32.974  -86.874  14.971 0.1000000015
4899  -32.771  -86.702  16.041 0.1000000015
4888  -32.854  -86.262  17.043 0.1000000015
5427  -32.699  -85.650  17.743 0.1000000015
5426  -32.502  -84.898  18.146 0.1000000015
5996  -32.335  -84.143  18.500 0.1000000015
4420  -33.309  -87.834  13.694 0.1000000015
3932  -33.506  -88.223  16.342 0.1000000015
3982  -33.142  -88.386  11.747 0.1000000015
3959  -33.349  -88.197  12.565 0.1000000015
8617  -32.539  -80.977  20.637 0.1000000015
7285  -32.127  -83.043  19.987 0.1000000015
7970  -32.345  -81.397  21.563 0.1000000015
5441  -32.578  -85.521  16.962 0.1000000015
5440  -32.421  -85.011  17.204 0.1000000015
6008  -32.235  -84.208  17.388 0.1000000015
5453  -32.495  -85.598  16.216 0.1000000015
5465  -32.695  -85.902  15.154 0.1000000015
4442  -33.172  -87.979  11.112 0.1000000015
4441  -32.802  -88.096  10.445 0.1000000015
4453  -32.603  -87.845  9.695 0.1000000015
4461  -32.354  -87.339  8.952 0.1000000015
4468  -31.932  -86.946  8.524 0.1000000015
4421  -33.412  -87.835  12.776 0.1000000015
7978  -32.043  -82.407  20.684 0.1000000015
7304  -32.101  -82.680  18.849 0.1000000015
4930  -33.433  -87.275  12.257 0.1000000015
6603  -32.335  -83.876  19.971 0.1000000015
4918  -33.154  -86.992  13.995 0.1000000015
7267  -32.054  -83.097  20.872 0.1000000015
6053  -33.665  -85.333  13.339 0.1000000015
6696  -34.290  -84.569  13.435 0.1000000015
6637  -32.164  -83.388  17.995 0.1000000015
6020  -32.383  -84.670  16.408 0.1000000015
6021  -32.594  -84.952  15.397 0.1000000015
6035  -33.091  -85.207  14.382 0.1000000015
6675  -32.932  -84.608  14.939 0.1000000015
6052  -33.317  -85.702  13.868 0.1000000015
6036  -33.506  -84.941  14.002 0.1000000015
6660  -32.751  -83.980  15.681 0.1000000015
6649  -32.242  -83.486  17.080 0.1000000015
6659  -32.328  -83.946  16.566 0.1000000015
6054  -34.214  -84.946  12.709 0.1000000015
3545  -30.582  -88.905  9.129 0.1000000015
3971  -33.250  -88.410  12.339 0.1000000015
3981  -32.780  -88.660  11.118 0.1000000015
3990  -31.453  -88.694  9.439 0.1000000015
3999  -30.327  -88.767  9.070 0.1000000015
4427  -33.372  -87.912  11.986 0.1000000015
4467  -31.597  -87.024  8.532 0.1000000015
4814  -39.506  -86.694  22.260 0.3000000119
4815  -39.819  -86.746  22.149 0.4000000060
4825  -38.488  -86.740  21.556 0.1000000015
4827  -39.496  -86.763  21.556 0.4000000060
4828  -39.928  -86.731  21.721 0.4000000060
4835  -38.490  -86.824  21.247 0.1000000015
4837  -39.181  -86.842  21.087 0.2000000030
4870  -38.894  -86.515  18.088 0.1000000015
4879  -38.016  -86.620  17.259 0.1000000015
4881  -39.163  -86.398  17.455 0.1000000015
4889  -37.832  -86.567  16.803 0.1000000015
4890  -38.263  -86.538  16.963 0.1000000015
4941  -30.709  -86.585  10.250 0.1000000015
4949  -30.804  -86.472  9.338 0.1000000015
4964  -31.640  -86.569  8.472 0.1000000015
4965  -32.160  -86.425  8.441 0.1000000015
5317  -41.484  -85.568  23.987 0.3000000119
5318  -42.038  -85.422  24.083 0.3000000119
5336  -42.151  -85.331  23.824 0.3000000119
5346  -39.152  -86.385  22.411 0.2000000030
5360  -39.893  -86.595  21.493 0.3000000119
5415  -36.997  -86.286  18.607 0.1000000015
5452  -32.448  -85.177  16.675 0.1000000015
5475  -33.070  -86.126  14.276 0.1000000015
5853  -43.254  -84.413  24.999 0.3000000119
5873  -42.489  -84.901  24.404 0.3000000119
5893  -39.869  -85.507  23.368 0.2000000030
5913  -42.043  -85.092  23.291 0.3000000119
5914  -42.402  -84.738  23.540 0.3000000119
5929  -38.150  -85.566  22.153 0.1000000015
5950  -37.416  -86.082  21.008 0.1000000015
5981  -32.421  -84.155  19.318 0.1000000015
6012  -41.668  -84.224  17.012 0.1000000015
6418  -42.347  -84.807  33.071 0.1000000015
6465  -43.682  -83.681  26.653 0.2000000030
6479  -42.712  -83.919  26.303 0.2000000030
6480  -43.447  -83.892  26.325 0.2000000030
6489  -41.140  -84.052  24.966 0.2000000030
6510  -41.315  -84.451  24.825 0.2000000030
6511  -42.997  -84.393  24.221 0.4000000060
6532  -40.340  -84.597  24.021 0.2000000030
6533  -42.327  -83.848  23.174 0.4000000060
6553  -42.109  -84.398  22.992 0.4000000060
6654  -42.424  -83.165  17.043 0.1000000015
7098  -42.351  -83.116  34.402 0.1000000015
7132  -43.868  -82.327  28.833 0.3000000119
7144  -44.820  -82.392  27.661 0.3000000119
7212  -40.519  -83.508  24.765 0.1000000015
7215  -43.605  -83.546  24.785 0.3000000119
7227  -39.395  -83.265  23.902 0.1000000015
7230  -42.797  -83.422  23.791 0.3000000119
7289  -42.197  -81.991  18.260 0.1000000015
7334  -43.055  -82.335  17.711 0.2000000030
7354  -42.737  -82.589  17.195 0.1000000015
7404  -37.930  -82.555  12.548 0.1000000015
7806  -43.770  -82.069  34.440 0.1000000015
7823  -43.155  -81.848  33.127 0.1000000015
7886  -44.590  -81.543  25.740 0.5000000000
7903  -40.243  -82.555  25.532 0.1000000015
7904  -42.607  -81.714  24.566 0.5000000000
7907  -44.806  -82.118  25.746 0.3000000119
7921  -38.940  -82.106  24.790 0.1000000015
7922  -39.495  -82.505  24.701 0.1000000015
7925  -42.962  -82.659  24.319 0.2000000030
7942  -41.476  -81.705  23.407 0.4000000060
7979  -32.247  -81.477  20.626 0.1000000015
7999  -39.516  -81.347  18.875 0.2000000030
8000  -42.228  -81.625  18.355 0.1000000015
8018  -41.698  -81.424  18.303 0.1000000015
8019  -43.413  -81.854  18.295 0.2000000030
8020  -43.914  -81.598  18.249 0.2000000030
8021  -44.400  -81.086  18.276 0.2000000030
8032  -44.197  -81.378  17.892 0.2000000030
8043  -44.308  -81.027  17.667 0.2000000030
8052  -40.036  -81.510  14.917 0.1000000015
8080  -37.847  -82.117  12.789 0.1000000015
8476  -44.911  -80.940  35.089 0.1000000015
8483  -44.825  -81.169  34.870 0.1000000015
8490  -43.560  -81.124  33.237 0.1000000015
8496  -43.157  -80.713  31.780 0.1000000015
8503  -43.281  -81.494  30.384 0.1000000015
8504  -43.570  -80.881  30.183 0.1000000015
8511  -44.136  -81.142  29.420 0.1000000015
8521  -45.588  -80.898  28.405 0.4000000060
8538  -46.954  -79.961  27.765 0.4000000060
8545  -42.730  -80.721  25.477 0.3000000119
8548  -45.381  -80.856  26.293 0.5000000000
8587  -32.732  -80.908  21.785 0.1000000015
8593  -40.543  -81.048  22.642 0.4000000060
8602  -32.568  -80.897  21.087 0.1000000015
8658  -41.473  -80.655  18.484 0.1000000015
8660  -44.665  -80.709  18.694 0.2000000030
8661  -45.155  -80.233  18.719 0.2000000030
8678  -44.917  -80.214  17.832 0.2000000030
8692  -38.399  -81.380  13.615 0.1000000015
8707  -37.668  -81.406  12.826 0.1000000015
8709  -38.260  -80.851  13.362 0.1000000015
9081  -40.249  -79.924  34.237 0.1000000015
9091  -44.761  -80.848  34.354 0.1000000015
9128  -47.598  -79.140  28.804 0.4000000060
9141  -46.839  -80.084  28.300 0.4000000060
9142  -47.220  -79.681  28.289 0.4000000060
9157  -47.266  -79.545  27.896 0.4000000060
9158  -47.445  -79.395  28.210 0.4000000060
9165  -46.267  -80.147  26.940 0.5000000000
9210  -43.992  -79.500  19.886 0.1000000015
9241  -40.341  -80.222  18.906 0.2000000030
9242  -40.789  -79.986  18.800 0.1000000015
9244  -42.008  -79.722  18.839 0.1000000015
9359  -42.328  -78.534  10.224 0.1000000015
9675  -45.126  -79.241  34.693 0.1000000015
9699  -46.921  -78.103  30.525 0.1000000015
9708  -46.737  -78.836  29.885 0.1000000015
9725  -48.554  -77.982  29.069 0.3000000119
9744  -48.435  -78.228  28.861 0.5000000000
9754  -40.276  -77.883  27.244 0.5000000000
9762  -47.567  -79.167  28.145 0.4000000060
9791  -46.918  -78.402  22.103 0.1000000015
9808  -40.827  -78.225  20.221 0.2000000030
9835  -46.488  -79.004  20.550 0.1000000015
9964  -44.082  -77.775  12.138 0.1000000015
9965  -44.368  -77.398  12.268 0.1000000015
9979  -43.838  -77.672  11.440 0.1000000015
10329  -46.501  -77.216  34.144 0.1000000015
10335  -38.936  -78.143  34.031 0.1000000015
10366  -41.859  -77.244  30.175 0.5000000000
10371  -48.662  -77.277  29.865 0.1000000015
10378  -40.408  -76.786  29.496 0.5000000000
10382  -44.487  -77.304  29.272 0.4000000060
10383  -45.345  -77.147  28.905 0.5000000000
10384  -46.130  -77.010  28.634 0.5000000000
10385  -48.417  -77.781  29.620 0.1000000015
10399  -41.251  -77.845  28.541 0.6000000238
10400  -44.970  -77.523  28.615 0.4000000060
10464  -44.119  -77.798  21.250 0.1000000015
10483  -42.383  -77.743  20.462 0.1000000015
10485  -44.471  -78.426  20.987 0.1000000015
10505  -42.183  -78.289  19.948 0.1000000015
10597  -44.934  -76.635  12.883 0.1000000015
10639  -44.085  -77.094  11.161 0.1000000015
10640  -44.412  -76.869  11.582 0.1000000015
10659  -44.160  -76.544  10.997 0.1000000015
10685  -41.804  -77.483  8.905 0.1000000015
10686  -41.790  -77.020  8.760 0.1000000015
10995  -39.371  -76.285  35.353 0.1000000015
11033  -40.684  -75.984  30.775 0.4000000060
11053  -46.763  -75.841  29.412 0.4000000060
11055  -49.226  -76.656  29.946 0.1000000015
11056  -49.483  -76.186  29.829 0.3000000119
11065  -40.209  -76.351  29.839 0.5000000000
11070  -48.990  -76.778  29.335 0.3000000119
11082  -39.245  -75.537  28.256 0.5000000000
11087  -49.243  -76.420  29.220 0.3000000119
11094  -39.203  -75.541  27.639 0.5000000000
11140  -40.224  -76.528  22.396 0.3000000119
11158  -41.647  -76.610  21.516 0.2000000030
11160  -43.759  -77.102  21.667 0.1000000015
11177  -42.003  -77.071  20.938 0.2000000030
11182  -47.758  -76.353  22.005 0.1000000015
11229  -41.990  -76.541  15.467 0.1000000015
11273  -44.599  -76.231  11.348 0.1000000015
11288  -44.456  -76.087  11.082 0.1000000015
11289  -44.445  -76.303  11.167 0.1000000015
11688  -47.038  -75.949  33.804 0.1000000015
11703  -40.540  -75.582  30.901 0.5000000000
11709  -46.342  -74.563  30.851 0.5000000000
11712  -49.534  -75.422  30.440 0.2000000030
11719  -39.972  -75.594  30.242 0.4000000060
11720  -40.299  -75.751  30.560 0.4000000060
11734  -39.538  -75.252  29.666 0.4000000060
11738  -49.465  -75.446  29.428 0.3000000119
11750  -39.376  -75.476  29.001 0.4000000060
11751  -48.265  -76.096  28.607 0.3000000119
11795  -40.422  -75.574  23.480 0.3000000119
11831  -41.391  -76.200  22.045 0.3000000119
11834  -43.566  -76.611  22.024 0.1000000015
11851  -47.561  -76.134  21.763 0.1000000015
11872  -44.744  -75.490  18.005 0.1000000015
11882  -44.944  -75.680  16.815 0.1000000015
11886  -43.514  -74.781  15.719 0.1000000015
11900  -45.664  -75.521  13.455 0.1000000015
11901  -45.786  -75.508  13.794 0.1000000015
12350  -48.333  -74.407  33.826 0.1000000015
12361  -42.127  -73.791  31.913 0.5000000000
12374  -40.031  -74.954  30.769 0.4000000060
12380  -45.799  -74.106  31.385 0.5000000000
12382  -47.079  -73.878  30.731 0.3000000119
12391  -39.364  -74.311  29.835 0.3000000119
12395  -48.281  -73.642  29.820 0.3000000119
12396  -49.698  -74.722  29.795 0.2000000030
12406  -39.337  -74.291  29.333 0.4000000060
12407  -39.408  -74.676  29.676 0.4000000060
12408  -48.061  -74.804  29.484 0.3000000119
12437  -39.686  -73.847  27.292 0.5000000000
12448  -39.419  -74.600  27.407 0.5000000000
12449  -39.754  -74.319  26.794 0.5000000000
12487  -48.469  -74.175  22.639 0.1000000015
12499  -47.777  -74.133  22.181 0.1000000015
12500  -48.176  -74.410  22.515 0.1000000015
12552  -46.086  -74.158  18.138 0.1000000015
12565  -46.143  -74.232  17.242 0.1000000015
12569  -43.746  -74.158  15.839 0.1000000015
12579  -46.849  -74.262  14.549 0.1000000015
12586  -46.543  -74.570  13.944 0.1000000015
13033  -41.599  -74.110  34.979 0.1000000015
13053  -41.581  -73.292  31.993 0.5000000000
13055  -43.329  -73.212  31.782 0.4000000060
13069  -41.249  -73.688  31.859 0.5000000000
13072  -46.057  -73.250  31.399 0.4000000060
13076  -50.356  -73.250  29.867 0.2000000030
13087  -47.818  -73.287  30.251 0.3000000119
13120  -39.256  -73.405  28.565 0.4000000060
13130  -39.716  -73.315  27.460 0.4000000060
13142  -41.403  -72.939  26.546 0.4000000060
13255  -47.287  -73.151  16.445 0.1000000015
13291  -44.813  -73.938  12.853 0.1000000015
13705  -39.023  -72.841  38.148 0.1000000015
13706  -39.519  -72.545  37.792 0.1000000015
13714  -39.681  -72.567  37.289 0.1000000015
13733  -41.974  -73.303  34.983 0.1000000015
13737  -46.218  -73.415  34.983 0.1000000015
13763  -40.627  -72.637  31.911 0.5000000000
13766  -46.409  -72.434  31.245 0.4000000060
13767  -47.154  -72.485  30.855 0.4000000060
13768  -47.523  -72.900  30.538 0.4000000060
13782  -38.919  -72.470  30.314 0.3000000119
13784  -47.643  -72.415  30.336 0.4000000060
13786  -50.569  -72.487  29.781 0.2000000030
13798  -50.407  -72.143  29.594 0.2000000030
13815  -39.727  -72.566  27.602 0.5000000000
13828  -42.975  -71.937  26.368 0.4000000060
13859  -45.188  -71.807  20.445 0.1000000015
13862  -47.789  -71.431  19.925 0.1000000015
13892  -48.384  -72.075  19.245 0.1000000015
13993  -46.367  -73.411  12.718 0.1000000015
14412  -40.607  -72.296  38.981 0.1000000015
14413  -41.243  -72.086  38.908 0.1000000015
14417  -39.945  -72.310  38.290 0.1000000015
14429  -40.100  -72.182  37.900 0.1000000015
14444  -40.830  -71.835  36.816 0.1000000015
14486  -43.710  -70.526  31.367 0.4000000060
14506  -47.040  -71.521  30.584 0.3000000119
14508  -48.516  -71.483  29.730 0.3000000119
14510  -51.379  -70.793  30.407 0.1000000015
14523  -51.328  -71.129  29.936 0.1000000015
14530  -39.455  -70.984  28.080 0.4000000060
14541  -39.361  -72.258  27.995 0.4000000060
14578  -41.103  -70.782  21.891 0.1000000015
14579  -41.365  -70.919  21.934 0.1000000015
14580  -42.080  -71.190  22.045 0.1000000015
14617  -48.007  -71.454  19.848 0.1000000015
14629  -42.091  -70.522  19.574 0.1000000015
14645  -46.711  -71.600  17.683 0.1000000015
14687  -45.948  -71.555  14.364 0.1000000015
15201  -43.496  -70.291  38.051 0.1000000015
15275  -39.414  -70.547  32.016 0.5000000000
15279  -45.494  -70.702  30.884 0.4000000060
15280  -51.378  -70.489  32.009 0.1000000015
15282  -52.610  -69.426  32.117 0.1000000015
15294  -46.708  -70.365  30.109 0.3000000119
15295  -47.349  -70.838  30.070 0.3000000119
15297  -51.884  -70.121  30.673 0.1000000015
15307  -38.625  -70.399  30.242 0.4000000060
15335  -40.711  -70.516  26.981 0.3000000119
15347  -43.604  -70.502  25.859 0.1000000015
15367  -41.754  -69.740  23.131 0.1000000015
15387  -40.830  -70.544  22.102 0.1000000015
15415  -40.264  -69.933  21.111 0.1000000015
15416  -40.641  -70.433  21.316 0.1000000015
15440  -40.708  -70.080  20.395 0.1000000015
15459  -41.493  -70.102  19.623 0.1000000015
15478  -43.288  -69.809  17.911 0.1000000015
15495  -44.578  -69.879  17.001 0.1000000015
16100  -43.988  -70.086  37.903 0.1000000015
16161  -39.643  -69.032  32.537 0.5000000000
16168  -48.509  -68.864  32.236 0.3000000119
16178  -46.937  -67.760  30.587 0.3000000119
16192  -45.855  -68.856  29.639 0.3000000119
16270  -39.488  -68.850  22.888 0.1000000015
16297  -42.297  -69.575  23.152 0.1000000015
16298  -43.027  -69.595  22.940 0.1000000015
16327  -40.729  -69.583  19.915 0.1000000015
16340  -40.514  -68.841  19.614 0.1000000015
16341  -40.996  -69.207  19.248 0.1000000015
16359  -43.181  -69.515  17.484 0.1000000015
16376  -43.044  -69.349  17.233 0.1000000015
16952  -46.417  -68.173  42.056 0.1000000015
17017  -45.022  -67.697  36.070 0.3000000119
17037  -44.552  -67.875  35.405 0.3000000119
17057  -49.614  -67.799  34.128 0.3000000119
17064  -39.947  -67.702  33.038 0.4000000060
17070  -49.928  -68.022  33.437 0.3000000119
17071  -50.771  -67.532  33.092 0.2000000030
17072  -51.440  -67.141  32.572 0.1000000015
17076  -38.884  -68.114  32.164 0.4000000060
17078  -40.203  -68.333  32.880 0.4000000060
17082  -45.484  -67.642  31.458 0.3000000119
17083  -46.007  -67.628  30.922 0.3000000119
17098  -51.360  -67.203  30.692 0.1000000015
17126  -46.074  -68.228  29.477 0.3000000119
17127  -46.422  -68.152  29.412 0.3000000119
17132  -51.867  -68.317  29.297 0.1000000015
17144  -39.441  -68.329  28.029 0.3000000119
17194  -39.169  -68.063  23.181 0.1000000015
17195  -39.400  -68.341  23.213 0.1000000015
17212  -39.267  -68.510  22.656 0.1000000015
17224  -39.041  -67.995  22.498 0.1000000015
17835  -42.734  -66.567  40.469 0.1000000015
17860  -44.171  -66.706  39.210 0.1000000015
17893  -43.910  -67.236  35.731 0.3000000119
17894  -44.412  -67.536  35.899 0.3000000119
17912  -39.655  -67.210  33.016 0.4000000060
17934  -43.326  -66.969  30.982 0.3000000119
17947  -51.408  -67.211  29.816 0.1000000015
17948  -52.249  -67.121  29.794 0.1000000015
17949  -53.330  -66.871  29.848 0.1000000015
17991  -41.499  -67.367  26.731 0.2000000030
18001  -41.983  -67.692  26.539 0.2000000030
18031  -39.101  -67.737  23.267 0.1000000015
18098  -40.730  -67.628  17.735 0.1000000015
18658  -46.769  -66.636  38.720 0.1000000015
18671  -44.225  -66.481  38.001 0.2000000030
18683  -43.300  -65.948  38.109 0.2000000030
18687  -47.998  -66.497  37.523 0.1000000015
18696  -44.114  -66.798  36.810 0.2000000030
18698  -49.386  -66.454  36.743 0.1000000015
18718  -38.818  -66.113  32.701 0.2000000030
18728  -38.889  -66.675  32.559 0.3000000119
18735  -38.515  -66.070  31.517 0.3000000119
18738  -53.754  -65.913  31.705 0.1000000015
18775  -39.585  -66.418  27.998 0.2000000030
18800  -38.822  -66.029  24.027 0.1000000015
18822  -40.024  -67.034  24.311 0.1000000015
18894  -40.567  -66.018  18.966 0.1000000015
19440  -42.254  -65.289  38.942 0.1000000015
19469  -39.631  -65.551  33.393 0.3000000119
19480  -38.483  -65.330  31.220 0.3000000119
19522  -40.035  -65.735  27.764 0.1000000015
20189  -38.689  -64.962  32.987 0.3000000119
20202  -38.538  -64.733  32.472 0.2000000030
20254  -38.801  -64.894  29.096 0.2000000030
21036  -43.908  -63.879  35.151 0.2000000030
21054  -45.221  -64.329  33.131 0.2000000030
21064  -42.035  -63.452  32.639 0.3000000119
21876  -43.921  -62.426  36.117 0.1000000015
21902  -39.766  -62.634  33.467 0.2000000030
21922  -38.505  -62.706  32.086 0.3000000119
21926  -45.172  -63.431  32.698 0.2000000030
21949  -38.530  -62.519  30.388 0.2000000030
21961  -39.077  -62.341  29.412 0.2000000030
21976  -41.498  -62.097  27.776 0.1000000015
22664  -43.089  -61.661  38.083 0.1000000015
22744  -38.833  -61.716  30.013 0.2000000030
22745  -39.336  -61.497  29.427 0.1000000015
22847  -40.822  -61.322  20.217 0.1000000015
22859  -41.343  -61.160  19.877 0.1000000015
23564  -40.226  -60.798  28.878 0.1000000015
23655  -40.548  -60.344  20.286 0.1000000015
24303  -41.783  -59.182  34.019 0.1000000015
24322  -38.868  -60.216  32.458 0.1000000015
24330  -38.760  -59.852  31.941 0.1000000015
24339  -38.834  -59.469  30.927 0.2000000030
24344  -38.810  -59.867  30.739 0.2000000030
24347  -47.490  -59.154  29.481 0.1000000015
24357  -39.527  -59.524  29.746 0.2000000030
24358  -40.227  -59.514  29.320 0.1000000015
24359  -40.901  -59.182  29.167 0.1000000015
24360  -45.267  -58.943  28.893 0.1000000015
24362  -46.885  -59.427  29.314 0.1000000015
25260  -38.830  -59.402  31.365 0.1000000015
25270  -47.131  -58.599  29.562 0.1000000015
26224  -42.087  -57.528  33.994 0.1000000015
26278  -46.545  -57.861  29.540 0.1000000015
27198  -42.780  -56.742  34.015 0.1000000015
27199  -43.290  -56.716  34.158 0.1000000015
27210  -40.917  -56.475  32.869 0.1000000015
27213  -42.913  -56.382  33.936 0.1000000015
27225  -40.150  -56.770  32.033 0.1000000015
27230  -40.003  -56.972  31.444 0.1000000015
27235  -40.480  -56.580  30.639 0.2000000030
27389  -38.984  -56.351  23.168 0.1000000015
28176  -43.689  -56.112  34.094 0.1000000015
28180  -47.276  -55.894  34.272 0.1000000015
28186  -41.418  -55.807  32.850 0.1000000015
28187  -41.996  -55.455  33.138 0.1000000015
28205  -40.708  -55.816  31.967 0.1000000015
28210  -41.236  -55.152  31.481 0.1000000015
28214  -41.241  -55.393  30.765 0.1000000015
28215  -41.901  -54.861  30.537 0.1000000015
29062  -43.313  -54.200  32.985 0.1000000015
29073  -42.178  -54.161  31.831 0.1000000015
29077  -41.915  -54.400  31.014 0.1000000015
29801  -43.804  -54.204  33.154 0.1000000015
30568  -48.745  -53.240  33.084 0.1000000015
30600  -43.110  -53.006  31.452 0.1000000015
30601  -43.584  -52.456  31.621 0.1000000015
128997  -41.294  -78.071  8.897 0.1000000015
128999  -41.471  -77.908  8.844 0.1000000015
