#!ascii label  , from subject 3960 vox2ras=TkReg
1065
54213  31.687  -28.324  62.920 0.0000000000
73855  38.618  -8.956  51.267 0.0000000000
64705  30.015  -18.650  58.916 0.0000000000
48716  13.627  -33.495  74.438 0.0000000000
55233  25.869  -27.412  66.430 0.0000000000
68638  32.693  -14.564  57.873 0.0000000000
49741  19.334  -31.833  69.282 0.0000000000
47814  17.983  -35.367  72.936 0.0000000000
51874  22.660  -30.927  68.059 0.0000000000
73851  42.207  -9.211  50.760 0.0000000000
58289  30.678  -24.463  66.398 0.0000000000
59320  29.003  -23.608  63.290 0.0000000000
57280  35.560  -25.465  63.584 0.0000000000
77853  41.586  -5.128  48.883 0.0000000000
76916  44.702  -6.388  47.934 0.0000000000
75873  35.979  -8.151  53.832 0.0000000000
69601  37.267  -13.391  53.222 0.0000000000
69594  34.465  -13.474  54.349 0.0000000000
63708  33.795  -19.489  56.170 0.0000000000
49787  31.358  -32.107  66.158 0.0000000000
44864  12.404  -37.425  76.634 0.0000000000
45906  8.332  -36.944  78.749 0.0000000000
46821  6.262  -35.607  83.250 0.0000000000
54181  28.498  -28.273  64.286 0.0000000000
49806  26.741  -32.307  66.350 0.0000000000
64659  28.078  -18.145  62.869 0.0000000000
63594  31.347  -19.996  63.201 0.0000000000
79841  48.007  -3.306  44.955 0.0000000000
73853  40.182  -9.174  50.776 0.0000000000
72760  40.056  -11.066  52.774 0.0000000000
57290  32.237  -25.733  63.296 0.0000000000
58339  33.279  -25.041  62.759 0.0000000000
55293  33.857  -27.271  62.954 0.0000000000
76902  38.502  -6.338  51.384 0.0000000000
78785  40.374  -5.056  50.493 0.0000000000
75927  40.076  -7.184  50.189 0.0000000000
75925  41.650  -7.069  49.368 0.0000000000
41802  6.537  -40.802  82.359 0.0000000000
71643  34.926  -11.087  54.024 0.0000000000
71615  34.467  -11.563  55.551 0.0000000000
66812  31.080  -16.361  58.014 0.0000000000
66837  31.876  -16.841  56.513 0.0000000000
63690  31.579  -19.515  57.349 0.0000000000
62445  32.642  -20.580  59.611 0.0000000000
47816  15.793  -34.315  73.218 0.0000000000
46903  17.720  -36.026  75.146 0.0000000000
46906  14.903  -35.943  74.912 0.0000000000
45928  14.402  -37.200  76.738 0.0000000000
46908  13.041  -35.746  74.950 0.0000000000
47770  10.166  -34.242  78.601 0.0000000000
46828  7.271  -35.692  80.857 0.0000000000
55251  26.935  -28.052  65.729 0.0000000000
51940  27.598  -30.288  64.554 0.0000000000
51922  25.374  -30.660  65.619 0.0000000000
49718  22.770  -33.294  69.620 0.0000000000
49735  24.446  -33.142  69.346 0.0000000000
61350  32.708  -21.771  64.949 0.0000000000
62392  30.395  -21.377  63.920 0.0000000000
70551  34.820  -12.917  57.477 0.0000000000
68621  32.374  -13.838  59.770 0.0000000000
67698  29.719  -15.859  59.992 0.0000000000
48775  20.786  -33.901  69.997 0.0000000000
47839  19.843  -35.209  72.182 0.0000000000
48754  18.059  -33.723  71.008 0.0000000000
48757  16.206  -32.869  72.138 0.0000000000
49685  14.351  -32.156  73.925 0.0000000000
53068  23.454  -29.484  66.596 0.0000000000
54142  21.327  -28.210  67.748 0.0000000000
50747  20.914  -30.958  68.453 0.0000000000
59271  28.214  -23.643  67.864 0.0000000000
59292  27.008  -22.561  65.679 0.0000000000
58318  29.642  -24.021  64.244 0.0000000000
59316  32.831  -23.407  63.392 0.0000000000
79829  44.872  -3.665  46.953 0.0000000000
77858  43.087  -5.362  48.202 0.0000000000
75923  43.642  -7.466  49.127 0.0000000000
74886  37.046  -8.163  52.444 0.0000000000
72762  37.973  -10.819  52.482 0.0000000000
71658  36.008  -11.008  53.107 0.0000000000
68677  35.606  -13.834  53.679 0.0000000000
66855  35.482  -16.502  54.243 0.0000000000
69585  33.185  -14.168  55.919 0.0000000000
65879  33.738  -17.432  54.945 0.0000000000
51936  31.444  -30.364  64.293 0.0000000000
53080  34.036  -29.659  64.992 0.0000000000
77832  38.058  -5.874  53.992 0.0000000000
48706  12.203  -33.428  76.378 0.0000000000
47779  11.259  -34.542  76.288 0.0000000000
45930  9.753  -36.841  77.369 0.0000000000
43740  9.674  -38.557  79.862 0.0000000000
43742  7.797  -38.392  79.614 0.0000000000
43731  5.631  -38.500  80.784 0.0000000000
44790  4.956  -38.257  82.702 0.0000000000
44737  3.621  -38.020  85.997 0.0000000000
53130  29.808  -28.518  63.016 0.0000000000
51938  29.546  -30.557  64.148 0.0000000000
49803  29.451  -32.254  65.749 0.0000000000
50777  24.256  -31.591  66.958 0.0000000000
64688  28.897  -18.480  59.935 0.0000000000
61366  27.132  -20.909  63.612 0.0000000000
62422  28.506  -20.345  61.619 0.0000000000
62432  30.615  -20.432  60.638 0.0000000000
54165  35.987  -28.366  65.261 0.0000000000
78817  49.763  -4.236  44.386 0.0000000000
78804  46.395  -4.271  46.319 0.0000000000
77870  47.919  -5.267  46.182 0.0000000000
73854  39.180  -9.036  51.055 0.0000000000
73838  39.719  -9.817  51.318 0.0000000000
72783  39.295  -10.469  51.900 0.0000000000
56315  31.986  -26.829  62.689 0.0000000000
56314  32.803  -26.698  62.629 0.0000000000
55294  33.195  -27.445  62.819 0.0000000000
75910  38.170  -7.571  51.206 0.0000000000
77851  39.299  -6.110  50.759 0.0000000000
75908  39.459  -7.333  50.515 0.0000000000
74934  39.895  -7.626  50.381 0.0000000000
40906  5.192  -41.417  82.964 0.0000000000
73785  34.926  -10.143  55.676 0.0000000000
72683  35.192  -10.853  56.888 0.0000000000
65824  30.466  -17.935  58.209 0.0000000000
65846  30.933  -17.926  57.719 0.0000000000
63691  31.035  -19.523  57.884 0.0000000000
62470  32.005  -20.470  58.795 0.0000000000
62471  31.271  -20.295  58.922 0.0000000000
47796  15.027  -34.599  73.960 0.0000000000
46937  15.408  -35.451  74.292 0.0000000000
46938  14.443  -35.281  74.424 0.0000000000
46907  13.929  -35.922  74.859 0.0000000000
46940  12.886  -35.167  74.774 0.0000000000
55232  26.818  -27.590  66.499 0.0000000000
54168  26.303  -28.654  65.383 0.0000000000
54169  25.306  -28.537  65.574 0.0000000000
48749  23.384  -33.908  71.113 0.0000000000
63517  27.383  -19.438  66.586 0.0000000000
61342  32.857  -21.480  65.756 0.0000000000
68622  31.471  -14.718  59.666 0.0000000000
68614  30.798  -14.595  60.181 0.0000000000
49720  20.359  -33.178  69.391 0.0000000000
48776  19.570  -33.668  70.103 0.0000000000
48777  18.545  -33.344  70.390 0.0000000000
49705  16.904  -32.347  71.346 0.0000000000
50701  16.263  -31.583  71.988 0.0000000000
48732  15.758  -32.874  72.588 0.0000000000
55215  23.045  -27.250  67.434 0.0000000000
51862  19.447  -30.512  69.065 0.0000000000
51877  19.852  -29.877  68.579 0.0000000000
50725  19.964  -31.350  68.799 0.0000000000
49739  21.276  -32.548  69.061 0.0000000000
58291  28.763  -24.155  66.056 0.0000000000
58304  30.519  -24.381  65.262 0.0000000000
57289  34.300  -25.007  62.715 0.0000000000
58327  33.475  -24.253  63.037 0.0000000000
58325  35.153  -24.434  63.426 0.0000000000
59305  35.034  -23.342  64.085 0.0000000000
58314  35.874  -24.456  64.317 0.0000000000
78791  40.839  -4.895  49.768 0.0000000000
78794  43.347  -4.223  48.098 0.0000000000
77859  42.165  -5.399  48.637 0.0000000000
74918  41.673  -8.571  50.267 0.0000000000
75924  42.647  -7.348  49.236 0.0000000000
74917  42.657  -8.639  50.221 0.0000000000
74875  36.116  -8.350  53.404 0.0000000000
73824  36.582  -9.706  52.630 0.0000000000
74888  35.925  -9.323  53.066 0.0000000000
70584  34.577  -12.565  54.526 0.0000000000
69604  35.050  -12.769  54.020 0.0000000000
68678  35.054  -13.496  53.916 0.0000000000
68668  35.730  -14.696  53.827 0.0000000000
67742  35.023  -15.579  54.065 0.0000000000
69563  33.712  -13.725  57.743 0.0000000000
69573  33.511  -13.548  56.686 0.0000000000
69564  32.977  -13.997  57.122 0.0000000000
64754  32.989  -18.786  55.783 0.0000000000
65861  32.455  -17.617  55.734 0.0000000000
64753  33.594  -18.979  55.744 0.0000000000
64776  34.933  -18.648  55.464 0.0000000000
50788  31.452  -31.255  65.261 0.0000000000
51919  32.705  -30.463  65.068 0.0000000000
76887  37.169  -7.134  55.068 0.0000000000
76890  36.806  -7.025  53.860 0.0000000000
76896  37.111  -7.104  52.940 0.0000000000
47840  18.732  -35.100  72.391 0.0000000000
46964  18.710  -35.663  73.408 0.0000000000
44863  13.382  -37.427  76.665 0.0000000000
44834  14.670  -37.207  78.525 0.0000000000
44835  13.757  -37.596  78.465 0.0000000000
44852  12.046  -37.737  77.503 0.0000000000
49674  11.782  -33.215  76.973 0.0000000000
48707  11.567  -33.920  76.614 0.0000000000
48708  11.072  -33.820  77.113 0.0000000000
46846  9.160  -35.418  78.357 0.0000000000
46860  9.440  -35.841  77.568 0.0000000000
45931  8.981  -36.672  78.068 0.0000000000
44839  9.725  -37.901  78.523 0.0000000000
44840  8.884  -37.594  78.648 0.0000000000
43750  8.524  -38.153  79.263 0.0000000000
44841  8.125  -37.650  79.155 0.0000000000
46825  6.653  -35.680  81.897 0.0000000000
45884  6.641  -37.100  80.193 0.0000000000
45843  6.138  -36.735  81.699 0.0000000000
43713  5.116  -38.359  81.687 0.0000000000
45844  5.744  -37.043  82.480 0.0000000000
55248  29.679  -27.437  65.386 0.0000000000
55263  29.848  -27.346  64.302 0.0000000000
54198  28.839  -28.371  63.812 0.0000000000
53114  29.512  -29.083  63.275 0.0000000000
53115  28.679  -29.262  63.812 0.0000000000
50808  27.102  -31.144  65.133 0.0000000000
50807  28.141  -31.152  64.817 0.0000000000
49790  28.041  -32.770  66.517 0.0000000000
53050  23.081  -30.004  67.187 0.0000000000
51909  24.057  -30.607  66.532 0.0000000000
51872  23.655  -32.087  67.955 0.0000000000
49733  25.511  -33.511  69.728 0.0000000000
71639  37.901  -12.035  52.994 0.0000000000
71638  39.017  -12.201  53.141 0.0000000000
70582  38.565  -13.238  53.546 0.0000000000
65739  28.330  -17.360  62.773 0.0000000000
66774  28.979  -16.422  61.503 0.0000000000
64667  28.131  -18.357  62.210 0.0000000000
59309  27.824  -22.929  64.639 0.0000000000
61345  26.721  -21.544  65.013 0.0000000000
60393  28.059  -21.982  63.787 0.0000000000
62398  30.694  -20.529  63.423 0.0000000000
62410  29.068  -21.065  62.582 0.0000000000
62409  30.008  -20.633  62.571 0.0000000000
62434  29.051  -20.201  60.932 0.0000000000
62408  30.818  -20.322  62.452 0.0000000000
62418  32.068  -20.188  61.553 0.0000000000
53092  35.015  -28.935  64.829 0.0000000000
79840  48.723  -3.366  44.733 0.0000000000
77864  44.942  -5.139  47.182 0.0000000000
78805  45.761  -4.297  46.603 0.0000000000
77863  45.565  -5.290  47.029 0.0000000000
76924  47.733  -6.426  47.019 0.0000000000
76923  48.329  -6.555  46.849 0.0000000000
51863  18.778  -30.421  69.774 0.0000000000
50711  17.872  -31.469  70.382 0.0000000000
73852  41.219  -9.232  50.717 0.0000000000
72780  42.430  -10.071  51.883 0.0000000000
73837  40.809  -9.862  51.249 0.0000000000
58315  32.214  -24.847  64.650 0.0000000000
58316  31.349  -24.455  64.346 0.0000000000
58340  32.716  -25.448  62.875 0.0000000000
57306  33.169  -25.869  62.590 0.0000000000
56296  34.854  -26.600  63.224 0.0000000000
78773  40.891  -4.590  52.325 0.0000000000
77845  39.474  -5.542  51.013 0.0000000000
77850  39.965  -5.832  50.337 0.0000000000
77855  40.505  -5.930  49.676 0.0000000000
76920  41.283  -5.923  49.020 0.0000000000
75926  40.723  -7.164  49.706 0.0000000000
74919  40.689  -8.499  50.348 0.0000000000
41814  7.202  -40.361  81.844 0.0000000000
74864  35.653  -8.555  54.776 0.0000000000
73798  35.233  -9.360  54.372 0.0000000000
73799  34.861  -10.025  54.856 0.0000000000
72711  34.618  -10.782  55.240 0.0000000000
70585  34.292  -12.365  54.956 0.0000000000
67703  32.058  -15.267  58.207 0.0000000000
67711  32.024  -15.240  57.351 0.0000000000
66823  31.333  -16.645  57.325 0.0000000000
64755  31.951  -18.705  56.516 0.0000000000
63709  32.711  -19.578  56.539 0.0000000000
62491  32.867  -20.327  57.844 0.0000000000
62444  33.483  -20.601  59.519 0.0000000000
49770  30.959  -32.843  67.058 0.0000000000
47815  16.760  -35.168  73.266 0.0000000000
46965  17.632  -35.725  73.621 0.0000000000
46936  16.385  -35.661  74.091 0.0000000000
46905  15.860  -35.986  74.950 0.0000000000
45951  15.779  -36.671  76.511 0.0000000000
45953  13.869  -37.003  76.133 0.0000000000
45954  12.842  -36.941  75.955 0.0000000000
48697  11.134  -33.324  78.268 0.0000000000
48694  9.852  -33.802  79.852 0.0000000000
47768  8.835  -34.900  79.838 0.0000000000
45882  8.011  -36.500  79.294 0.0000000000
46827  8.076  -35.288  80.349 0.0000000000
47759  7.700  -34.755  81.876 0.0000000000
47756  7.042  -35.019  82.561 0.0000000000
54166  27.559  -28.403  64.964 0.0000000000
51958  27.899  -29.762  64.295 0.0000000000
53098  26.843  -29.585  64.866 0.0000000000
51941  26.488  -30.505  65.124 0.0000000000
50793  26.277  -31.753  65.919 0.0000000000
50722  23.060  -32.354  68.740 0.0000000000
50721  23.769  -32.750  68.797 0.0000000000
49716  24.358  -33.254  69.857 0.0000000000
68667  36.841  -14.662  53.636 0.0000000000
64652  27.627  -18.619  63.958 0.0000000000
60389  31.194  -22.356  63.978 0.0000000000
61362  29.944  -21.816  63.877 0.0000000000
61352  31.246  -21.666  64.337 0.0000000000
62383  31.411  -21.090  64.698 0.0000000000
81800  46.897  -1.838  45.496 0.0000000000
42700  3.581  -40.331  84.409 0.0000000000
70541  35.103  -13.192  58.227 0.0000000000
69554  33.852  -13.840  58.765 0.0000000000
68637  33.163  -14.216  58.575 0.0000000000
67704  31.383  -15.669  58.794 0.0000000000
67705  30.688  -16.002  59.049 0.0000000000
66814  30.092  -17.011  59.187 0.0000000000
47865  21.597  -34.650  71.568 0.0000000000
47837  21.934  -34.856  72.378 0.0000000000
47866  20.477  -34.829  71.440 0.0000000000
47867  19.358  -34.747  71.481 0.0000000000
47868  18.329  -34.479  71.554 0.0000000000
49704  17.391  -32.425  70.958 0.0000000000
48755  17.323  -33.124  71.120 0.0000000000
47842  16.582  -34.204  72.370 0.0000000000
47843  15.975  -33.641  72.719 0.0000000000
47817  15.073  -33.877  73.565 0.0000000000
48721  14.243  -33.346  74.050 0.0000000000
55234  24.584  -27.619  66.222 0.0000000000
55235  23.414  -27.531  66.821 0.0000000000
53069  22.946  -28.759  66.962 0.0000000000
51895  21.933  -29.821  67.678 0.0000000000
54127  20.552  -28.318  68.280 0.0000000000
53038  21.296  -29.805  67.880 0.0000000000
50746  21.905  -31.277  68.463 0.0000000000
49738  22.414  -32.695  69.153 0.0000000000
48774  22.016  -33.853  70.118 0.0000000000
61326  27.682  -21.386  68.406 0.0000000000
61337  26.954  -21.400  66.636 0.0000000000
60361  27.133  -22.320  66.928 0.0000000000
58307  27.886  -23.513  65.403 0.0000000000
58331  29.553  -24.373  63.293 0.0000000000
58317  30.348  -24.244  64.253 0.0000000000
58329  31.083  -23.965  63.662 0.0000000000
59318  30.674  -23.265  63.677 0.0000000000
60387  33.170  -22.640  63.744 0.0000000000
60374  34.225  -22.386  64.723 0.0000000000
80797  44.463  -2.871  47.602 0.0000000000
78800  43.828  -4.440  47.708 0.0000000000
76917  43.704  -6.074  48.121 0.0000000000
75940  42.266  -6.673  48.995 0.0000000000
75939  43.149  -6.790  48.703 0.0000000000
74903  37.562  -8.566  51.843 0.0000000000
72784  38.274  -10.332  52.086 0.0000000000
73840  37.398  -9.671  52.210 0.0000000000
71657  36.649  -11.091  52.934 0.0000000000
71640  36.961  -11.841  53.070 0.0000000000
71642  35.479  -11.260  53.525 0.0000000000
70596  35.562  -12.154  53.607 0.0000000000
69602  36.440  -13.315  53.375 0.0000000000
66854  36.482  -16.463  54.339 0.0000000000
71592  34.967  -11.951  56.814 0.0000000000
70562  34.054  -12.834  56.192 0.0000000000
68670  33.598  -14.411  54.835 0.0000000000
67725  32.272  -15.612  56.358 0.0000000000
67734  32.844  -15.686  55.478 0.0000000000
66857  33.687  -16.238  54.720 0.0000000000
65887  34.402  -17.326  54.705 0.0000000000
53112  31.523  -29.351  63.436 0.0000000000
54195  32.891  -28.649  63.333 0.0000000000
51934  32.966  -29.957  64.634 0.0000000000
51907  33.691  -30.434  65.832 0.0000000000
77840  37.999  -5.980  52.665 0.0000000000
75896  37.683  -7.570  51.726 0.0000000000
49682  13.714  -32.243  74.771 0.0000000000
49677  13.058  -32.310  76.020 0.0000000000
48717  12.904  -33.673  74.881 0.0000000000
47785  12.351  -34.484  75.275 0.0000000000
46910  11.723  -35.241  75.593 0.0000000000
45955  11.769  -36.636  76.035 0.0000000000
46859  10.031  -35.164  77.388 0.0000000000
46879  10.315  -35.587  76.761 0.0000000000
44853  10.964  -37.619  77.507 0.0000000000
44838  10.652  -38.009  78.646 0.0000000000
44822  10.808  -38.240  79.248 0.0000000000
42729  8.296  -39.089  80.664 0.0000000000
44823  7.379  -37.713  79.445 0.0000000000
43743  6.923  -38.375  79.831 0.0000000000
42712  7.368  -39.929  81.329 0.0000000000
41828  5.733  -39.565  81.033 0.0000000000
42713  5.132  -39.292  81.580 0.0000000000
42699  4.167  -39.911  83.390 0.0000000000
45810  5.438  -36.900  84.275 0.0000000000
44753  4.473  -38.302  84.679 0.0000000000
42686  3.611  -39.885  84.701 0.0000000000
56317  30.944  -27.039  63.126 0.0000000000
56300  30.549  -27.231  63.477 0.0000000000
54214  30.812  -28.121  62.857 0.0000000000
53113  30.483  -29.318  63.279 0.0000000000
51937  30.425  -30.520  64.123 0.0000000000
50789  30.574  -31.511  65.100 0.0000000000
51939  28.642  -30.497  64.343 0.0000000000
50790  29.734  -31.683  65.117 0.0000000000
49788  30.220  -32.558  66.348 0.0000000000
53067  24.198  -29.718  66.042 0.0000000000
51908  24.722  -31.365  66.361 0.0000000000
50776  25.125  -32.147  66.969 0.0000000000
50742  24.321  -32.797  68.553 0.0000000000
49776  25.258  -32.588  68.052 0.0000000000
48833  26.550  -33.056  68.178 0.0000000000
72761  38.901  -11.016  52.443 0.0000000000
66773  29.259  -15.922  61.040 0.0000000000
66801  29.026  -16.814  60.205 0.0000000000
64687  29.524  -18.590  59.440 0.0000000000
62376  26.846  -20.496  65.976 0.0000000000
63556  27.053  -19.951  64.358 0.0000000000
63596  27.242  -19.904  63.448 0.0000000000
61364  28.453  -21.694  63.486 0.0000000000
61372  27.796  -20.951  62.857 0.0000000000
63615  27.707  -19.711  62.352 0.0000000000
63634  28.626  -19.443  60.741 0.0000000000
63653  29.024  -19.308  60.115 0.0000000000
63651  30.171  -19.899  59.301 0.0000000000
62431  31.477  -20.447  60.598 0.0000000000
54194  33.712  -28.484  63.538 0.0000000000
54192  35.024  -27.983  64.047 0.0000000000
55260  35.926  -27.206  64.673 0.0000000000
55224  37.288  -27.284  65.910 0.0000000000
56273  36.948  -26.310  65.283 0.0000000000
80824  50.568  -2.472  43.647 0.0000000000
79832  46.528  -3.427  46.017 0.0000000000
79831  47.314  -3.344  45.496 0.0000000000
76933  46.413  -5.562  46.917 0.0000000000
77871  46.962  -4.974  46.350 0.0000000000
78809  47.879  -4.095  45.469 0.0000000000
77877  49.049  -5.006  45.507 0.0000000000
77876  49.497  -5.298  45.164 0.0000000000
73839  38.506  -9.513  51.539 0.0000000000
55295  32.278  -27.491  62.720 0.0000000000
54212  32.597  -28.151  62.945 0.0000000000
74921  38.493  -8.369  51.144 0.0000000000
75909  38.785  -7.567  50.819 0.0000000000
74920  39.610  -8.205  50.582 0.0000000000
41804  4.349  -40.893  83.088 0.0000000000
64704  30.441  -18.747  58.315 0.0000000000
63675  30.573  -19.600  58.568 0.0000000000
48715  14.445  -33.831  73.973 0.0000000000
47797  13.973  -34.480  74.283 0.0000000000
46939  13.486  -35.201  74.556 0.0000000000
55252  26.102  -27.970  65.826 0.0000000000
55253  25.452  -27.857  65.931 0.0000000000
47864  22.642  -34.376  71.766 0.0000000000
47863  23.680  -34.347  71.780 0.0000000000
62368  27.892  -19.936  67.752 0.0000000000
49721  19.119  -32.673  69.676 0.0000000000
50726  19.175  -31.146  69.332 0.0000000000
49740  20.120  -32.291  69.022 0.0000000000
58290  29.656  -24.364  66.207 0.0000000000
57288  34.718  -25.357  62.893 0.0000000000
58326  34.365  -24.408  62.991 0.0000000000
57279  36.200  -25.519  64.365 0.0000000000
78790  41.571  -4.508  49.271 0.0000000000
79818  41.802  -4.041  49.661 0.0000000000
78789  42.239  -4.268  48.840 0.0000000000
78795  42.714  -4.550  48.445 0.0000000000
78796  42.017  -4.763  48.780 0.0000000000
73850  43.174  -9.205  50.843 0.0000000000
42698  8.271  -39.713  82.665 0.0000000000
74876  35.733  -8.738  53.695 0.0000000000
68669  34.700  -14.424  54.030 0.0000000000
67743  34.058  -15.490  54.421 0.0000000000
50774  32.083  -31.559  65.882 0.0000000000
75862  36.277  -7.771  54.580 0.0000000000
75872  36.319  -7.875  53.496 0.0000000000
47813  18.572  -35.444  72.862 0.0000000000
46987  18.857  -35.433  72.865 0.0000000000
44851  13.087  -37.692  77.494 0.0000000000
44836  12.742  -37.804  78.461 0.0000000000
48702  11.332  -33.469  77.395 0.0000000000
46847  8.600  -36.054  78.666 0.0000000000
46861  8.959  -35.977  78.088 0.0000000000
45826  6.016  -36.384  82.666 0.0000000000
55265  28.200  -27.937  64.973 0.0000000000
55264  28.752  -27.802  64.540 0.0000000000
55281  29.192  -27.707  63.946 0.0000000000
54199  28.354  -28.886  64.030 0.0000000000
49805  27.386  -32.304  66.079 0.0000000000
49791  27.145  -32.659  66.699 0.0000000000
51893  23.247  -30.734  67.355 0.0000000000
51873  23.290  -31.498  67.930 0.0000000000
70594  37.278  -12.683  53.143 0.0000000000
70593  38.302  -12.724  53.161 0.0000000000
70583  37.878  -13.193  53.228 0.0000000000
64651  28.057  -18.031  63.442 0.0000000000
59308  28.638  -23.176  64.268 0.0000000000
60381  28.067  -22.524  64.157 0.0000000000
60380  28.793  -22.771  64.151 0.0000000000
62407  31.516  -20.096  62.302 0.0000000000
80817  48.469  -2.561  44.451 0.0000000000
80826  48.745  -1.783  44.062 0.0000000000
76927  44.475  -5.746  47.662 0.0000000000
76926  45.524  -5.986  47.399 0.0000000000
53019  18.652  -29.684  70.550 0.0000000000
53018  18.958  -29.344  70.181 0.0000000000
72782  40.429  -10.463  51.919 0.0000000000
57281  32.417  -25.291  64.101 0.0000000000
56313  33.846  -26.541  62.734 0.0000000000
56312  34.429  -25.922  62.745 0.0000000000
56297  34.227  -26.998  63.012 0.0000000000
77846  38.857  -5.883  51.380 0.0000000000
77838  39.358  -5.275  51.829 0.0000000000
76907  39.643  -6.630  50.418 0.0000000000
77849  40.494  -5.426  49.877 0.0000000000
76913  40.306  -6.536  49.907 0.0000000000
74933  40.370  -7.759  50.182 0.0000000000
74863  36.195  -8.186  55.428 0.0000000000
73784  35.231  -9.372  55.327 0.0000000000
72696  34.738  -10.865  56.089 0.0000000000
71627  34.391  -12.017  54.987 0.0000000000
71616  34.347  -12.089  55.234 0.0000000000
67712  31.604  -15.861  57.804 0.0000000000
64727  31.405  -18.715  57.137 0.0000000000
65845  31.362  -17.818  57.115 0.0000000000
63710  32.100  -19.513  56.851 0.0000000000
63689  32.451  -19.950  57.288 0.0000000000
63673  32.158  -20.252  57.948 0.0000000000
62469  32.906  -20.572  58.622 0.0000000000
62429  33.285  -20.392  60.491 0.0000000000
47794  16.325  -35.346  73.664 0.0000000000
47795  15.931  -35.097  73.728 0.0000000000
45972  16.292  -36.330  75.786 0.0000000000
45973  15.366  -36.485  75.582 0.0000000000
45975  13.393  -36.487  75.356 0.0000000000
45976  12.482  -36.200  75.424 0.0000000000
47767  9.275  -34.186  80.168 0.0000000000
47763  8.634  -34.339  80.993 0.0000000000
47760  7.182  -35.138  81.943 0.0000000000
55231  27.655  -27.644  66.467 0.0000000000
55250  27.749  -27.974  65.420 0.0000000000
54183  27.337  -29.074  64.673 0.0000000000
54167  27.122  -28.685  65.053 0.0000000000
53082  25.927  -29.527  65.240 0.0000000000
53099  26.318  -29.952  65.083 0.0000000000
51942  26.017  -30.163  65.226 0.0000000000
51921  26.162  -31.027  65.476 0.0000000000
49737  23.395  -32.911  69.171 0.0000000000
49717  23.679  -33.160  69.838 0.0000000000
64644  27.631  -18.455  64.674 0.0000000000
63555  27.275  -19.220  64.657 0.0000000000
61360  31.562  -22.021  64.176 0.0000000000
60377  31.078  -22.002  64.210 0.0000000000
61351  32.012  -21.702  64.525 0.0000000000
61336  32.520  -21.053  66.195 0.0000000000
61343  32.185  -21.195  65.425 0.0000000000
62382  31.824  -20.771  65.032 0.0000000000
42687  2.875  -40.541  84.962 0.0000000000
69562  34.476  -13.480  58.248 0.0000000000
68629  32.377  -14.817  59.012 0.0000000000
68630  31.730  -15.166  59.241 0.0000000000
67697  30.543  -15.410  59.674 0.0000000000
67696  31.349  -15.252  59.353 0.0000000000
66799  30.322  -16.340  59.251 0.0000000000
48751  21.223  -34.409  70.728 0.0000000000
48753  18.975  -34.029  70.904 0.0000000000
51851  17.748  -30.964  70.787 0.0000000000
50699  17.416  -31.697  70.956 0.0000000000
48756  16.562  -32.954  71.703 0.0000000000
47870  16.776  -33.583  71.741 0.0000000000
48731  16.292  -33.368  72.205 0.0000000000
49694  15.132  -32.185  73.000 0.0000000000
48733  15.254  -32.921  73.073 0.0000000000
48720  14.718  -33.105  73.573 0.0000000000
55214  24.039  -26.778  67.375 0.0000000000
55216  22.303  -27.716  67.526 0.0000000000
55236  22.914  -27.645  67.197 0.0000000000
54141  22.227  -28.542  67.261 0.0000000000
53051  22.536  -29.427  67.255 0.0000000000
53052  21.504  -29.140  67.535 0.0000000000
51876  20.738  -30.196  68.214 0.0000000000
51875  21.732  -30.444  68.094 0.0000000000
50723  22.120  -31.988  68.838 0.0000000000
50724  21.036  -31.771  68.700 0.0000000000
49719  21.621  -33.296  69.476 0.0000000000
59272  27.788  -22.977  68.283 0.0000000000
60354  27.405  -22.320  67.902 0.0000000000
59282  27.644  -23.316  67.171 0.0000000000
58305  29.575  -24.228  65.158 0.0000000000
58292  27.997  -23.737  66.079 0.0000000000
58306  28.661  -23.914  65.094 0.0000000000
58319  29.125  -23.430  64.255 0.0000000000
58328  32.431  -24.536  63.508 0.0000000000
59317  31.726  -23.325  63.583 0.0000000000
60388  32.157  -22.442  63.773 0.0000000000
59306  34.327  -22.894  64.002 0.0000000000
78779  41.672  -4.251  51.483 0.0000000000
80798  43.805  -3.334  48.047 0.0000000000
78801  43.302  -4.741  48.072 0.0000000000
77866  43.578  -5.051  47.881 0.0000000000
77857  43.682  -5.469  47.932 0.0000000000
76911  41.549  -6.556  49.174 0.0000000000
76919  41.750  -6.179  48.906 0.0000000000
75941  41.798  -6.608  49.129 0.0000000000
74930  43.135  -8.074  49.652 0.0000000000
74904  37.079  -9.033  52.283 0.0000000000
72764  36.282  -10.467  52.893 0.0000000000
71641  36.126  -11.621  53.227 0.0000000000
73815  34.994  -10.092  54.120 0.0000000000
72744  35.294  -10.465  53.631 0.0000000000
69603  35.638  -12.991  53.636 0.0000000000
70595  36.306  -12.422  53.312 0.0000000000
68676  36.284  -14.083  53.532 0.0000000000
67741  36.093  -15.598  54.028 0.0000000000
69574  33.089  -14.106  56.338 0.0000000000
69584  33.469  -13.740  55.689 0.0000000000
68659  33.347  -14.269  55.403 0.0000000000
65880  33.073  -17.455  55.231 0.0000000000
66849  33.094  -16.677  55.120 0.0000000000
67744  33.366  -15.608  54.910 0.0000000000
66856  34.356  -16.601  54.491 0.0000000000
53096  32.111  -29.773  63.963 0.0000000000
51935  32.352  -30.180  64.475 0.0000000000
50786  33.064  -30.736  65.709 0.0000000000
77839  38.746  -5.548  52.331 0.0000000000
75883  37.251  -7.668  52.332 0.0000000000
76895  37.517  -6.874  52.387 0.0000000000
47838  20.916  -35.083  72.226 0.0000000000
46984  21.328  -35.293  72.972 0.0000000000
46985  20.331  -35.394  72.920 0.0000000000
46935  17.271  -35.906  74.328 0.0000000000
44849  14.904  -37.178  77.909 0.0000000000
49673  12.266  -32.364  76.897 0.0000000000
49672  12.686  -32.043  76.497 0.0000000000
49678  12.753  -33.104  76.096 0.0000000000
48711  13.057  -33.105  75.275 0.0000000000
48712  12.469  -33.813  75.536 0.0000000000
47786  11.784  -34.521  75.755 0.0000000000
46878  11.128  -35.445  76.051 0.0000000000
48698  10.494  -33.876  78.736 0.0000000000
48703  10.864  -33.875  77.762 0.0000000000
47775  10.240  -34.425  78.056 0.0000000000
46880  9.917  -35.686  77.155 0.0000000000
45957  9.947  -36.147  77.013 0.0000000000
45956  10.636  -36.695  76.694 0.0000000000
45929  10.334  -37.229  77.270 0.0000000000
44854  10.108  -37.576  77.807 0.0000000000
43748  10.065  -38.330  79.118 0.0000000000
43747  10.531  -38.285  79.149 0.0000000000
43739  10.594  -38.407  79.735 0.0000000000
43741  8.637  -38.698  80.001 0.0000000000
42745  8.279  -38.889  80.278 0.0000000000
42746  7.927  -38.933  80.195 0.0000000000
46837  7.639  -36.097  79.975 0.0000000000
45883  7.204  -36.913  79.629 0.0000000000
44807  6.167  -37.649  80.571 0.0000000000
44824  6.702  -37.673  79.863 0.0000000000
43730  6.322  -38.269  80.221 0.0000000000
42730  7.324  -39.545  80.723 0.0000000000
42731  6.353  -39.084  80.439 0.0000000000
41827  6.336  -39.890  81.050 0.0000000000
42732  5.628  -39.149  80.824 0.0000000000
43714  4.738  -39.047  82.545 0.0000000000
42714  4.703  -39.541  82.422 0.0000000000
45794  5.239  -36.688  85.346 0.0000000000
45811  5.006  -37.682  85.216 0.0000000000
43679  3.655  -39.075  85.207 0.0000000000
56299  31.448  -26.730  63.405 0.0000000000
55280  29.741  -27.647  63.415 0.0000000000
56301  30.091  -27.314  63.778 0.0000000000
55298  30.113  -27.629  63.009 0.0000000000
55297  30.644  -27.467  62.926 0.0000000000
54215  30.037  -28.015  62.846 0.0000000000
53128  30.941  -28.744  63.098 0.0000000000
53129  30.246  -28.648  62.981 0.0000000000
51956  29.094  -29.901  63.825 0.0000000000
51955  29.956  -29.969  63.586 0.0000000000
50804  30.785  -30.960  64.676 0.0000000000
50805  30.044  -31.158  64.540 0.0000000000
50791  28.761  -31.752  65.238 0.0000000000
49789  29.117  -32.843  66.577 0.0000000000
54153  24.238  -28.851  65.914 0.0000000000
50720  24.116  -32.940  69.025 0.0000000000
50743  24.049  -32.691  68.490 0.0000000000
49760  24.332  -32.958  68.952 0.0000000000
48797  26.286  -33.529  69.603 0.0000000000
49758  25.746  -33.063  68.852 0.0000000000
49775  26.014  -32.729  67.817 0.0000000000
72785  37.677  -10.318  52.294 0.0000000000
67689  29.722  -14.999  61.302 0.0000000000
66758  29.221  -15.795  61.705 0.0000000000
65779  28.759  -17.495  60.556 0.0000000000
66788  28.940  -16.683  60.878 0.0000000000
65801  29.089  -17.398  59.840 0.0000000000
60362  26.892  -22.199  66.070 0.0000000000
61338  26.747  -21.488  65.754 0.0000000000
61355  27.003  -21.382  64.162 0.0000000000
62385  26.782  -20.624  64.905 0.0000000000
62393  26.964  -20.534  64.055 0.0000000000
63576  27.109  -20.008  63.843 0.0000000000
62402  27.165  -20.362  63.543 0.0000000000
61363  29.213  -21.772  63.600 0.0000000000
62411  28.182  -20.704  62.442 0.0000000000
62423  27.888  -20.126  62.078 0.0000000000
63614  28.006  -19.357  61.707 0.0000000000
62433  29.737  -20.320  60.621 0.0000000000
63652  29.596  -19.462  59.678 0.0000000000
62448  30.157  -20.205  59.929 0.0000000000
62447  30.830  -20.354  59.616 0.0000000000
53094  33.603  -29.407  64.323 0.0000000000
54180  34.212  -28.769  64.103 0.0000000000
54178  35.530  -28.204  64.633 0.0000000000
55261  35.363  -27.350  63.999 0.0000000000
54177  36.067  -27.776  65.115 0.0000000000
55243  37.105  -26.796  65.526 0.0000000000
57272  37.188  -25.558  65.579 0.0000000000
79839  49.310  -3.427  44.377 0.0000000000
79849  50.040  -3.366  43.893 0.0000000000
80803  44.684  -3.228  47.136 0.0000000000
79827  46.040  -3.763  46.383 0.0000000000
78810  47.092  -4.145  45.903 0.0000000000
76932  47.392  -5.747  46.699 0.0000000000
77879  47.614  -4.673  45.917 0.0000000000
77878  48.294  -4.788  45.762 0.0000000000
78808  48.565  -4.382  45.384 0.0000000000
77869  48.611  -5.319  45.970 0.0000000000
57308  31.834  -26.376  62.937 0.0000000000
57307  32.439  -26.137  62.757 0.0000000000
55278  33.669  -27.789  63.095 0.0000000000
76909  38.394  -7.135  51.034 0.0000000000
76908  38.805  -6.699  50.885 0.0000000000
41803  5.648  -40.857  82.385 0.0000000000
74854  35.857  -8.765  55.872 0.0000000000
73772  35.449  -9.742  56.406 0.0000000000
73773  35.032  -10.276  56.117 0.0000000000
66824  30.866  -17.211  57.761 0.0000000000
64728  30.912  -18.738  57.729 0.0000000000
63674  31.364  -20.054  58.164 0.0000000000
62446  31.769  -20.503  59.680 0.0000000000
48689  9.073  -33.725  81.277 0.0000000000
48773  23.067  -33.581  70.369 0.0000000000
61349  33.349  -21.954  65.150 0.0000000000
61341  33.685  -21.847  65.816 0.0000000000
67692  30.198  -14.882  60.642 0.0000000000
50700  16.759  -31.499  71.606 0.0000000000
49706  16.187  -32.237  71.985 0.0000000000
55217  21.684  -27.718  67.896 0.0000000000
54113  19.592  -28.650  69.471 0.0000000000
53040  19.840  -29.021  68.734 0.0000000000
50748  20.157  -30.602  68.582 0.0000000000
59281  28.186  -23.789  67.242 0.0000000000
58276  28.771  -24.136  67.106 0.0000000000
58338  33.904  -24.812  62.696 0.0000000000
59315  34.001  -23.380  63.457 0.0000000000
59314  34.677  -23.869  63.439 0.0000000000
58301  36.396  -24.231  65.022 0.0000000000
78784  41.270  -4.300  50.297 0.0000000000
79814  41.983  -3.759  49.961 0.0000000000
74931  42.151  -7.913  49.776 0.0000000000
74916  43.639  -8.627  50.302 0.0000000000
74887  36.526  -8.648  52.733 0.0000000000
73841  36.884  -9.255  52.444 0.0000000000
73825  35.793  -10.029  53.089 0.0000000000
70597  35.009  -11.910  54.073 0.0000000000
70552  34.154  -13.162  56.938 0.0000000000
66836  32.419  -16.484  55.769 0.0000000000
64778  33.151  -18.014  55.305 0.0000000000
64777  33.850  -18.539  55.363 0.0000000000
51920  32.060  -30.671  64.921 0.0000000000
50773  32.743  -31.327  66.096 0.0000000000
76886  37.777  -6.451  54.704 0.0000000000
76889  37.460  -6.452  53.405 0.0000000000
75884  36.780  -7.712  52.906 0.0000000000
46986  19.371  -35.409  72.898 0.0000000000
46963  19.780  -35.566  73.623 0.0000000000
44862  13.960  -37.347  76.711 0.0000000000
44850  14.181  -37.448  77.453 0.0000000000
44819  13.408  -37.586  79.418 0.0000000000
44820  12.441  -37.831  79.464 0.0000000000
48713  12.024  -33.912  76.080 0.0000000000
47776  9.671  -35.029  78.033 0.0000000000
44855  9.454  -37.355  78.023 0.0000000000
43749  9.247  -38.244  79.196 0.0000000000
46829  6.643  -36.264  81.085 0.0000000000
45862  6.916  -36.456  80.361 0.0000000000
45863  6.390  -36.907  80.814 0.0000000000
44788  6.002  -37.359  81.230 0.0000000000
44808  5.558  -37.813  81.144 0.0000000000
44789  5.415  -37.506  81.904 0.0000000000
44770  5.204  -37.516  82.942 0.0000000000
54197  29.516  -28.312  63.172 0.0000000000
50792  27.674  -31.785  65.440 0.0000000000
49804  28.409  -32.336  65.873 0.0000000000
51910  23.427  -30.211  66.895 0.0000000000
51892  23.705  -31.478  67.383 0.0000000000
50764  24.096  -32.182  67.649 0.0000000000
49715  24.793  -33.452  69.877 0.0000000000
49734  24.954  -33.353  69.446 0.0000000000
49714  25.194  -33.604  69.973 0.0000000000
71656  37.490  -11.310  52.755 0.0000000000
71655  38.434  -11.555  52.737 0.0000000000
66744  28.550  -16.201  63.373 0.0000000000
66759  28.812  -16.297  62.277 0.0000000000
65759  28.656  -17.305  61.611 0.0000000000
64677  28.437  -18.394  61.082 0.0000000000
59310  27.390  -22.835  64.875 0.0000000000
60368  26.853  -22.181  65.390 0.0000000000
60382  27.213  -22.332  64.621 0.0000000000
61354  27.565  -21.969  63.994 0.0000000000
62399  29.911  -21.153  63.511 0.0000000000
62421  29.443  -20.559  61.641 0.0000000000
62420  30.294  -20.472  61.575 0.0000000000
62419  31.140  -20.355  61.522 0.0000000000
53079  34.686  -29.565  65.331 0.0000000000
53093  34.420  -29.195  64.609 0.0000000000
53078  35.590  -29.075  65.319 0.0000000000
53077  36.284  -28.709  65.730 0.0000000000
80816  48.974  -2.943  44.385 0.0000000000
78799  44.518  -4.419  47.259 0.0000000000
78806  45.155  -4.331  46.868 0.0000000000
77873  45.480  -4.820  46.861 0.0000000000
77872  46.049  -4.974  46.705 0.0000000000
76931  48.620  -6.037  46.364 0.0000000000
50710  18.537  -31.541  69.799 0.0000000000
51850  18.155  -30.690  70.310 0.0000000000
53030  19.156  -29.576  69.605 0.0000000000
73836  41.821  -9.792  51.258 0.0000000000
72781  41.510  -10.324  51.907 0.0000000000
58303  31.562  -24.541  65.479 0.0000000000
57305  34.039  -25.506  62.611 0.0000000000
57304  34.423  -25.590  62.726 0.0000000000
56282  35.752  -26.429  64.065 0.0000000000
78781  39.917  -5.084  51.261 0.0000000000
78786  39.899  -5.375  50.764 0.0000000000
77854  41.016  -5.458  49.252 0.0000000000
77860  41.523  -5.623  48.892 0.0000000000
76912  41.045  -6.376  49.297 0.0000000000
74932  41.186  -7.853  49.882 0.0000000000
41813  7.724  -40.137  82.412 0.0000000000
75863  35.838  -8.262  54.195 0.0000000000
72726  34.781  -10.688  54.492 0.0000000000
71626  34.555  -11.660  54.768 0.0000000000
69595  34.006  -13.196  54.906 0.0000000000
67726  31.677  -15.977  57.017 0.0000000000
65862  31.880  -17.754  56.446 0.0000000000
62490  33.382  -20.438  58.125 0.0000000000
62468  33.833  -20.591  58.712 0.0000000000
62443  34.217  -20.502  59.513 0.0000000000
49769  32.227  -32.668  67.241 0.0000000000
46966  16.972  -35.701  73.778 0.0000000000
46904  16.780  -36.057  75.037 0.0000000000
45952  14.821  -36.862  76.259 0.0000000000
45974  14.386  -36.561  75.421 0.0000000000
48699  10.127  -33.891  79.283 0.0000000000
47771  9.655  -34.452  78.980 0.0000000000
47772  8.906  -35.306  79.050 0.0000000000
46836  8.320  -35.686  79.494 0.0000000000
47764  7.828  -35.084  81.120 0.0000000000
47751  6.783  -34.777  83.639 0.0000000000
54182  27.980  -28.576  64.558 0.0000000000
53116  28.120  -29.322  64.181 0.0000000000
53097  27.596  -29.453  64.464 0.0000000000
53081  26.533  -29.124  65.104 0.0000000000
50809  26.511  -31.123  65.379 0.0000000000
50745  22.814  -31.669  68.421 0.0000000000
50744  23.475  -32.221  68.329 0.0000000000
49736  24.061  -33.023  69.323 0.0000000000
48772  23.989  -33.409  70.531 0.0000000000
48771  24.738  -33.631  70.374 0.0000000000
69592  37.774  -13.851  53.480 0.0000000000
64643  28.037  -17.914  64.268 0.0000000000
60390  30.329  -22.479  63.920 0.0000000000
60391  29.334  -22.676  63.986 0.0000000000
61353  30.616  -21.682  64.083 0.0000000000
61344  31.708  -21.211  64.838 0.0000000000
62391  30.933  -20.928  64.365 0.0000000000
63554  31.427  -20.516  64.466 0.0000000000
80818  47.546  -2.392  44.986 0.0000000000
75937  45.282  -6.951  48.280 0.0000000000
76915  45.229  -6.505  47.822 0.0000000000
41805  3.629  -40.611  84.091 0.0000000000
71591  35.547  -11.903  57.551 0.0000000000
66813  30.524  -16.710  58.572 0.0000000000
65825  30.136  -17.613  58.863 0.0000000000
48752  20.014  -34.399  70.690 0.0000000000
47841  17.597  -34.775  72.315 0.0000000000
49722  17.946  -32.460  70.412 0.0000000000
48778  17.939  -33.177  70.702 0.0000000000
47869  17.389  -34.050  71.602 0.0000000000
48719  15.421  -33.467  73.122 0.0000000000
54154  23.468  -28.352  66.416 0.0000000000
54155  22.841  -28.061  66.970 0.0000000000
51894  22.540  -30.242  67.596 0.0000000000
53039  20.596  -29.309  68.031 0.0000000000
48750  22.351  -34.156  70.924 0.0000000000
62362  27.532  -20.885  67.957 0.0000000000
61331  27.225  -21.454  67.589 0.0000000000
59291  27.228  -23.067  65.977 0.0000000000
59299  27.541  -23.170  65.116 0.0000000000
59298  28.243  -23.385  64.801 0.0000000000
58332  28.666  -24.062  63.204 0.0000000000
60397  28.093  -23.080  61.794 0.0000000000
58330  30.205  -23.940  63.372 0.0000000000
58341  29.916  -23.954  62.737 0.0000000000
59319  29.722  -23.535  63.247 0.0000000000
60376  32.681  -22.151  64.269 0.0000000000
60386  33.847  -22.670  64.012 0.0000000000
80796  44.936  -2.565  47.227 0.0000000000
79823  44.331  -3.721  47.388 0.0000000000
79824  43.796  -3.701  47.856 0.0000000000
77865  44.111  -5.151  47.596 0.0000000000
76918  42.639  -6.117  48.509 0.0000000000
75938  44.178  -6.861  48.547 0.0000000000
74902  38.273  -8.865  51.402 0.0000000000
72763  37.106  -10.413  52.540 0.0000000000
73814  35.418  -9.639  53.612 0.0000000000
72765  35.750  -10.632  53.243 0.0000000000
69593  36.919  -13.874  53.359 0.0000000000
67740  37.170  -15.630  54.130 0.0000000000
72684  34.819  -11.369  56.490 0.0000000000
71603  34.510  -11.891  56.216 0.0000000000
70561  34.518  -12.574  56.695 0.0000000000
71604  34.286  -12.217  55.724 0.0000000000
70573  34.074  -12.741  55.440 0.0000000000
68650  32.536  -14.604  56.796 0.0000000000
68660  33.030  -14.632  55.763 0.0000000000
68671  33.186  -15.094  55.217 0.0000000000
65886  35.042  -17.289  54.573 0.0000000000
65878  34.566  -17.877  54.981 0.0000000000
54196  32.234  -28.756  63.211 0.0000000000
53111  32.449  -29.243  63.589 0.0000000000
53095  32.767  -29.629  64.106 0.0000000000
51918  33.431  -30.086  65.174 0.0000000000
51917  34.034  -29.980  65.537 0.0000000000
77847  38.380  -6.049  51.831 0.0000000000
76903  38.070  -6.726  51.553 0.0000000000
74922  37.928  -8.032  51.410 0.0000000000
46962  20.793  -35.500  73.686 0.0000000000
49681  14.097  -31.952  74.367 0.0000000000
49686  14.128  -32.885  74.151 0.0000000000
47798  12.899  -34.432  74.714 0.0000000000
46909  12.337  -35.215  75.210 0.0000000000
45977  11.828  -35.807  75.572 0.0000000000
44865  11.511  -37.338  76.758 0.0000000000
47780  10.711  -34.492  76.909 0.0000000000
44837  11.695  -37.892  78.511 0.0000000000
44821  11.387  -38.121  79.602 0.0000000000
43728  9.274  -38.790  80.789 0.0000000000
42697  8.727  -39.242  82.176 0.0000000000
42711  7.974  -39.652  81.615 0.0000000000
45907  7.790  -37.148  79.205 0.0000000000
42747  7.246  -38.901  80.083 0.0000000000
41826  6.929  -40.101  81.254 0.0000000000
41815  6.347  -40.450  81.683 0.0000000000
41816  5.408  -40.200  81.753 0.0000000000
41817  4.716  -39.959  82.371 0.0000000000
46822  5.804  -36.386  83.534 0.0000000000
45827  5.607  -36.968  83.295 0.0000000000
44752  5.092  -37.568  83.987 0.0000000000
44771  4.837  -38.134  83.599 0.0000000000
43697  4.360  -38.981  83.819 0.0000000000
59259  28.018  -22.702  68.776 0.0000000000
56316  31.317  -26.929  62.865 0.0000000000
55296  31.440  -27.520  62.783 0.0000000000
51954  30.764  -29.920  63.720 0.0000000000
49801  30.956  -31.750  65.528 0.0000000000
51957  28.325  -29.869  64.121 0.0000000000
50806  29.140  -31.170  64.649 0.0000000000
49802  30.392  -31.999  65.655 0.0000000000
53083  24.870  -29.559  65.560 0.0000000000
51923  24.566  -30.142  65.857 0.0000000000
50794  25.305  -31.540  66.136 0.0000000000
49792  26.177  -32.403  66.879 0.0000000000
50763  24.531  -32.558  68.149 0.0000000000
49759  24.633  -32.967  68.772 0.0000000000
49793  25.614  -32.466  67.438 0.0000000000
49774  26.825  -32.879  67.435 0.0000000000
71654  39.434  -11.595  52.938 0.0000000000
68606  30.518  -14.489  61.196 0.0000000000
67693  29.739  -15.505  60.493 0.0000000000
66787  29.329  -16.213  60.374 0.0000000000
66800  29.685  -16.583  59.706 0.0000000000
65800  29.666  -17.766  59.416 0.0000000000
62369  27.357  -20.422  67.329 0.0000000000
63534  27.100  -19.529  65.577 0.0000000000
63535  27.012  -19.908  64.968 0.0000000000
63575  27.342  -19.436  63.754 0.0000000000
64660  27.708  -18.745  63.068 0.0000000000
60392  28.650  -22.231  63.896 0.0000000000
61365  27.675  -21.410  63.452 0.0000000000
61370  28.856  -21.436  63.186 0.0000000000
61371  28.333  -21.236  62.987 0.0000000000
62401  27.370  -20.716  63.158 0.0000000000
62413  27.284  -20.178  63.126 0.0000000000
63595  27.449  -19.618  62.955 0.0000000000
64668  27.747  -19.150  62.435 0.0000000000
63676  30.049  -19.422  59.076 0.0000000000
62430  32.361  -20.428  60.528 0.0000000000
54211  33.231  -28.125  63.086 0.0000000000
55277  34.262  -27.565  63.280 0.0000000000
54179  34.811  -28.572  64.297 0.0000000000
54193  34.504  -28.177  63.775 0.0000000000
55276  34.819  -27.542  63.644 0.0000000000
54152  36.822  -28.140  65.975 0.0000000000
55225  36.827  -27.665  65.657 0.0000000000
55244  36.680  -27.202  65.251 0.0000000000
56281  36.426  -26.381  64.724 0.0000000000
57273  36.746  -25.533  65.002 0.0000000000
58313  36.506  -24.847  64.779 0.0000000000
79828  45.531  -3.571  46.616 0.0000000000
80809  46.126  -2.486  46.191 0.0000000000
80808  46.870  -2.696  45.629 0.0000000000
76934  45.878  -5.466  47.012 0.0000000000
76925  46.698  -6.208  47.255 0.0000000000
78819  48.456  -3.852  45.125 0.0000000000
78818  49.064  -4.144  44.964 0.0000000000
76944  49.005  -5.548  45.882 0.0000000000
77893  49.427  -4.784  44.929 0.0000000000
46824  7.330  -35.245  81.518 0.0000000000
48843  28.448  -33.112  66.999 0.0000000000
50775  25.840  -32.109  66.572 0.0000000000
50787  32.340  -30.999  65.514 0.0000000000
53031  18.817  -29.904  69.988 0.0000000000
53053  20.927  -28.670  67.812 0.0000000000
53110  33.091  -29.096  63.758 0.0000000000
54126  20.982  -28.032  68.050 0.0000000000
54143  20.910  -28.377  67.916 0.0000000000
54164  36.466  -27.995  65.485 0.0000000000
55197  21.961  -27.361  68.124 0.0000000000
55279  30.229  -27.475  63.166 0.0000000000
56286  30.406  -27.199  64.024 0.0000000000
57292  28.867  -24.918  62.741 0.0000000000
57293  28.307  -24.653  62.686 0.0000000000
57309  28.839  -25.123  62.002 0.0000000000
57310  28.095  -25.041  62.256 0.0000000000
57311  27.330  -24.629  62.114 0.0000000000
57324  28.362  -24.974  61.813 0.0000000000
57325  27.748  -24.606  61.629 0.0000000000
58277  28.234  -23.889  66.745 0.0000000000
58333  28.202  -24.065  62.867 0.0000000000
58342  29.478  -24.462  62.156 0.0000000000
58343  27.813  -24.388  62.584 0.0000000000
58347  28.660  -24.480  61.611 0.0000000000
59300  27.142  -22.736  65.264 0.0000000000
59307  28.995  -23.193  64.196 0.0000000000
59321  28.680  -23.797  63.066 0.0000000000
59322  27.755  -23.893  62.635 0.0000000000
59327  29.631  -23.842  62.360 0.0000000000
59328  28.996  -23.688  61.904 0.0000000000
59329  28.283  -23.278  62.154 0.0000000000
59330  27.592  -23.376  62.297 0.0000000000
59331  26.964  -23.964  62.206 0.0000000000
59335  28.626  -24.044  61.476 0.0000000000
60375  33.341  -22.256  64.453 0.0000000000
60378  30.848  -22.027  64.152 0.0000000000
60379  29.051  -22.872  64.175 0.0000000000
60398  27.733  -23.093  61.703 0.0000000000
60399  26.967  -23.169  61.652 0.0000000000
60404  28.109  -23.314  61.582 0.0000000000
60405  27.576  -23.393  61.422 0.0000000000
60406  27.102  -24.034  61.491 0.0000000000
61361  31.308  -22.015  64.207 0.0000000000
62377  26.689  -21.051  65.417 0.0000000000
62384  26.897  -20.147  65.363 0.0000000000
62390  31.546  -20.648  64.650 0.0000000000
62400  29.259  -21.379  63.224 0.0000000000
62412  27.594  -20.304  62.662 0.0000000000
63497  27.771  -19.622  67.382 0.0000000000
63633  29.192  -19.792  60.378 0.0000000000
66848  33.691  -16.751  54.792 0.0000000000
67688  30.120  -14.728  61.068 0.0000000000
68607  30.046  -14.635  61.456 0.0000000000
68623  30.932  -14.832  59.798 0.0000000000
72695  35.084  -10.411  56.354 0.0000000000
72745  34.959  -10.573  54.036 0.0000000000
73823  37.021  -9.914  52.460 0.0000000000
75957  48.666  -6.605  46.750 0.0000000000
76928  43.982  -5.623  47.833 0.0000000000
81791  44.773  -2.432  47.595 0.0000000000
127803  27.071  -24.363  61.785 0.0000000000
127804  28.128  -23.888  61.333 0.0000000000
