#!ascii label  , from subject 3960 vox2ras=TkReg
1351
44767  12.142  -37.663  82.511 0.0000000000
65860  37.025  -18.153  56.008 0.0000000000
47883  30.669  -34.643  70.857 0.0000000000
48762  41.415  -33.017  71.137 0.0000000000
47836  22.995  -34.734  72.608 0.0000000000
45817  21.141  -37.061  83.097 0.0000000000
73810  46.756  -9.430  53.198 0.0000000000
69571  42.214  -13.769  57.416 0.0000000000
60360  34.985  -22.239  66.424 0.0000000000
77912  51.033  -5.235  43.879 0.0000000000
46872  30.923  -34.955  76.933 0.0000000000
45822  16.208  -36.046  82.517 0.0000000000
72692  45.201  -9.765  56.952 0.0000000000
72725  41.035  -11.259  54.480 0.0000000000
64657  37.772  -18.399  62.358 0.0000000000
65755  41.292  -17.088  61.965 0.0000000000
63570  35.018  -19.322  63.439 0.0000000000
51890  35.624  -30.535  67.202 0.0000000000
47878  35.976  -34.560  70.607 0.0000000000
45916  26.313  -36.857  77.885 0.0000000000
44760  25.804  -37.089  82.932 0.0000000000
45921  21.356  -36.689  77.753 0.0000000000
45925  17.153  -36.166  77.703 0.0000000000
47861  26.251  -34.302  71.288 0.0000000000
74871  51.173  -7.809  53.801 0.0000000000
71572  49.462  -10.638  59.355 0.0000000000
66844  39.900  -15.870  56.281 0.0000000000
63458  35.510  -20.190  68.902 0.0000000000
56239  39.337  -26.677  69.125 0.0000000000
75934  48.560  -7.397  48.383 0.0000000000
74941  52.895  -7.978  47.650 0.0000000000
74956  55.692  -9.926  45.125 0.0000000000
45868  30.831  -35.863  80.040 0.0000000000
45824  14.359  -36.763  82.575 0.0000000000
46799  16.118  -35.607  86.055 0.0000000000
45769  13.341  -36.471  86.631 0.0000000000
72758  42.298  -10.377  52.716 0.0000000000
64629  38.506  -18.183  64.882 0.0000000000
65671  40.288  -17.304  65.491 0.0000000000
41766  7.235  -40.523  86.328 0.0000000000
62443  34.217  -20.502  59.513 0.0000000000
48814  30.990  -33.711  68.493 0.0000000000
48811  33.462  -33.112  68.556 0.0000000000
47881  32.804  -34.764  70.417 0.0000000000
46928  24.478  -35.563  74.551 0.0000000000
45918  24.198  -37.056  77.797 0.0000000000
46930  22.329  -35.714  74.438 0.0000000000
47834  24.902  -34.783  71.985 0.0000000000
46926  26.835  -35.147  74.133 0.0000000000
44745  23.426  -37.253  83.680 0.0000000000
73808  48.981  -8.813  53.716 0.0000000000
73764  51.979  -9.478  57.457 0.0000000000
72688  49.031  -9.855  56.555 0.0000000000
71600  43.913  -11.521  57.813 0.0000000000
71555  44.753  -11.833  62.135 0.0000000000
67740  37.170  -15.630  54.130 0.0000000000
67738  38.837  -15.221  54.596 0.0000000000
65858  38.702  -17.103  56.286 0.0000000000
61336  32.520  -21.053  66.195 0.0000000000
64621  33.818  -19.613  66.296 0.0000000000
61324  34.868  -21.306  68.496 0.0000000000
50717  38.645  -31.230  69.253 0.0000000000
53047  38.324  -29.079  67.864 0.0000000000
51845  40.366  -29.837  70.678 0.0000000000
74928  45.146  -8.035  49.788 0.0000000000
75949  47.106  -6.798  47.719 0.0000000000
74912  47.379  -7.886  50.489 0.0000000000
75905  50.019  -7.519  50.320 0.0000000000
76958  55.032  -6.654  44.754 0.0000000000
75981  53.293  -7.547  44.138 0.0000000000
72837  54.634  -9.937  46.637 0.0000000000
74959  51.411  -8.154  45.782 0.0000000000
47804  31.017  -34.884  73.928 0.0000000000
46981  33.015  -35.611  72.920 0.0000000000
46889  33.150  -35.136  76.260 0.0000000000
45820  18.288  -36.399  82.601 0.0000000000
45765  20.811  -36.157  87.061 0.0000000000
45767  18.672  -35.973  86.800 0.0000000000
73833  44.834  -8.996  51.539 0.0000000000
72706  46.165  -9.964  55.809 0.0000000000
72739  44.027  -9.762  53.846 0.0000000000
72709  42.983  -10.881  55.770 0.0000000000
70571  41.716  -12.761  55.592 0.0000000000
64685  37.565  -18.733  59.804 0.0000000000
65822  38.751  -18.009  58.729 0.0000000000
65737  39.434  -17.670  62.530 0.0000000000
59297  35.935  -23.448  65.218 0.0000000000
50698  42.297  -31.414  72.344 0.0000000000
43695  10.014  -38.785  82.649 0.0000000000
44723  11.208  -37.649  85.667 0.0000000000
42655  8.770  -39.293  86.109 0.0000000000
63706  35.538  -19.110  56.360 0.0000000000
63629  36.298  -19.634  59.627 0.0000000000
63589  36.241  -19.369  61.835 0.0000000000
64617  37.450  -19.021  65.947 0.0000000000
50772  33.513  -31.047  66.471 0.0000000000
49731  35.875  -32.642  69.103 0.0000000000
48765  38.472  -33.802  70.204 0.0000000000
46979  35.284  -35.505  73.094 0.0000000000
46976  38.224  -35.207  73.288 0.0000000000
45851  28.869  -36.671  81.046 0.0000000000
44740  28.496  -37.315  83.409 0.0000000000
44795  26.261  -37.215  80.698 0.0000000000
44798  23.958  -37.641  80.755 0.0000000000
45854  21.197  -37.105  80.216 0.0000000000
46901  19.728  -35.991  75.201 0.0000000000
45923  19.229  -36.431  77.993 0.0000000000
45857  18.758  -36.443  80.583 0.0000000000
45880  16.242  -36.377  79.502 0.0000000000
44818  14.316  -37.183  79.439 0.0000000000
44804  12.263  -37.802  80.473 0.0000000000
48816  28.875  -33.785  68.573 0.0000000000
48797  26.286  -33.529  69.603 0.0000000000
47859  28.106  -33.980  71.504 0.0000000000
47792  28.394  -34.573  74.004 0.0000000000
46858  29.042  -35.978  77.522 0.0000000000
71609  51.170  -11.301  56.975 0.0000000000
73734  48.279  -8.904  60.189 0.0000000000
71625  39.621  -12.381  53.704 0.0000000000
69582  40.361  -13.731  55.221 0.0000000000
68649  41.026  -14.678  56.465 0.0000000000
65797  40.762  -17.026  59.577 0.0000000000
66797  41.952  -15.399  59.736 0.0000000000
63592  33.297  -19.545  62.650 0.0000000000
63512  35.431  -18.985  66.109 0.0000000000
63473  37.161  -19.162  68.806 0.0000000000
56264  37.826  -26.468  66.275 0.0000000000
58271  37.905  -24.458  67.467 0.0000000000
54055  40.730  -28.536  72.486 0.0000000000
58223  39.471  -24.930  71.176 0.0000000000
59242  37.510  -22.896  69.982 0.0000000000
60308  36.254  -22.006  71.660 0.0000000000
62335  36.640  -19.929  72.020 0.0000000000
75967  50.073  -6.652  45.838 0.0000000000
75945  51.420  -7.180  47.550 0.0000000000
75903  52.101  -6.993  50.513 0.0000000000
44794  31.952  -36.733  81.299 0.0000000000
44766  12.895  -37.358  82.182 0.0000000000
45791  13.967  -36.612  84.423 0.0000000000
45809  12.609  -37.186  84.197 0.0000000000
64605  39.025  -18.452  67.062 0.0000000000
65630  39.649  -17.414  67.353 0.0000000000
40883  6.136  -41.797  84.308 0.0000000000
48793  30.528  -34.102  69.311 0.0000000000
47900  32.186  -34.450  69.750 0.0000000000
47882  31.749  -34.836  70.732 0.0000000000
46959  23.971  -35.182  73.749 0.0000000000
46897  23.872  -35.946  75.381 0.0000000000
46960  22.902  -35.265  73.584 0.0000000000
48772  23.989  -33.409  70.531 0.0000000000
47835  24.038  -34.692  72.353 0.0000000000
46958  24.973  -35.292  73.600 0.0000000000
44746  22.546  -37.261  83.753 0.0000000000
44730  22.366  -36.937  84.808 0.0000000000
73809  47.862  -9.006  53.230 0.0000000000
73793  48.789  -9.659  54.554 0.0000000000
73794  47.571  -9.737  54.069 0.0000000000
70560  42.735  -13.076  57.299 0.0000000000
70548  42.698  -13.388  58.441 0.0000000000
65876  36.894  -17.673  55.290 0.0000000000
66847  37.645  -17.033  55.199 0.0000000000
65859  37.741  -17.828  56.468 0.0000000000
60367  34.620  -22.236  65.740 0.0000000000
61334  34.119  -21.807  66.739 0.0000000000
61330  33.642  -21.234  67.268 0.0000000000
60346  34.948  -21.944  68.130 0.0000000000
49727  39.956  -32.188  69.792 0.0000000000
51858  39.006  -30.496  69.244 0.0000000000
50715  40.439  -31.312  70.189 0.0000000000
74900  46.027  -8.580  51.284 0.0000000000
74913  46.459  -8.172  50.544 0.0000000000
74899  46.877  -8.317  51.253 0.0000000000
74883  48.001  -8.341  52.277 0.0000000000
76974  53.096  -6.333  43.957 0.0000000000
75994  52.002  -6.747  43.758 0.0000000000
74972  52.398  -8.382  44.465 0.0000000000
75983  50.937  -6.931  44.288 0.0000000000
46923  30.615  -34.820  75.373 0.0000000000
46955  31.640  -35.027  74.510 0.0000000000
46871  31.950  -35.194  77.086 0.0000000000
45821  17.296  -35.971  82.611 0.0000000000
45787  18.895  -36.488  84.839 0.0000000000
45788  17.795  -35.858  85.012 0.0000000000
46785  15.616  -35.250  87.955 0.0000000000
46784  16.649  -35.190  88.140 0.0000000000
73834  43.714  -9.555  51.783 0.0000000000
73822  43.928  -9.768  52.907 0.0000000000
72757  43.129  -9.989  52.434 0.0000000000
72742  40.841  -11.070  53.823 0.0000000000
72741  42.085  -10.616  53.781 0.0000000000
72724  41.856  -11.027  54.763 0.0000000000
71613  42.352  -11.819  55.735 0.0000000000
71614  41.560  -11.944  55.290 0.0000000000
64675  37.520  -18.680  60.743 0.0000000000
65778  38.719  -18.063  60.945 0.0000000000
65738  38.699  -17.901  62.360 0.0000000000
74916  43.639  -8.627  50.302 0.0000000000
43661  9.503  -39.047  84.373 0.0000000000
42673  8.915  -39.349  83.981 0.0000000000
63707  34.927  -19.276  56.210 0.0000000000
63670  35.516  -19.772  57.923 0.0000000000
63687  34.688  -19.822  57.121 0.0000000000
63611  34.563  -19.883  61.427 0.0000000000
63610  35.441  -19.795  61.108 0.0000000000
63590  35.343  -19.655  62.287 0.0000000000
63548  36.780  -19.149  64.587 0.0000000000
63549  35.607  -19.179  64.480 0.0000000000
49786  32.445  -31.895  66.478 0.0000000000
47898  34.492  -33.978  69.842 0.0000000000
49732  35.050  -32.742  68.903 0.0000000000
48787  36.224  -33.290  69.530 0.0000000000
48786  37.246  -33.237  69.646 0.0000000000
47877  37.112  -34.547  70.703 0.0000000000
46919  34.503  -35.174  75.266 0.0000000000
46980  34.176  -35.630  73.004 0.0000000000
46951  35.897  -35.225  74.252 0.0000000000
46948  38.610  -35.445  74.312 0.0000000000
46993  39.837  -35.044  72.658 0.0000000000
45871  27.934  -36.789  79.956 0.0000000000
45852  27.871  -36.769  81.038 0.0000000000
45872  26.759  -37.043  79.903 0.0000000000
45919  23.221  -36.923  77.623 0.0000000000
44831  24.320  -37.330  78.799 0.0000000000
44833  22.753  -37.404  79.057 0.0000000000
44817  22.377  -37.425  79.702 0.0000000000
45874  21.506  -37.150  79.549 0.0000000000
46963  19.780  -35.566  73.623 0.0000000000
45971  17.206  -36.232  75.931 0.0000000000
45970  18.173  -36.243  75.999 0.0000000000
45924  18.145  -36.035  77.819 0.0000000000
45901  19.334  -36.478  78.977 0.0000000000
45903  17.640  -35.939  78.683 0.0000000000
45858  17.903  -35.946  80.588 0.0000000000
45904  16.657  -36.259  78.565 0.0000000000
44803  13.128  -37.538  80.327 0.0000000000
48842  28.959  -33.276  67.169 0.0000000000
49773  27.706  -33.061  67.184 0.0000000000
48770  25.233  -33.786  70.349 0.0000000000
48745  26.414  -34.134  70.863 0.0000000000
48767  27.680  -33.977  70.160 0.0000000000
47860  26.999  -34.154  71.519 0.0000000000
47830  28.540  -34.258  72.465 0.0000000000
47807  27.993  -34.445  73.195 0.0000000000
46875  27.218  -36.069  76.266 0.0000000000
46894  27.697  -35.536  75.321 0.0000000000
45939  27.846  -36.441  77.180 0.0000000000
45891  29.129  -36.451  79.016 0.0000000000
45799  27.630  -36.953  83.598 0.0000000000
43614  10.099  -37.960  88.015 0.0000000000
44686  11.225  -37.281  88.205 0.0000000000
74860  52.768  -8.118  55.458 0.0000000000
72678  51.507  -9.855  58.227 0.0000000000
71595  51.831  -10.472  57.918 0.0000000000
71585  50.661  -10.844  58.405 0.0000000000
71586  49.537  -11.397  58.300 0.0000000000
72691  46.043  -9.507  56.704 0.0000000000
73769  46.872  -8.983  57.420 0.0000000000
73745  46.424  -9.486  59.162 0.0000000000
70515  46.319  -12.205  61.522 0.0000000000
67732  39.037  -15.658  55.049 0.0000000000
69583  39.760  -13.954  54.916 0.0000000000
67731  40.086  -15.421  55.919 0.0000000000
68656  40.661  -14.517  55.830 0.0000000000
67723  40.881  -15.230  56.867 0.0000000000
65777  39.625  -17.783  60.780 0.0000000000
65798  39.871  -17.642  59.704 0.0000000000
65776  40.921  -17.238  60.674 0.0000000000
63593  32.251  -19.757  62.751 0.0000000000
64609  34.540  -19.634  66.953 0.0000000000
64632  34.140  -19.177  66.128 0.0000000000
64597  35.625  -19.210  67.643 0.0000000000
63492  36.138  -19.114  67.335 0.0000000000
63456  36.390  -19.382  69.545 0.0000000000
53066  35.184  -29.649  65.926 0.0000000000
53065  35.940  -29.454  66.070 0.0000000000
54118  38.678  -28.386  68.207 0.0000000000
54150  37.985  -27.982  66.930 0.0000000000
56253  38.500  -26.560  67.660 0.0000000000
58284  38.105  -25.122  67.162 0.0000000000
57241  38.640  -25.713  68.104 0.0000000000
52980  41.319  -29.673  72.702 0.0000000000
58213  39.052  -24.258  71.786 0.0000000000
58239  38.810  -24.184  69.770 0.0000000000
60321  37.697  -22.824  71.461 0.0000000000
60323  36.328  -22.116  70.601 0.0000000000
60307  37.095  -22.449  71.929 0.0000000000
75935  47.449  -7.306  48.407 0.0000000000
75956  49.349  -6.687  46.545 0.0000000000
75955  50.356  -7.072  46.670 0.0000000000
75933  49.639  -7.398  48.405 0.0000000000
75882  50.614  -7.451  52.170 0.0000000000
75904  51.037  -7.306  50.402 0.0000000000
75881  51.503  -7.422  52.596 0.0000000000
75879  53.869  -7.381  52.995 0.0000000000
75979  55.341  -7.998  44.481 0.0000000000
73866  53.569  -8.955  47.624 0.0000000000
73862  54.745  -8.934  48.877 0.0000000000
74925  54.513  -7.881  49.711 0.0000000000
46856  30.860  -35.459  77.866 0.0000000000
46855  31.873  -35.334  78.012 0.0000000000
45866  32.627  -35.629  80.548 0.0000000000
45823  15.246  -36.471  82.449 0.0000000000
46816  15.945  -35.871  84.254 0.0000000000
46809  15.155  -35.963  84.790 0.0000000000
46793  14.299  -35.919  86.673 0.0000000000
46787  13.781  -35.914  87.713 0.0000000000
72759  41.183  -10.638  52.837 0.0000000000
72743  40.258  -11.323  53.384 0.0000000000
64641  38.209  -18.025  63.745 0.0000000000
65697  38.900  -17.678  64.078 0.0000000000
64628  39.021  -17.781  65.149 0.0000000000
65629  40.362  -16.892  67.521 0.0000000000
41789  7.790  -39.993  84.079 0.0000000000
40882  6.868  -40.991  84.662 0.0000000000
40877  6.303  -41.713  85.352 0.0000000000
63672  33.821  -20.414  58.111 0.0000000000
62429  33.285  -20.392  60.491 0.0000000000
49769  32.227  -32.668  67.241 0.0000000000
48813  31.926  -33.604  68.434 0.0000000000
47899  33.331  -34.134  69.581 0.0000000000
47879  34.921  -34.668  70.460 0.0000000000
46877  25.437  -36.334  76.258 0.0000000000
45917  25.223  -36.921  77.939 0.0000000000
45964  24.257  -36.380  76.199 0.0000000000
45965  23.266  -36.379  76.074 0.0000000000
45966  22.265  -36.372  76.015 0.0000000000
45926  16.205  -36.619  77.527 0.0000000000
45952  14.821  -36.862  76.259 0.0000000000
48771  24.738  -33.631  70.374 0.0000000000
47833  25.718  -34.708  71.926 0.0000000000
46956  26.518  -35.053  73.276 0.0000000000
46957  25.928  -35.225  73.423 0.0000000000
46927  25.611  -35.479  74.437 0.0000000000
44761  24.757  -37.289  82.991 0.0000000000
74872  50.117  -8.165  53.592 0.0000000000
73791  50.880  -8.587  55.059 0.0000000000
73792  50.017  -8.880  54.615 0.0000000000
73766  49.991  -9.603  57.100 0.0000000000
73753  49.937  -9.174  58.272 0.0000000000
72680  44.535  -10.906  58.240 0.0000000000
72670  45.205  -10.383  59.396 0.0000000000
71576  44.060  -11.536  59.775 0.0000000000
68611  42.575  -13.841  60.383 0.0000000000
69591  38.679  -13.803  54.013 0.0000000000
67739  38.227  -15.616  54.482 0.0000000000
67733  38.410  -16.064  54.844 0.0000000000
66845  39.308  -16.358  55.939 0.0000000000
66772  42.042  -16.101  61.669 0.0000000000
63553  31.779  -20.225  64.740 0.0000000000
63552  32.587  -19.642  64.800 0.0000000000
63515  32.833  -20.281  66.137 0.0000000000
63495  33.857  -20.273  67.175 0.0000000000
62354  35.148  -20.730  68.757 0.0000000000
51871  37.169  -30.661  68.184 0.0000000000
53049  37.026  -29.617  66.888 0.0000000000
51870  37.885  -30.398  68.434 0.0000000000
53035  39.182  -29.392  69.205 0.0000000000
54103  39.613  -28.646  69.711 0.0000000000
75937  45.282  -6.951  48.280 0.0000000000
75951  45.507  -6.559  47.792 0.0000000000
75921  45.697  -7.558  49.099 0.0000000000
75919  47.686  -7.634  49.398 0.0000000000
75918  48.797  -7.580  49.328 0.0000000000
75917  49.821  -7.555  49.359 0.0000000000
75906  48.953  -7.554  50.342 0.0000000000
74882  48.865  -7.971  52.380 0.0000000000
77890  54.601  -5.550  44.919 0.0000000000
75980  54.542  -7.750  44.550 0.0000000000
74970  54.846  -9.090  45.122 0.0000000000
73881  55.028  -9.885  46.016 0.0000000000
73899  53.660  -9.506  45.345 0.0000000000
73883  52.706  -9.242  45.998 0.0000000000
74944  52.309  -8.428  46.814 0.0000000000
47857  30.117  -34.547  71.756 0.0000000000
47001  31.779  -35.178  72.123 0.0000000000
47803  31.658  -35.102  73.351 0.0000000000
46920  33.315  -35.270  75.170 0.0000000000
46888  34.279  -34.997  76.375 0.0000000000
45801  20.110  -36.832  83.577 0.0000000000
45784  21.632  -36.779  85.057 0.0000000000
45786  19.993  -36.687  84.706 0.0000000000
45766  19.569  -36.007  87.106 0.0000000000
46797  17.532  -35.720  86.542 0.0000000000
46782  18.544  -35.726  88.340 0.0000000000
73820  45.879  -9.033  52.231 0.0000000000
73795  46.562  -9.827  54.071 0.0000000000
73811  45.703  -9.568  53.308 0.0000000000
73797  44.959  -9.786  54.361 0.0000000000
72707  45.133  -9.898  55.845 0.0000000000
72740  43.325  -10.031  53.581 0.0000000000
72723  43.039  -10.320  54.772 0.0000000000
72708  44.057  -10.096  55.843 0.0000000000
72694  43.424  -11.245  56.476 0.0000000000
71602  42.845  -12.265  56.513 0.0000000000
70570  42.422  -12.902  56.373 0.0000000000
64724  37.416  -18.520  57.910 0.0000000000
65844  38.008  -18.015  57.668 0.0000000000
64701  38.247  -18.458  59.522 0.0000000000
65756  40.147  -17.579  61.732 0.0000000000
65718  39.534  -17.529  63.448 0.0000000000
65717  40.298  -17.308  63.711 0.0000000000
66726  41.620  -16.949  64.056 0.0000000000
59290  36.010  -23.011  65.958 0.0000000000
50708  41.616  -31.428  71.492 0.0000000000
75938  44.178  -6.861  48.547 0.0000000000
74929  44.152  -8.073  49.731 0.0000000000
74901  45.328  -8.662  51.082 0.0000000000
80822  52.722  -2.573  44.122 0.0000000000
78834  51.197  -4.459  43.769 0.0000000000
44787  10.745  -38.277  82.211 0.0000000000
44750  11.281  -37.968  83.922 0.0000000000
44751  10.724  -38.468  84.296 0.0000000000
43648  10.049  -38.512  85.588 0.0000000000
42636  9.144  -38.879  87.929 0.0000000000
42656  8.095  -39.726  86.295 0.0000000000
65885  36.035  -17.223  54.568 0.0000000000
65877  35.553  -17.889  55.037 0.0000000000
64751  36.048  -18.838  56.311 0.0000000000
63685  36.272  -19.173  57.198 0.0000000000
64686  36.878  -19.022  59.215 0.0000000000
64676  36.848  -18.999  60.217 0.0000000000
63650  34.834  -20.301  59.364 0.0000000000
63609  36.225  -19.469  60.684 0.0000000000
64658  37.059  -18.837  62.381 0.0000000000
64642  37.691  -18.659  64.215 0.0000000000
64630  37.652  -18.943  65.238 0.0000000000
64606  38.385  -19.028  67.000 0.0000000000
51891  34.840  -30.525  66.965 0.0000000000
49767  33.914  -31.875  67.648 0.0000000000
50761  34.753  -31.250  67.579 0.0000000000
50740  36.175  -31.598  68.382 0.0000000000
50719  36.901  -31.759  69.070 0.0000000000
49729  37.867  -32.326  69.462 0.0000000000
48763  40.497  -33.446  70.657 0.0000000000
47000  32.546  -35.435  71.884 0.0000000000
46998  34.751  -35.572  72.029 0.0000000000
46997  35.790  -35.346  72.141 0.0000000000
46950  36.850  -35.278  74.326 0.0000000000
46977  37.273  -35.246  73.227 0.0000000000
47007  37.149  -34.901  71.489 0.0000000000
47853  38.602  -34.643  71.485 0.0000000000
47852  39.627  -34.719  71.768 0.0000000000
48743  40.842  -34.098  71.398 0.0000000000
44775  30.010  -36.879  82.310 0.0000000000
45814  28.804  -36.716  82.753 0.0000000000
45834  27.237  -36.763  82.352 0.0000000000
44759  26.600  -36.893  82.640 0.0000000000
44830  25.248  -37.219  78.924 0.0000000000
44797  24.853  -37.476  80.741 0.0000000000
44778  24.806  -37.372  81.831 0.0000000000
44779  23.824  -37.544  81.802 0.0000000000
44781  21.846  -37.404  81.659 0.0000000000
44782  21.048  -37.153  81.510 0.0000000000
46962  20.793  -35.500  73.686 0.0000000000
46900  20.761  -35.962  75.231 0.0000000000
45968  20.239  -36.097  76.077 0.0000000000
46902  18.704  -36.089  75.160 0.0000000000
45969  19.192  -36.120  76.056 0.0000000000
45922  20.340  -36.569  77.825 0.0000000000
45900  20.061  -36.622  78.774 0.0000000000
45876  19.875  -36.672  79.674 0.0000000000
45836  19.486  -36.737  81.524 0.0000000000
45837  18.528  -36.426  81.556 0.0000000000
45838  17.613  -35.987  81.568 0.0000000000
45839  16.578  -36.102  81.519 0.0000000000
45905  15.596  -36.829  78.396 0.0000000000
45881  15.256  -36.787  79.461 0.0000000000
45840  15.567  -36.464  81.472 0.0000000000
45841  14.474  -36.822  81.448 0.0000000000
44784  12.973  -37.456  81.229 0.0000000000
44785  12.189  -37.694  81.487 0.0000000000
44806  10.786  -38.241  81.219 0.0000000000
43711  10.086  -38.601  81.533 0.0000000000
49771  29.936  -33.016  67.099 0.0000000000
48815  29.954  -33.810  68.545 0.0000000000
48794  29.357  -34.071  69.629 0.0000000000
48817  27.813  -33.657  68.634 0.0000000000
48766  28.489  -33.999  70.127 0.0000000000
47884  29.774  -34.364  70.900 0.0000000000
47829  29.524  -34.403  72.622 0.0000000000
47791  29.259  -34.579  74.414 0.0000000000
47784  29.733  -34.678  75.084 0.0000000000
46925  28.027  -34.961  74.514 0.0000000000
46893  28.986  -34.997  75.370 0.0000000000
46873  29.851  -35.151  76.749 0.0000000000
45890  30.051  -36.052  79.040 0.0000000000
45849  30.635  -36.083  81.041 0.0000000000
45779  12.266  -37.019  85.883 0.0000000000
45754  12.656  -36.230  88.778 0.0000000000
73780  52.568  -9.547  57.043 0.0000000000
72705  47.265  -10.064  55.702 0.0000000000
73754  48.846  -8.901  58.354 0.0000000000
72655  49.128  -9.625  59.859 0.0000000000
72648  46.341  -10.278  61.463 0.0000000000
71553  47.563  -11.270  61.197 0.0000000000
71573  48.322  -11.511  59.160 0.0000000000
71654  39.434  -11.595  52.938 0.0000000000
71624  40.186  -12.132  54.262 0.0000000000
70580  40.249  -12.824  54.830 0.0000000000
70572  40.914  -13.045  55.311 0.0000000000
68655  41.275  -14.248  56.339 0.0000000000
68648  41.630  -14.379  57.151 0.0000000000
65843  39.143  -17.328  57.451 0.0000000000
66822  39.542  -16.945  57.269 0.0000000000
66821  40.046  -16.656  57.540 0.0000000000
66786  41.333  -16.746  60.061 0.0000000000
66798  41.398  -16.357  59.541 0.0000000000
66820  40.701  -15.947  57.604 0.0000000000
67710  41.016  -15.385  57.648 0.0000000000
67709  41.371  -14.859  57.785 0.0000000000
62417  32.836  -20.173  61.206 0.0000000000
63591  34.304  -19.581  62.485 0.0000000000
63551  33.528  -19.097  64.663 0.0000000000
63550  34.541  -19.006  64.513 0.0000000000
63529  35.948  -19.122  65.493 0.0000000000
63491  37.043  -19.327  67.694 0.0000000000
63472  38.443  -18.923  69.065 0.0000000000
53063  37.413  -29.029  66.757 0.0000000000
58299  37.385  -24.959  65.940 0.0000000000
59288  37.292  -24.127  66.502 0.0000000000
59280  36.947  -23.122  67.507 0.0000000000
51844  40.873  -30.190  70.863 0.0000000000
52998  40.770  -29.198  71.380 0.0000000000
55167  40.036  -27.875  70.509 0.0000000000
56217  40.084  -26.760  71.046 0.0000000000
57232  39.471  -25.801  69.645 0.0000000000
58254  39.143  -25.025  69.374 0.0000000000
59269  37.589  -23.640  68.184 0.0000000000
60351  36.383  -22.371  67.988 0.0000000000
60336  35.648  -21.820  69.353 0.0000000000
61316  35.597  -21.400  69.878 0.0000000000
62346  35.704  -20.671  70.012 0.0000000000
60296  36.748  -21.855  72.604 0.0000000000
62326  36.378  -20.924  72.347 0.0000000000
63441  36.083  -20.059  69.917 0.0000000000
63439  36.994  -19.003  71.123 0.0000000000
78816  50.307  -4.637  44.087 0.0000000000
76961  50.258  -5.944  44.562 0.0000000000
74960  50.693  -7.476  45.816 0.0000000000
74946  51.020  -7.504  46.420 0.0000000000
75944  52.201  -7.137  47.791 0.0000000000
75916  50.855  -7.369  49.387 0.0000000000
75915  51.871  -6.991  49.453 0.0000000000
75929  53.548  -7.145  48.965 0.0000000000
75901  54.200  -7.203  50.918 0.0000000000
43699  31.194  -37.238  81.618 0.0000000000
44748  12.798  -37.319  83.185 0.0000000000
44749  12.020  -37.603  83.561 0.0000000000
64595  39.333  -18.366  68.384 0.0000000000
47901  31.134  -34.487  69.956 0.0000000000
47812  23.670  -34.928  73.073 0.0000000000
44747  21.660  -37.131  83.699 0.0000000000
73819  46.954  -8.902  52.492 0.0000000000
70549  42.631  -13.535  57.997 0.0000000000
69561  42.269  -13.796  58.057 0.0000000000
61341  33.685  -21.847  65.816 0.0000000000
60353  34.910  -22.093  67.238 0.0000000000
49726  40.686  -32.258  70.247 0.0000000000
74885  46.581  -8.671  51.845 0.0000000000
73818  47.501  -8.711  52.483 0.0000000000
76975  52.052  -5.931  43.739 0.0000000000
76960  50.850  -6.269  44.107 0.0000000000
46892  30.152  -34.777  75.688 0.0000000000
46891  31.101  -34.954  76.030 0.0000000000
45803  18.060  -36.155  83.732 0.0000000000
45804  16.850  -35.900  83.825 0.0000000000
73835  42.734  -9.674  51.360 0.0000000000
72779  43.013  -9.873  51.839 0.0000000000
71622  41.789  -11.445  55.162 0.0000000000
71623  40.952  -11.664  54.873 0.0000000000
64664  38.029  -18.322  61.827 0.0000000000
64674  38.082  -18.364  61.201 0.0000000000
64656  38.221  -18.130  62.222 0.0000000000
42684  8.850  -39.339  83.064 0.0000000000
63730  33.850  -19.040  55.725 0.0000000000
63708  33.795  -19.489  56.170 0.0000000000
63569  36.301  -19.222  63.237 0.0000000000
47897  35.568  -33.979  69.976 0.0000000000
48788  35.222  -33.338  69.379 0.0000000000
47896  36.625  -33.995  70.020 0.0000000000
46952  34.851  -35.483  74.175 0.0000000000
46918  35.609  -35.099  75.403 0.0000000000
45893  27.064  -36.895  78.883 0.0000000000
45920  22.317  -36.814  77.670 0.0000000000
45897  22.866  -37.150  78.353 0.0000000000
45898  21.995  -37.101  78.654 0.0000000000
45950  16.710  -36.352  76.731 0.0000000000
45949  17.651  -36.171  76.859 0.0000000000
48746  25.746  -34.132  70.800 0.0000000000
48769  25.764  -33.802  70.236 0.0000000000
47831  27.508  -34.252  72.332 0.0000000000
45940  26.733  -36.569  77.025 0.0000000000
45915  27.406  -36.742  77.961 0.0000000000
45892  28.156  -36.775  78.949 0.0000000000
44742  27.054  -37.081  83.692 0.0000000000
44688  9.449  -37.904  89.165 0.0000000000
44687  10.352  -37.577  88.723 0.0000000000
74870  52.092  -7.784  54.429 0.0000000000
71571  50.755  -10.262  58.601 0.0000000000
71584  51.453  -10.314  58.259 0.0000000000
73770  46.114  -9.189  57.450 0.0000000000
73757  45.851  -9.372  57.994 0.0000000000
67730  40.672  -14.987  56.235 0.0000000000
67724  40.251  -15.674  56.445 0.0000000000
63594  31.347  -19.996  63.201 0.0000000000
63493  35.318  -19.759  67.639 0.0000000000
64608  35.005  -19.375  67.155 0.0000000000
63475  35.670  -19.651  68.213 0.0000000000
63457  35.891  -19.745  69.112 0.0000000000
51905  35.347  -30.002  66.574 0.0000000000
51904  36.252  -29.878  66.742 0.0000000000
55187  38.996  -27.539  68.673 0.0000000000
55188  38.586  -27.453  67.947 0.0000000000
56240  38.853  -26.603  68.382 0.0000000000
58202  39.431  -25.013  73.108 0.0000000000
59231  38.349  -23.313  71.905 0.0000000000
60306  37.696  -22.750  71.976 0.0000000000
59225  38.237  -23.195  73.140 0.0000000000
75948  48.326  -6.986  47.345 0.0000000000
75957  48.666  -6.605  46.750 0.0000000000
75947  49.478  -7.128  47.477 0.0000000000
74880  50.585  -7.660  52.935 0.0000000000
75871  52.086  -7.570  53.543 0.0000000000
74969  55.628  -9.375  44.779 0.0000000000
73897  55.803  -10.207  44.912 0.0000000000
73865  54.468  -9.283  48.000 0.0000000000
74940  53.756  -8.307  48.071 0.0000000000
74937  54.148  -8.068  48.913 0.0000000000
46835  31.350  -35.693  79.859 0.0000000000
46834  31.885  -35.553  79.821 0.0000000000
45867  31.813  -35.746  80.510 0.0000000000
45806  14.954  -36.447  83.333 0.0000000000
45790  14.706  -36.401  84.150 0.0000000000
45777  13.766  -36.451  85.428 0.0000000000
46801  14.484  -36.063  85.582 0.0000000000
45768  13.977  -36.196  86.057 0.0000000000
46794  13.672  -36.152  87.153 0.0000000000
72760  40.056  -11.066  52.774 0.0000000000
64615  38.982  -17.966  65.768 0.0000000000
41801  7.186  -40.679  82.820 0.0000000000
48828  31.470  -33.246  67.809 0.0000000000
48791  32.506  -33.854  69.028 0.0000000000
47880  33.846  -34.677  70.404 0.0000000000
46896  25.123  -35.976  75.603 0.0000000000
45963  25.004  -36.456  76.360 0.0000000000
46898  22.809  -35.987  75.276 0.0000000000
48748  24.486  -34.025  71.143 0.0000000000
48729  25.244  -34.393  71.373 0.0000000000
48747  25.207  -34.185  71.066 0.0000000000
47810  25.388  -35.128  72.662 0.0000000000
46876  26.068  -36.203  76.228 0.0000000000
44744  24.470  -37.123  84.073 0.0000000000
73807  49.571  -8.552  53.757 0.0000000000
73783  49.074  -9.872  55.266 0.0000000000
73782  49.851  -9.678  55.786 0.0000000000
72703  49.383  -9.879  56.217 0.0000000000
73767  49.005  -9.426  57.395 0.0000000000
72671  44.496  -11.129  58.976 0.0000000000
71588  44.015  -11.643  58.663 0.0000000000
70537  42.799  -13.097  59.203 0.0000000000
68666  37.946  -14.698  53.936 0.0000000000
65874  38.563  -16.848  55.710 0.0000000000
66846  38.316  -16.564  55.184 0.0000000000
62382  31.824  -20.771  65.032 0.0000000000
62375  32.461  -20.718  65.862 0.0000000000
63533  32.388  -20.217  65.500 0.0000000000
62374  32.834  -20.684  66.515 0.0000000000
61329  34.346  -21.441  67.717 0.0000000000
62366  33.916  -20.734  67.631 0.0000000000
62360  34.578  -20.729  68.128 0.0000000000
50738  37.981  -30.901  68.966 0.0000000000
51857  39.811  -30.258  69.913 0.0000000000
51868  39.240  -29.953  69.428 0.0000000000
53024  39.661  -29.438  69.899 0.0000000000
74926  46.838  -7.825  49.909 0.0000000000
75907  48.166  -7.632  50.076 0.0000000000
74911  48.125  -7.774  50.752 0.0000000000
74874  48.564  -8.475  52.961 0.0000000000
74873  49.280  -8.280  53.153 0.0000000000
76959  54.205  -6.492  44.594 0.0000000000
74971  53.616  -8.740  44.574 0.0000000000
73898  54.392  -9.732  45.647 0.0000000000
73901  51.845  -8.619  45.056 0.0000000000
73900  52.648  -9.070  45.060 0.0000000000
73884  52.113  -8.742  45.573 0.0000000000
74958  51.993  -8.494  46.156 0.0000000000
47828  30.497  -34.659  72.750 0.0000000000
47827  31.365  -34.940  72.774 0.0000000000
46921  32.228  -35.129  75.162 0.0000000000
45819  19.306  -36.733  82.560 0.0000000000
45802  19.077  -36.679  83.660 0.0000000000
45775  18.790  -36.214  85.980 0.0000000000
45774  19.864  -36.460  85.936 0.0000000000
46788  18.861  -35.878  87.548 0.0000000000
46808  15.984  -35.733  85.117 0.0000000000
46807  16.849  -35.703  85.344 0.0000000000
46798  16.917  -35.574  86.311 0.0000000000
73821  44.782  -9.452  52.561 0.0000000000
73813  43.966  -9.767  53.495 0.0000000000
73812  44.645  -9.695  53.658 0.0000000000
72722  44.270  -9.835  54.625 0.0000000000
72693  44.131  -10.762  56.961 0.0000000000
71612  43.005  -11.571  56.306 0.0000000000
64702  37.687  -18.637  58.795 0.0000000000
65757  39.171  -17.836  61.673 0.0000000000
65736  40.301  -17.372  62.755 0.0000000000
65672  39.522  -17.577  65.202 0.0000000000
65696  39.576  -17.505  64.328 0.0000000000
65694  41.252  -17.155  64.667 0.0000000000
65716  41.061  -17.101  63.933 0.0000000000
66725  42.241  -16.638  64.121 0.0000000000
60373  35.169  -22.665  65.021 0.0000000000
75923  43.642  -7.466  49.127 0.0000000000
75922  44.675  -7.495  49.101 0.0000000000
73849  44.010  -9.003  50.995 0.0000000000
74915  44.680  -8.571  50.544 0.0000000000
73832  45.507  -8.800  51.541 0.0000000000
79847  52.077  -3.481  43.737 0.0000000000
44769  10.812  -38.496  83.270 0.0000000000
43649  9.445  -38.894  85.338 0.0000000000
43660  10.088  -38.704  84.748 0.0000000000
43637  9.505  -38.794  86.324 0.0000000000
43626  9.607  -38.683  87.323 0.0000000000
42644  9.005  -39.141  87.244 0.0000000000
41782  7.415  -40.345  84.552 0.0000000000
41781  7.735  -39.903  84.879 0.0000000000
41765  7.693  -40.020  85.925 0.0000000000
64776  34.933  -18.648  55.464 0.0000000000
64752  35.466  -18.880  55.989 0.0000000000
64775  35.911  -18.433  55.620 0.0000000000
64726  36.329  -18.984  56.857 0.0000000000
63648  36.272  -19.536  58.597 0.0000000000
62467  34.409  -20.544  58.960 0.0000000000
63671  34.539  -20.263  58.304 0.0000000000
63630  35.515  -19.955  60.026 0.0000000000
64666  36.875  -18.920  61.247 0.0000000000
64649  37.572  -18.504  63.196 0.0000000000
64650  37.028  -18.873  63.121 0.0000000000
64616  38.210  -18.871  66.152 0.0000000000
51907  33.691  -30.434  65.832 0.0000000000
51906  34.413  -30.225  66.237 0.0000000000
50771  34.251  -30.853  66.932 0.0000000000
49757  32.609  -32.909  67.905 0.0000000000
49756  33.307  -32.608  67.963 0.0000000000
49755  34.488  -32.305  68.316 0.0000000000
49754  35.551  -32.163  68.647 0.0000000000
50741  35.368  -31.702  68.156 0.0000000000
49753  36.375  -31.929  68.935 0.0000000000
47894  38.184  -33.849  70.154 0.0000000000
48785  38.372  -33.321  69.840 0.0000000000
48784  39.527  -33.028  69.921 0.0000000000
48764  39.086  -33.728  70.308 0.0000000000
46982  32.060  -35.339  72.813 0.0000000000
46949  37.739  -35.355  74.326 0.0000000000
46996  36.765  -35.164  72.221 0.0000000000
46995  37.790  -34.950  72.166 0.0000000000
47854  37.776  -34.672  71.246 0.0000000000
46994  38.855  -34.944  72.431 0.0000000000
47874  40.240  -34.293  71.333 0.0000000000
45831  29.714  -36.576  82.043 0.0000000000
45813  29.246  -36.710  82.453 0.0000000000
45832  28.768  -36.582  81.992 0.0000000000
45853  26.966  -36.907  81.141 0.0000000000
45833  27.960  -36.620  82.135 0.0000000000
44776  26.379  -37.016  81.539 0.0000000000
45895  25.359  -37.072  78.490 0.0000000000
44848  24.795  -37.107  78.352 0.0000000000
44815  24.115  -37.547  79.770 0.0000000000
44800  21.964  -37.440  80.609 0.0000000000
44801  21.303  -37.238  80.889 0.0000000000
46932  20.259  -35.736  74.425 0.0000000000
46934  18.211  -35.897  74.332 0.0000000000
46903  17.720  -36.026  75.146 0.0000000000
45948  18.660  -36.284  76.931 0.0000000000
45947  19.716  -36.430  76.934 0.0000000000
45877  19.028  -36.467  79.696 0.0000000000
45856  19.658  -36.708  80.562 0.0000000000
45879  17.230  -35.986  79.588 0.0000000000
45859  16.903  -36.117  80.537 0.0000000000
45860  15.901  -36.429  80.483 0.0000000000
45927  15.135  -37.022  77.251 0.0000000000
45861  14.899  -36.774  80.434 0.0000000000
44802  13.965  -37.155  80.343 0.0000000000
44820  12.441  -37.831  79.464 0.0000000000
43738  11.096  -38.304  80.127 0.0000000000
43727  10.229  -38.532  80.579 0.0000000000
43740  9.674  -38.557  79.862 0.0000000000
48831  28.373  -33.456  67.698 0.0000000000
48830  29.436  -33.490  67.664 0.0000000000
48833  26.550  -33.056  68.178 0.0000000000
48818  26.826  -33.377  68.800 0.0000000000
47886  28.133  -33.930  70.694 0.0000000000
47885  28.985  -33.984  70.703 0.0000000000
47858  29.191  -34.185  71.669 0.0000000000
47806  28.933  -34.452  73.395 0.0000000000
46924  28.661  -34.776  74.564 0.0000000000
47808  27.023  -34.702  73.053 0.0000000000
46874  28.639  -35.821  76.667 0.0000000000
46857  29.797  -35.808  77.817 0.0000000000
45912  29.783  -35.986  78.361 0.0000000000
45870  28.988  -36.635  80.003 0.0000000000
45869  29.878  -36.147  80.050 0.0000000000
45850  29.789  -36.334  81.056 0.0000000000
45830  30.563  -36.382  81.692 0.0000000000
44757  28.878  -37.123  83.260 0.0000000000
45773  21.111  -36.540  85.759 0.0000000000
45772  22.232  -36.639  85.893 0.0000000000
45764  22.135  -36.378  87.028 0.0000000000
44722  11.866  -37.308  85.699 0.0000000000
44713  11.445  -37.421  86.610 0.0000000000
45755  11.422  -36.808  88.794 0.0000000000
45761  12.421  -36.622  87.682 0.0000000000
46780  12.848  -35.839  89.326 0.0000000000
46771  12.679  -35.475  90.182 0.0000000000
73781  51.311  -8.916  56.141 0.0000000000
74852  52.295  -8.619  56.221 0.0000000000
71596  51.405  -10.935  57.859 0.0000000000
72720  46.376  -10.122  54.897 0.0000000000
72719  47.403  -10.096  54.796 0.0000000000
73755  47.721  -8.910  58.337 0.0000000000
73768  47.913  -9.279  57.478 0.0000000000
73743  48.534  -8.868  59.282 0.0000000000
73724  48.583  -9.206  60.517 0.0000000000
71564  44.614  -10.864  60.886 0.0000000000
72658  45.917  -9.933  60.490 0.0000000000
72649  45.323  -10.811  61.763 0.0000000000
71544  46.862  -11.591  61.378 0.0000000000
71563  47.474  -11.816  60.130 0.0000000000
71562  48.125  -10.893  60.359 0.0000000000
71574  47.591  -11.820  59.482 0.0000000000
70533  47.624  -11.844  59.114 0.0000000000
71638  39.017  -12.201  53.141 0.0000000000
71637  40.045  -11.726  53.623 0.0000000000
68665  38.843  -14.606  54.391 0.0000000000
69589  39.931  -13.506  54.886 0.0000000000
70579  41.029  -12.374  55.220 0.0000000000
69581  41.264  -13.690  55.822 0.0000000000
69572  41.694  -13.920  56.582 0.0000000000
67722  41.434  -14.704  57.450 0.0000000000
65821  40.093  -17.133  58.607 0.0000000000
65842  39.869  -16.985  57.922 0.0000000000
66811  40.320  -16.798  58.109 0.0000000000
66810  40.999  -16.041  58.566 0.0000000000
67702  41.033  -15.584  58.058 0.0000000000
62418  32.068  -20.188  61.553 0.0000000000
63613  32.811  -19.878  61.928 0.0000000000
63612  33.594  -19.916  61.553 0.0000000000
63532  33.393  -19.577  65.816 0.0000000000
64619  34.853  -19.042  66.412 0.0000000000
63531  34.144  -18.972  65.466 0.0000000000
63530  34.997  -18.977  65.507 0.0000000000
53048  37.756  -29.452  67.352 0.0000000000
54135  37.842  -28.632  66.955 0.0000000000
55223  37.917  -27.321  66.580 0.0000000000
56272  37.375  -26.344  65.747 0.0000000000
57262  37.657  -25.614  66.085 0.0000000000
58285  37.722  -24.738  66.576 0.0000000000
59279  37.382  -23.932  67.075 0.0000000000
51843  41.352  -30.770  71.267 0.0000000000
51828  41.502  -30.341  71.973 0.0000000000
54074  40.715  -29.002  71.852 0.0000000000
52997  40.944  -29.341  71.931 0.0000000000
54075  40.579  -28.634  71.360 0.0000000000
54056  40.654  -28.147  72.035 0.0000000000
57218  39.867  -25.802  71.611 0.0000000000
56203  40.254  -26.694  72.125 0.0000000000
57226  39.710  -25.816  70.582 0.0000000000
58238  39.336  -24.933  70.197 0.0000000000
59255  38.105  -23.545  69.210 0.0000000000
59256  37.152  -22.862  69.223 0.0000000000
59270  36.886  -22.759  68.462 0.0000000000
59257  36.734  -22.429  69.045 0.0000000000
60344  36.280  -22.205  68.841 0.0000000000
60335  36.378  -22.189  69.649 0.0000000000
60309  36.212  -21.645  70.789 0.0000000000
60324  35.887  -21.739  70.173 0.0000000000
61309  35.456  -21.048  69.894 0.0000000000
61299  36.350  -21.461  71.157 0.0000000000
60288  37.785  -22.197  73.399 0.0000000000
61286  36.941  -21.329  72.663 0.0000000000
62336  36.435  -20.400  71.635 0.0000000000
63440  36.434  -19.615  70.693 0.0000000000
63428  36.653  -19.630  71.542 0.0000000000
78835  50.434  -4.049  43.892 0.0000000000
75950  46.064  -6.665  47.770 0.0000000000
76925  46.698  -6.208  47.255 0.0000000000
76943  49.548  -5.881  45.633 0.0000000000
76962  49.731  -5.573  45.008 0.0000000000
76942  49.991  -6.266  45.312 0.0000000000
75984  50.246  -6.644  45.006 0.0000000000
75946  50.473  -7.176  47.549 0.0000000000
75954  51.027  -7.202  46.962 0.0000000000
74942  52.076  -7.614  47.281 0.0000000000
75914  52.942  -6.857  49.612 0.0000000000
75913  54.032  -7.136  49.802 0.0000000000
75902  53.217  -6.967  50.679 0.0000000000
75890  54.418  -7.511  51.991 0.0000000000
77889  55.102  -5.626  44.517 0.0000000000
76957  55.404  -6.671  44.255 0.0000000000
45825  13.541  -36.972  82.847 0.0000000000
45807  14.182  -36.720  83.523 0.0000000000
45808  13.386  -36.909  83.816 0.0000000000
45792  13.169  -36.783  84.780 0.0000000000
45778  12.878  -36.786  85.750 0.0000000000
48792  31.547  -34.017  69.172 0.0000000000
46929  23.387  -35.629  74.489 0.0000000000
47863  23.680  -34.347  71.780 0.0000000000
47862  24.420  -34.454  71.726 0.0000000000
47811  24.490  -35.044  72.883 0.0000000000
44729  23.673  -37.007  84.883 0.0000000000
44717  23.136  -36.842  85.949 0.0000000000
72718  48.089  -9.997  54.701 0.0000000000
72704  48.573  -10.029  55.541 0.0000000000
70559  42.940  -12.907  57.820 0.0000000000
71589  43.386  -12.467  58.274 0.0000000000
66853  37.432  -16.567  54.745 0.0000000000
65875  37.989  -17.234  55.623 0.0000000000
61342  32.857  -21.480  65.756 0.0000000000
61335  33.121  -21.287  66.627 0.0000000000
50716  39.713  -31.310  69.645 0.0000000000
51856  40.184  -30.751  70.151 0.0000000000
74914  45.619  -8.367  50.498 0.0000000000
74927  46.067  -7.946  49.837 0.0000000000
74898  47.680  -8.111  51.362 0.0000000000
75993  52.620  -7.088  43.890 0.0000000000
75982  52.015  -7.581  43.997 0.0000000000
74973  51.212  -7.961  44.812 0.0000000000
47789  30.766  -34.801  74.585 0.0000000000
46922  31.173  -34.890  75.050 0.0000000000
46890  32.068  -35.073  76.128 0.0000000000
45776  18.072  -35.837  86.203 0.0000000000
46792  15.369  -35.606  86.872 0.0000000000
46791  16.312  -35.467  87.069 0.0000000000
72710  42.242  -11.187  55.313 0.0000000000
64684  38.187  -18.440  60.365 0.0000000000
65758  38.477  -18.085  61.704 0.0000000000
43696  9.258  -39.006  82.621 0.0000000000
43678  9.468  -39.087  83.403 0.0000000000
42665  8.848  -39.265  84.950 0.0000000000
63729  34.258  -19.046  55.740 0.0000000000
63686  35.727  -19.382  56.922 0.0000000000
63649  35.557  -20.076  58.965 0.0000000000
63631  34.638  -20.111  60.333 0.0000000000
63568  37.112  -18.925  63.669 0.0000000000
49785  32.986  -31.577  66.517 0.0000000000
48789  34.128  -33.222  69.043 0.0000000000
48810  33.843  -32.810  68.490 0.0000000000
47895  37.634  -33.920  70.101 0.0000000000
46953  33.654  -35.492  74.064 0.0000000000
46975  39.165  -35.246  73.412 0.0000000000
44812  26.455  -37.166  80.368 0.0000000000
45896  23.587  -37.238  78.268 0.0000000000
44832  23.454  -37.422  78.972 0.0000000000
44816  23.247  -37.529  79.802 0.0000000000
44799  23.001  -37.567  80.708 0.0000000000
46933  19.234  -35.879  74.336 0.0000000000
45902  18.577  -36.194  78.797 0.0000000000
45878  18.199  -36.025  79.656 0.0000000000
44835  13.757  -37.596  78.465 0.0000000000
44819  13.408  -37.586  79.418 0.0000000000
44836  12.742  -37.804  78.461 0.0000000000
48843  28.448  -33.112  66.999 0.0000000000
49713  25.499  -33.474  69.858 0.0000000000
48796  27.241  -33.766  69.486 0.0000000000
48768  26.733  -33.960  70.233 0.0000000000
48744  27.333  -33.995  70.876 0.0000000000
46895  26.409  -35.736  75.318 0.0000000000
45938  28.626  -36.225  77.484 0.0000000000
45913  29.258  -36.190  78.151 0.0000000000
45914  28.407  -36.558  78.075 0.0000000000
44702  10.654  -37.744  87.462 0.0000000000
44701  11.217  -37.436  87.627 0.0000000000
45756  10.626  -37.026  89.374 0.0000000000
73751  51.612  -9.580  57.918 0.0000000000
71583  51.752  -10.315  58.101 0.0000000000
71597  50.386  -11.304  57.550 0.0000000000
71598  49.047  -11.671  57.055 0.0000000000
72690  47.035  -9.571  56.599 0.0000000000
73756  46.716  -8.924  58.217 0.0000000000
73744  47.543  -8.944  59.229 0.0000000000
69526  44.264  -13.670  61.801 0.0000000000
70507  45.033  -12.452  62.263 0.0000000000
70592  39.038  -12.751  53.506 0.0000000000
68658  39.185  -14.908  54.735 0.0000000000
68664  39.405  -14.347  54.725 0.0000000000
68657  39.789  -14.668  55.157 0.0000000000
64633  33.944  -19.413  66.200 0.0000000000
64620  34.215  -19.454  66.588 0.0000000000
64607  35.447  -19.048  66.961 0.0000000000
64618  35.406  -18.986  66.509 0.0000000000
63474  36.174  -19.294  68.382 0.0000000000
54134  38.284  -28.350  67.470 0.0000000000
55204  38.291  -27.363  67.240 0.0000000000
56263  38.221  -26.524  66.940 0.0000000000
57261  38.059  -25.689  66.692 0.0000000000
57252  38.354  -25.759  67.371 0.0000000000
58270  38.324  -25.006  67.795 0.0000000000
52996  41.213  -29.674  72.107 0.0000000000
52981  41.055  -29.020  73.039 0.0000000000
58224  38.914  -24.105  70.874 0.0000000000
59241  38.165  -23.250  70.562 0.0000000000
60334  36.918  -22.427  70.074 0.0000000000
60322  37.096  -22.557  70.919 0.0000000000
76924  47.733  -6.426  47.019 0.0000000000
75968  49.629  -6.349  46.034 0.0000000000
75894  50.163  -7.442  51.382 0.0000000000
75893  51.266  -7.264  51.435 0.0000000000
75892  52.374  -7.162  51.607 0.0000000000
75891  53.504  -7.197  51.795 0.0000000000
75880  52.739  -7.434  52.754 0.0000000000
74983  55.849  -8.855  44.020 0.0000000000
73870  53.941  -9.601  47.167 0.0000000000
73864  55.043  -9.547  48.589 0.0000000000
46843  31.825  -35.421  78.955 0.0000000000
46833  32.693  -35.368  79.853 0.0000000000
45847  32.393  -36.008  81.111 0.0000000000
45805  15.751  -36.067  83.367 0.0000000000
46817  15.330  -36.158  83.970 0.0000000000
46800  15.239  -35.776  85.820 0.0000000000
46810  14.432  -36.286  84.861 0.0000000000
46786  14.594  -35.584  87.821 0.0000000000
46778  14.859  -35.181  88.983 0.0000000000
72781  41.510  -10.324  51.907 0.0000000000
71636  40.613  -11.510  54.277 0.0000000000
64648  38.165  -18.032  62.843 0.0000000000
65673  39.091  -17.689  64.753 0.0000000000
65649  39.619  -17.558  66.233 0.0000000000
65648  40.272  -17.063  66.471 0.0000000000
41800  7.810  -40.153  83.219 0.0000000000
41790  7.335  -40.599  83.795 0.0000000000
40892  6.634  -41.228  83.503 0.0000000000
40876  6.826  -41.021  85.819 0.0000000000
40870  6.732  -40.992  86.794 0.0000000000
62428  33.950  -20.425  60.142 0.0000000000
63632  34.015  -20.158  60.790 0.0000000000
48827  32.192  -33.132  67.964 0.0000000000
48812  32.763  -33.295  68.367 0.0000000000
48790  33.252  -33.563  68.893 0.0000000000
45941  25.616  -36.620  76.922 0.0000000000
45942  24.650  -36.708  76.995 0.0000000000
45943  23.708  -36.700  76.899 0.0000000000
45944  22.745  -36.668  76.827 0.0000000000
45945  21.778  -36.553  76.849 0.0000000000
45972  16.292  -36.330  75.786 0.0000000000
45951  15.779  -36.671  76.511 0.0000000000
48728  25.813  -34.370  71.311 0.0000000000
47832  26.503  -34.471  72.013 0.0000000000
47809  26.218  -34.967  72.651 0.0000000000
74861  51.579  -8.290  55.072 0.0000000000
74862  50.712  -8.338  54.413 0.0000000000
73765  51.100  -9.328  57.155 0.0000000000
73752  51.001  -9.423  58.152 0.0000000000
73741  50.444  -9.480  58.745 0.0000000000
72667  50.030  -9.878  59.102 0.0000000000
72679  45.135  -10.098  57.954 0.0000000000
73746  45.719  -9.836  58.543 0.0000000000
70526  43.553  -12.442  60.695 0.0000000000
71577  43.546  -12.312  59.120 0.0000000000
70536  43.253  -12.475  59.773 0.0000000000
70518  43.198  -13.279  61.156 0.0000000000
66852  38.079  -16.243  54.796 0.0000000000
66757  41.984  -16.436  62.604 0.0000000000
63574  31.268  -20.245  64.116 0.0000000000
63573  31.960  -19.783  63.937 0.0000000000
63514  33.472  -20.023  66.624 0.0000000000
62367  33.309  -20.701  67.127 0.0000000000
63494  34.625  -20.086  67.425 0.0000000000
63476  35.255  -20.238  68.133 0.0000000000
50759  36.597  -31.006  68.167 0.0000000000
51889  36.758  -30.375  67.499 0.0000000000
51888  37.544  -30.167  67.886 0.0000000000
53037  38.038  -29.720  67.998 0.0000000000
51869  38.676  -30.240  68.920 0.0000000000
53036  38.660  -29.437  68.428 0.0000000000
54117  39.135  -28.514  68.926 0.0000000000
55177  39.529  -27.675  69.453 0.0000000000
75936  46.372  -7.180  48.407 0.0000000000
75920  46.678  -7.594  49.183 0.0000000000
75895  49.363  -7.504  51.062 0.0000000000
74897  48.561  -7.761  51.444 0.0000000000
74896  49.298  -7.592  51.778 0.0000000000
74881  49.794  -7.733  52.502 0.0000000000
77909  53.810  -5.349  44.880 0.0000000000
74957  55.444  -9.725  45.322 0.0000000000
73882  53.890  -9.898  46.291 0.0000000000
73871  53.082  -9.210  46.981 0.0000000000
47856  31.156  -34.824  71.774 0.0000000000
46954  32.272  -35.316  73.973 0.0000000000
46870  33.013  -35.105  77.291 0.0000000000
46853  33.907  -34.945  78.526 0.0000000000
46869  34.112  -34.923  77.486 0.0000000000
47837  21.934  -34.856  72.378 0.0000000000
45800  20.958  -36.953  83.603 0.0000000000
44731  21.503  -36.941  84.323 0.0000000000
45785  20.887  -36.816  84.496 0.0000000000
45759  20.329  -35.989  88.140 0.0000000000
45789  17.031  -35.813  84.674 0.0000000000
46806  17.446  -35.712  85.846 0.0000000000
46790  17.184  -35.538  87.244 0.0000000000
46789  18.045  -35.862  87.275 0.0000000000
73796  45.599  -9.825  54.202 0.0000000000
72721  45.379  -9.990  54.948 0.0000000000
72780  42.430  -10.071  51.883 0.0000000000
71601  43.404  -12.003  57.112 0.0000000000
64749  37.323  -18.331  57.187 0.0000000000
65823  37.955  -18.309  58.261 0.0000000000
65799  38.914  -18.116  59.995 0.0000000000
65735  41.119  -16.986  63.081 0.0000000000
65719  38.802  -17.775  63.177 0.0000000000
65695  40.293  -17.342  64.582 0.0000000000
66742  41.818  -16.743  63.493 0.0000000000
60374  34.225  -22.386  64.723 0.0000000000
60366  35.503  -22.582  65.778 0.0000000000
60359  35.828  -22.482  66.588 0.0000000000
49712  41.323  -32.338  70.887 0.0000000000
49703  42.409  -32.670  72.221 0.0000000000
78833  52.512  -4.370  43.945 0.0000000000
44768  11.408  -37.974  82.871 0.0000000000
44735  10.974  -37.933  84.866 0.0000000000
43677  10.160  -38.865  83.789 0.0000000000
44736  10.520  -38.359  85.047 0.0000000000
44724  10.547  -38.049  85.666 0.0000000000
43625  10.094  -38.179  87.378 0.0000000000
42674  8.298  -39.618  84.485 0.0000000000
43616  8.535  -38.645  89.147 0.0000000000
66854  36.482  -16.463  54.339 0.0000000000
65884  36.702  -17.008  54.722 0.0000000000
64774  36.563  -18.400  55.907 0.0000000000
64750  36.837  -18.528  56.562 0.0000000000
64725  36.762  -18.862  57.365 0.0000000000
64703  36.849  -18.955  58.261 0.0000000000
63669  36.251  -19.326  57.695 0.0000000000
64665  37.567  -18.604  61.631 0.0000000000
63489  38.872  -18.878  68.160 0.0000000000
51917  34.034  -29.980  65.537 0.0000000000
49768  33.199  -31.900  67.056 0.0000000000
50762  33.922  -31.396  67.146 0.0000000000
50760  35.862  -31.086  67.843 0.0000000000
50739  37.006  -31.178  68.791 0.0000000000
50718  37.472  -31.610  69.162 0.0000000000
49730  36.829  -32.375  69.291 0.0000000000
49728  38.992  -32.264  69.553 0.0000000000
47855  31.922  -35.097  71.501 0.0000000000
47012  32.448  -35.073  71.113 0.0000000000
47011  33.251  -35.171  71.118 0.0000000000
46999  33.646  -35.582  71.960 0.0000000000
47010  34.284  -35.208  71.145 0.0000000000
47009  35.346  -35.149  71.220 0.0000000000
47008  36.342  -34.953  71.366 0.0000000000
46978  36.307  -35.387  73.182 0.0000000000
47876  38.276  -34.221  70.599 0.0000000000
47875  39.381  -34.221  70.969 0.0000000000
44774  30.511  -36.839  82.061 0.0000000000
44756  29.546  -36.944  82.623 0.0000000000
45815  28.121  -36.814  83.167 0.0000000000
45798  27.850  -36.915  83.486 0.0000000000
45894  25.948  -37.053  78.803 0.0000000000
45873  26.068  -37.177  79.404 0.0000000000
44813  25.891  -37.320  79.834 0.0000000000
44814  24.990  -37.406  79.763 0.0000000000
44796  25.667  -37.362  80.702 0.0000000000
44777  25.681  -37.206  81.740 0.0000000000
44762  23.663  -37.381  82.840 0.0000000000
44780  22.801  -37.511  81.706 0.0000000000
44763  22.620  -37.427  82.709 0.0000000000
44764  21.500  -37.246  82.615 0.0000000000
44765  20.825  -37.068  82.009 0.0000000000
46983  22.185  -35.113  73.055 0.0000000000
46961  21.803  -35.462  73.687 0.0000000000
46931  21.288  -35.717  74.451 0.0000000000
46899  21.784  -36.003  75.235 0.0000000000
45967  21.260  -36.278  76.028 0.0000000000
45946  20.770  -36.473  76.890 0.0000000000
45899  20.982  -36.804  78.676 0.0000000000
45875  20.691  -36.854  79.561 0.0000000000
45855  20.582  -36.915  80.539 0.0000000000
45835  20.337  -36.906  81.433 0.0000000000
45818  20.457  -36.926  82.535 0.0000000000
44834  14.670  -37.207  78.525 0.0000000000
44783  13.645  -37.210  81.041 0.0000000000
45842  13.637  -37.037  81.873 0.0000000000
44805  11.408  -38.004  80.734 0.0000000000
44786  11.416  -37.893  81.827 0.0000000000
43728  9.274  -38.790  80.789 0.0000000000
43712  9.330  -38.874  81.837 0.0000000000
42710  8.720  -39.082  81.306 0.0000000000
49770  30.959  -32.843  67.058 0.0000000000
48829  30.473  -33.400  67.747 0.0000000000
49772  29.376  -33.175  67.108 0.0000000000
47902  30.162  -34.394  70.138 0.0000000000
48832  27.346  -33.296  67.959 0.0000000000
48795  28.244  -33.915  69.426 0.0000000000
47903  29.569  -34.231  70.332 0.0000000000
47805  29.920  -34.436  73.660 0.0000000000
47790  30.261  -34.645  74.781 0.0000000000
47783  30.026  -34.637  75.189 0.0000000000
47793  27.635  -34.718  73.795 0.0000000000
46844  30.808  -35.722  79.019 0.0000000000
45889  30.555  -35.854  79.356 0.0000000000
45829  31.034  -36.232  81.532 0.0000000000
45763  22.718  -36.677  86.547 0.0000000000
44734  11.786  -37.526  84.719 0.0000000000
45793  12.421  -37.046  85.155 0.0000000000
45771  11.637  -37.178  87.123 0.0000000000
45760  13.212  -36.256  87.681 0.0000000000
45753  13.295  -35.979  88.229 0.0000000000
46779  13.628  -35.702  88.915 0.0000000000
72689  48.129  -9.789  56.550 0.0000000000
73742  49.553  -9.160  59.229 0.0000000000
72668  49.402  -10.103  59.657 0.0000000000
72669  46.019  -9.771  59.809 0.0000000000
73736  46.611  -9.614  60.263 0.0000000000
73726  47.231  -9.713  60.973 0.0000000000
71545  46.165  -11.632  61.897 0.0000000000
72638  46.771  -11.059  61.560 0.0000000000
73725  48.160  -9.201  61.083 0.0000000000
72657  48.334  -10.515  60.749 0.0000000000
71561  48.772  -10.571  59.952 0.0000000000
71653  39.994  -11.469  53.194 0.0000000000
70582  38.565  -13.238  53.546 0.0000000000
70581  39.448  -12.975  54.055 0.0000000000
69590  39.499  -13.702  54.540 0.0000000000
69580  41.949  -13.454  56.275 0.0000000000
66835  39.471  -16.767  56.859 0.0000000000
66834  40.108  -16.012  56.845 0.0000000000
65775  41.660  -16.700  61.201 0.0000000000
66785  41.854  -16.005  60.600 0.0000000000
65820  40.821  -16.659  59.047 0.0000000000
66833  40.717  -15.697  57.197 0.0000000000
67701  41.486  -15.054  58.405 0.0000000000
68636  41.731  -14.366  57.960 0.0000000000
63572  32.892  -19.366  63.725 0.0000000000
63571  33.930  -19.190  63.557 0.0000000000
63528  36.827  -19.099  65.729 0.0000000000
63511  36.015  -19.026  66.423 0.0000000000
63510  37.055  -19.210  66.616 0.0000000000
63509  37.801  -19.254  67.036 0.0000000000
63490  38.191  -19.250  67.833 0.0000000000
53064  36.761  -29.036  66.354 0.0000000000
54151  37.481  -28.230  66.444 0.0000000000
58300  36.913  -24.591  65.484 0.0000000000
58286  37.234  -24.371  66.139 0.0000000000
59296  36.593  -23.884  65.434 0.0000000000
59289  36.766  -23.482  66.250 0.0000000000
60358  36.420  -22.619  67.142 0.0000000000
50709  41.136  -31.343  70.759 0.0000000000
51829  41.171  -29.735  71.701 0.0000000000
53011  40.761  -29.513  71.040 0.0000000000
53012  40.289  -29.430  70.688 0.0000000000
54091  40.050  -28.845  70.430 0.0000000000
55137  40.575  -27.559  72.612 0.0000000000
56192  39.988  -26.716  73.158 0.0000000000
55153  40.560  -27.615  71.580 0.0000000000
56228  39.735  -26.765  70.029 0.0000000000
57240  39.080  -25.727  68.833 0.0000000000
58255  38.613  -24.667  68.670 0.0000000000
59268  38.106  -24.068  68.534 0.0000000000
60352  35.677  -22.208  67.593 0.0000000000
60345  35.622  -22.065  68.476 0.0000000000
60337  35.240  -21.670  68.764 0.0000000000
61317  35.283  -21.251  69.278 0.0000000000
62347  35.423  -20.687  69.450 0.0000000000
63442  35.688  -20.270  69.515 0.0000000000
60295  37.643  -22.546  72.547 0.0000000000
60297  36.374  -21.592  72.345 0.0000000000
61287  36.153  -21.262  72.729 0.0000000000
61298  36.395  -21.252  71.913 0.0000000000
61307  36.410  -21.022  71.085 0.0000000000
62345  36.253  -20.542  70.588 0.0000000000
63455  37.095  -18.927  69.995 0.0000000000
77891  50.504  -5.171  44.113 0.0000000000
76977  50.677  -5.557  44.079 0.0000000000
74974  50.524  -7.211  45.137 0.0000000000
74945  51.585  -7.760  46.714 0.0000000000
75932  50.658  -7.288  48.428 0.0000000000
75931  51.636  -7.045  48.473 0.0000000000
75930  52.719  -6.964  48.505 0.0000000000
74938  53.476  -7.565  48.351 0.0000000000
41774  7.703  -39.926  85.398 0.0000000000
41775  7.345  -40.355  85.362 0.0000000000
42666  8.155  -39.643  85.429 0.0000000000
43636  10.096  -38.349  86.448 0.0000000000
43726  10.844  -38.338  80.474 0.0000000000
44712  11.943  -37.139  86.201 0.0000000000
44714  10.645  -37.842  86.514 0.0000000000
44758  28.432  -37.084  83.449 0.0000000000
44829  25.759  -37.195  79.212 0.0000000000
44847  25.123  -37.063  78.405 0.0000000000
45748  12.448  -35.888  89.540 0.0000000000
45762  11.667  -36.992  87.654 0.0000000000
45770  12.179  -36.891  86.666 0.0000000000
45816  27.439  -36.836  83.245 0.0000000000
46815  16.548  -35.807  84.620 0.0000000000
46845  30.105  -35.906  78.530 0.0000000000
48730  24.828  -34.414  71.502 0.0000000000
48783  40.180  -32.774  70.079 0.0000000000
49733  25.511  -33.511  69.728 0.0000000000
50737  38.519  -30.712  69.096 0.0000000000
58256  38.090  -24.391  68.130 0.0000000000
60289  37.295  -21.658  72.845 0.0000000000
61273  37.568  -21.377  73.200 0.0000000000
61308  36.018  -21.217  70.374 0.0000000000
63513  34.127  -19.857  66.923 0.0000000000
64598  35.554  -19.446  67.584 0.0000000000
64631  34.512  -18.995  65.914 0.0000000000
68609  43.019  -13.435  61.108 0.0000000000
68610  42.797  -13.748  60.938 0.0000000000
68617  43.127  -13.340  60.674 0.0000000000
68618  42.634  -13.855  59.906 0.0000000000
68619  42.442  -13.916  60.030 0.0000000000
69527  43.362  -13.816  61.509 0.0000000000
69528  42.930  -13.609  61.199 0.0000000000
69529  42.734  -13.666  60.762 0.0000000000
69537  44.397  -14.035  61.160 0.0000000000
69539  42.497  -13.831  59.775 0.0000000000
69540  42.586  -13.624  60.215 0.0000000000
70505  46.287  -11.943  61.755 0.0000000000
70506  45.735  -12.225  62.013 0.0000000000
70516  45.249  -13.074  61.705 0.0000000000
70517  44.160  -12.854  61.767 0.0000000000
70519  42.941  -13.312  60.981 0.0000000000
70527  42.805  -13.009  60.138 0.0000000000
70528  42.933  -13.093  60.699 0.0000000000
71543  47.322  -11.453  61.254 0.0000000000
71546  45.437  -11.770  62.207 0.0000000000
71554  47.194  -11.742  61.017 0.0000000000
71565  44.381  -11.398  61.212 0.0000000000
71570  51.214  -10.174  58.429 0.0000000000
71575  44.589  -10.861  60.440 0.0000000000
72637  47.346  -11.213  61.326 0.0000000000
72639  45.884  -11.102  62.015 0.0000000000
72640  45.198  -11.294  62.166 0.0000000000
72645  48.754  -9.358  60.269 0.0000000000
72646  48.592  -9.620  60.624 0.0000000000
72647  47.967  -10.406  61.421 0.0000000000
72650  44.822  -11.195  61.873 0.0000000000
72656  48.747  -10.281  60.267 0.0000000000
72659  45.063  -10.531  60.950 0.0000000000
72660  44.827  -10.905  61.512 0.0000000000
72666  51.023  -9.939  58.514 0.0000000000
72677  51.837  -10.078  57.993 0.0000000000
72814  55.339  -9.875  48.656 0.0000000000
72838  54.267  -9.851  46.812 0.0000000000
73727  46.543  -9.842  60.836 0.0000000000
73733  48.869  -9.153  59.989 0.0000000000
73735  47.413  -9.208  60.224 0.0000000000
74884  47.251  -8.525  51.949 0.0000000000
75912  54.526  -7.644  50.321 0.0000000000
75995  51.358  -6.354  43.876 0.0000000000
76930  49.347  -6.272  46.130 0.0000000000
76976  51.090  -5.793  43.894 0.0000000000
