#!ascii label  , from subject 3957 vox2ras=TkReg
192
77765  34.320  -13.963  -14.207 0.0000000000
69944  32.119  -21.716  -11.359 0.0000000000
81513  33.866  -10.253  -12.585 0.0000000000
91345  33.380  0.345  -12.870 0.0000000000
67849  29.894  -23.645  -11.251 0.0000000000
83476  34.795  -7.556  -14.369 0.0000000000
86271  35.396  -4.746  -14.063 0.0000000000
75819  31.891  -15.822  -12.586 0.0000000000
73704  33.290  -17.687  -12.732 0.0000000000
75815  35.161  -16.018  -13.476 0.0000000000
79638  36.483  -11.306  -14.358 0.0000000000
78690  36.098  -13.289  -12.664 0.0000000000
79623  33.709  -11.859  -13.063 0.0000000000
81527  35.060  -9.497  -15.276 0.0000000000
88073  34.670  -2.751  -12.353 0.0000000000
88923  35.826  -1.586  -14.273 0.0000000000
71798  33.531  -19.793  -11.062 0.0000000000
84408  34.876  -6.269  -13.095 0.0000000000
85337  35.100  -5.319  -12.665 0.0000000000
76783  33.585  -15.179  -13.674 0.0000000000
75817  33.805  -16.264  -13.808 0.0000000000
76782  34.480  -15.373  -14.246 0.0000000000
68952  31.309  -22.956  -11.398 0.0000000000
80565  33.475  -10.864  -12.254 0.0000000000
80577  34.459  -10.714  -14.447 0.0000000000
81528  34.648  -9.586  -14.702 0.0000000000
85378  35.647  -5.323  -15.464 0.0000000000
84432  35.956  -7.104  -15.235 0.0000000000
90525  33.008  -0.638  -12.617 0.0000000000
88059  34.031  -3.144  -11.955 0.0000000000
89747  34.773  -1.067  -12.617 0.0000000000
92212  35.956  3.046  -15.110 0.0000000000
92198  36.320  2.001  -14.774 0.0000000000
90533  35.974  -0.490  -14.174 0.0000000000
90546  36.404  0.195  -14.836 0.0000000000
88926  35.890  -2.287  -15.038 0.0000000000
73687  34.353  -17.917  -12.089 0.0000000000
72733  33.715  -18.550  -11.947 0.0000000000
66600  29.432  -24.347  -10.866 0.0000000000
82501  34.544  -8.604  -14.079 0.0000000000
83477  34.522  -7.958  -13.644 0.0000000000
84422  35.017  -6.490  -14.263 0.0000000000
86282  35.353  -4.766  -15.103 0.0000000000
73706  31.523  -17.675  -12.490 0.0000000000
74804  32.279  -16.806  -12.647 0.0000000000
74802  33.998  -17.160  -13.328 0.0000000000
74783  35.338  -16.732  -11.428 0.0000000000
78717  35.608  -13.195  -15.418 0.0000000000
78700  35.980  -13.435  -14.091 0.0000000000
79621  36.234  -12.587  -13.326 0.0000000000
77766  33.216  -14.041  -12.977 0.0000000000
78703  32.555  -12.970  -12.263 0.0000000000
78701  33.955  -12.738  -14.151 0.0000000000
79657  35.293  -11.683  -15.467 0.0000000000
80608  35.800  -10.576  -14.975 0.0000000000
82499  36.595  -8.978  -13.926 0.0000000000
82500  34.815  -8.590  -15.014 0.0000000000
83491  35.969  -7.954  -14.854 0.0000000000
86246  34.435  -4.437  -11.806 0.0000000000
90535  34.888  0.832  -13.175 0.0000000000
90523  35.237  -0.506  -12.993 0.0000000000
88072  35.326  -2.896  -12.754 0.0000000000
87169  35.464  -3.781  -13.040 0.0000000000
87175  35.478  -3.853  -14.304 0.0000000000
88078  35.586  -3.140  -15.434 0.0000000000
70899  31.594  -20.654  -12.189 0.0000000000
72735  32.071  -18.601  -12.519 0.0000000000
77753  35.615  -14.196  -13.076 0.0000000000
76762  35.736  -15.080  -12.014 0.0000000000
84409  34.715  -6.516  -12.173 0.0000000000
84390  34.857  -5.753  -12.062 0.0000000000
77764  35.238  -14.356  -14.520 0.0000000000
65438  28.521  -25.686  -10.069 0.0000000000
66577  28.979  -25.090  -10.495 0.0000000000
68965  31.596  -22.243  -11.488 0.0000000000
80578  34.068  -10.877  -13.291 0.0000000000
85377  35.857  -5.315  -15.656 0.0000000000
85362  36.044  -5.988  -15.531 0.0000000000
89748  33.689  -1.238  -12.445 0.0000000000
88919  34.282  -1.899  -12.324 0.0000000000
90524  34.385  -0.022  -12.815 0.0000000000
89773  36.261  -0.980  -16.033 0.0000000000
73671  34.790  -17.888  -11.403 0.0000000000
72717  34.237  -18.518  -11.344 0.0000000000
68967  30.081  -22.179  -11.804 0.0000000000
82490  34.275  -8.365  -13.024 0.0000000000
82475  34.118  -7.943  -11.955 0.0000000000
85351  35.188  -5.550  -13.711 0.0000000000
83465  34.825  -6.923  -13.721 0.0000000000
85363  35.277  -5.701  -14.957 0.0000000000
91367  31.634  0.160  -13.465 0.0000000000
75818  32.968  -16.012  -13.092 0.0000000000
75816  34.653  -16.350  -13.809 0.0000000000
75799  34.991  -16.527  -13.067 0.0000000000
74784  34.924  -17.120  -12.216 0.0000000000
75798  35.352  -16.112  -12.348 0.0000000000
78732  35.493  -12.309  -15.539 0.0000000000
79639  36.340  -12.373  -14.415 0.0000000000
77767  31.995  -13.911  -12.347 0.0000000000
79624  33.061  -12.100  -12.221 0.0000000000
78702  33.566  -12.968  -13.106 0.0000000000
78718  34.552  -12.879  -15.184 0.0000000000
79622  34.069  -11.807  -14.411 0.0000000000
80592  35.316  -10.061  -15.144 0.0000000000
80593  35.027  -10.606  -15.303 0.0000000000
81546  36.258  -9.713  -14.522 0.0000000000
82516  36.066  -8.840  -14.627 0.0000000000
83492  35.343  -7.790  -15.071 0.0000000000
84421  36.624  -7.163  -14.289 0.0000000000
87164  33.842  -3.764  -11.674 0.0000000000
87163  34.753  -3.711  -12.226 0.0000000000
92199  35.715  2.761  -14.502 0.0000000000
92200  35.055  3.145  -14.197 0.0000000000
91364  35.183  1.506  -13.494 0.0000000000
90534  35.643  0.381  -13.589 0.0000000000
89755  35.918  -1.028  -14.176 0.0000000000
89756  35.708  -0.996  -13.500 0.0000000000
88924  35.653  -2.052  -13.795 0.0000000000
88076  35.529  -2.881  -13.498 0.0000000000
88927  35.720  -2.183  -14.405 0.0000000000
88934  35.909  -1.903  -15.772 0.0000000000
87185  35.614  -3.498  -15.873 0.0000000000
70900  30.554  -20.550  -12.143 0.0000000000
73705  32.530  -17.752  -12.559 0.0000000000
73689  31.965  -18.086  -12.463 0.0000000000
72755  32.653  -18.222  -12.472 0.0000000000
71812  33.742  -19.101  -11.349 0.0000000000
71813  33.134  -19.463  -11.811 0.0000000000
70898  32.496  -20.366  -11.866 0.0000000000
76784  32.562  -14.985  -12.791 0.0000000000
76781  35.084  -15.583  -14.126 0.0000000000
67848  30.829  -23.642  -11.173 0.0000000000
66598  31.070  -24.042  -10.725 0.0000000000
67847  31.670  -23.574  -10.634 0.0000000000
67846  32.259  -23.105  -10.481 0.0000000000
80607  36.438  -10.506  -14.428 0.0000000000
80591  36.617  -10.565  -13.616 0.0000000000
79610  32.723  -11.272  -11.894 0.0000000000
79609  33.303  -11.534  -12.270 0.0000000000
84433  35.383  -6.815  -15.034 0.0000000000
91381  35.862  1.584  -14.119 0.0000000000
90547  36.136  0.879  -14.229 0.0000000000
89765  36.193  -1.167  -14.846 0.0000000000
73688  33.813  -17.878  -12.598 0.0000000000
72734  33.008  -18.503  -12.390 0.0000000000
66601  28.434  -24.348  -10.706 0.0000000000
67850  28.844  -23.584  -11.145 0.0000000000
68954  29.426  -22.830  -11.460 0.0000000000
68953  30.417  -22.957  -11.545 0.0000000000
68966  30.963  -22.285  -11.801 0.0000000000
69955  31.519  -21.591  -11.799 0.0000000000
81496  33.352  -9.633  -11.803 0.0000000000
81512  34.247  -9.613  -13.246 0.0000000000
81495  33.893  -8.798  -12.255 0.0000000000
83466  34.546  -7.319  -12.950 0.0000000000
86296  35.671  -4.857  -15.622 0.0000000000
91346  32.424  -0.115  -12.979 0.0000000000
91366  32.885  0.963  -13.217 0.0000000000
74803  33.241  -16.933  -13.013 0.0000000000
74785  34.363  -17.404  -12.731 0.0000000000
74767  35.167  -17.351  -11.285 0.0000000000
77785  35.009  -13.767  -15.195 0.0000000000
77784  35.334  -13.769  -15.143 0.0000000000
79620  36.434  -11.462  -13.059 0.0000000000
79608  36.359  -12.367  -12.192 0.0000000000
78733  35.058  -12.418  -15.710 0.0000000000
79656  35.975  -11.743  -15.220 0.0000000000
79640  34.659  -11.702  -15.256 0.0000000000
80609  35.521  -11.185  -15.254 0.0000000000
79655  36.234  -11.051  -14.819 0.0000000000
82517  35.419  -8.701  -15.026 0.0000000000
85319  34.865  -5.033  -11.973 0.0000000000
91365  34.151  1.233  -13.169 0.0000000000
89746  35.340  -1.079  -12.888 0.0000000000
88918  35.349  -1.913  -12.777 0.0000000000
87170  35.114  -3.269  -12.525 0.0000000000
87162  35.221  -4.179  -12.593 0.0000000000
86245  35.022  -4.551  -12.318 0.0000000000
86259  35.340  -4.702  -13.030 0.0000000000
88079  35.590  -2.904  -14.563 0.0000000000
87186  35.568  -3.969  -15.447 0.0000000000
69956  30.756  -21.471  -12.052 0.0000000000
71815  31.298  -19.633  -12.463 0.0000000000
71814  32.312  -19.584  -12.358 0.0000000000
70882  32.091  -21.085  -11.750 0.0000000000
76772  35.331  -15.263  -13.366 0.0000000000
77740  36.132  -14.077  -11.771 0.0000000000
70897  33.063  -20.280  -11.396 0.0000000000
72754  32.904  -18.037  -12.537 0.0000000000
73690  31.647  -18.249  -12.500 0.0000000000
74801  34.598  -16.905  -13.098 0.0000000000
81547  35.604  -9.567  -14.927 0.0000000000
