#!ascii label  , from subject 3288 vox2ras=TkReg
1582
83691  -40.962  -22.402  64.918 0.0000000000
99646  -53.931  -7.568  60.103 0.0000000000
90827  -46.957  -14.569  64.131 0.0000000000
59058  -12.827  -42.050  84.382 0.0000000000
83631  -37.567  -21.940  68.774 0.0000000000
67722  -30.602  -36.350  84.913 0.0000000000
67761  -40.249  -34.863  82.573 0.0000000000
74146  -43.535  -29.421  76.649 0.0000000000
169068  -43.193  -24.333  73.453 0.0000000000
61678  -23.836  -40.350  80.500 0.0000000000
65236  -27.257  -37.553  86.211 0.0000000000
64145  -27.018  -36.730  79.953 0.0000000000
65302  -35.198  -37.481  78.867 0.0000000000
69133  -42.045  -34.850  77.154 0.0000000000
87204  -43.907  -18.808  69.608 0.0000000000
86004  -48.222  -20.732  67.178 0.0000000000
94353  -51.459  -12.569  61.718 0.0000000000
87298  -43.469  -18.771  64.336 0.0000000000
100859  -53.138  -7.259  55.134 0.0000000000
53815  -10.208  -45.593  86.315 0.0000000000
85930  -41.427  -19.677  73.049 0.0000000000
85996  -38.249  -20.191  67.299 0.0000000000
67818  -29.526  -36.188  79.146 0.0000000000
67741  -34.852  -35.991  83.930 0.0000000000
87329  -52.679  -19.398  62.763 0.0000000000
107714  -59.705  -1.822  52.500 0.0000000000
73025  -41.855  -30.571  74.336 0.0000000000
75317  -41.769  -27.674  72.751 0.0000000000
62952  -25.925  -39.564  79.658 0.0000000000
168979  -39.997  -35.886  75.136 0.0000000000
70453  -41.926  -33.496  74.689 0.0000000000
70441  -43.739  -32.645  76.556 0.0000000000
86000  -42.297  -20.281  67.726 0.0000000000
87227  -46.497  -20.249  69.219 0.0000000000
83650  -44.182  -21.680  67.135 0.0000000000
96567  -53.048  -10.664  61.022 0.0000000000
96542  -52.928  -10.568  64.782 0.0000000000
103155  -54.701  -4.860  60.084 0.0000000000
57775  -12.841  -43.345  81.288 0.0000000000
56408  -11.555  -43.769  86.015 0.0000000000
82422  -40.772  -22.803  70.731 0.0000000000
82389  -42.800  -21.921  72.946 0.0000000000
84779  -39.597  -20.763  70.511 0.0000000000
87189  -39.651  -18.814  70.103 0.0000000000
85972  -37.321  -20.558  68.301 0.0000000000
66440  -29.199  -36.954  86.030 0.0000000000
65207  -28.539  -36.553  88.827 0.0000000000
66418  -31.032  -36.941  87.882 0.0000000000
66421  -33.058  -37.804  86.686 0.0000000000
70434  -27.538  -32.936  76.279 0.0000000000
67854  -30.049  -34.760  76.438 0.0000000000
67779  -37.775  -34.587  81.070 0.0000000000
66508  -35.177  -36.309  80.832 0.0000000000
67758  -37.137  -34.805  82.711 0.0000000000
64086  -36.994  -37.362  83.594 0.0000000000
59114  -18.713  -41.701  82.686 0.0000000000
60321  -20.566  -40.933  86.040 0.0000000000
61559  -19.531  -39.809  90.002 0.0000000000
88495  -45.089  -16.608  64.113 0.0000000000
87301  -47.797  -18.780  63.869 0.0000000000
89661  -49.314  -16.789  64.854 0.0000000000
106637  -61.297  -2.698  51.610 0.0000000000
59013  -12.012  -41.992  89.607 0.0000000000
75278  -44.393  -28.015  78.156 0.0000000000
78877  -44.289  -25.551  77.404 0.0000000000
76576  -43.130  -27.331  75.496 0.0000000000
76585  -42.102  -25.248  71.739 0.0000000000
61641  -23.418  -39.908  84.199 0.0000000000
62852  -24.648  -38.859  86.735 0.0000000000
62892  -25.697  -38.641  83.524 0.0000000000
64110  -27.403  -37.501  82.602 0.0000000000
66489  -28.142  -36.080  82.453 0.0000000000
66565  -32.231  -36.646  76.225 0.0000000000
168972  -36.406  -36.481  75.614 0.0000000000
168986  -38.166  -35.817  78.092 0.0000000000
69086  -40.356  -34.223  79.548 0.0000000000
70413  -43.126  -33.243  79.033 0.0000000000
71707  -44.063  -31.369  79.055 0.0000000000
60407  -21.317  -40.904  79.371 0.0000000000
89549  -45.065  -19.140  72.362 0.0000000000
89515  -48.203  -16.518  73.763 0.0000000000
88382  -47.427  -18.924  71.256 0.0000000000
88402  -49.779  -19.132  70.268 0.0000000000
93215  -48.829  -13.908  62.445 0.0000000000
92015  -50.504  -14.665  66.233 0.0000000000
94302  -51.200  -12.482  66.215 0.0000000000
47497  -6.786  -50.962  88.978 0.0000000000
84904  -42.539  -21.402  63.961 0.0000000000
88550  -43.478  -17.659  60.773 0.0000000000
93249  -47.424  -14.438  59.602 0.0000000000
94376  -50.131  -13.767  58.849 0.0000000000
96590  -50.963  -11.113  57.782 0.0000000000
98569  -51.471  -8.555  58.209 0.0000000000
102009  -52.510  -6.142  57.447 0.0000000000
99687  -51.554  -8.204  55.556 0.0000000000
56371  -10.260  -43.645  89.451 0.0000000000
53750  -7.891  -45.579  90.140 0.0000000000
51231  -6.799  -48.133  90.018 0.0000000000
87086  -44.927  -19.578  77.718 0.0000000000
81170  -44.036  -23.450  76.882 0.0000000000
84725  -43.630  -20.708  75.486 0.0000000000
88324  -43.977  -19.406  73.646 0.0000000000
88364  -42.220  -17.705  71.827 0.0000000000
87222  -41.119  -18.783  68.592 0.0000000000
84846  -40.233  -21.233  66.265 0.0000000000
65193  -26.541  -37.097  89.790 0.0000000000
69078  -27.754  -34.081  79.987 0.0000000000
69058  -29.535  -36.486  81.388 0.0000000000
66534  -31.973  -37.444  79.303 0.0000000000
66504  -31.565  -37.582  81.431 0.0000000000
67738  -32.234  -36.543  83.936 0.0000000000
64077  -35.198  -36.978  85.645 0.0000000000
59109  -14.180  -41.812  81.827 0.0000000000
59128  -15.968  -42.302  81.358 0.0000000000
59061  -15.483  -41.821  85.117 0.0000000000
84879  -46.241  -20.539  65.275 0.0000000000
86059  -49.868  -20.120  64.836 0.0000000000
83676  -52.905  -22.139  65.658 0.0000000000
88499  -53.810  -17.427  63.843 0.0000000000
103187  -54.009  -5.307  56.579 0.0000000000
105488  -56.417  -3.366  56.127 0.0000000000
106603  -57.918  -2.286  55.212 0.0000000000
105504  -57.836  -3.161  53.096 0.0000000000
106606  -59.435  -2.720  54.368 0.0000000000
71762  -41.030  -31.278  73.676 0.0000000000
74185  -41.074  -29.671  72.952 0.0000000000
73049  -40.118  -30.016  71.463 0.0000000000
69174  -40.319  -33.799  73.750 0.0000000000
70469  -41.260  -32.491  74.133 0.0000000000
70470  -41.893  -32.042  74.612 0.0000000000
84847  -41.322  -21.590  66.545 0.0000000000
84817  -43.033  -20.938  67.593 0.0000000000
83672  -42.734  -21.890  66.215 0.0000000000
97562  -53.784  -9.027  60.244 0.0000000000
97545  -53.928  -9.367  61.666 0.0000000000
98537  -54.546  -8.160  61.315 0.0000000000
99629  -54.780  -7.322  61.452 0.0000000000
101982  -54.110  -5.992  59.820 0.0000000000
59090  -12.867  -42.432  82.954 0.0000000000
56452  -12.150  -43.888  82.954 0.0000000000
57731  -12.298  -42.687  85.014 0.0000000000
82429  -39.161  -22.237  69.964 0.0000000000
83604  -40.376  -21.417  70.951 0.0000000000
84788  -38.247  -20.933  69.545 0.0000000000
85964  -38.057  -20.073  69.226 0.0000000000
84787  -37.622  -20.718  69.001 0.0000000000
61575  -21.887  -39.758  88.884 0.0000000000
67720  -29.436  -36.561  85.061 0.0000000000
66428  -29.680  -37.141  86.984 0.0000000000
67700  -30.535  -36.919  86.672 0.0000000000
66419  -31.695  -37.355  87.768 0.0000000000
67702  -31.911  -36.881  86.192 0.0000000000
67780  -39.000  -34.479  81.593 0.0000000000
66475  -38.795  -35.087  83.167 0.0000000000
65256  -38.552  -36.494  83.454 0.0000000000
60332  -22.179  -40.551  85.332 0.0000000000
60313  -21.546  -40.423  86.944 0.0000000000
61586  -20.553  -40.161  88.491 0.0000000000
88280  -46.706  -17.870  77.071 0.0000000000
89660  -46.092  -15.710  64.578 0.0000000000
89622  -46.796  -16.400  65.667 0.0000000000
90797  -47.187  -15.541  65.847 0.0000000000
74135  -43.915  -29.428  77.761 0.0000000000
76555  -43.959  -27.576  77.142 0.0000000000
75294  -43.315  -28.286  76.046 0.0000000000
76580  -42.354  -26.876  73.271 0.0000000000
169064  -40.809  -25.861  69.816 0.0000000000
78972  -40.787  -24.515  70.060 0.0000000000
61665  -23.496  -40.312  81.756 0.0000000000
61642  -24.135  -39.610  83.839 0.0000000000
61666  -24.590  -39.857  81.485 0.0000000000
64144  -26.836  -37.596  79.904 0.0000000000
62935  -26.579  -38.437  81.638 0.0000000000
64130  -27.360  -37.131  80.794 0.0000000000
66472  -28.186  -36.773  83.024 0.0000000000
65287  -27.402  -36.313  80.700 0.0000000000
66588  -33.984  -36.084  74.577 0.0000000000
67844  -40.655  -36.000  76.522 0.0000000000
67810  -39.577  -35.846  77.440 0.0000000000
168990  -40.717  -35.678  77.570 0.0000000000
67800  -39.881  -34.728  78.935 0.0000000000
69104  -40.970  -34.476  78.783 0.0000000000
69105  -42.077  -33.618  79.400 0.0000000000
69121  -42.268  -33.915  78.346 0.0000000000
73004  -43.467  -30.536  76.281 0.0000000000
71719  -43.939  -31.575  77.944 0.0000000000
72994  -43.755  -30.522  77.314 0.0000000000
74125  -44.002  -29.721  78.698 0.0000000000
60408  -22.568  -40.742  79.302 0.0000000000
88380  -44.829  -19.246  71.175 0.0000000000
88368  -45.995  -18.979  71.882 0.0000000000
88398  -45.437  -19.483  70.647 0.0000000000
85982  -46.935  -20.608  68.344 0.0000000000
87208  -48.237  -19.773  69.695 0.0000000000
87229  -48.694  -20.330  68.485 0.0000000000
87231  -50.653  -19.732  68.833 0.0000000000
87241  -50.404  -20.142  67.533 0.0000000000
93217  -50.348  -13.166  62.046 0.0000000000
94328  -50.006  -12.433  64.659 0.0000000000
94336  -50.760  -12.013  63.677 0.0000000000
96529  -53.974  -10.982  64.827 0.0000000000
93250  -48.467  -14.371  59.464 0.0000000000
94386  -48.818  -13.847  57.692 0.0000000000
96589  -50.534  -11.785  57.209 0.0000000000
97590  -50.592  -9.884  57.097 0.0000000000
97574  -51.182  -9.829  58.048 0.0000000000
98580  -50.637  -8.586  57.033 0.0000000000
99669  -50.810  -7.871  56.803 0.0000000000
53845  -10.910  -45.613  84.200 0.0000000000
52505  -9.757  -46.554  85.962 0.0000000000
59002  -11.058  -41.910  91.170 0.0000000000
57684  -10.811  -43.043  89.386 0.0000000000
57662  -9.744  -42.881  91.062 0.0000000000
55049  -8.028  -44.487  91.482 0.0000000000
53735  -7.379  -45.933  91.528 0.0000000000
52464  -7.251  -46.796  90.126 0.0000000000
51225  -7.375  -47.740  91.596 0.0000000000
48706  -7.446  -49.500  91.596 0.0000000000
78886  -43.664  -25.408  76.212 0.0000000000
80031  -44.399  -24.520  77.417 0.0000000000
80048  -43.641  -24.229  75.171 0.0000000000
84747  -42.360  -20.669  72.940 0.0000000000
83568  -43.513  -21.404  74.522 0.0000000000
84734  -42.961  -20.571  73.223 0.0000000000
85914  -43.605  -20.023  75.157 0.0000000000
87146  -42.933  -19.987  73.045 0.0000000000
88333  -43.000  -19.251  72.688 0.0000000000
88345  -41.701  -17.902  72.514 0.0000000000
87220  -39.173  -19.342  68.463 0.0000000000
87201  -40.387  -18.620  69.419 0.0000000000
85975  -39.694  -19.536  67.785 0.0000000000
85998  -40.259  -20.095  67.017 0.0000000000
86028  -39.574  -20.627  66.691 0.0000000000
64066  -25.694  -38.091  86.384 0.0000000000
64047  -25.613  -37.934  88.418 0.0000000000
65228  -26.487  -37.569  87.623 0.0000000000
69114  -28.400  -34.145  78.194 0.0000000000
70406  -27.409  -33.753  78.118 0.0000000000
69099  -28.567  -34.811  79.401 0.0000000000
69056  -28.407  -35.585  80.634 0.0000000000
69081  -29.326  -36.109  80.550 0.0000000000
65329  -33.549  -37.791  77.380 0.0000000000
66556  -31.639  -36.804  77.563 0.0000000000
65300  -33.503  -37.883  79.133 0.0000000000
67776  -34.576  -36.146  82.471 0.0000000000
66506  -33.405  -37.533  81.417 0.0000000000
67775  -33.704  -36.665  82.645 0.0000000000
67753  -32.398  -36.636  83.230 0.0000000000
67740  -33.966  -36.411  83.825 0.0000000000
66451  -34.146  -36.447  85.046 0.0000000000
66452  -34.953  -35.963  84.967 0.0000000000
70355  -43.592  -33.531  82.032 0.0000000000
59113  -17.716  -41.810  82.547 0.0000000000
59095  -17.024  -41.730  83.389 0.0000000000
59094  -16.059  -41.701  83.198 0.0000000000
61535  -19.015  -39.990  91.474 0.0000000000
86079  -43.046  -19.497  64.150 0.0000000000
84877  -44.078  -20.842  65.888 0.0000000000
86056  -44.523  -19.072  65.953 0.0000000000
86127  -49.346  -18.863  62.209 0.0000000000
86082  -48.839  -19.788  63.438 0.0000000000
86110  -51.353  -20.072  63.083 0.0000000000
86061  -51.526  -20.616  65.156 0.0000000000
84926  -52.694  -20.540  63.861 0.0000000000
92017  -52.489  -13.976  65.258 0.0000000000
90815  -51.797  -15.377  64.453 0.0000000000
89649  -54.156  -16.548  64.676 0.0000000000
100850  -52.328  -6.873  55.890 0.0000000000
102018  -53.237  -5.810  56.361 0.0000000000
100851  -53.507  -6.514  55.591 0.0000000000
103198  -55.889  -5.144  54.995 0.0000000000
103199  -56.491  -4.904  54.678 0.0000000000
105481  -57.257  -2.623  56.224 0.0000000000
104344  -57.487  -3.652  54.474 0.0000000000
106634  -58.790  -2.402  51.654 0.0000000000
104360  -57.993  -3.600  51.517 0.0000000000
106627  -58.659  -2.335  52.749 0.0000000000
106616  -58.468  -2.242  53.873 0.0000000000
107691  -59.837  -2.002  54.019 0.0000000000
107704  -60.700  -1.881  53.078 0.0000000000
105520  -61.363  -3.451  51.473 0.0000000000
73014  -43.042  -30.610  75.584 0.0000000000
75306  -42.322  -28.206  74.252 0.0000000000
74171  -41.672  -29.372  73.788 0.0000000000
74186  -41.326  -28.728  72.370 0.0000000000
61679  -24.819  -39.997  80.141 0.0000000000
66590  -39.499  -34.810  73.813 0.0000000000
66579  -40.910  -35.305  74.728 0.0000000000
67859  -42.409  -34.640  75.756 0.0000000000
69134  -42.995  -34.251  77.176 0.0000000000
70454  -42.393  -32.780  75.078 0.0000000000
71737  -42.880  -31.979  75.411 0.0000000000
87224  -43.383  -19.134  68.820 0.0000000000
87205  -44.847  -19.529  69.908 0.0000000000
85979  -43.801  -20.169  68.476 0.0000000000
84801  -45.095  -21.093  68.113 0.0000000000
84820  -45.693  -21.313  67.319 0.0000000000
95485  -52.616  -11.515  60.920 0.0000000000
95467  -51.870  -11.535  62.661 0.0000000000
96554  -52.825  -10.483  62.981 0.0000000000
97532  -53.419  -9.939  64.181 0.0000000000
104300  -55.200  -3.865  59.581 0.0000000000
55145  -11.514  -44.880  83.517 0.0000000000
53831  -10.881  -44.928  85.237 0.0000000000
82414  -42.487  -23.461  72.116 0.0000000000
81216  -43.095  -23.089  73.107 0.0000000000
82402  -41.645  -21.939  71.700 0.0000000000
84770  -40.821  -20.831  71.444 0.0000000000
84756  -40.506  -20.040  71.839 0.0000000000
87164  -40.287  -18.973  71.974 0.0000000000
85957  -39.403  -19.715  70.513 0.0000000000
87199  -38.613  -19.438  68.882 0.0000000000
85995  -37.381  -20.397  67.349 0.0000000000
65237  -28.029  -37.415  86.147 0.0000000000
65220  -27.644  -36.938  87.801 0.0000000000
66415  -28.719  -36.640  87.610 0.0000000000
66404  -29.815  -36.708  88.536 0.0000000000
65222  -32.369  -37.983  87.663 0.0000000000
69128  -28.803  -33.794  76.959 0.0000000000
69129  -29.274  -34.555  77.293 0.0000000000
66510  -36.580  -35.781  79.596 0.0000000000
66535  -35.272  -37.350  79.544 0.0000000000
66509  -35.980  -35.656  80.600 0.0000000000
67778  -36.366  -35.149  81.619 0.0000000000
67743  -36.457  -35.301  83.476 0.0000000000
66461  -36.227  -35.827  84.232 0.0000000000
66462  -37.270  -35.580  83.719 0.0000000000
60369  -20.340  -41.262  81.657 0.0000000000
60354  -19.631  -41.499  82.716 0.0000000000
60319  -18.797  -41.561  85.657 0.0000000000
60300  -18.633  -40.933  87.775 0.0000000000
60301  -19.800  -40.618  88.110 0.0000000000
169271  -44.156  -17.577  63.809 0.0000000000
87256  -44.990  -17.970  65.950 0.0000000000
88445  -46.444  -17.313  65.707 0.0000000000
88517  -48.701  -17.787  63.872 0.0000000000
88536  -50.941  -17.540  62.047 0.0000000000
98618  -53.414  -8.431  53.388 0.0000000000
100860  -54.168  -6.983  54.919 0.0000000000
99707  -54.899  -7.796  53.651 0.0000000000
106635  -59.282  -1.995  51.579 0.0000000000
107715  -60.264  -1.662  52.424 0.0000000000
107726  -60.316  -1.470  51.503 0.0000000000
107737  -60.805  -1.315  50.433 0.0000000000
59037  -13.783  -41.715  86.794 0.0000000000
59024  -12.843  -42.011  87.633 0.0000000000
77689  -45.056  -26.671  79.174 0.0000000000
76544  -44.623  -27.219  78.456 0.0000000000
77722  -43.589  -26.296  76.259 0.0000000000
78894  -43.257  -25.140  74.640 0.0000000000
76575  -42.765  -26.938  74.378 0.0000000000
77735  -42.619  -26.218  73.267 0.0000000000
169074  -42.363  -24.281  71.691 0.0000000000
81235  -41.294  -23.595  70.774 0.0000000000
81245  -40.022  -23.435  69.939 0.0000000000
61628  -22.836  -40.256  85.650 0.0000000000
62851  -23.884  -39.347  86.934 0.0000000000
62875  -24.322  -39.587  85.298 0.0000000000
62863  -25.306  -38.680  85.526 0.0000000000
64075  -25.988  -38.220  85.424 0.0000000000
62934  -25.747  -39.297  81.219 0.0000000000
64094  -26.388  -38.034  83.487 0.0000000000
64084  -26.901  -37.708  84.399 0.0000000000
65252  -28.275  -37.052  84.305 0.0000000000
66458  -28.753  -36.777  84.205 0.0000000000
67734  -29.189  -36.599  84.146 0.0000000000
66566  -33.476  -37.326  76.209 0.0000000000
168971  -35.579  -37.533  76.815 0.0000000000
168983  -38.183  -36.466  75.879 0.0000000000
168975  -37.914  -36.582  77.200 0.0000000000
168968  -37.006  -37.104  77.776 0.0000000000
67798  -37.925  -35.183  79.169 0.0000000000
69065  -38.583  -34.542  79.667 0.0000000000
69044  -39.735  -34.485  80.907 0.0000000000
67782  -40.869  -34.607  82.014 0.0000000000
69068  -41.301  -33.833  80.825 0.0000000000
69069  -42.258  -33.671  81.235 0.0000000000
70389  -44.041  -32.483  80.390 0.0000000000
70428  -43.325  -33.464  78.179 0.0000000000
70401  -43.848  -32.466  79.469 0.0000000000
71693  -44.243  -31.763  79.756 0.0000000000
72957  -44.516  -30.201  80.013 0.0000000000
60370  -21.573  -40.923  81.803 0.0000000000
89511  -44.940  -18.231  73.195 0.0000000000
89530  -46.193  -17.983  72.970 0.0000000000
89552  -47.671  -17.750  72.457 0.0000000000
89567  -49.041  -18.004  71.601 0.0000000000
87206  -45.993  -19.845  70.006 0.0000000000
88401  -48.819  -19.147  70.372 0.0000000000
92051  -48.060  -13.976  63.243 0.0000000000
92013  -48.508  -14.272  66.028 0.0000000000
93194  -48.852  -13.473  65.329 0.0000000000
93160  -50.694  -13.545  66.586 0.0000000000
92002  -52.288  -13.525  65.973 0.0000000000
95442  -51.987  -11.370  65.721 0.0000000000
94289  -53.296  -12.562  65.947 0.0000000000
83729  -40.717  -22.357  62.978 0.0000000000
83715  -42.278  -22.072  64.533 0.0000000000
84924  -41.772  -21.682  62.840 0.0000000000
86103  -42.102  -20.324  62.412 0.0000000000
86125  -42.756  -19.026  62.546 0.0000000000
87347  -43.736  -17.937  62.392 0.0000000000
89691  -44.645  -16.869  62.024 0.0000000000
90845  -45.932  -15.351  62.094 0.0000000000
92066  -47.317  -14.775  61.513 0.0000000000
93223  -48.790  -14.338  61.546 0.0000000000
93235  -49.424  -14.061  60.627 0.0000000000
94362  -50.856  -13.370  60.675 0.0000000000
95525  -49.267  -12.930  57.034 0.0000000000
95511  -50.706  -12.625  58.156 0.0000000000
95499  -51.701  -12.315  59.575 0.0000000000
96592  -52.385  -10.518  59.079 0.0000000000
97576  -52.723  -9.700  59.232 0.0000000000
99660  -52.381  -7.726  58.606 0.0000000000
101994  -52.784  -6.348  58.533 0.0000000000
100834  -52.069  -6.862  57.805 0.0000000000
100849  -51.575  -7.316  56.068 0.0000000000
99688  -52.329  -7.699  55.537 0.0000000000
98609  -52.349  -8.815  54.202 0.0000000000
57706  -11.834  -43.102  87.369 0.0000000000
56395  -11.310  -43.928  87.220 0.0000000000
55100  -10.390  -44.822  87.331 0.0000000000
56346  -9.066  -43.345  91.598 0.0000000000
55074  -9.373  -44.612  89.169 0.0000000000
53798  -9.451  -45.722  87.447 0.0000000000
52483  -8.483  -46.800  88.000 0.0000000000
52482  -8.042  -47.449  88.371 0.0000000000
49994  -6.939  -49.037  88.776 0.0000000000
48711  -6.828  -50.002  89.804 0.0000000000
88278  -45.155  -18.266  76.600 0.0000000000
82348  -44.399  -22.507  77.623 0.0000000000
81190  -43.762  -22.835  75.041 0.0000000000
82359  -43.797  -22.194  75.831 0.0000000000
85887  -43.963  -19.731  76.986 0.0000000000
87123  -44.032  -18.997  76.045 0.0000000000
88310  -44.421  -18.570  74.688 0.0000000000
88335  -44.231  -19.223  73.052 0.0000000000
88365  -43.250  -18.230  71.822 0.0000000000
88396  -43.431  -18.072  70.234 0.0000000000
87190  -40.689  -18.157  70.502 0.0000000000
87202  -41.548  -18.109  69.591 0.0000000000
87223  -42.274  -18.789  68.656 0.0000000000
85977  -41.782  -19.448  67.985 0.0000000000
84815  -40.906  -20.797  66.877 0.0000000000
84874  -40.325  -22.041  65.519 0.0000000000
84813  -36.414  -21.350  67.319 0.0000000000
84842  -36.120  -20.838  66.851 0.0000000000
86025  -36.507  -20.610  66.514 0.0000000000
86052  -36.632  -20.486  65.666 0.0000000000
84871  -37.284  -20.718  65.510 0.0000000000
84872  -38.278  -21.304  65.363 0.0000000000
84901  -38.554  -22.021  64.635 0.0000000000
83711  -39.001  -22.642  63.858 0.0000000000
65206  -27.722  -36.775  88.768 0.0000000000
65328  -26.685  -35.816  77.879 0.0000000000
67830  -26.763  -34.516  78.060 0.0000000000
66531  -26.863  -35.345  79.584 0.0000000000
67791  -27.755  -35.374  80.767 0.0000000000
67771  -29.085  -36.342  81.886 0.0000000000
67750  -30.088  -36.542  83.490 0.0000000000
67855  -30.610  -35.559  76.550 0.0000000000
67842  -30.554  -36.104  77.799 0.0000000000
66532  -30.570  -36.607  79.236 0.0000000000
66520  -33.702  -37.648  80.569 0.0000000000
66519  -32.377  -37.725  80.384 0.0000000000
67820  -30.794  -37.067  80.427 0.0000000000
67794  -30.655  -37.378  81.768 0.0000000000
67752  -31.531  -36.575  83.290 0.0000000000
67723  -31.323  -36.486  84.794 0.0000000000
67714  -32.815  -36.986  85.282 0.0000000000
65238  -34.114  -37.194  86.307 0.0000000000
57766  -13.153  -42.720  81.854 0.0000000000
59074  -13.498  -41.838  83.649 0.0000000000
60366  -16.299  -42.218  80.372 0.0000000000
60382  -15.278  -41.327  80.322 0.0000000000
60350  -14.819  -41.786  81.562 0.0000000000
59075  -14.350  -41.666  83.880 0.0000000000
59060  -14.498  -41.726  84.913 0.0000000000
59038  -14.813  -41.630  87.017 0.0000000000
60278  -18.449  -40.594  89.806 0.0000000000
83694  -43.317  -21.471  65.848 0.0000000000
84850  -44.786  -21.442  66.472 0.0000000000
84852  -46.858  -21.066  65.886 0.0000000000
86058  -46.535  -19.750  64.959 0.0000000000
84881  -48.053  -20.728  64.857 0.0000000000
86033  -49.315  -20.436  65.923 0.0000000000
86034  -50.333  -20.396  66.269 0.0000000000
90813  -50.370  -15.742  65.391 0.0000000000
90838  -51.852  -16.157  63.192 0.0000000000
88521  -53.072  -17.583  62.847 0.0000000000
103166  -53.410  -5.611  58.380 0.0000000000
103174  -54.042  -4.751  57.870 0.0000000000
104318  -55.057  -3.464  57.582 0.0000000000
102020  -54.963  -5.661  55.691 0.0000000000
104333  -55.276  -4.303  56.382 0.0000000000
105470  -55.670  -2.996  57.450 0.0000000000
106571  -56.818  -2.175  57.363 0.0000000000
106573  -58.103  -1.804  57.098 0.0000000000
104352  -57.590  -3.904  53.356 0.0000000000
105496  -57.794  -2.944  54.245 0.0000000000
106604  -58.361  -2.241  54.977 0.0000000000
105514  -61.190  -2.866  52.943 0.0000000000
71777  -40.500  -31.177  73.138 0.0000000000
73037  -40.764  -30.471  73.119 0.0000000000
70482  -40.197  -32.073  73.211 0.0000000000
70483  -40.738  -31.758  73.570 0.0000000000
83670  -41.068  -22.003  65.767 0.0000000000
84848  -42.124  -21.761  66.660 0.0000000000
83671  -41.950  -22.185  66.002 0.0000000000
99645  -53.494  -7.735  59.648 0.0000000000
98536  -54.295  -8.762  61.102 0.0000000000
99638  -54.325  -7.664  60.574 0.0000000000
100812  -53.963  -7.033  60.068 0.0000000000
100803  -54.571  -6.646  60.695 0.0000000000
57742  -12.439  -42.692  84.083 0.0000000000
59047  -12.828  -41.948  85.404 0.0000000000
83632  -37.995  -21.894  69.179 0.0000000000
83622  -38.438  -21.718  69.514 0.0000000000
83621  -37.794  -21.388  69.137 0.0000000000
84797  -37.225  -21.254  68.633 0.0000000000
62828  -22.615  -39.288  89.046 0.0000000000
61589  -22.864  -39.578  87.713 0.0000000000
67721  -29.911  -36.356  85.006 0.0000000000
67710  -29.931  -36.817  85.821 0.0000000000
67711  -30.573  -36.741  85.739 0.0000000000
67701  -31.220  -36.844  86.574 0.0000000000
67712  -31.245  -36.717  85.604 0.0000000000
67760  -39.355  -34.738  82.532 0.0000000000
66476  -39.667  -35.179  83.134 0.0000000000
61601  -21.616  -40.123  87.486 0.0000000000
90826  -46.445  -15.211  64.297 0.0000000000
90811  -46.473  -15.540  64.941 0.0000000000
90812  -46.882  -15.015  65.101 0.0000000000
75282  -43.786  -28.349  77.066 0.0000000000
61651  -24.317  -39.735  82.730 0.0000000000
64159  -27.006  -37.019  79.327 0.0000000000
65281  -27.828  -36.692  81.560 0.0000000000
67833  -41.355  -35.569  77.036 0.0000000000
67821  -40.692  -35.850  77.262 0.0000000000
69119  -41.079  -35.573  77.436 0.0000000000
69120  -41.452  -35.073  77.642 0.0000000000
60409  -23.312  -40.640  79.876 0.0000000000
60390  -22.982  -40.681  80.561 0.0000000000
88397  -44.311  -18.941  70.452 0.0000000000
85983  -47.743  -20.535  68.097 0.0000000000
87239  -48.900  -20.571  67.585 0.0000000000
87240  -49.490  -20.395  67.700 0.0000000000
94352  -50.858  -13.076  61.560 0.0000000000
94344  -50.524  -12.720  62.600 0.0000000000
94345  -51.342  -12.093  62.599 0.0000000000
96501  -54.653  -11.676  65.462 0.0000000000
93279  -47.726  -14.150  57.984 0.0000000000
97601  -50.495  -9.404  56.535 0.0000000000
98588  -50.491  -9.076  56.039 0.0000000000
53830  -10.494  -45.762  85.273 0.0000000000
52506  -10.172  -46.163  85.642 0.0000000000
52520  -10.353  -46.799  85.057 0.0000000000
53814  -9.653  -45.967  86.727 0.0000000000
57663  -10.351  -42.298  91.545 0.0000000000
57650  -10.246  -42.142  92.615 0.0000000000
52458  -7.046  -46.886  91.051 0.0000000000
49977  -7.583  -48.584  92.018 0.0000000000
78895  -43.426  -25.242  75.355 0.0000000000
84746  -41.607  -20.146  72.800 0.0000000000
85931  -42.179  -19.917  73.100 0.0000000000
85923  -42.940  -20.303  73.111 0.0000000000
87153  -41.469  -19.141  73.166 0.0000000000
87154  -42.397  -19.200  73.062 0.0000000000
85974  -38.859  -19.816  67.945 0.0000000000
85997  -39.200  -20.106  67.233 0.0000000000
86027  -38.574  -20.581  66.646 0.0000000000
64067  -26.471  -37.773  86.251 0.0000000000
65229  -27.012  -37.474  87.168 0.0000000000
69115  -29.036  -35.328  78.428 0.0000000000
69100  -29.007  -35.801  79.620 0.0000000000
65316  -34.817  -37.689  78.292 0.0000000000
65315  -33.968  -37.933  78.334 0.0000000000
67756  -35.127  -35.704  83.065 0.0000000000
67755  -34.218  -36.100  83.183 0.0000000000
67754  -33.341  -36.559  83.205 0.0000000000
67727  -34.341  -36.287  84.443 0.0000000000
70375  -43.545  -33.251  81.448 0.0000000000
59041  -17.509  -41.618  87.050 0.0000000000
86055  -43.522  -19.697  65.098 0.0000000000
87276  -43.798  -18.628  65.097 0.0000000000
86129  -51.273  -19.478  62.370 0.0000000000
86109  -50.466  -19.768  62.949 0.0000000000
86130  -51.900  -19.776  62.563 0.0000000000
86086  -52.092  -20.651  64.205 0.0000000000
86111  -52.437  -20.029  63.129 0.0000000000
92034  -53.808  -14.601  64.269 0.0000000000
92033  -53.202  -14.727  64.162 0.0000000000
103207  -57.008  -4.899  53.916 0.0000000000
104343  -57.117  -4.277  54.655 0.0000000000
104351  -57.336  -4.289  53.929 0.0000000000
106628  -59.132  -1.943  52.582 0.0000000000
106617  -58.974  -1.878  53.568 0.0000000000
107702  -59.548  -1.836  53.366 0.0000000000
107703  -60.165  -1.861  53.407 0.0000000000
73013  -42.443  -30.275  74.870 0.0000000000
74158  -42.296  -29.298  74.641 0.0000000000
75332  -40.787  -29.144  71.561 0.0000000000
67880  -39.718  -34.383  73.507 0.0000000000
69176  -41.445  -33.838  74.347 0.0000000000
67869  -40.815  -34.811  74.312 0.0000000000
67870  -41.477  -34.898  74.700 0.0000000000
67858  -41.713  -35.328  75.542 0.0000000000
67871  -42.083  -34.690  75.128 0.0000000000
69147  -43.026  -33.887  75.880 0.0000000000
69161  -42.504  -34.026  75.068 0.0000000000
71763  -41.641  -31.386  74.214 0.0000000000
71747  -42.319  -31.477  74.828 0.0000000000
71748  -42.885  -31.203  75.307 0.0000000000
85978  -42.835  -19.738  68.167 0.0000000000
84798  -43.271  -20.365  67.995 0.0000000000
83649  -43.514  -21.621  67.140 0.0000000000
84818  -43.881  -21.360  67.693 0.0000000000
84819  -44.682  -21.518  67.484 0.0000000000
95475  -52.527  -11.241  61.881 0.0000000000
96559  -52.945  -10.559  62.044 0.0000000000
97533  -53.874  -9.247  63.534 0.0000000000
97525  -54.310  -9.321  64.409 0.0000000000
103145  -54.974  -5.050  60.623 0.0000000000
104288  -55.457  -4.234  60.301 0.0000000000
104299  -54.604  -4.554  59.306 0.0000000000
56422  -11.673  -43.541  84.858 0.0000000000
56436  -11.616  -44.023  83.810 0.0000000000
55132  -11.291  -44.528  84.503 0.0000000000
55121  -11.292  -44.253  85.374 0.0000000000
82413  -41.296  -22.359  71.242 0.0000000000
83613  -39.798  -21.417  70.496 0.0000000000
83605  -40.969  -21.520  71.339 0.0000000000
84757  -41.342  -20.480  72.091 0.0000000000
84769  -40.044  -20.376  71.182 0.0000000000
85950  -39.970  -19.549  71.510 0.0000000000
85963  -37.633  -20.412  68.850 0.0000000000
85973  -38.125  -19.952  68.214 0.0000000000
66439  -28.669  -37.172  86.086 0.0000000000
66426  -28.464  -37.181  86.973 0.0000000000
66427  -29.049  -37.118  86.975 0.0000000000
66417  -30.243  -37.010  87.867 0.0000000000
66405  -30.704  -36.878  88.686 0.0000000000
66420  -32.437  -37.633  87.152 0.0000000000
65223  -33.109  -38.121  87.023 0.0000000000
69143  -29.530  -34.144  76.234 0.0000000000
67841  -29.922  -35.296  77.503 0.0000000000
67797  -36.858  -35.106  80.391 0.0000000000
67757  -35.971  -35.121  82.850 0.0000000000
64087  -37.985  -37.179  83.377 0.0000000000
60355  -20.781  -41.215  82.870 0.0000000000
60311  -19.644  -40.933  86.924 0.0000000000
61574  -21.084  -39.692  89.174 0.0000000000
169275  -44.546  -17.164  64.060 0.0000000000
88470  -44.958  -17.280  65.109 0.0000000000
89620  -45.677  -16.784  65.242 0.0000000000
89644  -48.154  -16.609  65.725 0.0000000000
88472  -47.664  -17.417  65.403 0.0000000000
88497  -49.186  -17.285  64.223 0.0000000000
88518  -49.060  -17.575  63.303 0.0000000000
89673  -50.191  -16.721  63.206 0.0000000000
99706  -54.083  -8.208  53.118 0.0000000000
106641  -58.869  -2.329  50.565 0.0000000000
106642  -59.383  -1.913  50.512 0.0000000000
107725  -59.822  -1.740  51.529 0.0000000000
107735  -59.845  -1.500  50.529 0.0000000000
59025  -13.912  -41.720  87.904 0.0000000000
58979  -12.749  -41.627  91.845 0.0000000000
75270  -44.610  -28.129  79.130 0.0000000000
76568  -43.646  -27.198  76.414 0.0000000000
76569  -43.986  -27.105  77.026 0.0000000000
77728  -43.258  -26.165  75.336 0.0000000000
169052  -42.910  -25.693  73.794 0.0000000000
169073  -42.318  -24.504  71.538 0.0000000000
169070  -40.401  -23.892  69.904 0.0000000000
61629  -23.598  -39.931  85.259 0.0000000000
61630  -24.062  -39.688  84.660 0.0000000000
62891  -24.864  -39.092  83.636 0.0000000000
62876  -24.700  -39.206  84.747 0.0000000000
62877  -25.503  -38.739  84.557 0.0000000000
64119  -27.100  -37.883  81.935 0.0000000000
64109  -26.746  -37.973  82.605 0.0000000000
64095  -27.126  -37.570  83.476 0.0000000000
65251  -27.633  -37.351  84.344 0.0000000000
66488  -27.741  -36.341  82.520 0.0000000000
65264  -28.328  -36.841  83.587 0.0000000000
66473  -28.342  -36.584  83.168 0.0000000000
67733  -28.661  -36.749  83.660 0.0000000000
67748  -28.530  -36.675  83.102 0.0000000000
168974  -35.124  -36.662  75.397 0.0000000000
66577  -34.253  -36.692  75.317 0.0000000000
66567  -34.851  -37.314  76.051 0.0000000000
65344  -34.848  -37.822  76.895 0.0000000000
168976  -37.610  -35.992  78.204 0.0000000000
168980  -37.891  -35.648  78.515 0.0000000000
69066  -39.510  -34.328  79.823 0.0000000000
69067  -40.424  -34.127  80.389 0.0000000000
69045  -40.640  -34.318  81.281 0.0000000000
69088  -42.087  -33.460  80.355 0.0000000000
70400  -42.936  -32.922  79.928 0.0000000000
70388  -42.970  -33.224  80.794 0.0000000000
69135  -43.700  -33.390  76.936 0.0000000000
70429  -43.780  -32.832  77.486 0.0000000000
70414  -43.846  -32.559  78.555 0.0000000000
71708  -44.311  -31.234  79.661 0.0000000000
71694  -44.539  -31.196  80.174 0.0000000000
72970  -44.279  -30.622  79.582 0.0000000000
74126  -44.215  -28.891  78.496 0.0000000000
74115  -44.265  -29.514  79.393 0.0000000000
75263  -44.655  -28.658  79.903 0.0000000000
60388  -20.841  -40.973  80.521 0.0000000000
61649  -22.716  -40.453  83.679 0.0000000000
89528  -44.888  -18.700  72.736 0.0000000000
89512  -45.589  -17.911  73.480 0.0000000000
89550  -45.923  -18.723  72.343 0.0000000000
89565  -47.158  -18.587  71.974 0.0000000000
89566  -48.068  -18.194  71.758 0.0000000000
89553  -48.646  -17.416  72.243 0.0000000000
87226  -45.389  -20.112  69.295 0.0000000000
88384  -49.388  -18.515  70.937 0.0000000000
88403  -50.608  -19.127  70.009 0.0000000000
87232  -51.332  -19.893  68.860 0.0000000000
93209  -48.709  -13.496  63.366 0.0000000000
92044  -47.960  -13.704  64.141 0.0000000000
93204  -48.624  -13.314  64.372 0.0000000000
94316  -50.221  -12.482  65.595 0.0000000000
93195  -49.526  -12.943  65.516 0.0000000000
93177  -50.851  -13.010  66.517 0.0000000000
93161  -51.288  -13.409  66.504 0.0000000000
93178  -51.449  -12.874  66.442 0.0000000000
96548  -51.970  -10.909  64.435 0.0000000000
95461  -51.675  -11.279  63.810 0.0000000000
96541  -52.228  -10.865  64.927 0.0000000000
94304  -52.647  -12.234  66.069 0.0000000000
47500  -6.820  -50.895  88.209 0.0000000000
86104  -42.600  -19.847  62.865 0.0000000000
86124  -42.333  -19.390  62.219 0.0000000000
87365  -43.145  -18.367  61.815 0.0000000000
87376  -43.395  -17.902  61.251 0.0000000000
88544  -43.799  -17.696  61.658 0.0000000000
90851  -45.548  -15.498  61.489 0.0000000000
92075  -46.477  -14.768  60.769 0.0000000000
92076  -47.395  -14.699  60.636 0.0000000000
92067  -47.983  -14.630  61.580 0.0000000000
93233  -47.953  -14.586  60.038 0.0000000000
93268  -49.033  -14.192  58.807 0.0000000000
93252  -50.007  -13.920  60.037 0.0000000000
93236  -50.197  -13.784  60.648 0.0000000000
94377  -50.710  -13.433  59.459 0.0000000000
95512  -51.250  -11.919  58.598 0.0000000000
95498  -51.099  -12.574  58.937 0.0000000000
96576  -52.250  -11.280  59.418 0.0000000000
96591  -51.790  -10.998  58.585 0.0000000000
97575  -52.067  -9.746  58.503 0.0000000000
98570  -52.347  -8.860  58.739 0.0000000000
98553  -52.963  -8.603  59.359 0.0000000000
99659  -51.640  -7.761  58.148 0.0000000000
99680  -51.113  -7.542  56.403 0.0000000000
51285  -9.383  -47.694  85.854 0.0000000000
57686  -12.384  -42.345  88.381 0.0000000000
57707  -12.336  -42.595  87.022 0.0000000000
57697  -12.151  -42.707  87.925 0.0000000000
56372  -10.860  -43.333  88.955 0.0000000000
56383  -11.149  -43.548  88.327 0.0000000000
56382  -10.556  -43.872  88.691 0.0000000000
56394  -10.731  -44.134  88.005 0.0000000000
55088  -10.153  -44.451  88.378 0.0000000000
56333  -9.014  -43.333  92.602 0.0000000000
55060  -7.836  -45.329  90.523 0.0000000000
55061  -8.426  -44.738  90.282 0.0000000000
55073  -8.649  -45.086  89.458 0.0000000000
53766  -8.699  -45.361  88.983 0.0000000000
52484  -8.966  -46.163  87.637 0.0000000000
53781  -8.465  -45.943  88.679 0.0000000000
52457  -6.946  -47.422  90.353 0.0000000000
52474  -7.716  -47.033  89.125 0.0000000000
52473  -7.273  -47.644  89.307 0.0000000000
51252  -7.219  -48.399  88.748 0.0000000000
51241  -6.914  -48.165  89.262 0.0000000000
49990  -6.838  -49.020  89.547 0.0000000000
49984  -6.911  -48.936  90.375 0.0000000000
47486  -7.642  -50.005  91.953 0.0000000000
87087  -45.667  -19.523  77.664 0.0000000000
87108  -45.516  -18.625  77.115 0.0000000000
77703  -44.893  -26.419  78.813 0.0000000000
77704  -45.109  -25.741  79.026 0.0000000000
78868  -44.749  -25.326  78.348 0.0000000000
80030  -44.200  -23.900  77.108 0.0000000000
81171  -44.446  -23.373  77.572 0.0000000000
81163  -44.791  -23.402  78.255 0.0000000000
81204  -42.996  -22.496  73.041 0.0000000000
81196  -43.202  -22.473  73.490 0.0000000000
82375  -43.191  -22.028  73.561 0.0000000000
83569  -43.681  -21.273  75.452 0.0000000000
83549  -44.008  -21.548  76.996 0.0000000000
84714  -43.689  -20.695  76.004 0.0000000000
84697  -43.980  -20.703  76.941 0.0000000000
87136  -43.819  -19.623  74.442 0.0000000000
85915  -43.810  -19.474  75.383 0.0000000000
87137  -44.128  -19.041  75.084 0.0000000000
88293  -44.545  -18.577  75.491 0.0000000000
88309  -44.090  -19.024  74.343 0.0000000000
88325  -44.327  -18.618  73.818 0.0000000000
88346  -42.593  -18.368  72.612 0.0000000000
88347  -43.472  -19.028  72.323 0.0000000000
88379  -43.864  -18.393  71.083 0.0000000000
88378  -42.806  -17.768  71.004 0.0000000000
87180  -39.939  -18.810  71.104 0.0000000000
87181  -40.675  -18.371  71.510 0.0000000000
87221  -40.051  -19.028  68.516 0.0000000000
86029  -40.110  -20.652  66.698 0.0000000000
84814  -40.360  -20.701  66.749 0.0000000000
84873  -39.377  -21.873  65.438 0.0000000000
86051  -35.792  -20.234  65.796 0.0000000000
86077  -36.035  -20.178  65.330 0.0000000000
84899  -36.271  -20.495  64.708 0.0000000000
84900  -37.445  -21.416  64.426 0.0000000000
84902  -39.377  -22.434  64.627 0.0000000000
62843  -24.311  -38.747  87.661 0.0000000000
65204  -26.173  -37.558  89.154 0.0000000000
66402  -28.231  -36.431  88.145 0.0000000000
69112  -27.103  -33.920  78.371 0.0000000000
69127  -26.820  -33.893  77.475 0.0000000000
67817  -26.859  -34.507  79.082 0.0000000000
66517  -27.365  -35.561  80.442 0.0000000000
67805  -27.493  -34.778  80.024 0.0000000000
69057  -28.847  -36.070  81.007 0.0000000000
67793  -28.744  -36.167  81.521 0.0000000000
69039  -29.161  -36.427  81.747 0.0000000000
69031  -29.284  -36.707  82.389 0.0000000000
69041  -30.216  -36.896  82.713 0.0000000000
67867  -31.469  -35.950  75.584 0.0000000000
66547  -32.178  -37.323  78.361 0.0000000000
67843  -31.128  -36.370  77.600 0.0000000000
66555  -31.073  -36.549  78.053 0.0000000000
66545  -30.790  -36.576  78.698 0.0000000000
66521  -34.797  -37.313  80.288 0.0000000000
66507  -34.420  -36.998  81.189 0.0000000000
66505  -32.304  -37.515  81.597 0.0000000000
66518  -31.443  -37.555  80.760 0.0000000000
67809  -30.926  -37.576  81.173 0.0000000000
67808  -30.352  -36.863  80.719 0.0000000000
67795  -31.707  -37.363  81.965 0.0000000000
67773  -31.623  -36.941  82.593 0.0000000000
67737  -31.434  -36.383  84.024 0.0000000000
67724  -32.092  -36.695  84.658 0.0000000000
67713  -31.953  -36.834  85.405 0.0000000000
66444  -34.548  -36.393  85.555 0.0000000000
66443  -33.800  -36.941  85.700 0.0000000000
65239  -34.681  -36.754  86.112 0.0000000000
65254  -36.786  -36.536  84.153 0.0000000000
65253  -35.912  -36.599  84.525 0.0000000000
64085  -36.165  -37.319  84.228 0.0000000000
67783  -41.688  -34.604  82.173 0.0000000000
59091  -13.399  -42.188  82.597 0.0000000000
59132  -18.910  -41.790  81.925 0.0000000000
60386  -18.666  -41.823  80.572 0.0000000000
59131  -18.317  -41.861  81.678 0.0000000000
59112  -16.766  -41.790  82.327 0.0000000000
59145  -16.724  -42.163  80.536 0.0000000000
59129  -16.508  -42.177  81.214 0.0000000000
60383  -16.007  -41.457  80.104 0.0000000000
60365  -15.680  -42.202  80.778 0.0000000000
60364  -15.079  -41.654  81.029 0.0000000000
60352  -15.703  -42.273  81.423 0.0000000000
59076  -15.299  -41.813  84.083 0.0000000000
59093  -15.109  -41.863  83.062 0.0000000000
59049  -14.654  -41.813  85.961 0.0000000000
59050  -15.659  -41.704  86.138 0.0000000000
60290  -18.748  -40.687  88.941 0.0000000000
61558  -18.842  -40.175  89.895 0.0000000000
90700  -48.445  -16.448  74.296 0.0000000000
83693  -42.666  -21.786  65.181 0.0000000000
84875  -42.912  -21.159  64.685 0.0000000000
84878  -45.188  -20.495  65.753 0.0000000000
84851  -45.905  -21.231  66.099 0.0000000000
87257  -46.079  -18.381  65.794 0.0000000000
87278  -46.342  -19.191  65.304 0.0000000000
87300  -47.430  -19.319  64.128 0.0000000000
84908  -49.140  -20.147  64.113 0.0000000000
84907  -48.344  -20.281  64.080 0.0000000000
84882  -48.886  -20.398  64.863 0.0000000000
84854  -48.562  -20.632  65.542 0.0000000000
86060  -50.880  -20.166  65.156 0.0000000000
86062  -52.038  -20.985  64.980 0.0000000000
86036  -51.911  -20.945  66.091 0.0000000000
84855  -52.352  -21.627  66.083 0.0000000000
90799  -48.872  -15.158  66.061 0.0000000000
90800  -49.830  -15.334  65.923 0.0000000000
90840  -52.598  -15.805  63.576 0.0000000000
90828  -51.625  -15.867  63.866 0.0000000000
89676  -52.826  -16.304  63.233 0.0000000000
89675  -52.225  -16.741  62.693 0.0000000000
102002  -52.645  -6.283  58.193 0.0000000000
101995  -53.167  -6.126  58.796 0.0000000000
102003  -52.937  -5.742  58.017 0.0000000000
103180  -53.651  -5.208  57.133 0.0000000000
103181  -54.277  -4.693  57.071 0.0000000000
104317  -54.572  -4.095  57.734 0.0000000000
104325  -54.797  -4.085  56.922 0.0000000000
102029  -54.633  -6.239  55.249 0.0000000000
100861  -54.994  -6.719  54.797 0.0000000000
103190  -56.072  -4.570  55.382 0.0000000000
103189  -55.527  -4.958  55.729 0.0000000000
104334  -55.856  -3.922  56.037 0.0000000000
104326  -55.445  -3.637  56.838 0.0000000000
105479  -55.956  -3.048  56.646 0.0000000000
105471  -56.347  -2.711  57.389 0.0000000000
105480  -56.739  -2.773  56.641 0.0000000000
105490  -57.559  -2.924  55.397 0.0000000000
106587  -57.619  -2.044  56.254 0.0000000000
106574  -58.456  -2.724  56.911 0.0000000000
106588  -58.243  -2.042  56.007 0.0000000000
105512  -57.933  -3.205  52.265 0.0000000000
104359  -57.738  -3.945  52.116 0.0000000000
103215  -57.545  -4.724  52.385 0.0000000000
106605  -58.956  -2.141  54.679 0.0000000000
106590  -58.968  -3.198  55.337 0.0000000000
106591  -59.512  -3.476  54.943 0.0000000000
107716  -60.822  -1.729  52.316 0.0000000000
106636  -61.207  -2.262  52.160 0.0000000000
73024  -41.329  -30.368  73.687 0.0000000000
74170  -41.334  -29.803  73.510 0.0000000000
73050  -40.598  -29.951  72.354 0.0000000000
67894  -39.725  -33.931  73.369 0.0000000000
69188  -39.914  -33.156  73.299 0.0000000000
69175  -40.673  -33.425  73.938 0.0000000000
84816  -41.927  -21.089  67.223 0.0000000000
83648  -42.767  -21.597  66.967 0.0000000000
83673  -43.342  -21.594  66.498 0.0000000000
97561  -53.436  -9.658  60.123 0.0000000000
97554  -53.946  -9.270  60.752 0.0000000000
98530  -54.330  -8.759  61.951 0.0000000000
99622  -55.238  -7.201  62.380 0.0000000000
100785  -55.447  -6.543  62.099 0.0000000000
100795  -55.525  -6.222  61.979 0.0000000000
100794  -55.175  -6.328  61.566 0.0000000000
101973  -54.913  -5.574  60.796 0.0000000000
57765  -12.703  -43.253  82.293 0.0000000000
57754  -12.505  -42.875  83.172 0.0000000000
56437  -11.977  -43.276  83.877 0.0000000000
82421  -40.073  -22.134  70.502 0.0000000000
82412  -40.537  -21.983  70.935 0.0000000000
82420  -39.446  -21.916  70.190 0.0000000000
83612  -39.122  -21.437  70.163 0.0000000000
84778  -38.781  -20.425  70.028 0.0000000000
62827  -21.851  -39.462  89.552 0.0000000000
67709  -29.455  -36.806  85.627 0.0000000000
66441  -29.641  -37.016  86.197 0.0000000000
66429  -30.251  -37.079  87.151 0.0000000000
67694  -30.984  -36.818  87.231 0.0000000000
66430  -31.375  -36.944  87.350 0.0000000000
66431  -31.912  -37.053  86.990 0.0000000000
66432  -32.580  -37.354  86.462 0.0000000000
67759  -38.340  -34.718  82.416 0.0000000000
66474  -37.963  -35.099  83.162 0.0000000000
66463  -38.234  -35.775  83.421 0.0000000000
66464  -39.094  -35.812  83.330 0.0000000000
60322  -21.704  -40.640  86.250 0.0000000000
60312  -20.850  -40.678  87.220 0.0000000000
60302  -20.568  -40.466  87.928 0.0000000000
61600  -21.008  -40.280  87.881 0.0000000000
61587  -21.395  -39.935  88.322 0.0000000000
89641  -45.700  -16.274  64.786 0.0000000000
89642  -46.296  -16.054  65.178 0.0000000000
89623  -47.622  -16.297  66.006 0.0000000000
89624  -48.422  -15.988  66.047 0.0000000000
74136  -44.139  -28.544  77.797 0.0000000000
75283  -44.146  -27.960  77.545 0.0000000000
61650  -23.448  -40.080  83.106 0.0000000000
62912  -25.202  -39.194  82.513 0.0000000000
62971  -26.550  -38.579  79.095 0.0000000000
62953  -26.492  -38.609  80.432 0.0000000000
64129  -26.960  -37.833  81.077 0.0000000000
65263  -27.904  -37.193  83.394 0.0000000000
65274  -28.060  -37.054  82.429 0.0000000000
66502  -27.861  -35.919  81.464 0.0000000000
67799  -39.058  -34.811  78.966 0.0000000000
69087  -41.149  -33.831  79.873 0.0000000000
71728  -43.782  -31.632  76.907 0.0000000000
72983  -43.914  -30.482  78.319 0.0000000000
72969  -43.999  -30.250  79.056 0.0000000000
60389  -21.980  -40.852  80.496 0.0000000000
60371  -22.547  -40.705  81.418 0.0000000000
88367  -45.403  -19.257  71.827 0.0000000000
88381  -46.191  -19.181  71.440 0.0000000000
88399  -46.686  -19.483  70.664 0.0000000000
87228  -47.564  -20.263  69.006 0.0000000000
87209  -49.281  -19.685  69.533 0.0000000000
87210  -50.114  -19.499  69.453 0.0000000000
87230  -49.803  -19.912  68.585 0.0000000000
93216  -49.672  -13.311  62.512 0.0000000000
93210  -49.275  -12.992  63.559 0.0000000000
94343  -49.787  -12.814  63.032 0.0000000000
94329  -50.635  -11.996  64.791 0.0000000000
96528  -53.277  -10.968  65.143 0.0000000000
96527  -52.573  -10.966  65.336 0.0000000000
96513  -53.738  -11.374  65.146 0.0000000000
105463  -58.059  -2.655  58.483 0.0000000000
169268  -43.981  -17.320  61.044 0.0000000000
93266  -47.269  -14.106  58.686 0.0000000000
93267  -48.332  -14.170  58.392 0.0000000000
94387  -49.663  -13.719  58.023 0.0000000000
96606  -50.475  -10.956  56.980 0.0000000000
98568  -50.766  -8.967  57.765 0.0000000000
98581  -50.836  -8.324  57.752 0.0000000000
99670  -51.224  -7.570  57.456 0.0000000000
99679  -50.783  -8.195  56.264 0.0000000000
52519  -9.867  -47.217  85.467 0.0000000000
52494  -9.165  -46.694  86.943 0.0000000000
59003  -11.748  -41.916  90.463 0.0000000000
57675  -11.543  -42.368  89.851 0.0000000000
57674  -10.661  -42.677  90.241 0.0000000000
57673  -9.883  -43.119  90.496 0.0000000000
55033  -8.023  -44.520  92.424 0.0000000000
55048  -7.675  -45.189  91.045 0.0000000000
53749  -7.466  -45.957  90.615 0.0000000000
53764  -7.695  -46.224  89.901 0.0000000000
51224  -6.968  -47.957  90.793 0.0000000000
49985  -7.224  -48.748  91.191 0.0000000000
78887  -43.957  -25.606  76.894 0.0000000000
80041  -44.032  -25.078  76.908 0.0000000000
80040  -43.933  -24.264  76.569 0.0000000000
81181  -43.878  -23.239  76.087 0.0000000000
83587  -42.303  -21.350  72.652 0.0000000000
83575  -43.211  -21.551  73.631 0.0000000000
84748  -43.052  -21.014  73.242 0.0000000000
84735  -43.357  -20.935  73.919 0.0000000000
84724  -43.524  -20.682  74.891 0.0000000000
84713  -43.629  -20.309  75.554 0.0000000000
85924  -43.440  -20.334  73.893 0.0000000000
87147  -43.559  -19.945  73.420 0.0000000000
88334  -43.685  -19.723  72.783 0.0000000000
87155  -43.063  -19.726  72.898 0.0000000000
87200  -39.364  -18.962  69.179 0.0000000000
85976  -40.710  -19.419  67.825 0.0000000000
84845  -39.000  -21.105  66.115 0.0000000000
64065  -25.263  -38.348  86.890 0.0000000000
64056  -25.068  -38.342  87.623 0.0000000000
64057  -25.789  -37.879  87.461 0.0000000000
65218  -26.336  -37.556  88.322 0.0000000000
65205  -26.855  -37.116  89.011 0.0000000000
66392  -29.273  -36.683  89.083 0.0000000000
65195  -28.500  -36.859  89.564 0.0000000000
70408  -28.160  -33.599  77.357 0.0000000000
70421  -27.638  -33.236  77.167 0.0000000000
70407  -27.732  -33.679  77.849 0.0000000000
69113  -27.683  -33.776  78.595 0.0000000000
69098  -28.132  -33.876  79.469 0.0000000000
69079  -28.116  -34.876  80.191 0.0000000000
69080  -28.698  -35.529  80.217 0.0000000000
66557  -32.609  -37.341  77.311 0.0000000000
65314  -33.033  -37.685  78.273 0.0000000000
65299  -32.657  -37.697  79.101 0.0000000000
66493  -34.894  -36.257  81.693 0.0000000000
66492  -34.153  -36.929  82.054 0.0000000000
66491  -33.181  -37.328  82.223 0.0000000000
66490  -32.587  -37.344  82.191 0.0000000000
67774  -32.608  -36.993  82.549 0.0000000000
67739  -33.087  -36.513  83.868 0.0000000000
67715  -33.500  -36.801  84.996 0.0000000000
67726  -33.693  -36.586  84.447 0.0000000000
65246  -35.066  -36.374  85.584 0.0000000000
59097  -18.729  -41.563  83.631 0.0000000000
59096  -17.978  -41.732  83.540 0.0000000000
59077  -16.279  -41.772  84.253 0.0000000000
59062  -16.471  -41.796  85.278 0.0000000000
61549  -19.864  -39.738  90.917 0.0000000000
61548  -18.726  -40.106  90.699 0.0000000000
86054  -42.959  -20.443  64.495 0.0000000000
86057  -45.724  -19.474  65.555 0.0000000000
87326  -48.037  -18.705  63.343 0.0000000000
86081  -47.869  -19.588  63.649 0.0000000000
86108  -49.528  -19.468  62.811 0.0000000000
86083  -49.757  -19.886  63.654 0.0000000000
86084  -50.654  -19.998  63.953 0.0000000000
86085  -51.467  -20.323  64.070 0.0000000000
83696  -52.947  -21.523  64.815 0.0000000000
92016  -51.507  -14.760  65.663 0.0000000000
92031  -51.696  -15.178  64.951 0.0000000000
92032  -52.264  -14.883  64.556 0.0000000000
92046  -52.751  -14.956  64.055 0.0000000000
89648  -53.880  -16.723  64.179 0.0000000000
102017  -52.554  -6.102  56.712 0.0000000000
102010  -52.973  -5.600  57.224 0.0000000000
102019  -54.200  -5.917  55.953 0.0000000000
104335  -56.651  -4.040  55.502 0.0000000000
104336  -57.234  -3.650  55.225 0.0000000000
105519  -58.484  -2.947  50.610 0.0000000000
105513  -58.276  -2.921  51.749 0.0000000000
105505  -58.206  -2.714  52.921 0.0000000000
107690  -59.444  -1.845  54.139 0.0000000000
106618  -60.028  -2.490  53.997 0.0000000000
106644  -61.383  -2.626  50.812 0.0000000000
74159  -42.890  -29.340  75.462 0.0000000000
75333  -41.084  -27.657  70.874 0.0000000000
64158  -26.765  -37.339  78.613 0.0000000000
65312  -26.827  -36.777  78.513 0.0000000000
168985  -38.112  -34.821  73.969 0.0000000000
67881  -40.075  -34.300  73.762 0.0000000000
66578  -40.337  -35.174  74.312 0.0000000000
67857  -41.290  -35.794  75.705 0.0000000000
67845  -41.392  -35.745  76.238 0.0000000000
67846  -41.986  -34.943  76.560 0.0000000000
67847  -42.688  -34.518  76.363 0.0000000000
70440  -43.334  -32.769  75.772 0.0000000000
71738  -43.435  -31.636  75.919 0.0000000000
87225  -44.437  -19.557  69.034 0.0000000000
85980  -44.810  -20.469  68.672 0.0000000000
84799  -43.664  -20.791  68.032 0.0000000000
84800  -44.305  -21.007  68.217 0.0000000000
85981  -45.872  -20.753  68.454 0.0000000000
86002  -46.519  -21.001  67.711 0.0000000000
86003  -47.278  -20.902  67.485 0.0000000000
95474  -51.971  -11.862  61.761 0.0000000000
95468  -52.351  -10.986  62.791 0.0000000000
96549  -52.561  -10.583  63.998 0.0000000000
97544  -53.399  -9.941  62.315 0.0000000000
97538  -53.307  -9.904  63.287 0.0000000000
97524  -53.692  -10.270  64.729 0.0000000000
97511  -54.446  -10.345  64.923 0.0000000000
101965  -55.664  -5.635  61.668 0.0000000000
104289  -56.072  -3.982  60.400 0.0000000000
104301  -55.883  -3.524  59.746 0.0000000000
55160  -11.704  -45.176  82.666 0.0000000000
53816  -10.659  -45.139  85.922 0.0000000000
82404  -42.748  -22.570  72.640 0.0000000000
82403  -42.108  -21.994  72.204 0.0000000000
83594  -41.482  -21.447  71.681 0.0000000000
83595  -41.959  -21.139  72.126 0.0000000000
84758  -41.941  -20.693  72.517 0.0000000000
85940  -40.866  -19.559  72.551 0.0000000000
85939  -40.369  -19.504  71.984 0.0000000000
87188  -38.853  -19.369  69.677 0.0000000000
85956  -38.754  -19.865  69.855 0.0000000000
87219  -38.670  -19.627  68.423 0.0000000000
65230  -27.804  -37.292  87.021 0.0000000000
66414  -28.171  -36.829  87.525 0.0000000000
66403  -29.010  -36.418  88.346 0.0000000000
66416  -29.428  -36.762  87.749 0.0000000000
66393  -30.118  -36.768  89.247 0.0000000000
65221  -31.909  -37.581  87.943 0.0000000000
70422  -28.238  -33.290  76.568 0.0000000000
168970  -36.403  -36.800  78.992 0.0000000000
66522  -35.714  -36.580  79.900 0.0000000000
66494  -35.587  -35.793  81.398 0.0000000000
67777  -35.498  -35.771  82.217 0.0000000000
67742  -35.694  -35.571  83.677 0.0000000000
66460  -35.494  -35.881  84.324 0.0000000000
65255  -37.684  -36.504  83.727 0.0000000000
60368  -19.376  -41.671  81.575 0.0000000000
59115  -19.180  -41.683  82.229 0.0000000000
60340  -20.066  -41.275  83.824 0.0000000000
60339  -19.291  -41.439  83.696 0.0000000000
59053  -18.349  -41.696  86.087 0.0000000000
60310  -18.534  -41.417  86.661 0.0000000000
60291  -19.441  -40.467  88.788 0.0000000000
61572  -19.330  -40.220  89.300 0.0000000000
61573  -20.140  -39.889  89.282 0.0000000000
87299  -43.793  -18.112  64.397 0.0000000000
87277  -44.276  -17.867  65.041 0.0000000000
88443  -45.181  -17.526  65.578 0.0000000000
87258  -46.996  -17.946  65.467 0.0000000000
87259  -47.400  -17.649  65.400 0.0000000000
87302  -48.259  -18.095  64.184 0.0000000000
87328  -48.868  -17.844  62.772 0.0000000000
87350  -50.080  -18.235  61.888 0.0000000000
87351  -51.212  -18.530  61.997 0.0000000000
98610  -53.061  -8.571  54.107 0.0000000000
99697  -53.771  -7.964  54.275 0.0000000000
99698  -54.459  -7.590  54.380 0.0000000000
107727  -60.827  -1.568  51.391 0.0000000000
107736  -60.297  -1.167  50.566 0.0000000000
106643  -61.220  -1.956  51.131 0.0000000000
59048  -13.683  -41.766  85.711 0.0000000000
59036  -12.873  -41.943  86.451 0.0000000000
58990  -11.861  -41.704  91.524 0.0000000000
76536  -44.938  -27.087  79.135 0.0000000000
77716  -44.478  -26.361  77.933 0.0000000000
76556  -44.272  -27.240  77.589 0.0000000000
77723  -43.976  -26.356  76.977 0.0000000000
75307  -42.820  -28.017  75.181 0.0000000000
169071  -42.142  -23.887  71.342 0.0000000000
169060  -41.381  -24.263  70.595 0.0000000000
80101  -40.859  -23.488  70.456 0.0000000000
81234  -40.517  -23.125  70.363 0.0000000000
82430  -39.811  -22.777  70.075 0.0000000000
82442  -38.446  -22.529  69.103 0.0000000000
61603  -23.099  -39.660  87.053 0.0000000000
62861  -24.205  -39.606  86.071 0.0000000000
62862  -24.700  -39.065  85.761 0.0000000000
62853  -25.113  -38.593  86.254 0.0000000000
62913  -26.014  -38.546  82.488 0.0000000000
64083  -26.226  -38.230  84.458 0.0000000000
64076  -26.703  -37.798  85.338 0.0000000000
65244  -27.453  -37.494  85.277 0.0000000000
65245  -28.193  -37.309  85.202 0.0000000000
66449  -28.768  -37.025  85.134 0.0000000000
66459  -29.132  -36.624  84.634 0.0000000000
67735  -29.928  -36.324  84.142 0.0000000000
66576  -33.193  -36.533  75.203 0.0000000000
65343  -34.186  -37.852  76.718 0.0000000000
65317  -35.780  -37.554  78.105 0.0000000000
168969  -36.273  -37.417  76.999 0.0000000000
66523  -37.012  -36.034  78.685 0.0000000000
69064  -38.216  -34.683  79.616 0.0000000000
69042  -38.199  -34.523  80.004 0.0000000000
69043  -38.783  -34.376  80.527 0.0000000000
67781  -39.984  -34.562  81.853 0.0000000000
67762  -41.066  -35.054  82.546 0.0000000000
69046  -41.492  -34.142  81.615 0.0000000000
70374  -42.933  -33.526  81.282 0.0000000000
70390  -44.579  -31.805  80.630 0.0000000000
74114  -44.023  -29.816  79.074 0.0000000000
60387  -19.815  -41.518  80.484 0.0000000000
89500  -45.776  -17.658  74.295 0.0000000000
89551  -46.761  -18.196  72.485 0.0000000000
89532  -48.239  -16.772  73.087 0.0000000000
87207  -47.139  -19.786  69.878 0.0000000000
88400  -47.804  -19.270  70.509 0.0000000000
88383  -48.416  -18.611  71.045 0.0000000000
89568  -49.931  -17.797  71.336 0.0000000000
88411  -51.043  -19.509  69.522 0.0000000000
92050  -47.413  -14.435  63.242 0.0000000000
92029  -47.418  -14.256  64.743 0.0000000000
92043  -47.475  -14.094  63.897 0.0000000000
92030  -48.080  -13.868  65.140 0.0000000000
93175  -49.244  -13.612  66.015 0.0000000000
93205  -49.289  -12.870  64.546 0.0000000000
91999  -50.347  -13.975  66.511 0.0000000000
92000  -51.044  -14.091  66.496 0.0000000000
93179  -53.092  -13.630  65.211 0.0000000000
94337  -51.406  -11.739  63.182 0.0000000000
95454  -51.202  -11.630  64.818 0.0000000000
94318  -51.484  -11.955  65.924 0.0000000000
95443  -52.647  -11.348  65.621 0.0000000000
95428  -52.442  -11.801  65.917 0.0000000000
94303  -51.960  -12.297  66.244 0.0000000000
93163  -52.959  -13.339  65.885 0.0000000000
48720  -6.970  -49.917  88.006 0.0000000000
83713  -40.815  -22.477  64.033 0.0000000000
83692  -41.810  -22.364  65.106 0.0000000000
83730  -41.315  -22.320  63.417 0.0000000000
84903  -42.140  -21.891  63.550 0.0000000000
84925  -42.471  -20.728  63.104 0.0000000000
86078  -42.741  -20.184  63.681 0.0000000000
86105  -42.942  -19.337  63.299 0.0000000000
87324  -43.279  -18.849  63.614 0.0000000000
86140  -42.581  -18.835  62.061 0.0000000000
87346  -43.274  -18.608  62.839 0.0000000000
87325  -43.744  -18.085  63.357 0.0000000000
90836  -45.798  -15.673  63.515 0.0000000000
90846  -46.487  -15.129  62.684 0.0000000000
90852  -46.063  -15.034  61.376 0.0000000000
92056  -46.732  -14.964  62.023 0.0000000000
92057  -47.256  -14.747  62.404 0.0000000000
92058  -48.080  -14.370  62.417 0.0000000000
93234  -48.462  -14.526  60.542 0.0000000000
93224  -49.562  -13.854  61.556 0.0000000000
93225  -50.290  -13.489  61.517 0.0000000000
94363  -51.455  -12.860  60.746 0.0000000000
94403  -49.009  -13.553  57.418 0.0000000000
95510  -50.114  -12.614  57.218 0.0000000000
94388  -50.392  -13.460  58.564 0.0000000000
94378  -51.224  -13.040  60.104 0.0000000000
95484  -52.007  -12.200  60.807 0.0000000000
95500  -52.376  -11.685  60.092 0.0000000000
96577  -52.849  -10.794  59.906 0.0000000000
99661  -52.886  -7.599  59.175 0.0000000000
100825  -52.914  -7.044  59.125 0.0000000000
100833  -51.698  -6.960  57.172 0.0000000000
100843  -52.065  -6.576  56.898 0.0000000000
100858  -52.663  -7.481  55.414 0.0000000000
99696  -52.657  -8.123  54.967 0.0000000000
98617  -52.719  -8.679  53.335 0.0000000000
57719  -12.327  -42.549  86.056 0.0000000000
57730  -11.856  -43.077  85.724 0.0000000000
57696  -11.673  -43.253  88.000 0.0000000000
55110  -11.037  -44.498  86.179 0.0000000000
55109  -10.638  -44.914  86.530 0.0000000000
57649  -9.627  -42.742  92.105 0.0000000000
56358  -9.269  -43.651  90.561 0.0000000000
56357  -8.560  -43.925  91.169 0.0000000000
55062  -9.161  -44.207  89.970 0.0000000000
56370  -9.595  -43.891  89.859 0.0000000000
55087  -9.668  -45.035  88.003 0.0000000000
53799  -9.893  -45.443  87.052 0.0000000000
52475  -8.202  -46.374  88.826 0.0000000000
48716  -6.837  -49.960  88.905 0.0000000000
48705  -7.020  -49.832  90.764 0.0000000000
88261  -46.230  -18.609  77.207 0.0000000000
88279  -45.926  -17.823  76.894 0.0000000000
81189  -43.441  -23.196  74.075 0.0000000000
82368  -43.684  -21.957  75.003 0.0000000000
82347  -43.970  -22.430  76.931 0.0000000000
83550  -44.440  -21.603  77.620 0.0000000000
85888  -44.576  -20.085  77.469 0.0000000000
85903  -43.641  -20.038  75.611 0.0000000000
87106  -43.940  -19.329  76.620 0.0000000000
87107  -44.605  -19.064  77.078 0.0000000000
87124  -44.639  -18.573  76.239 0.0000000000
88294  -45.015  -18.177  75.847 0.0000000000
89499  -44.968  -18.053  74.021 0.0000000000
89510  -44.559  -18.694  73.110 0.0000000000
89527  -44.590  -19.147  72.613 0.0000000000
88348  -44.150  -19.411  72.426 0.0000000000
88366  -44.289  -19.108  71.842 0.0000000000
87165  -40.966  -18.475  72.526 0.0000000000
88363  -41.297  -17.914  71.757 0.0000000000
88377  -41.632  -17.744  70.863 0.0000000000
87191  -41.349  -17.859  70.275 0.0000000000
88394  -41.688  -17.822  70.217 0.0000000000
88395  -42.308  -17.838  70.195 0.0000000000
87203  -42.815  -18.349  69.461 0.0000000000
85999  -41.311  -20.177  67.452 0.0000000000
83630  -36.781  -21.960  68.131 0.0000000000
84796  -36.770  -21.154  68.123 0.0000000000
85971  -36.703  -20.865  67.839 0.0000000000
85994  -36.679  -20.666  67.400 0.0000000000
86026  -37.471  -20.555  66.318 0.0000000000
84870  -36.737  -20.520  65.294 0.0000000000
86053  -37.116  -20.550  65.844 0.0000000000
84843  -37.580  -20.674  65.949 0.0000000000
84844  -38.023  -20.812  65.998 0.0000000000
83690  -40.131  -22.411  64.814 0.0000000000
62842  -23.498  -39.114  87.810 0.0000000000
62830  -24.036  -38.661  88.365 0.0000000000
64046  -24.782  -38.325  88.572 0.0000000000
65219  -27.031  -37.255  88.143 0.0000000000
65327  -26.692  -36.621  78.022 0.0000000000
65313  -26.854  -36.323  78.934 0.0000000000
65298  -27.008  -36.031  79.959 0.0000000000
66503  -28.126  -35.890  81.926 0.0000000000
67806  -27.874  -35.129  80.593 0.0000000000
67792  -28.247  -35.748  81.264 0.0000000000
67770  -28.408  -36.165  82.284 0.0000000000
67749  -29.180  -36.770  83.114 0.0000000000
67856  -31.272  -36.191  76.909 0.0000000000
67831  -29.760  -35.909  78.297 0.0000000000
65301  -34.541  -37.743  79.224 0.0000000000
65290  -33.937  -37.795  79.872 0.0000000000
65288  -32.478  -37.739  79.672 0.0000000000
66533  -31.176  -37.001  79.662 0.0000000000
67819  -30.327  -36.548  79.755 0.0000000000
67807  -29.793  -36.244  80.153 0.0000000000
69082  -30.000  -36.563  81.082 0.0000000000
69059  -30.034  -37.136  81.929 0.0000000000
67772  -30.813  -36.942  82.662 0.0000000000
67751  -30.712  -36.500  83.337 0.0000000000
67736  -30.679  -36.208  84.111 0.0000000000
67703  -32.461  -37.028  85.882 0.0000000000
66433  -33.424  -37.448  86.296 0.0000000000
66453  -35.639  -36.106  84.707 0.0000000000
65247  -35.355  -36.549  85.052 0.0000000000
64078  -35.484  -37.335  84.892 0.0000000000
57755  -12.882  -42.639  82.578 0.0000000000
59073  -12.871  -42.265  83.477 0.0000000000
59130  -17.405  -41.909  81.580 0.0000000000
60363  -14.534  -41.654  81.181 0.0000000000
59110  -14.899  -41.962  82.158 0.0000000000
59092  -14.212  -41.768  82.866 0.0000000000
59059  -13.571  -41.705  84.666 0.0000000000
60266  -18.496  -40.411  90.252 0.0000000000
83695  -43.708  -21.420  66.184 0.0000000000
84876  -43.277  -20.917  65.184 0.0000000000
84849  -44.275  -21.340  66.249 0.0000000000
84821  -46.633  -21.209  66.822 0.0000000000
84822  -47.391  -21.054  66.625 0.0000000000
86030  -44.906  -18.591  65.973 0.0000000000
84905  -46.786  -20.314  64.621 0.0000000000
86080  -47.032  -19.752  64.243 0.0000000000
84880  -47.170  -20.780  65.046 0.0000000000
84853  -47.858  -20.926  65.880 0.0000000000
86032  -48.634  -20.666  66.283 0.0000000000
86006  -49.764  -20.523  66.882 0.0000000000
87260  -50.738  -20.256  66.961 0.0000000000
87261  -50.922  -20.113  67.228 0.0000000000
86035  -51.177  -20.400  66.670 0.0000000000
92012  -47.588  -14.652  65.668 0.0000000000
89625  -49.104  -15.831  65.817 0.0000000000
89646  -49.669  -16.139  65.246 0.0000000000
90814  -51.173  -15.669  64.960 0.0000000000
89647  -50.399  -16.128  64.830 0.0000000000
89662  -49.880  -16.635  64.296 0.0000000000
89682  -51.566  -16.975  62.370 0.0000000000
88537  -52.137  -17.636  62.211 0.0000000000
87353  -52.835  -18.472  62.625 0.0000000000
86087  -53.662  -19.716  63.737 0.0000000000
86112  -53.090  -19.756  63.318 0.0000000000
84910  -53.244  -20.667  64.097 0.0000000000
100811  -53.500  -6.651  59.492 0.0000000000
101996  -53.687  -5.858  59.221 0.0000000000
103167  -53.996  -5.268  58.876 0.0000000000
103173  -53.485  -5.323  57.896 0.0000000000
104310  -54.569  -4.341  58.627 0.0000000000
104311  -54.947  -3.586  58.465 0.0000000000
105449  -55.413  -3.339  58.879 0.0000000000
100852  -54.109  -6.377  55.391 0.0000000000
103188  -54.747  -4.998  56.368 0.0000000000
102030  -55.450  -5.911  54.883 0.0000000000
105462  -56.104  -2.757  58.144 0.0000000000
106549  -56.706  -2.387  58.671 0.0000000000
106560  -57.035  -1.892  58.118 0.0000000000
106561  -57.746  -1.927  58.183 0.0000000000
106586  -57.092  -2.121  56.705 0.0000000000
106572  -57.410  -1.875  57.302 0.0000000000
106562  -58.297  -2.317  57.813 0.0000000000
105472  -58.569  -3.365  57.409 0.0000000000
103208  -57.377  -4.783  53.247 0.0000000000
105497  -58.059  -2.618  53.718 0.0000000000
106615  -58.109  -2.372  54.413 0.0000000000
106589  -58.512  -2.639  55.656 0.0000000000
106629  -61.098  -2.277  53.061 0.0000000000
105515  -61.246  -3.331  52.417 0.0000000000
51242  -7.316  -47.835  88.973 0.0000000000
51253  -7.731  -48.085  88.454 0.0000000000
52463  -7.073  -47.496  89.698 0.0000000000
53765  -8.200  -45.775  89.427 0.0000000000
53782  -8.966  -45.606  88.246 0.0000000000
55075  -10.086  -44.143  88.936 0.0000000000
55099  -9.837  -45.230  87.458 0.0000000000
55101  -10.858  -44.541  86.831 0.0000000000
56359  -9.930  -43.379  90.121 0.0000000000
56423  -12.039  -43.004  84.468 0.0000000000
56451  -11.760  -44.334  83.301 0.0000000000
57718  -11.831  -43.140  86.587 0.0000000000
59052  -17.696  -41.727  86.417 0.0000000000
59078  -17.267  -41.817  84.407 0.0000000000
59111  -15.812  -42.055  82.046 0.0000000000
60309  -17.843  -41.568  86.929 0.0000000000
60351  -15.312  -42.086  81.493 0.0000000000
60353  -19.106  -41.547  83.183 0.0000000000
60367  -18.834  -41.785  81.438 0.0000000000
61561  -21.284  -39.519  89.789 0.0000000000
61571  -18.841  -40.416  89.482 0.0000000000
61585  -19.865  -40.296  88.801 0.0000000000
62841  -22.963  -39.331  88.310 0.0000000000
64058  -26.264  -37.702  86.974 0.0000000000
64120  -27.508  -37.385  81.728 0.0000000000
65289  -33.083  -37.722  79.818 0.0000000000
65330  -34.409  -37.896  77.549 0.0000000000
65331  -35.093  -37.743  77.556 0.0000000000
65342  -26.436  -35.536  77.345 0.0000000000
66407  -31.628  -37.268  88.097 0.0000000000
66442  -33.014  -37.240  85.916 0.0000000000
66450  -29.150  -36.754  85.097 0.0000000000
66546  -31.431  -36.939  78.610 0.0000000000
66558  -40.885  -35.984  75.775 0.0000000000
66568  -40.572  -35.598  74.838 0.0000000000
66569  -41.018  -35.678  75.213 0.0000000000
66570  -41.407  -35.403  75.094 0.0000000000
66580  -41.216  -35.375  74.935 0.0000000000
67693  -30.648  -36.955  87.411 0.0000000000
67699  -30.014  -37.086  86.574 0.0000000000
67725  -32.909  -36.683  84.545 0.0000000000
67796  -32.274  -37.304  82.120 0.0000000000
67832  -30.191  -36.343  78.814 0.0000000000
67834  -41.745  -35.138  77.144 0.0000000000
67868  -40.446  -34.664  74.088 0.0000000000
67882  -40.549  -34.224  74.040 0.0000000000
67883  -41.000  -34.261  74.278 0.0000000000
67893  -39.457  -34.190  73.315 0.0000000000
69032  -29.768  -36.845  82.871 0.0000000000
69033  -30.210  -36.688  83.129 0.0000000000
69040  -29.633  -36.868  82.152 0.0000000000
69070  -42.819  -33.693  81.640 0.0000000000
69097  -27.440  -34.025  79.323 0.0000000000
69148  -43.544  -33.485  76.427 0.0000000000
69160  -42.005  -34.252  74.671 0.0000000000
69189  -40.377  -32.865  73.527 0.0000000000
70420  -27.238  -33.575  77.664 0.0000000000
70468  -40.644  -32.728  73.703 0.0000000000
80127  -39.960  -23.920  69.581 0.0000000000
82367  -43.427  -22.196  74.198 0.0000000000
82388  -42.382  -21.739  72.610 0.0000000000
83561  -43.838  -21.462  76.378 0.0000000000
83588  -42.777  -21.291  73.007 0.0000000000
83651  -44.555  -21.656  66.972 0.0000000000
83674  -44.032  -21.505  66.539 0.0000000000
83675  -44.397  -21.591  66.785 0.0000000000
83714  -41.778  -22.271  64.006 0.0000000000
84883  -52.402  -21.434  65.289 0.0000000000
84906  -47.452  -20.384  64.233 0.0000000000
84909  -52.626  -21.021  64.482 0.0000000000
84927  -53.060  -20.171  63.585 0.0000000000
85904  -43.732  -19.880  76.067 0.0000000000
86001  -42.870  -20.316  67.866 0.0000000000
86005  -49.067  -20.555  66.912 0.0000000000
86031  -45.232  -18.689  65.986 0.0000000000
86106  -48.001  -18.950  63.194 0.0000000000
86107  -48.597  -19.104  62.777 0.0000000000
86123  -41.810  -19.632  61.784 0.0000000000
86126  -48.886  -18.680  62.383 0.0000000000
86128  -50.306  -19.138  62.231 0.0000000000
86139  -42.338  -18.791  61.529 0.0000000000
87166  -41.756  -18.404  73.116 0.0000000000
87211  -50.495  -19.502  69.483 0.0000000000
87279  -47.083  -18.999  64.933 0.0000000000
87280  -47.755  -18.065  64.957 0.0000000000
87281  -48.220  -17.781  64.737 0.0000000000
87327  -48.414  -18.326  63.136 0.0000000000
87330  -53.071  -19.074  62.971 0.0000000000
87348  -48.679  -18.570  62.570 0.0000000000
87349  -49.054  -18.112  62.277 0.0000000000
87352  -52.352  -19.015  62.338 0.0000000000
87364  -42.732  -18.489  61.350 0.0000000000
87366  -43.871  -17.758  61.951 0.0000000000
88326  -44.614  -18.271  74.373 0.0000000000
88376  -40.997  -17.930  71.165 0.0000000000
88410  -50.727  -19.510  69.497 0.0000000000
88444  -45.563  -17.310  65.603 0.0000000000
88446  -47.240  -17.156  65.706 0.0000000000
88447  -47.774  -16.961  65.679 0.0000000000
88471  -45.358  -16.816  65.020 0.0000000000
88473  -48.223  -17.266  65.184 0.0000000000
88474  -48.890  -17.178  64.920 0.0000000000
88496  -48.600  -17.599  64.543 0.0000000000
88498  -49.576  -17.084  63.597 0.0000000000
88519  -49.560  -17.205  62.983 0.0000000000
88520  -52.523  -17.302  62.540 0.0000000000
88534  -49.233  -17.549  62.663 0.0000000000
88535  -49.879  -17.297  62.294 0.0000000000
88538  -52.643  -18.174  62.445 0.0000000000
89498  -44.628  -18.326  73.502 0.0000000000
89529  -45.426  -18.424  72.807 0.0000000000
89548  -44.560  -19.422  72.255 0.0000000000
89564  -46.451  -18.797  72.061 0.0000000000
89621  -46.051  -16.672  65.461 0.0000000000
89643  -46.699  -15.706  65.416 0.0000000000
89645  -48.801  -16.520  65.403 0.0000000000
89663  -50.754  -16.218  64.043 0.0000000000
89664  -53.484  -16.528  63.591 0.0000000000
89674  -51.257  -16.383  63.048 0.0000000000
89681  -50.741  -16.878  62.484 0.0000000000
89683  -52.008  -17.099  62.372 0.0000000000
90798  -47.970  -15.299  66.173 0.0000000000
90801  -50.722  -15.326  65.769 0.0000000000
90816  -53.756  -15.855  64.040 0.0000000000
90829  -52.297  -15.467  63.919 0.0000000000
90830  -52.986  -15.501  63.705 0.0000000000
90837  -46.706  -14.937  63.379 0.0000000000
90839  -52.257  -16.006  63.391 0.0000000000
90858  -45.843  -15.017  61.037 0.0000000000
92001  -51.777  -13.821  66.145 0.0000000000
92014  -49.590  -14.312  66.258 0.0000000000
92018  -53.398  -13.999  64.592 0.0000000000
92045  -52.567  -15.152  64.026 0.0000000000
92065  -46.647  -14.875  61.410 0.0000000000
92077  -47.814  -14.724  61.056 0.0000000000
93162  -52.036  -13.132  66.330 0.0000000000
93176  -50.050  -13.253  66.331 0.0000000000
93251  -49.507  -14.027  59.470 0.0000000000
94288  -52.579  -12.707  66.266 0.0000000000
94301  -50.618  -12.646  66.135 0.0000000000
94317  -50.921  -12.066  65.629 0.0000000000
94335  -49.904  -12.591  63.668 0.0000000000
94402  -48.151  -13.668  57.114 0.0000000000
95441  -51.457  -11.663  65.428 0.0000000000
95455  -51.684  -11.214  64.898 0.0000000000
95460  -51.019  -11.686  64.268 0.0000000000
95462  -52.327  -10.815  63.398 0.0000000000
96502  -54.935  -11.485  65.530 0.0000000000
96514  -54.473  -11.259  65.194 0.0000000000
97496  -54.811  -10.700  65.227 0.0000000000
97510  -53.837  -10.638  64.796 0.0000000000
98545  -54.009  -8.419  60.355 0.0000000000
98546  -54.349  -8.267  60.799 0.0000000000
98554  -53.585  -8.698  59.886 0.0000000000
99637  -53.943  -7.846  60.158 0.0000000000
99644  -52.901  -7.908  59.218 0.0000000000
99671  -51.775  -7.408  58.055 0.0000000000
100824  -52.635  -6.705  58.524 0.0000000000
100842  -51.614  -7.070  56.609 0.0000000000
101953  -55.926  -5.818  62.149 0.0000000000
101981  -53.581  -6.130  59.349 0.0000000000
103156  -55.159  -4.386  60.256 0.0000000000
105461  -55.482  -3.074  58.290 0.0000000000
105489  -57.035  -3.269  55.911 0.0000000000
106548  -56.395  -2.633  58.503 0.0000000000
106559  -56.595  -2.429  58.043 0.0000000000
168973  -35.698  -37.203  79.139 0.0000000000
169069  -40.774  -23.750  70.249 0.0000000000
169264  -43.879  -17.512  61.327 0.0000000000
