#!ascii label  , from subject 3288 vox2ras=TkReg
1036
80866  -22.373  -24.593  9.988 0.4285714328
83181  -22.884  -22.511  10.310 0.2857142985
82020  -22.607  -23.610  10.190 0.4285714328
83182  -24.006  -22.583  10.586 0.4285714328
84404  -22.802  -21.112  10.089 0.2857142985
84386  -23.310  -21.391  10.397 0.4285714328
85571  -23.814  -20.583  10.476 0.4285714328
86801  -23.458  -19.386  9.319 0.4285714328
85588  -23.707  -19.787  10.021 0.4285714328
86832  -23.468  -19.001  8.402 0.4285714328
87999  -24.313  -18.429  8.279 0.4285714328
88029  -23.955  -18.231  6.864 0.5714285970
88022  -24.344  -18.213  7.315 0.5714285970
88023  -24.787  -18.092  7.837 0.4285714328
89149  -25.675  -17.680  7.787 0.2857142985
89170  -24.786  -17.827  6.998 0.7142857313
89188  -25.614  -17.385  7.015 0.7142857313
90376  -27.079  -16.360  7.381 0.7142857313
90375  -26.427  -17.023  7.523 0.5714285970
91597  -28.222  -15.204  6.230 0.5714285970
90402  -26.702  -15.822  5.782 0.5714285970
90403  -27.507  -15.317  5.786 0.5714285970
91598  -29.326  -15.258  6.235 0.4285714328
91631  -29.027  -14.636  4.754 0.5714285970
92856  -30.831  -14.619  3.841 0.5714285970
91629  -27.709  -14.468  4.613 0.7142857313
92841  -29.705  -14.679  4.072 0.7142857313
94029  -31.037  -14.088  3.714 0.7142857313
91630  -28.201  -14.526  4.679 0.5714285970
92826  -26.634  -14.515  5.151 0.5714285970
92853  -28.914  -13.839  3.765 0.8571428657
95175  -31.017  -13.034  3.812 0.7142857313
94013  -31.444  -13.620  4.414 0.5714285970
92852  -28.367  -13.698  3.757 0.7142857313
94012  -27.415  -13.927  4.206 0.5714285970
96247  -31.033  -11.562  3.702 0.7142857313
95154  -31.510  -12.322  4.589 0.5714285970
94027  -29.611  -13.385  3.405 0.7142857313
95174  -30.366  -12.620  3.434 0.7142857313
97204  -31.393  -10.398  3.938 0.5714285970
95173  -29.508  -12.444  3.493 0.5714285970
96246  -30.346  -11.326  3.431 0.7142857313
96258  -30.943  -10.919  3.057 0.7142857313
98208  -31.504  -9.310  3.263 0.7142857313
97234  -30.582  -10.320  2.761 0.7142857313
97235  -31.096  -10.352  2.520 0.7142857313
98221  -31.502  -9.527  2.240 0.7142857313
99253  -31.927  -7.961  2.567 0.7142857313
99238  -31.745  -8.300  3.105 0.5714285970
98220  -31.141  -9.543  1.800 0.7142857313
96245  -29.303  -11.467  3.525 0.5714285970
100334  -32.067  -7.284  2.223 0.5714285970
101483  -32.757  -6.470  2.826 0.5714285970
98219  -30.409  -9.450  2.347 0.8571428657
101497  -32.355  -6.575  1.927 0.7142857313
101510  -32.156  -6.799  1.249 0.7142857313
99260  -31.489  -8.590  0.987 0.8571428657
100348  -32.214  -7.646  0.908 0.7142857313
104964  -32.294  -4.592  0.538 0.8571428657
103804  -32.870  -4.645  1.423 0.5714285970
102679  -32.312  -5.945  0.968 0.8571428657
102687  -31.550  -6.329  0.423 0.8571428657
100346  -31.522  -7.724  0.372 0.8571428657
101517  -31.761  -7.076  0.329 0.8571428657
106081  -31.932  -2.865  0.878 0.8571428657
106098  -31.563  -1.828  -0.125 0.8571428657
103825  -32.042  -5.482  0.599 0.8571428657
107180  -31.165  -2.240  2.061 1.0000000000
106093  -31.729  -2.131  0.575 1.0000000000
104950  -31.246  -3.874  0.932 0.8571428657
107192  -31.515  -1.817  1.101 1.0000000000
106080  -31.576  -2.821  1.368 1.0000000000
107205  -31.124  -1.102  0.656 1.0000000000
109284  -30.805  0.460  2.971 0.7142857313
107191  -31.092  -1.250  1.717 1.0000000000
108286  -31.063  -0.322  1.302 1.0000000000
112440  -30.517  3.482  1.999 1.0000000000
112427  -29.851  3.499  3.231 0.8571428657
114795  -29.616  5.304  2.659 0.8571428657
119159  -29.071  8.639  2.098 0.8571428657
117061  -28.804  6.947  2.568 0.8571428657
117062  -29.475  7.039  1.690 1.0000000000
120160  -28.278  10.437  1.292 0.8571428657
119166  -28.928  9.616  1.355 0.8571428657
120159  -27.537  10.641  1.503 0.7142857313
119157  -27.026  9.725  2.563 0.5714285970
121196  -26.815  11.174  1.368 0.7142857313
121203  -26.385  11.743  0.109 0.5714285970
120153  -24.558  10.549  2.629 0.5714285970
120155  -26.333  10.315  2.214 0.5714285970
121194  -24.770  11.839  1.375 0.4285714328
122320  -24.834  12.508  -0.123 0.4285714328
121177  -23.424  11.540  3.539 0.2857142985
122294  -23.540  12.590  3.133 0.2857142985
121187  -24.076  11.782  2.395 0.2857142985
122284  -23.017  12.387  4.001 0.2857142985
83198  -22.685  -21.616  10.155 0.2857142985
91615  -28.218  -14.888  5.338 0.5714285970
102669  -32.890  -5.141  2.080 0.5714285970
99262  -32.080  -8.106  1.821 0.7142857313
100345  -32.159  -7.542  1.457 0.7142857313
103803  -32.636  -5.087  1.163 0.8571428657
104952  -32.742  -3.953  0.774 0.8571428657
106082  -32.328  -2.573  1.015 0.8571428657
106094  -31.948  -1.997  0.053 0.8571428657
110322  -31.204  1.215  1.719 0.8571428657
123403  -21.872  13.375  3.792 0.1428571492
83197  -22.169  -21.901  10.001 0.2857142985
84403  -22.367  -21.127  9.838 0.2857142985
86802  -24.141  -19.042  9.817 0.4285714328
85616  -22.979  -19.592  8.811 0.2857142985
85587  -22.935  -20.367  9.755 0.4285714328
87976  -24.758  -18.590  9.200 0.4285714328
86853  -23.270  -18.953  7.691 0.5714285970
89172  -25.893  -17.383  7.376 0.4285714328
89186  -24.345  -17.694  6.630 0.2857142985
89187  -25.197  -17.446  6.772 0.7142857313
90392  -26.126  -16.793  6.624 0.7142857313
90393  -27.202  -15.837  6.460 0.4285714328
91618  -30.722  -15.191  5.572 0.4285714328
91613  -26.234  -15.318  5.462 0.7142857313
91614  -27.309  -14.876  5.189 0.7142857313
91616  -29.106  -14.938  5.464 0.7142857313
91632  -29.814  -14.868  4.758 0.5714285970
91633  -30.539  -14.923  4.863 0.4285714328
92854  -29.653  -14.166  3.594 0.7142857313
94028  -30.403  -13.691  3.434 0.7142857313
92838  -27.295  -14.300  4.597 0.5714285970
92839  -28.038  -14.199  4.033 0.5714285970
98195  -31.863  -9.428  4.426 0.5714285970
94025  -27.776  -13.351  3.869 0.5714285970
96225  -31.512  -11.239  4.391 0.5714285970
96257  -30.796  -10.744  2.929 0.7142857313
99224  -31.816  -8.474  3.934 0.5714285970
98226  -31.590  -9.276  1.716 0.7142857313
103824  -31.328  -5.549  0.555 1.0000000000
107206  -31.240  -1.685  0.138 1.0000000000
106065  -31.115  -3.135  2.067 1.0000000000
108277  -30.934  -0.463  2.386 0.8571428657
110308  -30.242  2.189  3.105 0.7142857313
110309  -30.804  1.592  2.492 1.0000000000
110321  -31.013  1.722  1.251 1.0000000000
111330  -30.315  2.812  2.656 0.7142857313
111349  -30.701  2.468  0.578 1.0000000000
111329  -29.732  2.663  3.385 0.7142857313
113620  -30.217  4.737  2.252 0.8571428657
118113  -28.493  8.059  2.747 0.8571428657
115962  -29.528  6.188  2.122 1.0000000000
114806  -30.207  5.386  1.622 1.0000000000
119164  -27.330  10.202  1.956 0.7142857313
119156  -25.929  9.529  2.559 0.5714285970
121189  -26.127  11.082  2.098 0.7142857313
121195  -25.808  11.670  1.369 0.7142857313
119154  -23.928  9.560  2.877 0.4285714328
121193  -24.029  12.256  1.205 0.4285714328
122321  -25.586  12.266  -0.274 0.4285714328
122319  -24.017  12.374  0.012 0.4285714328
122309  -23.597  12.693  2.612 0.2857142985
90401  -25.702  -16.223  5.734 0.4285714328
121188  -25.188  11.330  2.174 0.7142857313
122308  -23.683  12.612  2.435 0.2857142985
82021  -23.571  -23.547  10.353 0.4285714328
83180  -22.009  -22.761  10.120 0.2857142985
85570  -23.282  -20.770  10.251 0.4285714328
86833  -24.003  -18.861  9.007 0.4285714328
87998  -23.742  -18.616  7.741 0.4285714328
89171  -25.198  -17.762  7.421 0.4285714328
90391  -25.073  -16.999  6.143 0.5714285970
91617  -29.957  -15.154  5.479 0.4285714328
92840  -28.959  -14.281  4.189 0.7142857313
92843  -31.158  -14.609  4.336 0.5714285970
94026  -28.779  -13.228  3.586 0.5714285970
97221  -31.225  -10.385  3.055 0.7142857313
95172  -28.534  -12.399  3.632 0.7142857313
97220  -29.910  -10.707  3.288 0.8571428657
99252  -31.853  -8.723  2.354 0.7142857313
102668  -32.579  -5.663  1.487 0.8571428657
104963  -31.664  -4.672  0.467 0.8571428657
104951  -32.069  -3.687  0.362 0.8571428657
101516  -31.200  -7.136  0.227 0.8571428657
110298  -30.423  1.073  3.231 0.8571428657
119158  -28.107  9.210  2.706 0.8571428657
119165  -27.918  10.074  1.988 0.8571428657
120158  -26.911  10.435  1.872 0.7142857313
121190  -26.557  10.756  1.899 0.5714285970
120154  -25.510  10.408  2.384 0.5714285970
120152  -23.684  10.573  3.141 0.4285714328
121202  -25.322  12.133  0.557 0.4285714328
121167  -22.846  11.488  4.339 0.2857142985
122293  -22.783  13.037  3.584 0.2857142985
122282  -21.728  13.012  3.646 0.1428571492
123474  -23.246  14.364  -3.508 0.2857142985
125578  -23.068  15.187  -2.131 0.1428571492
123453  -23.448  13.457  -1.782 0.2857142985
169650  -23.242  13.676  -3.808 0.2857142985
124573  -22.928  14.619  -1.342 0.1428571492
125580  -24.058  15.514  -1.803 0.1428571492
122317  -23.175  13.232  0.305 0.1428571492
122325  -23.594  12.909  -0.573 0.2857142985
123442  -23.246  13.733  0.122 0.1428571492
121242  -24.213  11.925  -4.234 0.2857142985
122344  -23.776  12.816  -2.742 0.2857142985
122348  -27.951  12.063  -2.173 0.2857142985
121243  -26.365  11.148  -3.690 0.2857142985
125561  -23.926  15.144  -0.522 0.1428571492
122326  -24.306  12.449  -0.875 0.2857142985
121215  -27.412  11.305  -1.712 0.2857142985
121222  -24.506  11.638  -3.453 0.2857142985
119194  -27.410  9.721  -2.276 0.1428571492
121244  -26.827  11.338  -3.055 0.2857142985
120189  -25.879  10.617  -3.779 0.2857142985
124569  -23.370  14.585  -0.430 0.1428571492
122346  -25.502  11.623  -2.592 0.2857142985
122333  -24.783  12.755  -1.849 0.2857142985
118155  -28.664  9.474  -2.794 0.1428571492
119221  -27.944  9.637  -3.029 0.1428571492
121225  -27.363  11.201  -2.394 0.4285714328
121208  -26.713  11.712  -1.160 0.2857142985
117097  -28.397  7.420  -1.957 0.2857142985
120177  -28.160  9.865  -1.200 0.4285714328
121209  -27.342  11.298  -0.640 0.2857142985
114848  -28.683  6.134  -3.405 0.1428571492
118144  -27.355  8.848  -2.302 0.2857142985
120168  -27.998  10.838  -0.153 0.4285714328
119184  -28.842  8.842  -0.355 0.5714285970
120164  -28.507  10.329  0.461 0.7142857313
113668  -29.250  4.922  -3.414 0.1428571492
116001  -28.463  6.261  -2.803 0.1428571492
120169  -28.395  10.113  -0.573 0.7142857313
121204  -27.346  11.225  0.448 0.4285714328
117088  -28.665  7.385  -1.082 0.4285714328
112491  -30.310  3.851  -3.475 0.2857142985
113656  -29.291  4.493  -2.409 0.7142857313
119175  -29.302  8.845  0.389 0.7142857313
114807  -30.455  4.875  0.806 0.8571428657
114822  -29.815  5.229  -0.566 0.8571428657
117080  -29.350  7.218  -0.124 0.5714285970
111383  -30.512  2.622  -3.364 0.2857142985
117060  -27.984  7.291  3.347 0.5714285970
117071  -29.734  7.136  0.793 0.8571428657
111385  -31.814  2.360  -3.285 0.1428571492
112477  -29.951  3.402  -1.992 0.7142857313
110365  -32.158  1.638  -2.961 0.1428571492
104918  -29.174  -3.860  3.768 0.5714285970
107179  -30.649  -1.578  2.831 0.8571428657
106052  -30.093  -2.157  3.344 0.4285714328
108267  -30.449  -0.523  3.376 0.5714285970
112450  -30.507  3.379  1.014 0.8571428657
110340  -30.451  1.214  -0.974 0.8571428657
113631  -30.538  4.156  0.429 0.8571428657
110355  -31.831  1.017  -2.614 0.2857142985
111363  -29.948  2.173  -1.401 0.8571428657
113647  -30.150  3.903  -1.043 0.8571428657
115978  -29.678  6.286  0.162 0.8571428657
110348  -32.788  1.241  -1.049 0.4285714328
110353  -30.142  1.381  -2.864 0.7142857313
111373  -29.834  2.501  -1.942 0.7142857313
103785  -28.354  -4.613  4.075 0.2857142985
106064  -30.390  -2.913  2.908 0.5714285970
106063  -29.794  -3.395  3.524 0.5714285970
109316  -31.010  0.473  -0.305 0.8571428657
110333  -30.794  1.484  0.157 0.8571428657
111353  -30.469  2.321  -0.497 0.8571428657
108318  -31.567  -0.400  -2.489 0.4285714328
108316  -30.150  -0.354  -2.585 0.8571428657
110347  -29.939  1.238  -1.754 0.8571428657
109333  -32.688  0.166  -1.631 0.4285714328
97218  -28.021  -10.400  3.553 0.7142857313
99235  -27.718  -8.404  3.725 0.4285714328
98206  -28.781  -9.466  3.316 0.7142857313
100331  -29.750  -7.787  2.148 0.8571428657
100319  -28.593  -7.618  3.644 0.5714285970
102650  -29.291  -5.821  3.414 0.5714285970
101480  -27.632  -6.472  4.040 0.4285714328
102667  -30.070  -6.153  1.717 0.8571428657
103786  -29.144  -4.806  3.461 0.5714285970
104962  -31.127  -4.966  0.837 0.8571428657
104932  -30.819  -4.122  2.204 0.7142857313
103801  -30.119  -5.064  2.988 0.5714285970
106095  -32.266  -1.845  0.307 0.7142857313
106099  -31.693  -1.631  -0.471 0.7142857313
107220  -31.131  -1.184  -1.626 0.7142857313
107219  -30.947  -0.835  -1.245 0.8571428657
108287  -33.264  -0.520  1.531 0.2857142985
108299  -32.644  -0.654  -0.103 0.4285714328
108310  -32.440  -0.656  -0.981 0.5714285970
96243  -27.216  -11.356  3.685 0.4285714328
97217  -26.987  -10.282  3.822 0.4285714328
99251  -30.681  -8.734  1.462 0.7142857313
99250  -30.102  -8.609  2.207 0.7142857313
100332  -30.238  -7.889  1.354 0.7142857313
103814  -30.473  -5.542  1.245 0.8571428657
107193  -32.975  -1.519  1.258 0.2857142985
94024  -27.122  -12.936  4.136 0.4285714328
95170  -26.442  -12.391  4.138 0.5714285970
96244  -28.291  -11.408  3.622 0.5714285970
103787  -33.185  -4.321  2.299 0.4285714328
106066  -33.066  -2.429  1.887 0.4285714328
107181  -33.415  -1.410  2.156 0.4285714328
92825  -25.850  -14.781  5.383 0.5714285970
96211  -31.817  -11.344  5.078 0.4285714328
97194  -31.748  -10.448  4.756 0.4285714328
101484  -33.093  -5.929  3.606 0.4285714328
100322  -32.125  -7.394  3.186 0.4285714328
102629  -33.450  -5.112  4.036 0.4285714328
102652  -33.186  -5.288  2.917 0.4285714328
87977  -25.730  -18.679  9.377 0.1428571492
100311  -32.240  -7.559  4.197 0.4285714328
101450  -32.821  -6.834  4.615 0.4285714328
89150  -26.243  -17.458  8.029 0.1428571492
89151  -27.017  -17.375  8.537 0.1428571492
93984  -32.417  -12.927  6.299 0.2857142985
97184  -33.143  -10.438  6.902 0.2857142985
96212  -32.306  -11.367  5.759 0.2857142985
92827  -31.520  -14.229  5.136 0.4285714328
98177  -32.913  -9.553  6.674 0.2857142985
97195  -32.093  -10.483  5.508 0.2857142985
95136  -32.044  -12.120  5.318 0.2857142985
99202  -32.889  -8.818  6.333 0.2857142985
98196  -32.383  -9.147  5.120 0.4285714328
88001  -26.400  -18.099  8.767 0.1428571492
88000  -25.386  -18.106  8.338 0.1428571492
90363  -28.429  -16.683  8.140 0.2857142985
90377  -28.090  -16.049  7.688 0.2857142985
90395  -31.241  -15.771  6.852 0.2857142985
92809  -31.962  -14.410  6.760 0.2857142985
92808  -31.938  -14.102  6.066 0.2857142985
93983  -32.231  -13.357  5.978 0.2857142985
88002  -27.374  -18.188  8.925 0.1428571492
89174  -30.300  -16.953  7.702 0.2857142985
89152  -28.032  -17.392  8.612 0.2857142985
90379  -30.196  -16.181  7.320 0.2857142985
90378  -29.186  -16.207  7.681 0.2857142985
90362  -27.536  -16.707  8.154 0.2857142985
91583  -30.392  -15.751  6.730 0.2857142985
84387  -24.446  -21.578  10.670 0.2857142985
87960  -25.046  -18.869  10.155 0.1428571492
86785  -24.480  -19.683  10.508 0.2857142985
86803  -26.144  -19.390  9.712 0.1428571492
80881  -23.138  -24.939  10.055 0.2857142985
79757  -22.840  -25.196  10.162 0.2857142985
85572  -24.974  -20.635  10.752 0.2857142985
80867  -23.231  -24.374  10.135 0.1428571492
79736  -22.159  -25.301  10.446 0.2857142985
89153  -29.261  -17.345  8.175 0.2857142985
90394  -30.799  -15.933  6.892 0.2857142985
93970  -32.229  -13.475  6.413 0.2857142985
91619  -31.440  -14.942  5.724 0.2857142985
95129  -32.676  -12.264  6.671 0.2857142985
98188  -32.434  -9.498  5.850 0.2857142985
100297  -33.261  -7.433  5.967 0.2857142985
99236  -28.620  -8.543  3.412 0.7142857313
100296  -32.796  -7.526  5.107 0.4285714328
104934  -33.017  -3.539  1.588 0.4285714328
106053  -33.431  -2.234  2.802 0.2857142985
108300  -32.919  -0.629  0.686 0.5714285970
115961  -29.109  6.085  2.925 0.7142857313
107221  -31.495  -1.061  -2.120 0.7142857313
118103  -26.965  9.231  3.135 0.4285714328
119148  -27.560  8.969  3.144 0.5714285970
119160  -29.363  8.217  1.723 0.7142857313
109328  -32.878  0.206  -0.602 0.2857142985
113639  -30.345  4.156  -0.601 0.8571428657
118119  -29.602  7.817  1.374 0.8571428657
111382  -30.129  2.610  -3.106 0.5714285970
122328  -26.086  12.218  -0.993 0.2857142985
115992  -28.757  6.583  -2.159 0.4285714328
117087  -28.191  7.913  -1.592 0.4285714328
124570  -23.633  14.928  -0.136 0.1428571492
120190  -27.638  10.528  -2.193 0.2857142985
121259  -25.485  11.668  -4.335 0.2857142985
87978  -26.702  -18.871  9.242 0.1428571492
88003  -28.466  -18.526  8.770 0.1428571492
91580  -27.774  -15.616  7.043 0.2857142985
91582  -29.701  -15.619  6.939 0.2857142985
91600  -30.977  -15.556  6.302 0.2857142985
92793  -32.226  -14.190  7.333 0.2857142985
95171  -27.557  -12.330  3.830 0.5714285970
91634  -31.085  -14.788  5.099 0.2857142985
99214  -33.179  -8.148  6.354 0.2857142985
101444  -33.578  -6.463  6.572 0.2857142985
98207  -29.646  -9.439  2.838 0.5714285970
100318  -27.706  -7.442  3.901 0.4285714328
103784  -27.384  -4.396  3.984 0.2857142985
102649  -28.450  -5.625  3.945 0.5714285970
101451  -33.295  -6.410  5.436 0.2857142985
100310  -31.903  -7.892  3.550 0.4285714328
101482  -29.272  -6.798  3.190 0.7142857313
104917  -28.295  -3.556  4.241 0.2857142985
102616  -33.536  -5.192  5.135 0.1428571492
103769  -33.379  -4.000  3.462 0.4285714328
106039  -33.548  -2.091  3.753 0.1428571492
108297  -31.146  -0.272  0.169 0.8571428657
107208  -32.569  -1.449  0.459 0.5714285970
109318  -32.942  -0.015  0.163 0.2857142985
108314  -32.229  -0.734  -1.967 0.5714285970
109340  -30.511  0.510  -3.002 0.7142857313
114816  -30.394  4.832  -0.035 0.8571428657
111364  -32.839  2.334  -1.532 0.2857142985
111374  -32.442  2.424  -2.664 0.1428571492
122314  -23.676  12.656  1.678 0.2857142985
110363  -30.616  1.415  -3.233 0.4285714328
110356  -32.409  1.288  -2.121 0.4285714328
112480  -31.708  3.525  -3.079 0.1428571492
114829  -29.201  5.386  -1.726 0.5714285970
112492  -30.872  3.794  -3.674 0.1428571492
112495  -29.731  4.917  -4.283 0.1428571492
114849  -29.083  5.573  -3.720 0.1428571492
123437  -23.235  13.745  0.786 0.1428571492
115985  -29.285  6.362  -0.941 0.5714285970
112494  -29.592  5.184  -4.811 0.1428571492
116000  -28.437  6.854  -2.869 0.1428571492
120176  -27.889  10.461  -1.377 0.2857142985
119195  -27.736  9.470  -1.611 0.2857142985
117096  -27.916  7.880  -2.390 0.2857142985
117107  -28.077  7.842  -3.097 0.1428571492
117117  -27.985  8.901  -3.207 0.1428571492
118165  -27.578  9.224  -3.156 0.1428571492
121226  -28.536  11.318  -1.944 0.2857142985
120191  -28.013  10.522  -2.377 0.1428571492
82022  -24.704  -23.621  10.017 0.1428571492
96195  -32.987  -11.663  7.017 0.2857142985
109306  -33.327  0.515  1.863 0.2857142985
120193  -30.091  10.580  -2.591 0.1428571492
122336  -28.728  12.286  -1.708 0.2857142985
82019  -21.735  -23.639  10.296 0.2857142985
90360  -26.478  -17.149  7.831 0.1428571492
91581  -28.713  -15.494  7.064 0.2857142985
97219  -29.144  -10.418  3.374 0.5714285970
97233  -29.939  -10.094  2.881 0.7142857313
102678  -30.275  -6.244  0.917 0.7142857313
107216  -31.375  -1.353  -0.681 0.7142857313
104949  -30.811  -4.835  1.341 0.8571428657
104933  -31.223  -3.499  1.610 0.8571428657
107215  -31.037  -1.014  -0.312 0.8571428657
109304  -31.114  0.712  0.975 0.8571428657
120163  -27.973  10.927  0.825 0.5714285970
122327  -25.206  12.361  -1.014 0.2857142985
91599  -30.189  -15.474  6.180 0.2857142985
112456  -30.625  3.309  -0.071 0.8571428657
114815  -30.168  5.528  0.514 0.8571428657
122332  -23.904  12.970  -1.500 0.2857142985
122318  -23.486  12.795  0.559 0.2857142985
101495  -29.985  -7.011  1.447 0.8571428657
123464  -23.187  13.554  -2.405 0.2857142985
124592  -23.196  14.743  -2.803 0.1428571492
123452  -22.843  13.971  -1.877 0.2857142985
125560  -23.164  15.120  -1.065 0.1428571492
122357  -23.756  12.846  -4.367 0.2857142985
123447  -23.245  13.748  -0.888 0.1428571492
122324  -23.229  13.230  -0.097 0.1428571492
121221  -23.854  12.284  -3.712 0.2857142985
121260  -25.978  11.430  -4.140 0.2857142985
121224  -26.240  10.927  -3.053 0.2857142985
121214  -26.528  11.459  -2.093 0.2857142985
122345  -24.982  12.060  -2.674 0.2857142985
120187  -24.913  10.917  -3.510 0.2857142985
119206  -27.543  9.839  -2.862 0.1428571492
121213  -25.875  11.365  -2.569 0.2857142985
118153  -26.954  9.139  -3.011 0.1428571492
120192  -29.018  10.482  -2.301 0.1428571492
115991  -28.383  7.211  -2.405 0.1428571492
119174  -28.893  9.580  0.008 0.5714285970
119183  -28.420  9.290  -0.963 0.4285714328
116011  -29.100  6.983  -3.530 0.1428571492
114838  -28.600  5.586  -2.856 0.1428571492
117095  -27.407  8.424  -2.886 0.2857142985
118135  -28.435  8.349  -0.935 0.4285714328
118136  -28.969  8.092  -0.211 0.5714285970
118127  -29.609  7.997  0.533 0.7142857313
112490  -29.798  3.807  -3.036 0.5714285970
113646  -29.866  4.229  -1.320 0.7142857313
113638  -30.016  4.573  -0.742 0.7142857313
110362  -30.175  1.939  -3.355 0.5714285970
110364  -31.451  1.359  -3.186 0.4285714328
112478  -30.023  2.826  -1.664 0.8571428657
104931  -29.974  -4.036  3.224 0.5714285970
107168  -29.886  -1.481  3.686 0.4285714328
106051  -29.431  -2.676  3.970 0.4285714328
109326  -30.716  0.295  -1.096 0.8571428657
109331  -29.872  0.542  -2.072 0.8571428657
108317  -30.836  -0.201  -2.812 0.4285714328
109338  -32.115  0.223  -2.361 0.5714285970
111372  -29.776  2.364  -2.525 0.8571428657
107223  -30.844  -0.813  -2.327 0.7142857313
98205  -27.802  -9.392  3.598 0.4285714328
99237  -29.389  -8.587  2.838 0.7142857313
100320  -29.277  -7.716  2.971 0.7142857313
101494  -29.714  -6.916  2.339 0.7142857313
101481  -28.552  -6.643  3.837 0.5714285970
100317  -26.887  -7.270  3.747 0.2857142985
102666  -29.881  -6.024  2.631 0.7142857313
103802  -30.327  -5.275  1.975 0.8571428657
107207  -32.270  -1.355  -0.258 0.5714285970
107217  -31.822  -1.319  -1.064 0.7142857313
104919  -33.248  -3.248  2.558 0.4285714328
98187  -32.091  -9.791  5.129 0.4285714328
101464  -32.667  -6.672  3.821 0.4285714328
101465  -33.171  -6.035  4.441 0.4285714328
99225  -32.367  -8.453  4.723 0.4285714328
95137  -32.478  -12.339  5.910 0.2857142985
93996  -32.293  -12.960  5.879 0.2857142985
97183  -32.551  -10.458  6.253 0.2857142985
93995  -31.891  -13.140  5.419 0.2857142985
99213  -32.734  -8.419  5.649 0.4285714328
91601  -31.682  -15.113  6.642 0.2857142985
89173  -29.750  -16.657  7.743 0.2857142985
79758  -23.567  -25.379  10.109 0.1428571492
80882  -23.790  -24.906  9.919 0.1428571492
104905  -33.442  -2.918  3.378 0.2857142985
124565  -23.467  14.325  0.457 0.1428571492
80868  -24.018  -24.306  10.125 0.1428571492
83183  -25.091  -22.568  10.354 0.1428571492
115959  -27.368  6.342  3.326 0.5714285970
114775  -28.117  4.542  3.738 0.4285714328
113606  -27.080  4.777  3.460 0.4285714328
115960  -28.401  6.296  3.425 0.5714285970
113591  -28.494  4.033  3.877 0.4285714328
114794  -28.846  5.432  3.315 0.5714285970
110296  -28.493  1.637  4.040 0.4285714328
112417  -29.132  3.342  3.760 0.4285714328
111320  -27.862  2.439  3.809 0.4285714328
112416  -28.175  3.255  3.790 0.5714285970
113592  -29.294  4.153  3.549 0.5714285970
114777  -29.296  4.810  3.246 0.5714285970
108266  -29.573  -0.449  4.100 0.5714285970
98163  -33.950  -9.594  8.014 0.1428571492
98178  -33.505  -9.569  7.333 0.1428571492
99203  -33.369  -8.575  7.016 0.1428571492
88028  -23.552  -18.110  6.672 0.2857142985
96203  -32.785  -11.383  6.509 0.1428571492
97137  -34.280  -10.863  9.281 0.1428571492
97155  -33.966  -10.655  8.385 0.1428571492
98137  -34.521  -9.945  9.802 0.1428571492
98164  -34.150  -9.938  8.362 0.1428571492
99153  -34.489  -9.041  9.626 0.1428571492
88021  -23.528  -18.632  7.106 0.2857142985
93959  -32.596  -13.364  7.974 0.1428571492
95104  -32.978  -12.421  8.444 0.1428571492
95117  -32.804  -12.137  7.327 0.1428571492
96183  -33.812  -11.323  8.803 0.1428571492
97114  -34.661  -10.804  10.135 0.1428571492
98073  -35.626  -9.851  12.449 0.1428571492
98119  -35.184  -9.862  11.226 0.1428571492
99087  -35.450  -9.066  12.084 0.1428571492
86852  -22.854  -19.042  7.366 0.2857142985
91584  -31.659  -15.882  7.112 0.1428571492
91585  -32.175  -15.322  7.409 0.1428571492
95079  -33.461  -12.564  9.148 0.1428571492
93960  -33.047  -13.443  8.789 0.1428571492
95080  -34.087  -12.538  9.641 0.1428571492
96138  -34.926  -11.671  10.472 0.1428571492
96094  -35.629  -11.745  12.053 0.1428571492
97071  -35.755  -10.864  12.605 0.1428571492
97084  -35.483  -10.625  11.716 0.1428571492
86831  -22.879  -19.390  8.038 0.2857142985
86830  -22.121  -19.422  7.745 0.2857142985
85614  -21.710  -20.221  8.379 0.2857142985
89176  -31.685  -17.449  7.813 0.1428571492
90381  -31.958  -16.636  7.623 0.1428571492
91566  -32.626  -15.909  8.207 0.1428571492
93942  -33.670  -13.500  9.559 0.1428571492
92780  -32.725  -14.561  8.249 0.1428571492
93915  -34.630  -13.546  10.521 0.1428571492
96112  -35.401  -11.671  11.184 0.1428571492
95050  -35.133  -12.620  10.795 0.1428571492
98057  -36.455  -9.897  13.431 0.1428571492
98056  -35.884  -10.214  13.055 0.1428571492
89175  -31.118  -17.275  7.638 0.1428571492
89154  -30.323  -17.872  8.047 0.1428571492
90364  -32.498  -16.761  8.219 0.1428571492
91553  -33.705  -15.951  9.557 0.1428571492
92767  -33.806  -14.724  9.825 0.1428571492
91567  -33.195  -15.366  8.973 0.1428571492
92741  -34.352  -14.347  10.321 0.1428571492
95013  -35.644  -12.809  12.403 0.1428571492
93916  -35.278  -13.669  11.153 0.1428571492
96077  -35.776  -11.885  13.021 0.1428571492
88005  -30.472  -18.869  8.618 0.1428571492
88007  -32.371  -18.697  8.955 0.1428571492
88006  -31.553  -18.754  8.605 0.1428571492
89155  -31.273  -18.059  8.023 0.1428571492
89157  -32.944  -17.978  9.087 0.1428571492
89156  -32.286  -17.713  8.231 0.1428571492
90337  -34.829  -16.341  10.189 0.1428571492
90351  -34.203  -16.634  9.892 0.1428571492
91538  -35.096  -15.774  10.436 0.1428571492
91539  -35.645  -15.670  10.823 0.1428571492
91554  -34.438  -15.581  10.113 0.1428571492
95030  -35.476  -12.689  11.553 0.1428571492
92742  -34.932  -14.784  10.689 0.1428571492
86809  -32.167  -20.024  9.259 0.1428571492
87984  -33.301  -18.618  9.674 0.1428571492
87983  -32.719  -18.965  9.383 0.1428571492
89142  -34.240  -17.208  9.999 0.1428571492
89141  -33.707  -17.455  9.721 0.1428571492
92743  -35.729  -14.729  11.386 0.1428571492
90338  -35.400  -16.515  10.475 0.1428571492
88008  -32.825  -18.557  9.269 0.1428571492
90365  -32.999  -16.721  8.994 0.1428571492
92781  -33.304  -14.318  9.063 0.1428571492
91602  -31.989  -14.767  7.037 0.1428571492
97058  -36.200  -10.926  13.328 0.1428571492
99072  -36.880  -9.131  13.411 0.1428571492
96137  -34.454  -11.698  9.798 0.1428571492
96204  -33.264  -11.104  7.077 0.1428571492
99189  -33.819  -8.707  7.844 0.1428571492
85615  -22.457  -19.942  8.622 0.2857142985
93894  -35.764  -13.688  11.805 0.1428571492
93871  -35.850  -13.783  12.551 0.1428571492
97059  -36.971  -10.739  13.834 0.1428571492
98058  -37.373  -9.786  13.617 0.1428571492
110297  -29.743  1.614  3.526 0.4285714328
100179  -36.622  -8.721  13.199 0.1428571492
98074  -35.936  -9.579  13.028 0.1428571492
99137  -35.080  -9.001  10.914 0.1428571492
100189  -35.621  -8.279  12.296 0.1428571492
100272  -33.807  -7.737  7.680 0.1428571492
100286  -33.558  -7.517  6.827 0.1428571492
118112  -27.561  8.384  3.246 0.4285714328
122337  -29.566  12.571  -1.419 0.1428571492
123467  -28.241  12.793  -1.919 0.1428571492
90380  -31.064  -16.419  7.236 0.1428571492
93971  -32.386  -13.074  7.071 0.1428571492
96196  -33.296  -11.423  7.569 0.1428571492
97170  -33.667  -10.512  7.620 0.1428571492
98149  -34.362  -9.825  8.958 0.1428571492
96182  -33.458  -11.515  8.256 0.1428571492
99171  -34.140  -8.824  8.454 0.1428571492
100238  -34.492  -7.965  9.424 0.1428571492
98118  -34.826  -9.929  10.551 0.1428571492
95118  -32.996  -11.973  7.885 0.1428571492
96161  -33.467  -11.879  8.821 0.1428571492
97115  -35.131  -10.750  10.851 0.1428571492
96162  -33.912  -11.790  9.267 0.1428571492
99108  -35.288  -9.206  11.516 0.1428571492
95049  -34.600  -12.531  10.193 0.1428571492
93943  -34.234  -13.178  10.000 0.1428571492
88004  -29.519  -18.549  8.536 0.1428571492
90350  -33.638  -16.687  9.547 0.1428571492
86838  -32.364  -19.358  9.282 0.1428571492
80853  -20.853  -24.867  11.206 0.1428571492
80865  -21.455  -24.470  10.655 0.1428571492
82003  -20.273  -23.900  11.228 0.1428571492
82018  -20.792  -23.414  10.967 0.1428571492
83179  -21.261  -22.679  10.371 0.1428571492
83196  -21.456  -22.041  9.888 0.1428571492
84402  -21.705  -21.307  9.561 0.1428571492
85586  -22.098  -20.607  9.178 0.1428571492
84385  -20.471  -21.816  10.065 0.1428571492
85584  -20.422  -20.415  9.085 0.1428571492
85585  -21.309  -20.687  9.059 0.1428571492
86800  -20.497  -19.766  8.551 0.1428571492
86829  -21.142  -19.520  8.074 0.1428571492
86851  -22.454  -18.834  7.353 0.1428571492
88020  -22.765  -18.410  6.820 0.1428571492
89169  -22.252  -17.928  6.906 0.2857142985
90390  -24.198  -16.896  6.127 0.2857142985
93993  -25.737  -14.092  5.342 0.4285714328
94011  -26.651  -13.622  4.637 0.4285714328
109282  -29.096  0.654  4.210 0.2857142985
109283  -30.058  0.487  3.629 0.2857142985
113604  -25.410  4.137  2.622 0.2857142985
114792  -26.771  5.358  3.129 0.2857142985
114791  -25.648  5.081  2.555 0.4285714328
89184  -22.677  -17.396  6.547 0.2857142985
84401  -20.747  -21.396  9.568 0.1428571492
87997  -21.526  -18.977  7.766 0.1428571492
88019  -21.899  -18.417  7.397 0.1428571492
89183  -22.124  -16.891  6.557 0.2857142985
89185  -23.559  -17.447  6.452 0.2857142985
90389  -23.439  -16.562  6.160 0.2857142985
90400  -24.730  -16.328  5.654 0.2857142985
91612  -25.270  -15.554  5.425 0.4285714328
92824  -24.993  -14.786  5.395 0.4285714328
93992  -24.861  -13.908  5.371 0.2857142985
106050  -28.094  -2.415  4.290 0.2857142985
107166  -27.745  -1.299  4.067 0.2857142985
108265  -28.408  -0.353  4.292 0.2857142985
108263  -26.536  -0.243  3.411 0.2857142985
109281  -27.892  0.695  4.171 0.2857142985
111321  -28.880  2.499  3.823 0.2857142985
112414  -26.385  3.095  3.397 0.2857142985
111327  -24.779  2.203  2.461 0.2857142985
113605  -26.350  4.257  3.235 0.2857142985
90399  -24.015  -16.346  5.686 0.2857142985
107167  -28.903  -1.450  4.273 0.2857142985
108264  -27.361  -0.262  3.876 0.2857142985
106049  -27.037  -2.196  3.720 0.2857142985
109280  -26.880  0.750  3.571 0.2857142985
110307  -26.055  1.359  3.109 0.2857142985
110295  -27.430  1.612  3.868 0.2857142985
110294  -26.717  1.659  3.506 0.2857142985
111328  -25.542  2.446  2.998 0.2857142985
112415  -27.288  3.159  3.615 0.2857142985
108276  -25.919  -0.311  2.909 0.2857142985
109292  -25.527  0.524  2.656 0.2857142985
113589  -26.839  3.674  3.552 0.2857142985
111318  -26.328  2.189  3.321 0.2857142985
88027  -23.136  -17.897  6.550 0.1428571492
80864  -20.718  -24.227  11.158 0.1428571492
83178  -20.427  -22.341  10.543 0.1428571492
83195  -20.857  -22.072  10.039 0.1428571492
85613  -21.006  -20.169  8.586 0.1428571492
89168  -21.675  -17.387  6.967 0.2857142985
112426  -25.625  3.480  3.032 0.2857142985
91611  -24.174  -15.585  5.399 0.4285714328
95169  -25.384  -11.873  4.130 0.2857142985
95153  -26.128  -12.904  4.779 0.2857142985
126510  -27.201  16.616  -2.894 0.1428571492
126501  -27.951  16.446  -2.292 0.1428571492
125581  -26.736  14.591  -2.524 0.1428571492
123465  -26.994  13.179  -2.820 0.1428571492
123466  -27.584  12.963  -2.389 0.1428571492
127443  -27.616  17.273  -3.610 0.1428571492
124583  -26.573  13.769  -2.873 0.1428571492
122372  -24.298  13.150  -4.835 0.1428571492
169652  -24.778  16.045  -3.568 0.1428571492
96242  -26.182  -11.167  3.893 0.2857142985
124575  -28.278  14.139  -1.530 0.1428571492
126494  -28.488  15.934  -1.749 0.1428571492
122347  -27.266  11.945  -2.716 0.1428571492
125582  -27.262  14.642  -2.126 0.1428571492
124574  -27.612  13.934  -1.894 0.1428571492
122373  -25.155  12.538  -4.461 0.1428571492
123477  -27.051  12.531  -2.953 0.1428571492
169678  -25.477  14.994  -3.740 0.1428571492
169660  -25.056  15.857  -3.701 0.1428571492
169651  -24.538  14.358  -4.747 0.1428571492
169655  -23.526  15.088  -3.247 0.1428571492
169646  -24.060  14.424  -4.824 0.1428571492
123476  -26.562  12.838  -3.415 0.1428571492
123489  -26.111  12.614  -3.898 0.1428571492
126499  -26.451  15.157  -2.694 0.1428571492
127442  -26.903  17.019  -3.406 0.1428571492
126500  -27.063  15.536  -2.371 0.1428571492
124595  -26.079  13.736  -3.384 0.1428571492
125592  -26.141  14.583  -2.927 0.1428571492
127455  -27.228  17.442  -3.984 0.1428571492
169676  -25.487  14.089  -4.038 0.1428571492
126493  -27.802  15.538  -1.823 0.1428571492
106062  -25.519  -1.813  2.854 0.1428571492
107165  -26.785  -1.142  3.645 0.1428571492
107164  -26.123  -0.951  3.266 0.1428571492
110306  -25.240  1.507  2.608 0.1428571492
110330  -22.769  1.221  -0.067 0.1428571492
111348  -23.834  1.774  0.742 0.1428571492
111326  -24.462  1.927  1.982 0.1428571492
112449  -22.738  2.688  0.430 0.1428571492
112437  -23.096  3.245  0.880 0.1428571492
113630  -22.273  3.759  0.784 0.2857142985
99234  -26.847  -8.198  3.874 0.2857142985
103783  -26.476  -4.229  3.467 0.1428571492
104916  -27.257  -3.308  3.839 0.1428571492
110341  -33.026  1.011  -0.362 0.1428571492
107178  -25.604  -1.213  2.762 0.1428571492
112425  -24.751  3.248  2.597 0.1428571492
114804  -24.954  4.572  2.335 0.1428571492
113617  -23.375  3.970  1.767 0.1428571492
113603  -23.678  4.602  2.275 0.2857142985
115957  -25.193  6.297  2.711 0.2857142985
118108  -23.089  8.595  2.809 0.2857142985
117049  -22.068  7.921  3.238 0.2857142985
121160  -21.912  11.528  5.009 0.1428571492
115958  -26.355  6.334  2.752 0.2857142985
114790  -24.479  5.180  2.472 0.2857142985
118111  -26.539  8.671  3.044 0.2857142985
117057  -24.704  7.442  2.629 0.2857142985
117056  -23.527  7.473  2.718 0.2857142985
118109  -24.242  8.526  2.678 0.2857142985
117055  -22.305  7.486  2.866 0.2857142985
119155  -24.905  9.520  2.555 0.2857142985
118101  -22.057  8.428  3.660 0.2857142985
123412  -23.613  13.083  2.803 0.1428571492
123410  -22.582  13.521  3.491 0.1428571492
117054  -21.613  7.131  2.818 0.1428571492
115946  -21.231  6.991  2.765 0.1428571492
113616  -22.462  4.311  1.150 0.2857142985
118107  -22.421  8.270  3.155 0.2857142985
119145  -22.223  9.524  3.874 0.1428571492
120144  -22.265  10.274  4.158 0.1428571492
119134  -21.829  10.039  4.116 0.1428571492
112447  -21.256  3.303  0.725 0.2857142985
118091  -20.827  8.715  4.443 0.1428571492
121159  -21.394  11.414  5.501 0.1428571492
119133  -21.232  9.548  4.364 0.1428571492
110304  -19.510  1.523  2.520 0.1428571492
111365  -33.063  2.017  -0.830 0.1428571492
108278  -33.477  -0.388  2.519 0.1428571492
102647  -26.602  -5.310  3.736 0.1428571492
104915  -26.303  -3.085  3.312 0.1428571492
110342  -33.317  1.374  0.217 0.1428571492
104914  -25.519  -2.775  2.805 0.1428571492
107190  -24.779  -1.377  1.726 0.1428571492
108284  -24.306  -0.603  1.553 0.1428571492
109303  -24.948  0.172  2.306 0.1428571492
110331  -23.490  1.091  0.401 0.1428571492
111338  -24.262  2.062  1.378 0.1428571492
111345  -21.544  2.317  0.283 0.1428571492
112438  -23.976  3.141  1.811 0.1428571492
113629  -21.894  3.853  0.746 0.2857142985
114789  -23.379  5.379  2.411 0.1428571492
114788  -22.315  5.256  2.146 0.1428571492
115956  -24.025  6.345  2.694 0.2857142985
115954  -21.596  6.404  2.537 0.1428571492
115955  -22.850  6.383  2.596 0.1428571492
119132  -20.688  9.063  4.653 0.1428571492
118100  -21.285  8.341  4.083 0.2857142985
120145  -22.937  10.493  3.902 0.1428571492
120121  -21.462  10.852  5.052 0.1428571492
121166  -22.324  11.226  4.630 0.1428571492
109319  -33.267  0.381  0.800 0.1428571492
109329  -33.081  0.594  0.045 0.1428571492
110334  -33.566  1.406  1.201 0.1428571492
118110  -25.358  8.525  2.656 0.2857142985
121161  -22.409  11.820  4.739 0.1428571492
119146  -23.085  9.589  3.334 0.2857142985
120132  -22.488  10.778  4.375 0.1428571492
123411  -23.431  13.450  2.987 0.1428571492
117059  -26.924  7.420  3.137 0.2857142985
102648  -27.499  -5.455  4.115 0.1428571492
101479  -26.784  -6.332  3.739 0.1428571492
107169  -33.660  -1.262  3.141 0.1428571492
117058  -25.886  7.457  2.629 0.2857142985
113619  -24.899  4.051  2.282 0.1428571492
106048  -25.978  -1.915  3.283 0.1428571492
108275  -25.377  -0.404  2.434 0.1428571492
109302  -24.365  0.358  1.869 0.1428571492
106061  -25.163  -2.036  2.353 0.1428571492
106047  -25.496  -2.137  2.866 0.1428571492
110332  -24.096  0.987  1.074 0.1428571492
111337  -23.770  2.520  0.927 0.1428571492
112448  -22.212  3.132  0.568 0.1428571492
112439  -24.450  3.665  2.269 0.1428571492
113601  -22.465  4.741  1.725 0.2857142985
117048  -21.410  7.607  3.167 0.1428571492
118102  -22.566  8.891  3.329 0.2857142985
119144  -21.761  8.942  4.104 0.2857142985
123427  -23.500  13.602  2.361 0.1428571492
120131  -21.846  10.559  4.570 0.1428571492
90374  -21.029  -16.688  6.982 0.1428571492
90388  -22.577  -16.364  6.361 0.1428571492
91579  -20.615  -15.483  6.837 0.1428571492
91593  -21.360  -15.200  6.503 0.1428571492
92806  -22.150  -14.326  5.891 0.1428571492
91594  -22.290  -15.443  6.234 0.1428571492
92807  -22.690  -14.943  5.868 0.1428571492
91596  -23.687  -16.047  5.703 0.1428571492
92821  -22.684  -13.760  5.551 0.1428571492
92822  -23.207  -14.372  5.616 0.1428571492
93991  -23.975  -13.688  5.189 0.1428571492
92823  -24.139  -14.584  5.425 0.1428571492
93989  -22.294  -13.273  5.391 0.1428571492
93990  -23.074  -13.174  5.029 0.1428571492
94009  -24.727  -13.182  4.848 0.1428571492
95151  -24.602  -12.444  4.371 0.1428571492
96241  -25.216  -10.901  3.839 0.1428571492
97216  -25.959  -10.070  4.123 0.1428571492
113615  -21.269  4.407  1.157 0.1428571492
91595  -23.214  -15.557  5.857 0.1428571492
90386  -20.976  -16.005  6.793 0.1428571492
117047  -20.641  7.515  3.747 0.1428571492
98204  -26.839  -9.213  3.937 0.1428571492
94010  -25.631  -13.309  5.121 0.1428571492
90387  -21.698  -16.297  6.613 0.1428571492
95152  -25.479  -12.664  4.590 0.1428571492
91592  -20.614  -14.689  6.661 0.1428571492
91610  -23.665  -15.046  5.530 0.1428571492
94008  -23.888  -12.994  4.548 0.1428571492
93982  -21.632  -13.369  5.772 0.1428571492
89166  -20.021  -16.803  7.650 0.1428571492
82023  -25.309  -23.185  9.977 0.1428571492
86810  -32.882  -19.664  9.557 0.1428571492
90361  -26.770  -16.972  7.940 0.1428571492
92768  -34.368  -14.864  10.269 0.1428571492
92792  -32.078  -13.839  6.734 0.2857142985
92842  -30.443  -14.863  4.142 0.5714285970
92855  -30.384  -14.470  3.645 0.7142857313
93914  -34.096  -13.842  10.100 0.1428571492
93994  -26.254  -14.241  5.223 0.5714285970
95103  -32.688  -12.569  7.759 0.1428571492
97154  -33.662  -11.042  7.926 0.1428571492
97171  -33.983  -10.180  8.066 0.1428571492
98088  -35.378  -9.712  11.802 0.1428571492
98148  -34.202  -9.416  8.540 0.1428571492
98225  -31.596  -9.127  1.464 0.7142857313
99071  -36.308  -9.074  13.146 0.1428571492
99073  -37.603  -8.967  13.413 0.1428571492
99088  -35.824  -8.993  12.688 0.1428571492
99136  -34.681  -9.254  10.265 0.1428571492
99239  -31.873  -7.850  3.004 0.5714285970
99261  -31.895  -8.793  1.493 0.7142857313
99265  -31.834  -8.121  0.538 0.8571428657
99266  -32.079  -8.250  0.800 0.7142857313
99267  -32.240  -8.130  1.216 0.7142857313
100321  -31.887  -7.848  3.241 0.5714285970
100333  -32.030  -7.159  1.798 0.7142857313
100343  -30.851  -7.951  0.674 0.8571428657
100344  -32.086  -7.327  1.575 0.7142857313
100347  -32.003  -7.680  0.396 0.7142857313
100349  -31.540  -7.455  0.172 0.8571428657
100350  -31.766  -7.441  0.163 0.8571428657
101496  -32.032  -6.986  1.587 0.7142857313
101508  -30.422  -7.106  0.673 0.8571428657
101509  -32.109  -7.200  1.381 0.7142857313
101518  -32.021  -7.172  0.711 0.8571428657
101519  -31.368  -7.334  0.173 0.8571428657
101520  -31.586  -7.223  0.126 0.8571428657
102651  -32.821  -5.845  2.235 0.5714285970
102686  -30.861  -6.304  0.459 0.7142857313
102688  -31.976  -6.468  0.726 0.8571428657
103815  -32.461  -5.322  0.945 0.8571428657
103816  -32.608  -4.774  0.880 0.8571428657
103823  -30.769  -5.618  0.774 1.0000000000
103826  -32.356  -5.017  0.738 0.8571428657
104961  -30.776  -5.225  1.004 0.8571428657
107177  -25.234  -1.105  2.180 0.1428571492
107222  -30.564  -0.842  -1.953 0.7142857313
107224  -31.174  -0.682  -2.489 0.7142857313
108285  -24.824  -0.503  2.029 0.1428571492
108298  -31.139  -0.086  -0.321 0.8571428657
108308  -30.986  -0.306  -0.778 0.8571428657
108309  -31.080  -0.097  -0.584 0.8571428657
108312  -29.928  0.141  -1.916 0.8571428657
108313  -30.361  -0.222  -1.735 0.8571428657
108315  -29.845  0.009  -2.185 0.8571428657
108319  -30.370  0.012  -3.033 0.7142857313
108320  -30.594  0.168  -3.045 0.7142857313
109293  -26.194  0.417  3.112 0.2857142985
109294  -31.200  0.586  2.015 0.8571428657
109295  -31.354  0.967  1.895 0.8571428657
109305  -31.270  0.861  1.633 0.8571428657
109317  -31.092  0.113  -0.463 0.8571428657
109327  -30.985  0.104  -0.688 0.8571428657
109332  -30.182  0.506  -1.649 0.8571428657
109335  -30.002  0.473  -2.497 0.8571428657
109336  -30.221  0.401  -2.866 0.7142857313
109337  -31.438  0.398  -2.793 0.4285714328
109341  -30.873  0.580  -3.038 0.7142857313
110305  -24.714  1.565  2.228 0.1428571492
110310  -31.246  1.146  2.114 0.8571428657
110319  -24.502  1.316  1.738 0.1428571492
110320  -24.872  0.915  2.234 0.2857142985
110346  -29.901  1.270  -2.307 0.8571428657
110349  -33.146  1.595  -0.465 0.1428571492
110354  -30.426  0.880  -2.888 0.7142857313
111319  -26.981  2.369  3.626 0.2857142985
111339  -30.613  2.573  1.658 1.0000000000
111347  -23.206  2.131  0.376 0.1428571492
111354  -32.992  2.560  -0.789 0.1428571492
111355  -33.209  2.294  -0.242 0.1428571492
111362  -29.702  1.880  -2.002 0.8571428657
111384  -31.113  2.379  -3.443 0.1428571492
112424  -24.354  2.509  2.085 0.1428571492
112428  -30.276  3.659  2.680 0.8571428657
112436  -22.523  3.626  0.823 0.1428571492
112465  -29.983  3.641  -1.493 0.7142857313
112466  -30.196  3.325  -1.149 0.8571428657
112493  -31.324  2.975  -3.226 0.1428571492
112498  -29.455  5.300  -5.123 0.1428571492
113590  -27.485  4.128  3.716 0.4285714328
113602  -22.903  4.637  2.009 0.2857142985
113607  -29.915  4.352  2.911 0.5714285970
113608  -30.424  4.137  2.338 0.8571428657
113618  -24.269  4.135  2.244 0.1428571492
113621  -30.483  4.322  1.507 0.8571428657
113670  -29.463  5.399  -4.700 0.1428571492
113671  -29.439  5.299  -4.064 0.1428571492
114776  -28.655  4.713  3.576 0.5714285970
114793  -27.832  5.240  3.632 0.4285714328
114803  -22.277  4.832  1.588 0.2857142985
114805  -25.227  4.474  2.437 0.1428571492
114823  -30.144  4.703  -0.492 0.8571428657
114837  -28.362  6.150  -3.032 0.1428571492
114855  -29.354  5.545  -4.237 0.1428571492
115971  -29.910  6.302  1.169 0.8571428657
117106  -27.693  8.663  -3.157 0.2857142985
118104  -27.174  8.927  3.278 0.4285714328
118114  -29.156  7.791  2.058 0.7142857313
118145  -27.876  8.606  -1.602 0.4285714328
118154  -28.217  9.573  -2.961 0.1428571492
118166  -28.200  9.243  -3.095 0.1428571492
118167  -29.304  9.149  -2.926 0.1428571492
119147  -27.362  9.254  3.029 0.4285714328
119167  -29.472  8.578  1.273 0.7142857313
119207  -28.346  9.864  -2.706 0.1428571492
119220  -27.721  9.485  -3.105 0.1428571492
120130  -21.178  10.361  4.738 0.1428571492
120188  -25.372  10.660  -3.607 0.2857142985
120208  -24.678  10.885  -3.929 0.2857142985
120209  -25.292  10.588  -4.145 0.2857142985
120210  -25.814  10.874  -4.152 0.2857142985
120221  -24.820  11.136  -4.312 0.2857142985
120222  -25.323  11.113  -4.337 0.2857142985
120223  -25.696  11.206  -4.256 0.2857142985
121197  -27.469  11.089  1.086 0.7142857313
121200  -23.947  12.367  0.598 0.2857142985
121201  -24.463  12.252  0.616 0.4285714328
121223  -25.319  11.170  -3.063 0.2857142985
121241  -23.778  12.478  -4.082 0.2857142985
121258  -24.855  11.860  -4.480 0.2857142985
122292  -22.083  13.122  3.566 0.1428571492
122295  -23.623  12.631  2.852 0.2857142985
122334  -25.699  12.015  -1.946 0.2857142985
122335  -26.252  11.821  -1.540 0.2857142985
122343  -23.165  13.434  -2.795 0.2857142985
122355  -23.140  13.492  -3.270 0.2857142985
122356  -23.439  12.998  -3.831 0.2857142985
122358  -26.373  11.953  -3.858 0.1428571492
122359  -26.815  11.885  -3.346 0.2857142985
122374  -25.825  12.175  -4.178 0.1428571492
122384  -24.318  13.970  -4.998 0.1428571492
123404  -21.533  12.961  3.872 0.1428571492
123413  -23.623  12.868  2.797 0.2857142985
123429  -23.588  12.936  2.567 0.2857142985
123448  -23.503  13.246  -1.185 0.2857142985
123454  -28.091  13.406  -1.810 0.1428571492
123463  -22.844  14.016  -2.733 0.2857142985
123475  -26.023  13.175  -3.756 0.1428571492
123487  -25.017  13.457  -4.506 0.1428571492
123488  -25.618  13.052  -4.158 0.1428571492
124566  -23.593  14.752  0.097 0.1428571492
124581  -22.857  14.731  -2.155 0.1428571492
124582  -23.185  15.110  -2.423 0.1428571492
124584  -27.113  13.837  -2.420 0.1428571492
124594  -25.691  13.704  -3.859 0.1428571492
125567  -23.032  15.196  -1.712 0.1428571492
125568  -23.624  15.291  -1.456 0.1428571492
125571  -27.768  14.759  -1.734 0.1428571492
125591  -25.646  14.472  -3.599 0.1428571492
126492  -27.452  15.139  -1.988 0.1428571492
169649  -23.442  13.887  -4.415 0.1428571492
169653  -24.832  16.500  -3.420 0.1428571492
169657  -24.619  13.870  -4.759 0.1428571492
169658  -25.161  14.393  -4.322 0.1428571492
169672  -25.399  13.743  -4.213 0.1428571492
