#!ascii label  , from subject 3288 vox2ras=TkReg
1102
77461  10.076  -30.924  91.131 0.0000000000
68334  2.096  -38.074  74.597 0.0000000000
70729  0.596  -36.478  90.944 0.0000000000
79834  1.842  -28.576  86.857 0.0000000000
82084  2.131  -26.159  78.276 0.0000000000
73958  5.229  -33.248  94.086 0.0000000000
78635  1.999  -29.966  93.204 0.0000000000
71847  13.408  -35.172  90.185 0.0000000000
70726  7.629  -35.777  90.921 0.0000000000
66832  4.201  -38.872  91.066 0.0000000000
86875  2.603  -24.281  86.419 0.0000000000
79887  2.153  -27.054  82.413 0.0000000000
86936  3.944  -22.731  82.123 0.0000000000
68194  -0.686  -38.420  86.085 0.0000000000
72916  -0.402  -34.986  83.829 0.0000000000
75096  -0.178  -32.327  89.129 0.0000000000
83127  0.683  -24.998  90.810 0.0000000000
75163  3.324  -33.261  80.509 0.0000000000
76404  5.356  -31.197  75.465 0.0000000000
78893  2.282  -29.573  73.420 0.0000000000
88224  0.801  -22.284  74.836 0.0000000000
75051  7.926  -32.264  93.191 0.0000000000
78631  5.964  -29.797  92.610 0.0000000000
73984  11.187  -33.254  91.008 0.0000000000
71850  9.935  -35.438  90.604 0.0000000000
73972  9.204  -33.215  91.616 0.0000000000
71808  6.589  -34.987  93.032 0.0000000000
86897  2.561  -22.873  84.325 0.0000000000
69496  -0.350  -37.553  89.459 0.0000000000
71862  -0.370  -35.555  87.559 0.0000000000
72877  0.370  -34.535  90.628 0.0000000000
81952  3.676  -26.682  91.650 0.0000000000
80832  0.939  -27.148  92.302 0.0000000000
68110  1.829  -38.157  92.020 0.0000000000
65454  2.478  -39.980  90.443 0.0000000000
68128  0.409  -38.526  90.375 0.0000000000
65490  -0.223  -40.136  88.259 0.0000000000
75114  0.827  -32.220  85.810 0.0000000000
75159  1.452  -33.919  82.191 0.0000000000
76325  2.686  -31.011  84.624 0.0000000000
80944  0.781  -27.341  80.284 0.0000000000
78830  4.356  -28.608  79.358 0.0000000000
78852  3.247  -28.038  77.985 0.0000000000
77645  2.963  -30.350  74.358 0.0000000000
80988  3.324  -26.878  76.364 0.0000000000
71806  2.255  -34.840  94.015 0.0000000000
75062  1.196  -33.010  92.547 0.0000000000
77435  3.472  -31.378  93.560 0.0000000000
79762  4.919  -28.252  92.249 0.0000000000
69488  13.278  -37.088  88.681 0.0000000000
68181  12.541  -37.286  86.487 0.0000000000
69490  11.101  -36.540  88.600 0.0000000000
69492  9.064  -36.288  88.768 0.0000000000
69457  6.150  -36.939  91.092 0.0000000000
70711  4.292  -36.225  93.326 0.0000000000
82007  1.152  -26.181  86.939 0.0000000000
79861  2.432  -27.552  84.826 0.0000000000
84375  1.539  -25.445  84.370 0.0000000000
84394  0.409  -24.719  82.996 0.0000000000
85652  1.984  -24.546  80.390 0.0000000000
77483  12.344  -30.856  88.605 0.0000000000
66882  17.557  -39.159  86.673 0.0000000000
69483  18.405  -38.054  89.105 0.0000000000
71846  14.581  -35.268  90.038 0.0000000000
75084  13.548  -32.588  89.980 0.0000000000
66926  -1.211  -39.650  83.960 0.0000000000
69561  -1.199  -37.674  82.162 0.0000000000
70781  -0.479  -36.676  85.174 0.0000000000
74017  -0.108  -33.703  86.577 0.0000000000
77509  0.766  -30.849  87.752 0.0000000000
77464  0.729  -31.075  91.070 0.0000000000
79790  0.286  -29.352  90.285 0.0000000000
81987  0.391  -27.419  88.711 0.0000000000
85552  1.856  -24.573  88.632 0.0000000000
70795  -0.159  -36.565  80.363 0.0000000000
71907  1.640  -36.064  79.284 0.0000000000
72950  3.279  -35.656  77.527 0.0000000000
78794  4.358  -29.730  82.405 0.0000000000
76383  5.015  -32.452  78.671 0.0000000000
72961  3.752  -35.238  74.736 0.0000000000
72997  3.706  -34.289  72.470 0.0000000000
75261  2.966  -32.475  71.584 0.0000000000
85648  5.044  -23.475  79.586 0.0000000000
88168  2.557  -23.657  78.483 0.0000000000
89315  2.308  -21.685  77.249 0.0000000000
84458  2.327  -24.300  76.401 0.0000000000
82134  2.533  -26.075  74.559 0.0000000000
76231  8.822  -31.235  92.133 0.0000000000
78647  8.254  -30.308  91.817 0.0000000000
78681  9.430  -30.359  90.620 0.0000000000
75072  10.664  -31.830  91.056 0.0000000000
73971  10.091  -33.072  91.267 0.0000000000
75060  9.323  -32.309  91.668 0.0000000000
75050  8.593  -32.367  92.318 0.0000000000
67116  1.658  -39.434  73.388 0.0000000000
69691  1.461  -37.555  73.348 0.0000000000
70754  -0.073  -36.500  90.118 0.0000000000
71852  0.182  -35.386  90.234 0.0000000000
71833  0.445  -35.414  90.873 0.0000000000
68189  14.121  -38.152  85.100 0.0000000000
69456  1.443  -37.222  92.139 0.0000000000
68116  1.268  -38.272  91.315 0.0000000000
69475  0.599  -37.706  90.847 0.0000000000
68146  -0.176  -38.520  89.800 0.0000000000
77523  1.616  -30.499  86.392 0.0000000000
76326  1.879  -32.050  84.281 0.0000000000
77535  2.214  -30.209  85.112 0.0000000000
80955  1.024  -26.928  79.693 0.0000000000
78853  2.572  -27.765  78.736 0.0000000000
79935  2.026  -27.122  78.575 0.0000000000
79942  3.570  -27.862  76.714 0.0000000000
80980  2.944  -26.965  77.141 0.0000000000
72851  3.263  -34.217  94.231 0.0000000000
73961  2.796  -33.471  94.127 0.0000000000
75046  3.859  -32.628  94.094 0.0000000000
79740  5.809  -29.218  92.249 0.0000000000
80830  5.143  -27.884  90.505 0.0000000000
70761  12.960  -36.411  89.207 0.0000000000
69489  12.170  -36.883  88.639 0.0000000000
70762  11.851  -36.305  89.306 0.0000000000
71851  9.134  -35.545  90.574 0.0000000000
70748  9.485  -36.013  90.144 0.0000000000
70766  8.039  -36.245  89.713 0.0000000000
70752  6.569  -36.533  90.860 0.0000000000
72857  5.584  -34.323  93.683 0.0000000000
70710  5.135  -35.988  93.238 0.0000000000
71803  4.630  -34.974  94.143 0.0000000000
70712  3.444  -36.139  93.531 0.0000000000
85568  2.606  -25.017  86.812 0.0000000000
83162  1.867  -26.262  85.491 0.0000000000
85582  2.246  -24.795  85.939 0.0000000000
86918  2.745  -22.652  83.592 0.0000000000
85616  1.406  -24.120  83.556 0.0000000000
85626  1.706  -23.712  82.329 0.0000000000
84412  1.036  -24.513  81.276 0.0000000000
85638  2.246  -24.140  81.382 0.0000000000
69471  15.815  -36.361  89.423 0.0000000000
66916  -1.091  -39.505  85.253 0.0000000000
68205  -1.084  -38.573  84.476 0.0000000000
69534  -0.612  -37.549  85.680 0.0000000000
74011  -0.210  -33.463  88.548 0.0000000000
72899  -0.245  -34.600  87.068 0.0000000000
75104  -0.180  -32.463  88.020 0.0000000000
75110  0.031  -32.687  87.054 0.0000000000
76274  0.021  -31.473  88.482 0.0000000000
77444  1.865  -30.983  93.157 0.0000000000
76233  1.213  -32.067  92.362 0.0000000000
78636  1.583  -29.738  92.615 0.0000000000
81965  0.721  -26.287  91.829 0.0000000000
80834  0.220  -28.552  91.184 0.0000000000
80842  -0.037  -27.448  91.069 0.0000000000
80851  0.086  -28.067  88.938 0.0000000000
81986  0.697  -26.709  89.017 0.0000000000
83144  1.124  -25.796  88.669 0.0000000000
84319  1.033  -24.844  89.083 0.0000000000
69522  10.877  -37.013  86.074 0.0000000000
69529  12.213  -36.976  85.133 0.0000000000
66837  4.909  -38.666  89.811 0.0000000000
65488  4.151  -39.351  88.399 0.0000000000
65452  3.986  -39.863  90.164 0.0000000000
64186  1.482  -40.524  89.745 0.0000000000
64196  2.611  -41.025  89.124 0.0000000000
66898  -0.468  -39.515  87.259 0.0000000000
66907  -0.795  -39.476  86.275 0.0000000000
71882  -0.880  -36.034  83.090 0.0000000000
69570  -0.958  -37.557  81.274 0.0000000000
72924  -0.079  -35.407  82.236 0.0000000000
75157  2.224  -33.475  81.487 0.0000000000
74051  1.351  -34.635  80.990 0.0000000000
75176  2.350  -33.745  80.097 0.0000000000
72951  2.522  -35.687  78.359 0.0000000000
74067  3.228  -34.002  79.032 0.0000000000
79877  2.316  -27.098  83.669 0.0000000000
78784  3.751  -29.324  83.585 0.0000000000
78796  3.412  -28.247  82.382 0.0000000000
78839  4.993  -29.614  77.934 0.0000000000
77595  5.628  -30.757  79.358 0.0000000000
76398  5.829  -31.682  76.999 0.0000000000
74083  4.050  -33.163  76.291 0.0000000000
74100  5.342  -33.017  75.018 0.0000000000
72968  3.653  -34.509  73.743 0.0000000000
75221  4.121  -32.518  73.902 0.0000000000
77656  2.264  -30.340  73.500 0.0000000000
76443  2.536  -31.770  72.377 0.0000000000
76444  2.507  -31.555  71.938 0.0000000000
85662  5.164  -22.731  78.901 0.0000000000
85664  3.649  -23.656  79.194 0.0000000000
170364  3.113  -22.013  78.482 0.0000000000
90505  1.042  -20.160  75.517 0.0000000000
89322  2.115  -21.328  76.547 0.0000000000
88200  2.246  -22.903  76.557 0.0000000000
85709  2.145  -23.596  75.750 0.0000000000
83270  2.322  -24.917  75.692 0.0000000000
85723  1.995  -23.518  74.766 0.0000000000
75043  6.086  -32.665  93.648 0.0000000000
76221  5.691  -31.437  93.527 0.0000000000
77438  7.622  -30.542  92.729 0.0000000000
72872  11.873  -34.244  90.846 0.0000000000
71849  10.942  -35.255  90.427 0.0000000000
72873  10.872  -34.213  91.054 0.0000000000
72874  10.009  -34.350  91.354 0.0000000000
71815  8.342  -34.570  91.602 0.0000000000
71831  7.290  -35.449  91.428 0.0000000000
72863  7.669  -34.254  92.571 0.0000000000
73964  7.473  -33.186  93.237 0.0000000000
88087  3.203  -22.506  86.628 0.0000000000
88107  2.590  -22.763  86.028 0.0000000000
88105  3.664  -21.765  85.495 0.0000000000
88123  3.881  -21.928  84.589 0.0000000000
88139  5.045  -21.924  83.395 0.0000000000
69518  -0.565  -37.586  87.507 0.0000000000
70774  -0.453  -36.577  87.058 0.0000000000
70771  -0.634  -36.536  88.039 0.0000000000
72894  -0.180  -34.483  89.006 0.0000000000
74008  -0.035  -33.480  89.514 0.0000000000
80807  2.525  -27.930  93.026 0.0000000000
80808  1.799  -28.275  93.060 0.0000000000
81943  2.313  -27.110  92.640 0.0000000000
81954  1.707  -26.388  92.345 0.0000000000
84277  1.458  -24.739  91.198 0.0000000000
85538  1.421  -23.739  90.335 0.0000000000
66826  3.026  -38.411  91.922 0.0000000000
66840  3.105  -39.497  90.770 0.0000000000
66828  2.039  -38.782  91.519 0.0000000000
66841  1.519  -39.618  90.565 0.0000000000
65456  0.674  -40.190  89.901 0.0000000000
64199  0.261  -40.830  88.911 0.0000000000
66855  -0.229  -39.368  89.351 0.0000000000
68162  -0.416  -38.537  88.950 0.0000000000
75133  0.816  -33.498  84.265 0.0000000000
74045  0.839  -34.390  82.788 0.0000000000
75132  1.543  -33.107  83.975 0.0000000000
76335  2.049  -32.771  83.440 0.0000000000
76356  3.098  -32.658  82.038 0.0000000000
79893  1.560  -27.160  81.450 0.0000000000
78806  3.151  -27.978  81.445 0.0000000000
78832  2.803  -27.737  80.127 0.0000000000
78841  3.702  -28.385  78.654 0.0000000000
78861  4.239  -29.805  76.407 0.0000000000
77643  4.454  -30.668  74.828 0.0000000000
78874  3.536  -29.807  75.407 0.0000000000
78876  3.298  -28.273  75.674 0.0000000000
79960  2.825  -28.047  74.971 0.0000000000
88241  0.577  -21.889  74.198 0.0000000000
87048  1.154  -23.213  73.853 0.0000000000
87065  1.771  -22.808  73.476 0.0000000000
71818  1.531  -35.697  92.993 0.0000000000
72864  0.758  -34.649  92.052 0.0000000000
73966  1.695  -33.633  93.407 0.0000000000
76216  2.071  -32.402  93.605 0.0000000000
77443  2.670  -30.967  93.389 0.0000000000
77433  4.818  -30.995  93.474 0.0000000000
78633  3.891  -29.675  93.119 0.0000000000
79743  3.220  -28.819  93.057 0.0000000000
80820  4.218  -27.595  92.152 0.0000000000
68169  13.972  -38.121  87.025 0.0000000000
68180  13.230  -37.786  86.315 0.0000000000
68170  13.006  -37.576  87.141 0.0000000000
70763  10.789  -36.239  89.362 0.0000000000
69491  10.072  -36.320  88.645 0.0000000000
69515  9.529  -36.490  87.082 0.0000000000
68125  5.481  -37.858  90.220 0.0000000000
68112  5.159  -37.737  90.975 0.0000000000
70716  6.052  -36.198  92.089 0.0000000000
69451  5.435  -36.851  91.944 0.0000000000
68107  4.271  -37.758  91.941 0.0000000000
69454  3.161  -37.362  92.667 0.0000000000
69449  2.454  -36.472  93.159 0.0000000000
79835  1.404  -27.829  86.983 0.0000000000
79848  2.135  -28.192  85.781 0.0000000000
80898  2.011  -27.173  85.511 0.0000000000
82028  1.884  -26.519  84.805 0.0000000000
80924  1.427  -26.320  83.698 0.0000000000
86899  2.242  -24.113  84.688 0.0000000000
84384  1.097  -25.208  83.800 0.0000000000
82045  1.266  -26.268  82.124 0.0000000000
82052  0.898  -26.040  81.808 0.0000000000
83208  0.756  -25.572  80.120 0.0000000000
83216  1.433  -25.667  79.254 0.0000000000
77472  10.972  -30.920  90.132 0.0000000000
66895  15.862  -39.088  85.959 0.0000000000
66851  19.819  -38.897  88.226 0.0000000000
68122  20.102  -37.447  88.599 0.0000000000
68152  19.011  -38.898  88.210 0.0000000000
68154  17.413  -38.816  87.662 0.0000000000
68155  16.154  -38.355  87.680 0.0000000000
70760  14.045  -36.548  89.104 0.0000000000
73999  14.862  -33.783  90.099 0.0000000000
74000  13.621  -33.633  90.350 0.0000000000
75069  12.949  -33.196  90.463 0.0000000000
76240  11.986  -31.887  90.357 0.0000000000
70786  -1.037  -36.796  83.487 0.0000000000
71877  -0.477  -35.807  84.616 0.0000000000
71866  -0.344  -35.612  86.576 0.0000000000
72902  -0.269  -34.691  86.069 0.0000000000
74025  -0.058  -33.837  85.571 0.0000000000
75115  0.273  -32.942  86.142 0.0000000000
76298  0.973  -31.358  86.619 0.0000000000
78722  1.168  -29.810  87.832 0.0000000000
75073  0.929  -33.061  91.719 0.0000000000
75074  0.454  -32.792  90.900 0.0000000000
76244  0.428  -31.846  90.634 0.0000000000
79764  1.158  -29.173  92.193 0.0000000000
78669  0.713  -30.207  90.692 0.0000000000
77475  0.405  -30.834  89.655 0.0000000000
78698  0.522  -29.969  89.488 0.0000000000
79808  0.608  -28.685  88.452 0.0000000000
79819  1.115  -28.353  87.659 0.0000000000
81995  0.874  -26.367  87.882 0.0000000000
83147  1.412  -25.806  87.625 0.0000000000
86865  2.864  -24.551  87.289 0.0000000000
86848  1.937  -23.564  89.335 0.0000000000
88065  3.242  -23.926  88.216 0.0000000000
88072  3.530  -22.994  87.333 0.0000000000
65510  4.182  -40.509  86.813 0.0000000000
65469  3.002  -40.323  89.551 0.0000000000
72930  0.664  -35.490  81.142 0.0000000000
71900  0.886  -36.146  80.082 0.0000000000
70854  2.953  -37.267  75.940 0.0000000000
78769  2.924  -29.241  84.551 0.0000000000
76332  3.839  -30.770  83.182 0.0000000000
76355  3.890  -32.008  81.937 0.0000000000
78804  4.587  -29.402  81.451 0.0000000000
76363  5.302  -31.254  80.818 0.0000000000
75173  4.103  -32.883  79.540 0.0000000000
75207  2.994  -33.097  77.307 0.0000000000
74085  4.137  -35.045  76.744 0.0000000000
71939  2.467  -36.748  74.695 0.0000000000
72984  2.382  -35.777  73.690 0.0000000000
75233  3.074  -32.313  72.887 0.0000000000
74122  3.355  -33.672  71.889 0.0000000000
86934  5.721  -22.756  81.749 0.0000000000
86952  6.007  -23.105  80.948 0.0000000000
86954  4.388  -23.264  81.391 0.0000000000
85651  2.918  -24.263  80.084 0.0000000000
86969  2.473  -24.266  79.142 0.0000000000
85677  2.370  -24.369  78.284 0.0000000000
89305  2.394  -22.438  77.971 0.0000000000
86995  2.357  -23.568  77.578 0.0000000000
83243  2.444  -25.360  77.558 0.0000000000
82108  2.647  -25.787  76.701 0.0000000000
79961  3.001  -27.118  75.140 0.0000000000
79977  2.300  -28.257  74.008 0.0000000000
82143  2.243  -26.731  73.881 0.0000000000
77449  9.600  -31.086  91.545 0.0000000000
77462  9.330  -30.652  91.284 0.0000000000
77474  9.760  -30.640  90.897 0.0000000000
76242  10.479  -31.396  90.980 0.0000000000
76229  9.983  -31.624  91.354 0.0000000000
76230  9.283  -31.485  91.777 0.0000000000
68349  2.028  -38.762  74.429 0.0000000000
68369  1.762  -38.699  73.613 0.0000000000
68351  1.705  -38.007  73.648 0.0000000000
68335  1.857  -37.810  74.127 0.0000000000
70730  0.295  -35.940  90.537 0.0000000000
71832  0.723  -35.510  91.589 0.0000000000
68178  14.986  -38.571  85.608 0.0000000000
68188  14.959  -38.155  84.763 0.0000000000
70720  0.954  -36.421  91.927 0.0000000000
69459  0.955  -37.339  91.538 0.0000000000
70753  0.281  -37.081  90.541 0.0000000000
77536  1.912  -30.367  85.729 0.0000000000
78757  1.910  -29.443  85.847 0.0000000000
82071  1.465  -26.265  79.127 0.0000000000
80969  1.734  -26.741  78.827 0.0000000000
80981  2.412  -26.689  77.866 0.0000000000
72850  4.124  -34.204  94.259 0.0000000000
73960  3.581  -33.418  94.213 0.0000000000
73959  4.432  -33.366  94.205 0.0000000000
70745  12.613  -35.793  89.848 0.0000000000
70725  8.410  -35.525  90.738 0.0000000000
70749  8.662  -36.012  90.222 0.0000000000
70750  7.900  -36.067  90.349 0.0000000000
70751  7.101  -36.358  90.480 0.0000000000
72849  5.078  -34.223  94.113 0.0000000000
71802  5.089  -34.761  94.058 0.0000000000
71804  3.679  -34.973  94.218 0.0000000000
86917  3.562  -22.377  83.048 0.0000000000
86938  2.036  -22.960  82.805 0.0000000000
86937  2.973  -22.934  82.296 0.0000000000
85625  2.401  -23.556  82.062 0.0000000000
66915  -0.881  -38.955  85.740 0.0000000000
68204  -0.917  -38.423  85.351 0.0000000000
76264  0.055  -31.367  89.223 0.0000000000
78651  1.649  -30.414  92.743 0.0000000000
83126  0.475  -25.765  91.033 0.0000000000
81975  0.206  -26.548  91.098 0.0000000000
83137  0.302  -26.187  90.553 0.0000000000
81976  0.068  -26.819  90.138 0.0000000000
83138  0.507  -25.656  89.899 0.0000000000
84308  0.562  -24.459  89.988 0.0000000000
66838  4.296  -39.265  90.165 0.0000000000
66839  3.742  -39.408  90.645 0.0000000000
64198  0.824  -40.881  89.298 0.0000000000
64210  1.292  -41.437  88.661 0.0000000000
68184  -0.480  -38.550  86.927 0.0000000000
72917  -0.661  -35.564  83.403 0.0000000000
71885  -0.644  -36.023  82.362 0.0000000000
72921  -0.493  -35.408  82.933 0.0000000000
75164  2.542  -33.482  80.705 0.0000000000
75165  1.951  -33.744  80.951 0.0000000000
74068  2.711  -34.306  79.338 0.0000000000
75175  3.023  -33.604  79.948 0.0000000000
79886  2.549  -27.221  82.561 0.0000000000
79876  2.769  -27.327  83.191 0.0000000000
78797  2.828  -27.491  82.482 0.0000000000
77617  5.337  -30.412  76.648 0.0000000000
77608  5.547  -30.256  77.512 0.0000000000
76403  5.667  -31.440  76.102 0.0000000000
75213  5.454  -32.618  76.135 0.0000000000
75219  5.440  -32.266  75.039 0.0000000000
74101  4.635  -33.341  74.551 0.0000000000
75220  4.871  -32.363  74.456 0.0000000000
76431  2.178  -31.113  72.683 0.0000000000
77663  2.212  -30.532  72.537 0.0000000000
86981  5.355  -21.968  79.190 0.0000000000
86982  4.811  -21.963  78.671 0.0000000000
85676  3.651  -22.354  78.454 0.0000000000
170374  3.483  -21.527  78.520 0.0000000000
89347  0.841  -21.194  74.913 0.0000000000
89335  1.482  -21.203  75.842 0.0000000000
88211  1.391  -22.146  75.513 0.0000000000
87025  1.481  -22.967  75.128 0.0000000000
85710  2.112  -23.546  75.167 0.0000000000
87026  1.563  -23.347  74.884 0.0000000000
75052  6.799  -32.324  93.439 0.0000000000
76219  7.333  -31.367  93.260 0.0000000000
78682  8.614  -29.775  90.366 0.0000000000
73983  12.339  -33.496  90.754 0.0000000000
72860  9.667  -33.791  91.448 0.0000000000
72875  9.424  -34.290  91.431 0.0000000000
71814  8.781  -34.512  91.461 0.0000000000
72861  8.898  -34.088  91.617 0.0000000000
72862  8.125  -34.137  92.147 0.0000000000
73963  8.251  -33.018  92.912 0.0000000000
73965  6.446  -33.371  93.455 0.0000000000
88106  2.918  -22.098  85.860 0.0000000000
88122  4.787  -21.809  84.319 0.0000000000
88140  4.182  -22.106  83.702 0.0000000000
69509  -0.604  -37.577  88.506 0.0000000000
70768  -0.513  -36.510  89.060 0.0000000000
71856  -0.174  -35.472  89.479 0.0000000000
72891  0.155  -34.488  89.848 0.0000000000
74001  0.282  -33.589  90.359 0.0000000000
80821  3.434  -27.182  92.300 0.0000000000
81942  2.890  -27.339  92.569 0.0000000000
81953  2.805  -26.510  92.246 0.0000000000
83112  2.386  -25.334  92.005 0.0000000000
83113  1.278  -25.340  91.592 0.0000000000
84276  1.975  -24.787  91.601 0.0000000000
84293  1.805  -24.241  91.034 0.0000000000
68109  2.721  -38.011  92.270 0.0000000000
66827  2.565  -38.584  91.725 0.0000000000
68127  0.829  -38.564  90.857 0.0000000000
66836  1.126  -38.886  91.021 0.0000000000
66842  0.966  -39.353  90.531 0.0000000000
66843  0.162  -39.370  90.045 0.0000000000
65457  0.065  -39.970  89.583 0.0000000000
68174  -0.506  -38.698  87.955 0.0000000000
75125  0.406  -33.104  85.147 0.0000000000
75124  1.048  -32.439  84.739 0.0000000000
76334  2.601  -31.895  83.592 0.0000000000
76345  2.482  -32.702  82.704 0.0000000000
79902  1.265  -27.472  80.771 0.0000000000
78833  2.054  -27.401  80.462 0.0000000000
78842  2.928  -28.050  79.164 0.0000000000
78851  3.746  -28.912  77.477 0.0000000000
78862  3.941  -29.480  76.133 0.0000000000
78863  3.632  -28.435  76.583 0.0000000000
79943  3.409  -27.490  76.669 0.0000000000
78886  2.756  -29.260  74.442 0.0000000000
79952  3.345  -27.377  75.726 0.0000000000
90516  0.793  -19.980  74.507 0.0000000000
89357  0.920  -20.899  73.984 0.0000000000
88255  1.056  -21.888  73.474 0.0000000000
71812  1.903  -35.245  93.539 0.0000000000
71813  1.397  -35.074  93.018 0.0000000000
72853  1.946  -34.315  93.764 0.0000000000
75047  3.043  -32.684  94.086 0.0000000000
75048  2.377  -32.816  93.862 0.0000000000
77436  2.976  -31.570  93.659 0.0000000000
76212  5.061  -31.640  93.705 0.0000000000
77440  5.488  -30.735  93.307 0.0000000000
78632  4.922  -29.682  93.041 0.0000000000
79742  4.263  -28.706  92.669 0.0000000000
80805  4.094  -28.075  92.491 0.0000000000
79763  4.373  -28.145  92.399 0.0000000000
69500  14.133  -37.575  88.084 0.0000000000
68157  13.772  -37.711  87.672 0.0000000000
69501  13.567  -37.393  88.095 0.0000000000
69503  11.380  -37.031  87.829 0.0000000000
70746  11.472  -35.844  90.008 0.0000000000
70747  10.424  -35.978  90.100 0.0000000000
70764  9.790  -36.205  89.420 0.0000000000
69505  9.291  -36.331  87.949 0.0000000000
69506  8.230  -36.332  88.150 0.0000000000
69507  7.053  -36.411  88.451 0.0000000000
69473  6.331  -37.078  90.322 0.0000000000
69474  5.695  -37.314  90.761 0.0000000000
69458  5.524  -37.134  91.323 0.0000000000
71816  7.356  -34.875  92.236 0.0000000000
70715  6.703  -35.672  91.733 0.0000000000
71817  6.430  -35.401  92.332 0.0000000000
70717  5.315  -36.358  92.528 0.0000000000
70718  4.762  -36.514  92.880 0.0000000000
69452  4.711  -37.036  92.340 0.0000000000
69446  4.273  -36.799  92.833 0.0000000000
69453  3.913  -37.288  92.455 0.0000000000
69447  3.676  -36.816  93.077 0.0000000000
70708  2.766  -35.489  94.001 0.0000000000
70713  2.625  -35.908  93.598 0.0000000000
70714  1.957  -36.199  93.193 0.0000000000
70719  1.550  -36.359  92.558 0.0000000000
82008  0.795  -26.794  87.044 0.0000000000
80886  1.358  -27.192  86.427 0.0000000000
82022  1.576  -26.501  86.165 0.0000000000
83170  1.773  -25.942  84.835 0.0000000000
82029  1.870  -26.376  85.147 0.0000000000
80912  1.500  -26.366  84.077 0.0000000000
82038  1.350  -26.177  84.150 0.0000000000
86898  2.348  -23.201  84.999 0.0000000000
85628  0.803  -24.245  83.386 0.0000000000
85617  1.181  -24.643  83.716 0.0000000000
83186  0.800  -25.614  83.433 0.0000000000
83193  0.614  -25.517  82.385 0.0000000000
83200  0.656  -25.559  81.255 0.0000000000
84413  1.111  -24.905  80.472 0.0000000000
77484  11.486  -30.806  89.240 0.0000000000
77495  11.632  -30.530  88.311 0.0000000000
77494  12.377  -30.621  87.716 0.0000000000
66893  17.856  -37.838  85.941 0.0000000000
66903  17.745  -37.829  85.028 0.0000000000
66894  16.864  -38.956  85.666 0.0000000000
66883  16.578  -39.204  86.379 0.0000000000
69468  18.835  -37.235  89.361 0.0000000000
68123  19.605  -37.552  89.119 0.0000000000
68139  19.181  -38.324  88.658 0.0000000000
68153  18.471  -38.935  88.109 0.0000000000
68140  18.003  -38.332  88.502 0.0000000000
68142  15.883  -37.581  88.360 0.0000000000
70743  15.072  -36.017  89.389 0.0000000000
70744  13.781  -35.794  89.544 0.0000000000
75083  14.629  -33.017  89.847 0.0000000000
72888  14.148  -34.480  90.251 0.0000000000
73982  12.915  -33.590  90.601 0.0000000000
76262  13.104  -31.371  88.818 0.0000000000
76252  12.496  -31.679  89.629 0.0000000000
76263  12.223  -31.196  89.253 0.0000000000
76253  11.716  -31.316  89.893 0.0000000000
65628  -1.344  -40.535  83.381 0.0000000000
66925  -1.041  -39.223  83.306 0.0000000000
69543  -0.900  -37.583  84.839 0.0000000000
69544  -1.152  -37.655  83.960 0.0000000000
70785  -0.765  -36.745  84.307 0.0000000000
72909  -0.258  -34.822  85.029 0.0000000000
76285  0.460  -31.502  87.471 0.0000000000
76284  0.807  -31.178  87.150 0.0000000000
77508  0.998  -30.645  87.277 0.0000000000
77497  0.955  -30.346  87.996 0.0000000000
73974  0.872  -33.810  92.339 0.0000000000
77454  0.997  -31.124  91.859 0.0000000000
76243  0.806  -31.980  91.405 0.0000000000
80823  1.147  -28.192  92.498 0.0000000000
79780  0.677  -29.462  91.124 0.0000000000
78684  0.544  -30.249  90.101 0.0000000000
78723  1.114  -29.113  88.096 0.0000000000
80859  0.513  -27.868  88.158 0.0000000000
80869  0.850  -27.542  87.348 0.0000000000
81996  0.584  -27.104  88.023 0.0000000000
84328  1.681  -25.241  88.207 0.0000000000
85558  2.395  -24.965  87.794 0.0000000000
86860  2.578  -24.471  88.179 0.0000000000
68190  13.330  -37.839  85.434 0.0000000000
68191  12.740  -37.249  85.728 0.0000000000
65489  3.811  -40.251  87.902 0.0000000000
65453  3.441  -40.014  90.227 0.0000000000
65581  -1.304  -40.520  84.790 0.0000000000
65604  -1.475  -40.661  84.084 0.0000000000
70793  -0.479  -36.647  81.036 0.0000000000
68247  -1.030  -38.414  80.650 0.0000000000
69580  -0.577  -37.419  80.483 0.0000000000
69596  -0.104  -37.200  79.864 0.0000000000
72923  0.520  -34.868  82.131 0.0000000000
74048  1.183  -34.265  81.885 0.0000000000
72938  1.540  -35.503  79.779 0.0000000000
72929  1.031  -35.454  80.655 0.0000000000
70816  1.267  -36.695  79.242 0.0000000000
69614  1.094  -37.501  79.194 0.0000000000
70831  1.803  -36.479  78.520 0.0000000000
71919  2.487  -36.264  77.743 0.0000000000
70843  2.685  -36.915  76.967 0.0000000000
71930  3.253  -36.552  76.619 0.0000000000
79847  2.179  -28.660  84.979 0.0000000000
78756  2.137  -29.398  85.046 0.0000000000
78783  4.234  -29.688  82.898 0.0000000000
77564  3.706  -30.214  83.780 0.0000000000
77575  4.253  -30.450  82.704 0.0000000000
76343  4.106  -31.023  82.654 0.0000000000
76342  4.509  -30.884  82.170 0.0000000000
78817  3.339  -28.025  80.717 0.0000000000
78805  3.727  -28.576  81.471 0.0000000000
78815  4.799  -29.244  80.132 0.0000000000
76382  5.665  -31.696  79.045 0.0000000000
77587  5.416  -30.681  80.276 0.0000000000
76373  5.079  -32.187  79.642 0.0000000000
76365  4.626  -32.414  80.059 0.0000000000
76384  4.243  -32.767  78.660 0.0000000000
76385  3.824  -32.974  78.717 0.0000000000
75184  3.741  -32.760  78.152 0.0000000000
74093  4.193  -34.570  75.467 0.0000000000
74084  3.622  -33.745  76.988 0.0000000000
74094  4.282  -35.452  75.560 0.0000000000
72962  3.702  -35.952  74.967 0.0000000000
71949  2.263  -36.354  74.254 0.0000000000
72970  2.938  -35.520  74.266 0.0000000000
72981  3.780  -34.317  73.087 0.0000000000
72998  3.372  -34.965  72.166 0.0000000000
77644  3.671  -30.561  74.523 0.0000000000
76428  3.641  -31.873  73.627 0.0000000000
76416  3.299  -31.192  73.968 0.0000000000
75246  2.676  -32.096  71.966 0.0000000000
75245  2.905  -32.575  71.981 0.0000000000
74134  3.021  -33.054  71.649 0.0000000000
74135  2.916  -33.944  71.364 0.0000000000
85646  6.165  -22.715  79.983 0.0000000000
85634  5.506  -23.332  80.361 0.0000000000
86953  5.229  -23.242  81.197 0.0000000000
85635  4.745  -23.595  80.545 0.0000000000
85636  3.942  -23.735  80.821 0.0000000000
85649  4.225  -23.803  79.805 0.0000000000
170363  2.911  -23.672  79.052 0.0000000000
170362  2.700  -24.135  79.389 0.0000000000
86970  2.468  -24.166  78.588 0.0000000000
85666  2.323  -24.533  78.707 0.0000000000
90484  2.298  -20.480  77.115 0.0000000000
90483  2.721  -20.288  77.969 0.0000000000
90473  2.526  -21.294  77.664 0.0000000000
90472  2.799  -21.581  78.266 0.0000000000
88182  2.268  -22.329  77.448 0.0000000000
87015  2.279  -23.241  76.559 0.0000000000
87004  2.321  -23.363  76.948 0.0000000000
85696  2.328  -23.804  76.744 0.0000000000
84443  2.587  -24.816  77.105 0.0000000000
84442  2.537  -24.929  76.853 0.0000000000
83257  2.546  -25.548  76.966 0.0000000000
82107  2.535  -25.370  76.423 0.0000000000
83282  2.303  -25.058  75.231 0.0000000000
82127  2.681  -25.803  75.190 0.0000000000
81006  2.908  -26.448  75.002 0.0000000000
81012  2.527  -26.960  74.557 0.0000000000
84501  2.205  -24.396  74.252 0.0000000000
76218  8.370  -31.320  92.739 0.0000000000
77437  8.128  -30.750  92.526 0.0000000000
77451  8.426  -30.667  92.059 0.0000000000
78666  8.660  -30.240  91.366 0.0000000000
75071  11.272  -32.287  90.961 0.0000000000
75058  10.876  -32.686  91.064 0.0000000000
75059  10.393  -32.377  91.171 0.0000000000
73973  8.511  -33.316  92.134 0.0000000000
75049  8.875  -32.157  91.987 0.0000000000
76217  8.840  -31.800  92.083 0.0000000000
68370  1.459  -38.586  73.108 0.0000000000
68111  1.348  -37.771  91.777 0.0000000000
69476  0.053  -37.652  90.227 0.0000000000
76313  1.786  -31.289  85.450 0.0000000000
76312  2.197  -30.813  85.093 0.0000000000
80954  1.018  -27.310  79.872 0.0000000000
79914  1.466  -27.409  79.900 0.0000000000
79927  1.539  -27.174  79.296 0.0000000000
79926  2.032  -27.478  78.997 0.0000000000
79934  2.717  -27.407  77.913 0.0000000000
79933  3.415  -27.761  77.220 0.0000000000
71805  2.856  -34.980  94.160 0.0000000000
72852  2.512  -34.228  94.093 0.0000000000
76213  4.104  -31.894  93.791 0.0000000000
79761  5.884  -28.771  91.690 0.0000000000
80818  5.469  -28.218  91.094 0.0000000000
80819  4.990  -27.835  91.460 0.0000000000
70765  8.864  -36.192  89.523 0.0000000000
72856  6.129  -34.276  93.362 0.0000000000
70709  5.877  -35.709  92.859 0.0000000000
71809  5.452  -35.013  93.614 0.0000000000
71810  4.735  -35.623  93.726 0.0000000000
70706  4.021  -35.691  94.009 0.0000000000
70707  3.214  -35.591  94.026 0.0000000000
83154  1.675  -25.844  86.750 0.0000000000
82021  1.566  -26.161  86.444 0.0000000000
84355  2.123  -25.431  86.356 0.0000000000
84365  2.038  -25.362  85.525 0.0000000000
84366  1.879  -25.433  84.883 0.0000000000
86919  2.223  -23.172  83.820 0.0000000000
86939  1.557  -23.489  83.242 0.0000000000
85627  0.817  -23.859  82.759 0.0000000000
84402  0.581  -24.272  82.120 0.0000000000
85639  1.326  -24.101  81.684 0.0000000000
69486  15.511  -36.928  89.042 0.0000000000
70742  16.164  -36.101  89.957 0.0000000000
71845  15.735  -35.340  90.061 0.0000000000
72897  -0.292  -34.520  88.050 0.0000000000
74014  -0.199  -33.559  87.555 0.0000000000
77498  0.619  -30.826  88.239 0.0000000000
76223  1.664  -31.996  93.150 0.0000000000
76232  1.420  -31.749  92.712 0.0000000000
77453  1.478  -31.221  92.560 0.0000000000
78652  1.314  -30.211  92.114 0.0000000000
80833  0.494  -27.809  91.827 0.0000000000
80841  0.433  -27.031  91.662 0.0000000000
80843  -0.125  -28.089  90.034 0.0000000000
81977  0.144  -27.392  89.351 0.0000000000
69521  11.908  -37.024  85.920 0.0000000000
69530  11.231  -37.097  85.187 0.0000000000
66854  4.427  -39.243  89.447 0.0000000000
65468  4.012  -40.175  89.257 0.0000000000
65470  2.184  -40.429  89.693 0.0000000000
66887  -0.370  -39.627  87.941 0.0000000000
65511  -0.355  -40.314  87.648 0.0000000000
66908  -1.086  -39.983  85.845 0.0000000000
70789  -1.069  -36.799  82.648 0.0000000000
70791  -0.829  -36.750  81.825 0.0000000000
71888  -0.231  -36.012  81.627 0.0000000000
75158  1.662  -33.808  81.775 0.0000000000
74047  1.458  -34.039  81.677 0.0000000000
74050  1.548  -34.084  81.299 0.0000000000
74061  1.669  -34.805  80.070 0.0000000000
74069  2.092  -35.035  79.375 0.0000000000
72944  2.072  -35.544  79.042 0.0000000000
72943  2.778  -35.195  78.727 0.0000000000
74075  3.488  -34.671  78.073 0.0000000000
79860  2.759  -27.936  84.237 0.0000000000
78785  3.338  -28.070  83.537 0.0000000000
78795  4.034  -29.131  82.380 0.0000000000
78829  5.033  -29.270  78.976 0.0000000000
77603  5.443  -30.089  78.651 0.0000000000
77602  5.901  -30.895  78.374 0.0000000000
76390  5.623  -31.847  77.964 0.0000000000
75193  4.670  -32.673  77.299 0.0000000000
75204  5.067  -32.783  76.532 0.0000000000
74091  4.800  -33.376  75.629 0.0000000000
74092  4.231  -33.708  75.553 0.0000000000
74103  3.835  -34.725  74.419 0.0000000000
74102  4.007  -34.066  74.423 0.0000000000
74113  3.848  -34.071  73.591 0.0000000000
72980  3.791  -33.835  73.121 0.0000000000
77646  2.503  -30.086  74.186 0.0000000000
76417  2.734  -31.072  73.762 0.0000000000
76430  2.448  -31.282  73.189 0.0000000000
85661  5.514  -22.511  79.255 0.0000000000
85663  4.322  -23.304  78.768 0.0000000000
86983  3.650  -23.183  78.689 0.0000000000
89292  2.722  -22.891  78.466 0.0000000000
88190  2.227  -22.224  77.013 0.0000000000
88199  2.026  -22.220  76.321 0.0000000000
87014  2.054  -23.037  76.073 0.0000000000
85695  2.229  -23.660  76.241 0.0000000000
83269  2.379  -24.881  76.155 0.0000000000
84473  2.244  -24.268  75.706 0.0000000000
84474  2.235  -24.272  75.197 0.0000000000
83292  2.326  -25.185  74.662 0.0000000000
73957  5.799  -33.113  93.797 0.0000000000
75044  5.487  -32.518  93.907 0.0000000000
76211  5.909  -31.994  93.628 0.0000000000
76220  6.316  -31.394  93.422 0.0000000000
77439  6.648  -30.573  93.121 0.0000000000
78630  7.048  -29.997  92.636 0.0000000000
72890  12.474  -34.449  90.700 0.0000000000
71848  12.133  -35.013  90.540 0.0000000000
71826  11.790  -34.669  90.732 0.0000000000
71827  11.342  -34.718  90.767 0.0000000000
71828  10.427  -34.926  91.071 0.0000000000
73985  10.366  -33.739  91.231 0.0000000000
71829  9.165  -34.933  91.313 0.0000000000
71830  8.008  -35.142  91.329 0.0000000000
71807  7.071  -34.730  92.830 0.0000000000
72854  7.979  -33.759  92.805 0.0000000000
72855  7.176  -34.253  93.084 0.0000000000
72848  5.697  -33.758  93.724 0.0000000000
88088  3.015  -23.225  86.708 0.0000000000
86884  2.488  -23.507  86.150 0.0000000000
88125  2.614  -22.566  85.439 0.0000000000
88124  2.931  -22.359  84.800 0.0000000000
88104  4.565  -21.606  85.194 0.0000000000
88141  3.438  -22.301  83.971 0.0000000000
86916  4.479  -22.319  82.782 0.0000000000
69526  -0.493  -37.555  86.558 0.0000000000
71859  -0.382  -35.505  88.540 0.0000000000
75086  0.112  -32.598  90.099 0.0000000000
79744  2.315  -28.955  93.186 0.0000000000
80822  1.707  -27.467  92.758 0.0000000000
84294  1.031  -24.339  90.737 0.0000000000
66833  3.332  -38.846  91.409 0.0000000000
66834  2.467  -39.240  91.145 0.0000000000
65441  2.110  -39.573  90.857 0.0000000000
68115  1.732  -38.575  91.445 0.0000000000
66835  1.651  -39.166  91.060 0.0000000000
65442  1.864  -39.736  90.621 0.0000000000
65455  1.570  -40.252  90.117 0.0000000000
64187  1.230  -40.558  89.726 0.0000000000
65472  0.334  -40.414  89.326 0.0000000000
65473  -0.131  -40.218  88.937 0.0000000000
66872  -0.364  -39.447  88.578 0.0000000000
74033  0.099  -34.041  84.546 0.0000000000
72920  0.071  -34.805  82.887 0.0000000000
74040  0.453  -34.276  83.618 0.0000000000
75141  1.212  -33.903  83.448 0.0000000000
75149  1.384  -33.998  82.655 0.0000000000
75140  1.721  -33.535  83.155 0.0000000000
75148  1.725  -33.705  82.466 0.0000000000
75147  2.130  -33.421  82.228 0.0000000000
76357  2.533  -33.129  81.983 0.0000000000
75156  2.848  -33.166  81.329 0.0000000000
78807  2.656  -27.668  81.744 0.0000000000
78819  2.018  -27.264  81.245 0.0000000000
78818  2.679  -27.561  80.970 0.0000000000
78831  3.520  -28.178  79.761 0.0000000000
78843  2.307  -27.600  79.596 0.0000000000
78840  4.273  -29.128  78.263 0.0000000000
78850  4.392  -29.670  77.122 0.0000000000
77618  4.684  -30.079  76.363 0.0000000000
77642  5.028  -30.771  75.240 0.0000000000
77619  4.208  -29.945  75.965 0.0000000000
77630  3.878  -30.133  75.349 0.0000000000
77631  3.363  -30.093  74.995 0.0000000000
78875  3.282  -29.451  75.229 0.0000000000
78885  2.813  -29.793  74.546 0.0000000000
79967  2.472  -28.629  74.141 0.0000000000
88225  0.481  -22.620  74.450 0.0000000000
88242  0.621  -22.656  73.874 0.0000000000
88271  2.119  -21.712  73.495 0.0000000000
71819  1.116  -35.466  92.416 0.0000000000
72859  1.075  -34.516  92.715 0.0000000000
73967  1.206  -33.712  92.958 0.0000000000
73962  2.141  -33.545  93.881 0.0000000000
75053  1.888  -32.883  93.515 0.0000000000
75054  1.463  -32.944  93.087 0.0000000000
76222  2.132  -31.458  93.417 0.0000000000
78634  2.930  -29.826  93.204 0.0000000000
75045  4.705  -32.521  94.064 0.0000000000
77434  4.250  -31.172  93.491 0.0000000000
77441  4.488  -30.470  93.298 0.0000000000
77442  3.603  -30.584  93.329 0.0000000000
80806  3.505  -27.942  92.630 0.0000000000
81951  4.270  -27.263  91.326 0.0000000000
68179  14.111  -38.231  86.049 0.0000000000
69502  12.605  -37.248  87.777 0.0000000000
69512  12.467  -37.303  87.186 0.0000000000
69513  11.827  -37.171  86.895 0.0000000000
69514  10.587  -36.903  86.994 0.0000000000
69504  10.343  -36.522  87.830 0.0000000000
68145  5.506  -38.163  89.386 0.0000000000
68126  4.758  -38.430  90.594 0.0000000000
68113  4.520  -38.097  91.295 0.0000000000
70727  7.006  -36.091  91.187 0.0000000000
70728  6.352  -36.311  91.382 0.0000000000
69450  5.881  -36.673  91.563 0.0000000000
68106  4.899  -37.409  91.614 0.0000000000
68114  3.973  -38.358  91.592 0.0000000000
68108  3.506  -38.083  92.128 0.0000000000
69448  2.915  -36.669  93.173 0.0000000000
69455  2.243  -37.102  92.706 0.0000000000
80885  1.811  -27.724  86.388 0.0000000000
80899  1.823  -26.745  85.655 0.0000000000
80911  1.860  -26.678  84.236 0.0000000000
80923  1.685  -26.496  82.985 0.0000000000
86885  2.314  -24.085  85.534 0.0000000000
85592  1.990  -24.810  84.929 0.0000000000
85593  1.759  -25.192  84.574 0.0000000000
86920  2.166  -23.844  83.956 0.0000000000
85604  1.876  -24.498  84.100 0.0000000000
83179  1.249  -25.711  84.095 0.0000000000
82046  1.047  -26.085  82.971 0.0000000000
80930  1.407  -26.701  81.762 0.0000000000
82051  0.705  -26.601  81.436 0.0000000000
80937  -0.053  -26.892  80.906 0.0000000000
84403  0.512  -24.877  81.723 0.0000000000
82059  0.289  -26.327  80.900 0.0000000000
80945  0.330  -26.888  80.426 0.0000000000
82065  0.660  -26.277  79.852 0.0000000000
77460  10.550  -31.100  90.667 0.0000000000
77473  10.116  -30.731  90.419 0.0000000000
77485  10.558  -30.654  89.576 0.0000000000
77507  11.177  -30.238  88.095 0.0000000000
68168  15.295  -38.609  86.754 0.0000000000
68138  20.199  -37.958  88.036 0.0000000000
66868  18.184  -39.074  87.452 0.0000000000
66869  17.605  -39.137  87.254 0.0000000000
68166  17.267  -39.169  87.166 0.0000000000
68167  16.576  -39.126  87.030 0.0000000000
68156  14.792  -38.014  87.974 0.0000000000
70759  14.758  -36.685  89.066 0.0000000000
72886  16.430  -34.607  90.017 0.0000000000
72887  15.293  -34.553  90.114 0.0000000000
72889  13.118  -34.488  90.562 0.0000000000
72871  12.756  -33.993  90.775 0.0000000000
75070  12.297  -32.688  90.531 0.0000000000
75085  12.760  -32.119  90.058 0.0000000000
76241  11.108  -31.518  90.611 0.0000000000
68217  -1.079  -38.646  83.494 0.0000000000
69553  -1.214  -37.712  83.066 0.0000000000
71878  -0.756  -35.958  83.799 0.0000000000
70777  -0.420  -36.610  86.104 0.0000000000
71871  -0.333  -35.695  85.591 0.0000000000
76299  0.477  -32.131  86.628 0.0000000000
78741  1.593  -29.685  87.011 0.0000000000
72876  0.549  -34.635  91.344 0.0000000000
73987  0.518  -33.757  91.123 0.0000000000
76254  0.173  -31.650  89.860 0.0000000000
79745  1.627  -29.034  92.868 0.0000000000
79779  0.963  -29.612  91.695 0.0000000000
80824  0.682  -28.551  91.914 0.0000000000
78668  0.978  -30.275  91.391 0.0000000000
77465  0.538  -30.989  90.342 0.0000000000
77486  0.366  -30.709  88.940 0.0000000000
78710  0.794  -29.814  88.545 0.0000000000
79799  0.193  -29.004  89.265 0.0000000000
78709  0.990  -29.983  88.141 0.0000000000
79818  1.521  -29.082  87.594 0.0000000000
84341  2.098  -25.489  87.290 0.0000000000
86874  2.955  -23.921  86.899 0.0000000000
85545  1.172  -23.779  89.372 0.0000000000
86855  2.136  -24.041  88.856 0.0000000000
88057  2.955  -23.860  88.654 0.0000000000
86864  3.061  -24.205  87.733 0.0000000000
88073  3.309  -23.675  87.439 0.0000000000
78695  9.901  -30.449  89.949 0.0000000000
68199  13.523  -37.598  84.659 0.0000000000
68211  13.715  -37.059  84.118 0.0000000000
69538  12.585  -36.992  84.549 0.0000000000
64194  3.651  -40.584  88.857 0.0000000000
64207  3.695  -40.911  88.441 0.0000000000
72927  0.352  -35.457  81.566 0.0000000000
71892  0.341  -35.951  80.818 0.0000000000
72926  0.858  -35.037  81.419 0.0000000000
71891  0.771  -35.869  80.552 0.0000000000
71901  0.329  -36.246  80.334 0.0000000000
70804  0.582  -36.921  79.591 0.0000000000
68278  1.028  -38.429  79.293 0.0000000000
70830  2.169  -37.005  77.774 0.0000000000
69666  2.443  -37.719  75.234 0.0000000000
77550  2.794  -30.171  84.737 0.0000000000
78768  3.345  -29.571  84.190 0.0000000000
77549  3.292  -30.170  84.273 0.0000000000
76333  3.482  -30.972  83.683 0.0000000000
76344  3.233  -31.866  82.774 0.0000000000
75155  3.631  -32.776  81.227 0.0000000000
77596  5.215  -30.006  79.687 0.0000000000
77588  5.125  -30.018  80.703 0.0000000000
77581  4.962  -30.329  81.456 0.0000000000
76354  4.817  -31.251  81.599 0.0000000000
75161  4.539  -32.399  80.469 0.0000000000
75162  4.129  -32.784  80.223 0.0000000000
75174  3.731  -33.229  79.439 0.0000000000
74074  3.428  -33.927  78.481 0.0000000000
75206  3.498  -32.929  76.999 0.0000000000
72957  4.172  -36.177  76.174 0.0000000000
71938  3.204  -36.659  75.163 0.0000000000
69667  2.068  -37.484  74.524 0.0000000000
70863  1.978  -36.938  74.405 0.0000000000
70872  1.530  -36.797  73.787 0.0000000000
71960  1.838  -36.179  73.345 0.0000000000
76415  4.212  -31.458  74.161 0.0000000000
75232  3.483  -32.633  73.176 0.0000000000
75243  3.439  -33.093  72.753 0.0000000000
76442  2.778  -32.085  72.680 0.0000000000
75244  3.231  -32.815  72.485 0.0000000000
74123  3.224  -34.337  71.643 0.0000000000
88138  5.954  -21.981  83.165 0.0000000000
86915  5.392  -22.365  82.577 0.0000000000
86935  4.854  -22.775  81.966 0.0000000000
86955  3.640  -23.281  81.574 0.0000000000
85637  3.099  -23.801  81.255 0.0000000000
85665  3.253  -23.854  79.481 0.0000000000
85653  2.040  -24.670  79.436 0.0000000000
84421  1.795  -25.049  79.287 0.0000000000
83228  2.011  -25.729  78.597 0.0000000000
89306  2.259  -23.007  77.979 0.0000000000
88183  2.271  -22.975  77.641 0.0000000000
86985  2.050  -23.861  78.058 0.0000000000
84429  2.252  -25.010  78.338 0.0000000000
82096  2.481  -26.016  77.359 0.0000000000
80989  2.846  -26.339  76.757 0.0000000000
82119  2.649  -25.618  75.959 0.0000000000
80998  3.182  -26.434  75.722 0.0000000000
79953  3.316  -26.935  75.586 0.0000000000
79968  2.500  -27.768  74.510 0.0000000000
85735  1.896  -23.522  74.327 0.0000000000
81022  2.233  -27.726  73.905 0.0000000000
79976  2.426  -28.834  73.237 0.0000000000
65467  4.322  -39.387  89.021 0.0000000000
66852  19.273  -38.861  88.217 0.0000000000
66884  16.049  -39.111  86.545 0.0000000000
68158  13.242  -37.446  87.663 0.0000000000
68171  12.451  -37.322  86.920 0.0000000000
68350  1.907  -38.251  73.996 0.0000000000
68368  1.985  -38.976  73.950 0.0000000000
69676  1.980  -38.465  74.099 0.0000000000
69677  1.901  -38.496  73.878 0.0000000000
69678  1.650  -37.402  73.992 0.0000000000
69689  1.989  -38.673  74.018 0.0000000000
69690  1.894  -38.728  73.813 0.0000000000
70805  0.252  -36.532  79.998 0.0000000000
70855  2.528  -37.127  74.963 0.0000000000
71811  2.445  -35.330  93.935 0.0000000000
71920  2.064  -35.961  78.606 0.0000000000
71948  2.895  -36.077  74.569 0.0000000000
72858  1.525  -34.414  93.244 0.0000000000
72971  2.533  -35.922  74.191 0.0000000000
72982  3.472  -34.797  73.078 0.0000000000
72995  3.698  -33.701  72.808 0.0000000000
72996  3.798  -33.967  72.743 0.0000000000
73008  3.082  -34.667  71.639 0.0000000000
73970  10.630  -32.845  91.099 0.0000000000
73986  0.662  -33.979  91.743 0.0000000000
74060  1.817  -34.153  80.417 0.0000000000
74081  4.992  -32.958  76.186 0.0000000000
74082  4.707  -33.054  76.226 0.0000000000
74089  5.485  -32.669  75.674 0.0000000000
74090  5.269  -32.905  75.848 0.0000000000
74099  5.479  -32.666  75.410 0.0000000000
74112  3.910  -33.416  73.671 0.0000000000
74120  3.635  -33.376  72.981 0.0000000000
74121  3.572  -33.560  72.521 0.0000000000
75061  8.877  -32.788  91.888 0.0000000000
75154  4.409  -32.304  81.069 0.0000000000
75183  4.416  -32.682  78.010 0.0000000000
75185  3.423  -33.121  78.450 0.0000000000
75186  3.325  -33.693  79.087 0.0000000000
75187  2.823  -33.813  79.624 0.0000000000
75192  5.365  -32.332  77.191 0.0000000000
75194  3.906  -32.772  77.471 0.0000000000
75195  3.214  -32.814  77.703 0.0000000000
75196  2.983  -33.340  77.997 0.0000000000
75203  5.638  -32.262  76.453 0.0000000000
75205  4.253  -32.885  76.776 0.0000000000
75212  5.584  -32.325  75.725 0.0000000000
75260  3.022  -32.686  71.669 0.0000000000
76214  3.308  -31.982  93.919 0.0000000000
76215  2.506  -31.970  93.679 0.0000000000
76224  1.333  -32.490  92.821 0.0000000000
76324  3.172  -30.740  84.240 0.0000000000
76346  2.058  -33.280  82.819 0.0000000000
76353  5.161  -31.093  81.196 0.0000000000
76364  4.955  -31.969  80.553 0.0000000000
76372  5.463  -31.467  79.973 0.0000000000
76374  4.471  -32.652  79.418 0.0000000000
76375  4.074  -32.900  79.135 0.0000000000
76391  5.066  -32.457  77.835 0.0000000000
76413  5.483  -31.738  75.400 0.0000000000
76414  5.085  -31.455  74.816 0.0000000000
76429  3.043  -31.747  73.297 0.0000000000
77450  9.106  -30.920  91.820 0.0000000000
77452  7.968  -30.494  92.352 0.0000000000
77463  8.860  -30.647  91.630 0.0000000000
77496  10.937  -30.367  88.719 0.0000000000
77562  4.335  -30.055  82.717 0.0000000000
77563  4.028  -30.329  83.215 0.0000000000
77574  4.548  -30.380  82.181 0.0000000000
77580  5.272  -30.755  81.070 0.0000000000
77607  5.926  -31.080  77.532 0.0000000000
77609  4.950  -30.059  77.005 0.0000000000
77616  5.749  -30.915  76.838 0.0000000000
77627  5.584  -30.825  76.344 0.0000000000
77628  5.265  -30.635  75.907 0.0000000000
77629  4.600  -30.277  75.564 0.0000000000
77655  2.495  -30.633  73.818 0.0000000000
78665  9.169  -30.368  91.125 0.0000000000
78680  9.806  -30.537  90.321 0.0000000000
78782  4.303  -29.809  82.683 0.0000000000
78798  2.403  -27.308  82.260 0.0000000000
78808  2.148  -27.472  81.948 0.0000000000
78816  4.080  -28.601  80.495 0.0000000000
78849  4.954  -29.879  77.364 0.0000000000
78864  3.546  -27.963  76.370 0.0000000000
79765  0.724  -29.048  91.627 0.0000000000
79915  1.195  -27.251  79.690 0.0000000000
80936  0.559  -27.145  81.093 0.0000000000
80997  3.382  -26.892  75.860 0.0000000000
82037  1.603  -26.403  84.301 0.0000000000
82058  0.133  -26.801  81.180 0.0000000000
82118  2.460  -25.215  76.042 0.0000000000
83114  1.092  -24.833  91.128 0.0000000000
83161  1.864  -25.950  85.851 0.0000000000
83169  1.990  -25.723  85.245 0.0000000000
83242  2.508  -25.095  77.117 0.0000000000
83256  2.497  -25.068  76.791 0.0000000000
84393  0.445  -24.229  82.660 0.0000000000
84459  2.407  -24.354  76.877 0.0000000000
84489  2.226  -24.308  74.743 0.0000000000
85539  0.816  -23.876  90.138 0.0000000000
85605  1.578  -24.993  84.216 0.0000000000
85633  6.022  -23.004  80.278 0.0000000000
85650  3.521  -23.998  80.104 0.0000000000
85675  4.434  -22.402  78.513 0.0000000000
85684  2.401  -24.094  77.544 0.0000000000
86854  2.574  -23.704  89.041 0.0000000000
86859  2.762  -24.081  88.456 0.0000000000
86968  5.692  -22.373  79.428 0.0000000000
86984  3.038  -23.177  78.721 0.0000000000
87035  0.755  -22.844  74.804 0.0000000000
87036  1.038  -23.220  74.516 0.0000000000
88177  2.405  -23.498  78.121 0.0000000000
88191  2.273  -22.845  77.001 0.0000000000
89299  2.389  -23.131  78.162 0.0000000000
