#!ascii label  , from subject 3172 vox2ras=TkReg
1630
66443  -45.187  -18.724  66.439 0.0000000000
51434  -36.245  -30.090  69.883 0.0000000000
71538  -50.044  -14.011  50.976 0.0000000000
65390  -39.659  -20.073  56.007 0.0000000000
70117  -48.154  -16.236  60.752 0.0000000000
57547  -45.392  -25.571  67.684 0.0000000000
49258  -41.684  -32.329  59.408 0.0000000000
56469  -41.591  -26.933  55.444 0.0000000000
53815  -27.504  -28.204  70.254 0.0000000000
75605  -57.810  -11.949  54.163 0.0000000000
52862  -31.596  -28.712  58.634 0.0000000000
65306  -42.619  -19.805  61.441 0.0000000000
67729  -43.888  -17.400  59.092 0.0000000000
71304  -44.787  -14.083  64.097 0.0000000000
61332  -47.038  -22.737  67.398 0.0000000000
56406  -45.359  -26.810  62.034 0.0000000000
60141  -42.450  -23.563  62.409 0.0000000000
58960  -39.104  -24.579  56.494 0.0000000000
78626  -55.465  -9.711  50.021 0.0000000000
51429  -32.265  -29.791  70.362 0.0000000000
52713  -29.916  -29.373  64.484 0.0000000000
51540  -34.010  -30.130  64.657 0.0000000000
70182  -49.559  -15.885  56.639 0.0000000000
55131  -40.437  -26.899  67.919 0.0000000000
51545  -39.567  -30.242  64.801 0.0000000000
50297  -44.189  -31.470  64.062 0.0000000000
52898  -40.738  -29.810  57.672 0.0000000000
53812  -22.625  -28.122  70.282 0.0000000000
70082  -52.563  -15.052  62.489 0.0000000000
72713  -54.042  -14.162  57.923 0.0000000000
75509  -58.381  -12.118  58.477 0.0000000000
72823  -55.281  -13.336  52.258 0.0000000000
70277  -56.141  -15.703  49.362 0.0000000000
52708  -24.557  -29.256  64.334 0.0000000000
53993  -37.478  -28.000  59.388 0.0000000000
65265  -43.683  -19.229  64.249 0.0000000000
67699  -43.885  -17.124  63.476 0.0000000000
68860  -44.871  -16.527  65.735 0.0000000000
63954  -46.074  -20.563  67.598 0.0000000000
60107  -44.797  -23.710  65.023 0.0000000000
62663  -43.456  -20.975  64.948 0.0000000000
62697  -42.437  -21.787  62.462 0.0000000000
71563  -48.381  -14.806  47.712 0.0000000000
72908  -50.764  -13.819  48.051 0.0000000000
51431  -34.207  -30.398  70.262 0.0000000000
51471  -32.930  -30.198  67.369 0.0000000000
51489  -35.427  -30.318  66.778 0.0000000000
66572  -39.840  -18.274  54.011 0.0000000000
68944  -46.076  -16.404  59.569 0.0000000000
67769  -44.534  -17.368  57.330 0.0000000000
67771  -46.605  -17.310  57.768 0.0000000000
69020  -47.240  -16.213  55.583 0.0000000000
68967  -48.652  -16.756  58.953 0.0000000000
57545  -43.303  -25.516  67.553 0.0000000000
55156  -41.747  -27.741  64.609 0.0000000000
55159  -45.416  -27.834  65.258 0.0000000000
56433  -43.396  -27.107  59.073 0.0000000000
53997  -43.746  -28.298  59.800 0.0000000000
55225  -41.316  -27.675  56.806 0.0000000000
62788  -38.931  -21.877  56.378 0.0000000000
70122  -54.012  -15.848  60.786 0.0000000000
72743  -57.249  -13.518  56.361 0.0000000000
71480  -57.477  -14.432  53.409 0.0000000000
71540  -55.695  -14.757  50.730 0.0000000000
72848  -57.472  -14.480  51.901 0.0000000000
72900  -58.799  -13.885  49.017 0.0000000000
55075  -24.820  -27.087  70.483 0.0000000000
52653  -23.404  -28.749  67.726 0.0000000000
53869  -26.117  -28.448  67.562 0.0000000000
52791  -30.561  -29.456  61.383 0.0000000000
52788  -27.906  -29.064  61.457 0.0000000000
52860  -28.700  -28.884  58.342 0.0000000000
52773  -41.221  -30.281  62.036 0.0000000000
53941  -38.539  -28.412  62.265 0.0000000000
51634  -40.173  -30.128  59.343 0.0000000000
64109  -41.237  -20.571  58.545 0.0000000000
66531  -41.664  -18.840  57.247 0.0000000000
66496  -42.755  -18.463  60.055 0.0000000000
68912  -44.346  -16.195  61.573 0.0000000000
71335  -46.612  -14.410  62.110 0.0000000000
58764  -47.835  -24.580  67.402 0.0000000000
55172  -47.478  -27.478  64.823 0.0000000000
57626  -46.680  -25.184  64.363 0.0000000000
57672  -44.130  -25.516  62.241 0.0000000000
57701  -41.482  -25.668  58.810 0.0000000000
57731  -40.459  -25.971  56.035 0.0000000000
58922  -40.655  -24.098  59.484 0.0000000000
62743  -40.896  -21.829  59.453 0.0000000000
77163  -56.406  -10.713  52.569 0.0000000000
80961  -57.697  -7.337  52.331 0.0000000000
51426  -29.118  -29.267  70.543 0.0000000000
52658  -28.762  -29.242  67.331 0.0000000000
52660  -30.751  -29.494  67.716 0.0000000000
52715  -31.670  -29.531  64.136 0.0000000000
52793  -32.597  -29.218  61.327 0.0000000000
67782  -42.254  -17.680  56.071 0.0000000000
70216  -47.702  -15.596  52.919 0.0000000000
70219  -50.068  -15.017  54.086 0.0000000000
53834  -38.380  -28.331  69.355 0.0000000000
52677  -37.221  -29.157  66.515 0.0000000000
55153  -39.255  -27.847  65.516 0.0000000000
51547  -41.499  -30.993  64.912 0.0000000000
49228  -43.043  -32.379  61.557 0.0000000000
52775  -45.352  -28.940  62.768 0.0000000000
51624  -43.022  -30.766  60.394 0.0000000000
50406  -42.170  -31.963  57.716 0.0000000000
71280  -46.215  -14.730  68.612 0.0000000000
52599  -37.833  -28.820  71.744 0.0000000000
55086  -42.368  -26.965  70.262 0.0000000000
56297  -44.090  -25.644  70.436 0.0000000000
73944  -45.521  -12.496  67.404 0.0000000000
73974  -46.900  -12.123  65.224 0.0000000000
72611  -49.009  -13.812  63.545 0.0000000000
72576  -51.298  -13.446  65.337 0.0000000000
70100  -50.076  -15.645  61.451 0.0000000000
68950  -51.062  -16.118  60.176 0.0000000000
70184  -51.496  -15.316  57.037 0.0000000000
71478  -52.104  -14.447  54.447 0.0000000000
72688  -57.345  -13.678  58.850 0.0000000000
74184  -53.991  -12.379  54.891 0.0000000000
72844  -52.377  -12.821  52.030 0.0000000000
72896  -53.878  -13.647  49.613 0.0000000000
72876  -57.296  -14.141  50.439 0.0000000000
51454  -21.955  -29.874  68.663 0.0000000000
52756  -22.463  -29.787  62.424 0.0000000000
52710  -27.132  -28.960  64.272 0.0000000000
52786  -25.460  -28.847  61.499 0.0000000000
52719  -36.488  -29.645  64.443 0.0000000000
53938  -35.778  -28.673  62.334 0.0000000000
54008  -34.564  -28.235  58.350 0.0000000000
51673  -36.442  -30.668  57.623 0.0000000000
66452  -45.146  -18.574  65.393 0.0000000000
67678  -45.123  -17.560  65.038 0.0000000000
67669  -45.097  -17.596  66.299 0.0000000000
66435  -45.313  -19.078  67.076 0.0000000000
63992  -45.300  -20.532  66.013 0.0000000000
64012  -45.167  -20.087  65.338 0.0000000000
64010  -43.850  -20.006  64.761 0.0000000000
71516  -49.436  -14.452  51.491 0.0000000000
71549  -49.547  -14.121  49.349 0.0000000000
71564  -49.546  -14.083  48.007 0.0000000000
71550  -50.025  -13.817  50.100 0.0000000000
51432  -35.034  -30.372  70.165 0.0000000000
51461  -35.085  -30.461  68.560 0.0000000000
51462  -35.677  -30.133  68.747 0.0000000000
65397  -39.082  -19.904  54.618 0.0000000000
65399  -39.890  -19.302  55.121 0.0000000000
70129  -46.908  -16.200  59.872 0.0000000000
67732  -46.450  -16.986  59.241 0.0000000000
68945  -47.103  -16.696  59.301 0.0000000000
68966  -47.717  -16.863  58.664 0.0000000000
68946  -48.102  -16.798  59.522 0.0000000000
57546  -44.309  -25.636  67.700 0.0000000000
57599  -44.609  -25.944  65.869 0.0000000000
57601  -46.159  -26.431  66.061 0.0000000000
56445  -42.332  -27.021  56.918 0.0000000000
56446  -42.630  -27.230  57.422 0.0000000000
55243  -42.045  -27.532  56.045 0.0000000000
55259  -39.163  -27.983  55.539 0.0000000000
62805  -39.266  -21.348  56.083 0.0000000000
61533  -38.161  -22.286  54.737 0.0000000000
62818  -37.979  -21.197  54.073 0.0000000000
71451  -58.471  -14.226  54.921 0.0000000000
74204  -58.355  -13.437  54.155 0.0000000000
71498  -57.457  -14.464  52.731 0.0000000000
74203  -57.998  -13.075  53.615 0.0000000000
55077  -26.644  -27.653  70.045 0.0000000000
55115  -26.061  -27.702  68.737 0.0000000000
53851  -26.714  -28.189  68.522 0.0000000000
52816  -30.914  -29.088  60.335 0.0000000000
52838  -29.234  -28.918  59.303 0.0000000000
54025  -30.018  -28.844  57.650 0.0000000000
51693  -29.860  -30.215  56.481 0.0000000000
52889  -31.221  -29.364  56.956 0.0000000000
50345  -41.893  -31.674  60.477 0.0000000000
52821  -40.945  -30.010  60.454 0.0000000000
51654  -40.710  -31.194  58.981 0.0000000000
64091  -42.129  -19.967  59.908 0.0000000000
65332  -42.376  -19.271  59.394 0.0000000000
65307  -43.121  -19.018  61.340 0.0000000000
68884  -45.086  -16.627  63.606 0.0000000000
68896  -44.183  -16.380  62.758 0.0000000000
70076  -45.094  -15.696  62.841 0.0000000000
70096  -45.613  -15.525  61.839 0.0000000000
71334  -45.641  -14.495  62.675 0.0000000000
60074  -47.765  -23.896  66.939 0.0000000000
58805  -48.006  -24.748  65.936 0.0000000000
58784  -47.055  -23.912  66.238 0.0000000000
60124  -43.671  -23.333  63.772 0.0000000000
58844  -44.093  -24.333  63.370 0.0000000000
58869  -43.086  -24.377  62.327 0.0000000000
57690  -42.767  -25.671  60.552 0.0000000000
57689  -42.053  -25.073  60.329 0.0000000000
58939  -41.132  -24.866  59.163 0.0000000000
60157  -41.696  -23.552  61.348 0.0000000000
64041  -42.783  -20.782  62.440 0.0000000000
62728  -41.500  -21.785  60.782 0.0000000000
64071  -41.545  -21.091  60.506 0.0000000000
62760  -41.125  -21.250  59.310 0.0000000000
51427  -30.076  -29.429  70.616 0.0000000000
51456  -29.954  -29.411  69.276 0.0000000000
51443  -31.466  -29.735  69.282 0.0000000000
51487  -33.618  -30.346  66.480 0.0000000000
51486  -32.595  -30.094  66.276 0.0000000000
51539  -33.184  -29.778  64.455 0.0000000000
51588  -32.509  -29.570  62.975 0.0000000000
52738  -33.262  -29.657  63.121 0.0000000000
66514  -42.458  -18.142  58.143 0.0000000000
66550  -42.077  -18.016  56.607 0.0000000000
67745  -42.950  -17.713  57.601 0.0000000000
69000  -44.866  -16.811  55.859 0.0000000000
68999  -43.930  -16.786  55.628 0.0000000000
69017  -44.532  -16.476  54.986 0.0000000000
70181  -48.597  -16.091  56.285 0.0000000000
69035  -47.924  -15.991  54.896 0.0000000000
70195  -48.726  -15.870  55.217 0.0000000000
70217  -48.560  -15.412  53.273 0.0000000000
70209  -49.504  -15.350  54.566 0.0000000000
55119  -39.815  -27.402  68.478 0.0000000000
55129  -38.729  -27.400  67.354 0.0000000000
55144  -40.069  -26.776  67.066 0.0000000000
52698  -43.922  -29.760  65.190 0.0000000000
52696  -41.960  -29.735  65.336 0.0000000000
50295  -42.721  -31.756  64.991 0.0000000000
51571  -42.514  -31.495  63.428 0.0000000000
50310  -43.655  -32.148  63.514 0.0000000000
55186  -46.488  -27.285  63.245 0.0000000000
53929  -46.921  -28.359  63.899 0.0000000000
53962  -45.429  -28.209  62.175 0.0000000000
54015  -42.425  -28.622  58.779 0.0000000000
52823  -42.811  -29.376  60.399 0.0000000000
52847  -41.875  -30.037  59.397 0.0000000000
50359  -43.118  -31.680  59.363 0.0000000000
57730  -39.532  -25.554  55.683 0.0000000000
56296  -43.641  -26.162  69.985 0.0000000000
60001  -46.980  -22.794  69.617 0.0000000000
72533  -45.830  -13.658  68.452 0.0000000000
76870  -47.661  -10.717  67.139 0.0000000000
75371  -49.018  -11.659  65.756 0.0000000000
73994  -48.336  -12.650  64.369 0.0000000000
73995  -49.481  -12.308  65.153 0.0000000000
71310  -52.096  -14.174  64.282 0.0000000000
71322  -50.702  -14.873  63.261 0.0000000000
70066  -51.129  -15.648  62.945 0.0000000000
68932  -50.682  -16.248  60.693 0.0000000000
68916  -52.027  -15.732  61.518 0.0000000000
71407  -53.718  -15.086  59.259 0.0000000000
70151  -52.874  -15.334  59.194 0.0000000000
71436  -52.328  -14.814  57.102 0.0000000000
71462  -51.668  -14.954  55.028 0.0000000000
72762  -52.945  -13.690  56.585 0.0000000000
74093  -58.225  -13.206  58.869 0.0000000000
72789  -56.487  -13.790  54.657 0.0000000000
74165  -55.374  -13.020  55.362 0.0000000000
74201  -54.754  -12.468  53.988 0.0000000000
74199  -52.883  -12.993  53.312 0.0000000000
74232  -53.471  -12.700  51.741 0.0000000000
74255  -52.643  -12.789  50.567 0.0000000000
74257  -54.500  -12.786  51.210 0.0000000000
70264  -55.731  -15.340  50.097 0.0000000000
70263  -55.166  -15.037  49.577 0.0000000000
70292  -55.376  -15.731  48.278 0.0000000000
78605  -55.926  -9.518  51.372 0.0000000000
75637  -56.312  -11.664  51.904 0.0000000000
75668  -56.204  -11.630  49.903 0.0000000000
52683  -24.144  -28.992  65.398 0.0000000000
52666  -22.717  -29.388  66.214 0.0000000000
52707  -23.468  -29.437  64.765 0.0000000000
51559  -22.676  -29.740  64.306 0.0000000000
52730  -23.483  -29.441  63.814 0.0000000000
52688  -28.649  -29.015  65.492 0.0000000000
52687  -27.831  -28.769  65.522 0.0000000000
52733  -28.117  -29.223  63.653 0.0000000000
52787  -26.599  -28.859  61.494 0.0000000000
50373  -25.909  -31.738  57.735 0.0000000000
51515  -38.659  -29.918  65.220 0.0000000000
51514  -37.363  -30.027  65.917 0.0000000000
51544  -38.281  -30.042  64.800 0.0000000000
55205  -38.011  -28.009  60.623 0.0000000000
53956  -37.156  -28.185  61.807 0.0000000000
55203  -36.907  -27.711  60.564 0.0000000000
53970  -35.088  -27.763  60.610 0.0000000000
53991  -35.875  -27.966  59.031 0.0000000000
51671  -34.472  -30.327  57.617 0.0000000000
65280  -43.533  -19.362  63.376 0.0000000000
66472  -43.616  -18.335  63.038 0.0000000000
66474  -44.899  -17.970  63.879 0.0000000000
67688  -45.163  -17.488  64.053 0.0000000000
70056  -44.752  -15.459  65.136 0.0000000000
62616  -46.534  -21.709  67.619 0.0000000000
61370  -46.295  -22.714  66.083 0.0000000000
61369  -45.593  -22.414  65.970 0.0000000000
61368  -44.507  -22.462  65.560 0.0000000000
61402  -43.173  -22.382  63.583 0.0000000000
61420  -41.802  -22.540  62.149 0.0000000000
62681  -43.366  -21.389  63.887 0.0000000000
64031  -43.438  -20.275  63.932 0.0000000000
72922  -51.505  -14.082  47.809 0.0000000000
51430  -33.298  -30.153  70.326 0.0000000000
51444  -32.747  -29.898  69.330 0.0000000000
51445  -33.744  -30.300  69.358 0.0000000000
51472  -33.928  -30.445  67.495 0.0000000000
51512  -35.276  -30.529  65.842 0.0000000000
68942  -44.577  -17.145  59.355 0.0000000000
67746  -43.756  -17.236  57.957 0.0000000000
67747  -44.783  -17.392  58.268 0.0000000000
67770  -45.519  -17.443  57.579 0.0000000000
67786  -46.066  -16.940  56.951 0.0000000000
69019  -46.362  -16.324  55.372 0.0000000000
68987  -46.869  -16.733  57.013 0.0000000000
70180  -47.901  -16.045  56.696 0.0000000000
70167  -48.659  -16.015  57.300 0.0000000000
57509  -41.722  -25.766  67.991 0.0000000000
56347  -41.357  -26.093  66.358 0.0000000000
56348  -42.549  -26.000  66.067 0.0000000000
55158  -44.227  -27.641  64.940 0.0000000000
52699  -44.951  -29.717  65.003 0.0000000000
56425  -44.371  -27.145  60.142 0.0000000000
55206  -44.617  -27.737  60.504 0.0000000000
55216  -43.753  -27.780  59.228 0.0000000000
54036  -42.075  -28.124  57.986 0.0000000000
54034  -40.550  -28.481  57.376 0.0000000000
52918  -39.213  -29.654  56.301 0.0000000000
55240  -39.374  -28.243  56.100 0.0000000000
60233  -38.770  -23.474  56.460 0.0000000000
60248  -37.716  -23.488  55.089 0.0000000000
71326  -53.612  -14.123  63.377 0.0000000000
68901  -53.302  -15.630  61.831 0.0000000000
71358  -54.809  -15.144  62.060 0.0000000000
71372  -54.800  -15.181  61.167 0.0000000000
71408  -54.874  -14.395  59.043 0.0000000000
74120  -59.392  -12.858  57.590 0.0000000000
72690  -59.018  -13.417  57.697 0.0000000000
72744  -58.152  -14.039  56.080 0.0000000000
72790  -57.313  -14.386  54.696 0.0000000000
71479  -56.749  -14.395  53.135 0.0000000000
72847  -55.928  -14.065  51.918 0.0000000000
71496  -56.624  -14.697  52.298 0.0000000000
71519  -56.970  -15.718  52.067 0.0000000000
70266  -57.207  -15.897  51.062 0.0000000000
78675  -56.795  -9.646  48.696 0.0000000000
75692  -56.521  -11.355  49.422 0.0000000000
74301  -58.069  -12.362  48.642 0.0000000000
55074  -23.589  -27.305  70.437 0.0000000000
53829  -23.399  -27.878  69.031 0.0000000000
55113  -24.426  -27.568  68.771 0.0000000000
53868  -25.156  -28.502  67.251 0.0000000000
52669  -25.719  -28.616  66.177 0.0000000000
52763  -29.400  -29.410  62.527 0.0000000000
52762  -28.436  -29.269  62.602 0.0000000000
51604  -28.870  -29.349  61.162 0.0000000000
52837  -28.356  -28.937  59.304 0.0000000000
52885  -27.269  -29.416  57.374 0.0000000000
51689  -26.879  -30.692  56.605 0.0000000000
51691  -28.374  -30.392  56.642 0.0000000000
51569  -40.523  -30.183  64.143 0.0000000000
52744  -39.100  -29.259  63.635 0.0000000000
52796  -40.065  -29.004  61.821 0.0000000000
52820  -40.011  -29.127  60.645 0.0000000000
52844  -38.769  -28.908  59.206 0.0000000000
64124  -40.965  -20.217  57.372 0.0000000000
65377  -41.033  -19.372  56.607 0.0000000000
65356  -41.672  -19.534  57.770 0.0000000000
65345  -42.347  -19.009  58.423 0.0000000000
66505  -43.276  -17.870  59.764 0.0000000000
67698  -43.543  -17.390  62.578 0.0000000000
67716  -43.565  -17.648  60.816 0.0000000000
68925  -44.248  -16.819  59.831 0.0000000000
68926  -45.026  -16.219  60.398 0.0000000000
70115  -45.951  -15.628  60.780 0.0000000000
71354  -47.731  -14.870  61.466 0.0000000000
57548  -46.630  -25.234  67.718 0.0000000000
56351  -47.241  -26.468  66.251 0.0000000000
56353  -48.272  -25.739  66.457 0.0000000000
57627  -47.629  -25.787  64.170 0.0000000000
57674  -46.116  -26.229  62.863 0.0000000000
58824  -45.733  -24.436  64.373 0.0000000000
57647  -45.061  -25.409  63.259 0.0000000000
56405  -44.786  -26.433  61.919 0.0000000000
56424  -43.492  -26.374  60.215 0.0000000000
56432  -42.425  -26.357  59.358 0.0000000000
56444  -41.707  -26.481  57.348 0.0000000000
56468  -41.078  -26.493  55.577 0.0000000000
57705  -40.809  -25.924  57.745 0.0000000000
57699  -40.280  -25.221  58.248 0.0000000000
60205  -39.478  -24.030  57.788 0.0000000000
61438  -41.538  -22.576  61.249 0.0000000000
60192  -40.414  -23.354  59.030 0.0000000000
60220  -39.864  -23.007  57.576 0.0000000000
62773  -39.859  -21.905  57.574 0.0000000000
62790  -40.029  -21.303  57.499 0.0000000000
77145  -57.432  -10.892  53.948 0.0000000000
79794  -57.509  -8.797  53.278 0.0000000000
79810  -57.311  -8.262  52.511 0.0000000000
80976  -56.665  -7.863  51.060 0.0000000000
81007  -56.466  -7.832  49.700 0.0000000000
79868  -56.813  -7.888  48.559 0.0000000000
51425  -28.619  -29.097  70.463 0.0000000000
52629  -28.469  -28.924  69.096 0.0000000000
52630  -28.843  -29.430  69.359 0.0000000000
52659  -29.651  -29.306  67.582 0.0000000000
52674  -30.179  -29.410  66.585 0.0000000000
51470  -31.880  -29.731  67.256 0.0000000000
51485  -31.694  -29.755  66.029 0.0000000000
52714  -30.828  -29.612  64.294 0.0000000000
52736  -31.049  -29.610  63.304 0.0000000000
52792  -31.616  -29.383  61.341 0.0000000000
52817  -31.970  -29.206  60.257 0.0000000000
66563  -41.000  -18.523  55.825 0.0000000000
66568  -40.872  -18.060  55.083 0.0000000000
67783  -43.242  -17.443  56.030 0.0000000000
70233  -49.077  -15.220  52.824 0.0000000000
71475  -50.031  -14.704  52.949 0.0000000000
53833  -37.175  -28.953  69.586 0.0000000000
52650  -36.270  -29.524  68.758 0.0000000000
53872  -36.892  -28.656  67.932 0.0000000000
53888  -37.921  -28.508  66.391 0.0000000000
52693  -38.963  -29.407  65.441 0.0000000000
55155  -40.936  -28.131  64.947 0.0000000000
52695  -41.090  -29.798  65.256 0.0000000000
51546  -40.733  -30.460  64.771 0.0000000000
51570  -41.812  -30.951  63.906 0.0000000000
50333  -42.368  -31.461  61.718 0.0000000000
49240  -42.374  -32.177  60.314 0.0000000000
55161  -47.175  -27.730  65.240 0.0000000000
52701  -46.494  -29.172  64.850 0.0000000000
51573  -45.304  -30.116  64.124 0.0000000000
53960  -44.114  -28.762  61.476 0.0000000000
51608  -44.037  -29.975  61.831 0.0000000000
50324  -44.345  -31.534  62.792 0.0000000000
50347  -43.414  -31.662  60.772 0.0000000000
49261  -43.315  -32.204  59.370 0.0000000000
56495  -40.175  -26.113  53.449 0.0000000000
67662  -46.204  -17.824  67.727 0.0000000000
68836  -46.103  -16.578  67.942 0.0000000000
56265  -24.205  -26.822  70.849 0.0000000000
52574  -27.930  -28.703  71.982 0.0000000000
52596  -29.172  -28.768  71.739 0.0000000000
51408  -29.792  -29.331  71.717 0.0000000000
51387  -33.563  -30.309  72.112 0.0000000000
51413  -34.716  -30.427  71.045 0.0000000000
51390  -35.949  -30.056  71.355 0.0000000000
52597  -36.532  -29.615  71.026 0.0000000000
53817  -38.074  -28.668  70.501 0.0000000000
53818  -39.569  -27.855  70.163 0.0000000000
55083  -40.404  -27.298  69.911 0.0000000000
53820  -41.193  -27.275  70.402 0.0000000000
55104  -41.567  -26.742  69.701 0.0000000000
56318  -42.567  -26.210  69.098 0.0000000000
57484  -43.823  -25.713  69.277 0.0000000000
57513  -45.521  -25.273  68.649 0.0000000000
57514  -46.127  -24.746  68.581 0.0000000000
58744  -46.976  -24.410  68.337 0.0000000000
60022  -47.167  -22.950  68.795 0.0000000000
66426  -46.490  -18.697  68.324 0.0000000000
70042  -45.698  -15.424  67.122 0.0000000000
71287  -45.504  -14.369  66.749 0.0000000000
72571  -45.107  -13.654  65.731 0.0000000000
75315  -46.680  -10.999  67.972 0.0000000000
73957  -45.915  -12.320  66.369 0.0000000000
72590  -45.586  -13.435  64.257 0.0000000000
72609  -46.696  -13.231  63.700 0.0000000000
72624  -47.234  -13.705  62.721 0.0000000000
71337  -48.660  -14.658  61.961 0.0000000000
71307  -50.010  -13.513  64.272 0.0000000000
71338  -49.582  -14.783  62.786 0.0000000000
70099  -48.988  -15.517  61.249 0.0000000000
68930  -49.258  -16.825  60.390 0.0000000000
68968  -49.488  -16.417  59.017 0.0000000000
70149  -50.205  -16.109  58.698 0.0000000000
70131  -52.609  -15.718  60.109 0.0000000000
70150  -51.430  -15.913  59.169 0.0000000000
70183  -50.482  -15.622  56.914 0.0000000000
70211  -50.925  -15.136  55.429 0.0000000000
71461  -51.141  -14.710  54.353 0.0000000000
72804  -51.204  -13.779  53.047 0.0000000000
71388  -56.973  -14.390  59.651 0.0000000000
72714  -54.967  -13.757  58.146 0.0000000000
72716  -57.273  -13.429  57.501 0.0000000000
72741  -55.061  -13.560  56.923 0.0000000000
72740  -53.961  -13.626  57.220 0.0000000000
72787  -52.955  -13.590  55.280 0.0000000000
72820  -51.691  -13.429  52.619 0.0000000000
72843  -51.511  -13.155  51.813 0.0000000000
72870  -51.644  -13.035  50.758 0.0000000000
72909  -51.776  -13.714  48.401 0.0000000000
71567  -52.722  -14.598  48.191 0.0000000000
72897  -54.521  -13.988  49.963 0.0000000000
71568  -53.718  -14.395  48.471 0.0000000000
70289  -52.895  -15.465  47.793 0.0000000000
74217  -57.361  -13.137  52.632 0.0000000000
74235  -57.000  -13.441  51.511 0.0000000000
70278  -56.987  -15.522  49.566 0.0000000000
72899  -57.658  -13.496  49.232 0.0000000000
71553  -57.702  -14.852  49.092 0.0000000000
69089  -56.732  -15.993  48.428 0.0000000000
52644  -22.693  -29.148  68.553 0.0000000000
53886  -27.435  -28.520  66.895 0.0000000000
52685  -26.382  -28.714  65.569 0.0000000000
51504  -25.722  -28.985  64.510 0.0000000000
52761  -27.274  -29.110  62.678 0.0000000000
51586  -25.710  -29.348  63.030 0.0000000000
51560  -24.829  -29.402  63.146 0.0000000000
52784  -23.595  -29.396  61.825 0.0000000000
51490  -36.211  -29.793  66.882 0.0000000000
51513  -36.243  -30.311  65.992 0.0000000000
52718  -35.487  -29.662  64.331 0.0000000000
53925  -37.415  -28.902  63.291 0.0000000000
52741  -36.125  -29.303  63.412 0.0000000000
52740  -34.987  -29.387  63.442 0.0000000000
52795  -34.372  -28.420  61.710 0.0000000000
52819  -33.486  -28.490  60.072 0.0000000000
53988  -33.092  -28.552  58.823 0.0000000000
51652  -38.912  -30.124  58.452 0.0000000000
52896  -37.714  -29.947  57.772 0.0000000000
52864  -36.499  -29.153  57.838 0.0000000000
54031  -35.198  -28.754  57.768 0.0000000000
52892  -33.943  -29.469  57.571 0.0000000000
52891  -33.047  -29.370  57.400 0.0000000000
65256  -45.238  -19.527  65.674 0.0000000000
65267  -45.130  -19.381  64.989 0.0000000000
71537  -49.372  -14.295  50.561 0.0000000000
51433  -35.751  -30.319  70.050 0.0000000000
51447  -35.374  -30.312  69.382 0.0000000000
51448  -35.942  -30.174  69.438 0.0000000000
64159  -39.181  -20.310  54.871 0.0000000000
66565  -39.331  -19.598  54.715 0.0000000000
65398  -39.551  -19.834  55.116 0.0000000000
70116  -47.138  -15.830  60.552 0.0000000000
68928  -47.662  -16.475  60.095 0.0000000000
57576  -44.901  -25.733  66.774 0.0000000000
57577  -46.282  -25.996  66.661 0.0000000000
56454  -42.083  -27.011  55.840 0.0000000000
64153  -39.268  -20.781  55.377 0.0000000000
64152  -38.770  -21.230  55.019 0.0000000000
64158  -38.650  -20.659  54.535 0.0000000000
75606  -58.113  -11.951  54.933 0.0000000000
74188  -58.512  -13.142  54.871 0.0000000000
74187  -58.252  -12.743  54.313 0.0000000000
72810  -58.254  -13.865  53.781 0.0000000000
55078  -27.117  -27.850  70.214 0.0000000000
55097  -26.517  -27.712  69.215 0.0000000000
53830  -27.042  -28.004  69.545 0.0000000000
53986  -30.872  -28.861  58.818 0.0000000000
53985  -30.666  -28.750  58.636 0.0000000000
54004  -31.156  -28.688  58.321 0.0000000000
54026  -30.758  -28.827  57.508 0.0000000000
54027  -31.648  -28.684  57.451 0.0000000000
50358  -41.741  -32.151  59.758 0.0000000000
50344  -41.348  -31.251  59.918 0.0000000000
50357  -41.304  -31.790  59.427 0.0000000000
65319  -42.489  -19.301  60.554 0.0000000000
70065  -44.947  -15.586  63.964 0.0000000000
71319  -45.023  -14.579  63.472 0.0000000000
72607  -44.965  -14.059  63.591 0.0000000000
60056  -47.361  -23.381  67.352 0.0000000000
60073  -47.137  -23.477  66.735 0.0000000000
60142  -43.373  -23.882  62.886 0.0000000000
58889  -42.636  -24.489  61.714 0.0000000000
58888  -42.065  -24.248  61.347 0.0000000000
58907  -41.757  -24.287  60.814 0.0000000000
60158  -42.110  -23.853  61.741 0.0000000000
65292  -42.761  -20.185  61.946 0.0000000000
64056  -42.347  -20.630  61.600 0.0000000000
64072  -42.042  -20.363  60.715 0.0000000000
51428  -31.174  -29.530  70.483 0.0000000000
52632  -30.797  -29.596  69.210 0.0000000000
51510  -33.353  -29.993  65.455 0.0000000000
51566  -33.655  -29.935  64.021 0.0000000000
51565  -33.147  -29.848  63.577 0.0000000000
52716  -34.027  -29.928  64.068 0.0000000000
67728  -43.126  -17.664  58.397 0.0000000000
70196  -49.519  -15.552  55.581 0.0000000000
55130  -39.603  -27.110  67.597 0.0000000000
51521  -44.129  -30.639  65.196 0.0000000000
51520  -43.283  -30.579  65.482 0.0000000000
50283  -44.062  -31.283  64.817 0.0000000000
50296  -43.488  -31.779  64.507 0.0000000000
56407  -46.246  -26.833  62.863 0.0000000000
55185  -45.826  -27.653  62.708 0.0000000000
55198  -45.223  -27.659  61.609 0.0000000000
52868  -41.137  -29.422  58.222 0.0000000000
52870  -42.022  -29.454  59.173 0.0000000000
52869  -41.479  -29.724  58.884 0.0000000000
51636  -41.750  -30.500  59.172 0.0000000000
52899  -41.238  -30.268  58.153 0.0000000000
58975  -38.820  -24.927  55.692 0.0000000000
71325  -53.119  -14.315  63.657 0.0000000000
71299  -52.253  -14.032  64.817 0.0000000000
72613  -52.107  -14.026  63.330 0.0000000000
71323  -51.695  -14.258  63.247 0.0000000000
70067  -51.568  -15.410  62.909 0.0000000000
68885  -51.520  -15.774  62.577 0.0000000000
68886  -52.033  -15.758  62.538 0.0000000000
71424  -53.988  -14.585  58.456 0.0000000000
71423  -53.134  -14.847  58.338 0.0000000000
72739  -53.270  -14.172  57.566 0.0000000000
77054  -57.743  -11.022  58.647 0.0000000000
74215  -55.534  -13.020  53.484 0.0000000000
74202  -55.637  -13.063  54.259 0.0000000000
74214  -54.737  -12.761  52.954 0.0000000000
74233  -54.487  -12.809  52.052 0.0000000000
70276  -55.522  -15.468  49.217 0.0000000000
70293  -55.771  -15.774  48.865 0.0000000000
69088  -55.975  -16.085  48.504 0.0000000000
78604  -55.587  -9.793  50.669 0.0000000000
77184  -55.626  -10.430  50.983 0.0000000000
77207  -55.553  -10.368  50.358 0.0000000000
52712  -28.850  -29.305  64.580 0.0000000000
51650  -25.493  -30.754  57.592 0.0000000000
53994  -38.255  -28.128  59.800 0.0000000000
55204  -37.610  -27.939  60.802 0.0000000000
55213  -36.807  -27.638  59.840 0.0000000000
55212  -36.083  -27.637  59.598 0.0000000000
53992  -36.682  -28.003  59.125 0.0000000000
66461  -43.631  -18.537  63.827 0.0000000000
66462  -44.214  -18.447  64.265 0.0000000000
68871  -45.013  -16.594  64.531 0.0000000000
62615  -45.824  -21.131  67.306 0.0000000000
62632  -46.090  -22.154  66.944 0.0000000000
62631  -45.666  -21.580  66.684 0.0000000000
62646  -44.154  -21.182  65.559 0.0000000000
62647  -45.077  -21.496  65.836 0.0000000000
61367  -43.912  -21.892  65.397 0.0000000000
61387  -43.672  -22.285  64.737 0.0000000000
62645  -43.668  -21.575  65.282 0.0000000000
65266  -44.443  -19.254  64.642 0.0000000000
64042  -43.337  -20.193  63.015 0.0000000000
71548  -48.629  -14.583  48.862 0.0000000000
72892  -50.110  -13.809  48.526 0.0000000000
72921  -51.157  -14.184  47.588 0.0000000000
51473  -34.835  -30.545  67.623 0.0000000000
51460  -34.264  -30.481  68.465 0.0000000000
51488  -34.581  -30.519  66.640 0.0000000000
66571  -39.188  -18.884  54.291 0.0000000000
68943  -45.133  -16.877  59.525 0.0000000000
67730  -45.034  -17.400  59.031 0.0000000000
67731  -45.890  -17.257  59.191 0.0000000000
67749  -46.692  -17.236  58.754 0.0000000000
67748  -45.787  -17.583  58.480 0.0000000000
68988  -47.656  -16.512  57.504 0.0000000000
68989  -48.566  -16.522  58.156 0.0000000000
68990  -49.080  -16.524  58.525 0.0000000000
57544  -42.302  -25.586  67.478 0.0000000000
57573  -42.123  -25.773  66.778 0.0000000000
57574  -42.902  -25.762  66.790 0.0000000000
56367  -44.932  -26.756  65.410 0.0000000000
53903  -44.688  -28.813  65.129 0.0000000000
53904  -45.806  -28.850  65.276 0.0000000000
56434  -43.998  -27.457  59.552 0.0000000000
55226  -42.169  -27.494  57.320 0.0000000000
55220  -42.560  -27.829  58.034 0.0000000000
54035  -41.431  -28.111  57.650 0.0000000000
55224  -40.604  -27.904  56.627 0.0000000000
54054  -40.061  -28.320  56.799 0.0000000000
61505  -39.192  -22.579  56.738 0.0000000000
60232  -38.254  -23.485  55.704 0.0000000000
61504  -38.531  -22.553  56.109 0.0000000000
72616  -53.861  -13.570  62.967 0.0000000000
71343  -54.159  -14.456  62.526 0.0000000000
72642  -55.863  -13.602  61.530 0.0000000000
71359  -55.474  -14.541  61.663 0.0000000000
71373  -55.640  -14.677  60.840 0.0000000000
71386  -54.537  -14.981  60.191 0.0000000000
71387  -55.759  -14.340  60.003 0.0000000000
77105  -59.242  -11.114  56.264 0.0000000000
77089  -59.296  -11.003  56.734 0.0000000000
75563  -58.999  -11.871  56.542 0.0000000000
74148  -59.171  -12.661  56.926 0.0000000000
72719  -59.149  -13.124  56.985 0.0000000000
72745  -58.442  -13.401  56.157 0.0000000000
71465  -58.265  -14.353  54.555 0.0000000000
71450  -58.252  -14.419  55.172 0.0000000000
71464  -57.824  -14.506  54.383 0.0000000000
72809  -57.000  -14.362  54.011 0.0000000000
71520  -57.436  -15.505  51.874 0.0000000000
70249  -57.155  -15.971  51.679 0.0000000000
78676  -57.538  -9.628  48.498 0.0000000000
77258  -57.273  -10.675  48.917 0.0000000000
55094  -24.035  -27.456  69.547 0.0000000000
55095  -25.045  -27.347  69.516 0.0000000000
53850  -25.681  -28.052  68.095 0.0000000000
52654  -25.286  -28.827  66.727 0.0000000000
52655  -25.890  -28.760  66.931 0.0000000000
52764  -30.333  -29.569  62.409 0.0000000000
52790  -29.532  -29.509  61.473 0.0000000000
52814  -28.875  -29.264  60.076 0.0000000000
52859  -27.754  -29.093  58.318 0.0000000000
52886  -28.212  -29.205  57.419 0.0000000000
52915  -27.838  -29.792  56.823 0.0000000000
52916  -28.673  -29.658  56.764 0.0000000000
51667  -30.768  -30.253  56.751 0.0000000000
50395  -30.103  -31.146  56.921 0.0000000000
52746  -41.185  -30.130  63.141 0.0000000000
52772  -40.627  -29.501  62.483 0.0000000000
52846  -40.354  -29.831  59.856 0.0000000000
52845  -39.612  -29.547  59.500 0.0000000000
53995  -39.073  -28.654  60.094 0.0000000000
65344  -41.888  -19.678  58.673 0.0000000000
66504  -42.784  -18.175  59.079 0.0000000000
66497  -43.350  -18.068  60.441 0.0000000000
66481  -43.383  -18.388  61.969 0.0000000000
68895  -43.815  -16.842  61.985 0.0000000000
68911  -44.008  -16.919  60.879 0.0000000000
70114  -45.003  -15.639  61.309 0.0000000000
70077  -45.947  -15.137  62.182 0.0000000000
70097  -46.755  -15.223  61.442 0.0000000000
58763  -47.324  -24.748  67.720 0.0000000000
57579  -48.099  -25.617  66.865 0.0000000000
57550  -48.187  -25.094  67.120 0.0000000000
57602  -46.892  -24.902  65.125 0.0000000000
57603  -47.551  -25.523  65.290 0.0000000000
57649  -47.036  -26.048  63.540 0.0000000000
60088  -45.362  -23.152  65.556 0.0000000000
60108  -45.926  -23.624  65.029 0.0000000000
58871  -44.420  -25.241  63.068 0.0000000000
58845  -45.031  -24.768  63.749 0.0000000000
57673  -45.037  -25.936  62.576 0.0000000000
57687  -44.424  -26.112  61.864 0.0000000000
56419  -44.478  -26.494  61.106 0.0000000000
57686  -43.813  -25.848  61.448 0.0000000000
57695  -42.359  -25.736  59.969 0.0000000000
56423  -42.771  -26.057  60.028 0.0000000000
56431  -41.813  -26.033  59.073 0.0000000000
56438  -41.898  -26.251  58.445 0.0000000000
56443  -40.996  -26.443  57.163 0.0000000000
57706  -41.414  -25.920  58.145 0.0000000000
58938  -40.346  -24.441  58.766 0.0000000000
58937  -39.714  -24.581  58.124 0.0000000000
61419  -41.571  -23.019  61.709 0.0000000000
61439  -41.744  -22.093  61.659 0.0000000000
62744  -41.287  -21.639  59.987 0.0000000000
61458  -41.204  -22.480  60.411 0.0000000000
61472  -40.657  -22.461  59.256 0.0000000000
60206  -39.843  -23.462  58.173 0.0000000000
61481  -40.360  -22.516  58.500 0.0000000000
61490  -40.018  -22.518  57.847 0.0000000000
62759  -40.703  -21.618  58.793 0.0000000000
64108  -40.589  -21.133  58.354 0.0000000000
64123  -40.474  -20.860  57.839 0.0000000000
64140  -40.223  -20.640  56.943 0.0000000000
79832  -56.745  -8.269  51.813 0.0000000000
80977  -56.926  -7.502  51.502 0.0000000000
82057  -56.768  -7.125  50.552 0.0000000000
82074  -56.721  -7.143  49.991 0.0000000000
81008  -56.694  -7.484  49.094 0.0000000000
82075  -57.265  -6.503  49.405 0.0000000000
51440  -28.669  -29.383  69.930 0.0000000000
51441  -29.381  -29.517  69.661 0.0000000000
52648  -30.038  -29.365  68.639 0.0000000000
51458  -32.274  -29.963  68.307 0.0000000000
51509  -32.243  -29.649  65.094 0.0000000000
51508  -31.506  -29.731  65.377 0.0000000000
52690  -30.788  -29.609  65.484 0.0000000000
52691  -31.389  -29.726  64.884 0.0000000000
52766  -32.316  -29.453  62.386 0.0000000000
65392  -40.732  -19.060  55.917 0.0000000000
66549  -41.591  -18.477  56.639 0.0000000000
67781  -41.623  -17.990  56.192 0.0000000000
67793  -41.541  -17.795  55.504 0.0000000000
67768  -43.615  -17.548  57.007 0.0000000000
67784  -44.238  -17.171  56.453 0.0000000000
69016  -43.656  -16.668  54.733 0.0000000000
70207  -47.720  -15.575  53.941 0.0000000000
70218  -49.562  -15.171  53.449 0.0000000000
71494  -49.504  -14.763  52.390 0.0000000000
53854  -37.437  -28.403  68.585 0.0000000000
55142  -38.522  -27.868  66.326 0.0000000000
55141  -37.928  -27.984  66.722 0.0000000000
55152  -38.761  -28.224  65.698 0.0000000000
53898  -39.657  -28.859  65.342 0.0000000000
56365  -42.176  -26.660  65.235 0.0000000000
56364  -41.050  -26.968  65.270 0.0000000000
51518  -41.718  -30.590  65.329 0.0000000000
51517  -40.842  -30.358  65.163 0.0000000000
50322  -42.834  -31.982  62.548 0.0000000000
50321  -42.484  -31.477  62.265 0.0000000000
50334  -42.594  -32.065  61.231 0.0000000000
49241  -42.816  -32.319  60.517 0.0000000000
56370  -47.494  -26.577  65.511 0.0000000000
56369  -46.894  -26.976  65.537 0.0000000000
52749  -46.252  -28.753  63.782 0.0000000000
52723  -46.379  -28.973  64.248 0.0000000000
52748  -45.523  -29.307  63.477 0.0000000000
52722  -45.713  -29.489  64.500 0.0000000000
53998  -44.273  -28.208  60.294 0.0000000000
53977  -44.403  -28.266  60.989 0.0000000000
52824  -43.358  -29.797  60.952 0.0000000000
52799  -43.794  -29.508  61.475 0.0000000000
51593  -44.252  -30.336  62.465 0.0000000000
51607  -43.645  -30.697  61.503 0.0000000000
51592  -43.943  -31.445  62.205 0.0000000000
50383  -42.977  -31.830  58.814 0.0000000000
50384  -43.436  -32.045  59.145 0.0000000000
49281  -43.040  -32.332  58.901 0.0000000000
50407  -42.591  -32.293  58.303 0.0000000000
56479  -40.515  -26.751  54.689 0.0000000000
57748  -40.185  -26.257  55.082 0.0000000000
56264  -23.754  -26.846  70.880 0.0000000000
52575  -28.727  -28.616  72.366 0.0000000000
51411  -32.925  -30.195  71.298 0.0000000000
52598  -37.164  -29.287  71.451 0.0000000000
52616  -37.194  -29.238  70.667 0.0000000000
52617  -37.714  -29.001  71.160 0.0000000000
55066  -42.299  -26.874  70.699 0.0000000000
55065  -41.672  -27.116  71.134 0.0000000000
55085  -41.719  -27.144  70.360 0.0000000000
55084  -41.025  -27.048  70.104 0.0000000000
55105  -42.122  -27.106  69.966 0.0000000000
56294  -42.057  -26.440  69.426 0.0000000000
56295  -42.608  -26.684  69.775 0.0000000000
57512  -44.504  -25.568  68.625 0.0000000000
57485  -44.573  -25.241  69.674 0.0000000000
57486  -45.583  -24.885  69.287 0.0000000000
57487  -45.856  -24.469  68.961 0.0000000000
58725  -46.231  -24.063  68.741 0.0000000000
61296  -47.758  -22.235  69.090 0.0000000000
61316  -47.567  -22.511  68.463 0.0000000000
70032  -45.951  -15.633  67.799 0.0000000000
68835  -45.788  -16.025  67.411 0.0000000000
71279  -45.820  -14.652  67.980 0.0000000000
73932  -45.649  -12.927  68.166 0.0000000000
72548  -45.597  -13.582  67.554 0.0000000000
71286  -45.086  -13.827  66.261 0.0000000000
72558  -45.485  -13.337  66.531 0.0000000000
75369  -46.943  -11.283  65.794 0.0000000000
75355  -46.433  -11.187  66.597 0.0000000000
73958  -46.440  -11.842  65.884 0.0000000000
73973  -46.253  -12.484  65.654 0.0000000000
72591  -46.398  -12.912  64.734 0.0000000000
73993  -47.287  -12.661  64.470 0.0000000000
72592  -48.623  -13.382  64.052 0.0000000000
72610  -47.964  -13.388  63.678 0.0000000000
72625  -48.332  -13.845  62.651 0.0000000000
72626  -49.167  -14.181  62.727 0.0000000000
73979  -51.690  -12.705  65.582 0.0000000000
73996  -50.205  -12.597  65.408 0.0000000000
72575  -50.659  -13.329  65.213 0.0000000000
71339  -50.206  -15.175  62.651 0.0000000000
71321  -49.722  -14.353  63.790 0.0000000000
70079  -49.819  -15.289  62.082 0.0000000000
70078  -49.266  -15.078  62.018 0.0000000000
68913  -49.560  -16.206  60.870 0.0000000000
68949  -50.371  -16.406  60.079 0.0000000000
68969  -50.303  -16.334  59.449 0.0000000000
70148  -49.744  -16.190  58.577 0.0000000000
68936  -53.819  -16.158  61.058 0.0000000000
68934  -53.100  -16.177  61.104 0.0000000000
70121  -53.262  -15.941  60.777 0.0000000000
70171  -52.169  -15.246  58.220 0.0000000000
70170  -51.551  -15.520  57.960 0.0000000000
70169  -50.778  -15.747  57.952 0.0000000000
70197  -50.339  -15.365  55.907 0.0000000000
70198  -51.100  -15.165  56.081 0.0000000000
71477  -51.715  -14.489  54.045 0.0000000000
71476  -50.693  -14.441  53.525 0.0000000000
72805  -51.683  -13.812  53.377 0.0000000000
72667  -57.741  -14.154  59.535 0.0000000000
71389  -57.582  -14.323  59.823 0.0000000000
71410  -56.616  -13.879  59.187 0.0000000000
71409  -55.941  -13.898  59.340 0.0000000000
72687  -56.059  -13.629  58.753 0.0000000000
72717  -58.187  -13.390  57.115 0.0000000000
74164  -54.690  -12.696  55.412 0.0000000000
72764  -55.228  -13.085  56.022 0.0000000000
72763  -53.988  -13.131  55.942 0.0000000000
72788  -53.477  -12.931  55.197 0.0000000000
72822  -52.854  -12.872  52.746 0.0000000000
72821  -52.485  -13.250  52.915 0.0000000000
72871  -52.176  -12.894  51.276 0.0000000000
74283  -53.274  -13.050  50.015 0.0000000000
74282  -52.614  -12.748  49.887 0.0000000000
72895  -53.030  -13.174  49.380 0.0000000000
72910  -52.820  -13.606  48.680 0.0000000000
72874  -55.608  -14.245  51.269 0.0000000000
72873  -54.923  -13.659  50.593 0.0000000000
71539  -55.066  -14.605  50.086 0.0000000000
70275  -54.962  -15.082  48.906 0.0000000000
71569  -54.438  -14.604  48.747 0.0000000000
70290  -53.561  -15.398  48.099 0.0000000000
77164  -57.105  -10.780  53.171 0.0000000000
75621  -57.488  -11.969  53.329 0.0000000000
75638  -56.946  -11.825  52.616 0.0000000000
74259  -56.838  -13.240  50.667 0.0000000000
71541  -57.600  -15.316  50.711 0.0000000000
74286  -57.432  -12.431  48.856 0.0000000000
74285  -56.793  -12.330  49.369 0.0000000000
70294  -57.716  -15.708  48.278 0.0000000000
52645  -23.272  -28.615  68.317 0.0000000000
53847  -23.169  -28.407  68.693 0.0000000000
52681  -22.711  -29.604  65.712 0.0000000000
51531  -22.087  -30.170  64.822 0.0000000000
51583  -22.528  -29.697  63.296 0.0000000000
51558  -21.860  -30.210  63.810 0.0000000000
51582  -21.676  -30.289  62.626 0.0000000000
51602  -22.125  -30.207  61.596 0.0000000000
52646  -28.287  -29.061  67.967 0.0000000000
53852  -27.652  -28.622  68.295 0.0000000000
52657  -28.234  -28.756  67.033 0.0000000000
51537  -27.398  -28.785  65.040 0.0000000000
52686  -27.186  -28.778  65.716 0.0000000000
51506  -26.947  -28.788  65.175 0.0000000000
51505  -26.269  -28.870  64.859 0.0000000000
51535  -26.156  -29.076  64.253 0.0000000000
52760  -26.135  -29.148  62.398 0.0000000000
52759  -25.223  -29.148  62.379 0.0000000000
52758  -24.457  -29.295  62.627 0.0000000000
52785  -24.455  -28.982  61.646 0.0000000000
49302  -27.898  -31.799  56.725 0.0000000000
50392  -27.246  -31.928  57.201 0.0000000000
52662  -36.493  -29.251  67.619 0.0000000000
51475  -36.058  -29.849  68.167 0.0000000000
52676  -36.614  -29.410  66.813 0.0000000000
51543  -36.961  -29.915  65.206 0.0000000000
51542  -35.913  -30.109  65.155 0.0000000000
53927  -39.068  -28.626  62.909 0.0000000000
53926  -38.316  -28.727  63.181 0.0000000000
53955  -36.248  -28.146  61.729 0.0000000000
53939  -36.646  -28.725  62.642 0.0000000000
52770  -36.013  -29.050  62.729 0.0000000000
52769  -35.439  -29.073  62.754 0.0000000000
52768  -34.450  -28.835  62.471 0.0000000000
53954  -35.138  -28.246  61.744 0.0000000000
53990  -34.960  -27.828  59.375 0.0000000000
53969  -34.218  -28.225  60.302 0.0000000000
53989  -33.830  -28.366  59.283 0.0000000000
52842  -33.172  -28.588  59.561 0.0000000000
54007  -33.671  -28.424  58.248 0.0000000000
51675  -38.629  -30.696  57.837 0.0000000000
52895  -36.877  -29.881  57.688 0.0000000000
52894  -35.899  -29.611  57.730 0.0000000000
54032  -35.943  -28.786  57.894 0.0000000000
54029  -33.395  -28.808  57.720 0.0000000000
66463  -44.977  -18.373  64.597 0.0000000000
65237  -45.626  -19.710  67.354 0.0000000000
63973  -45.460  -20.557  67.001 0.0000000000
65248  -45.328  -19.690  66.563 0.0000000000
63991  -44.935  -20.687  65.516 0.0000000000
64011  -44.656  -20.165  65.089 0.0000000000
62664  -43.922  -20.505  65.248 0.0000000000
71515  -48.688  -14.713  51.266 0.0000000000
71536  -48.477  -14.574  50.088 0.0000000000
72893  -50.665  -13.589  49.176 0.0000000000
51446  -34.625  -30.406  69.363 0.0000000000
51474  -35.546  -30.225  67.800 0.0000000000
66567  -40.191  -18.732  54.961 0.0000000000
68965  -47.188  -17.028  58.893 0.0000000000
67772  -47.195  -17.110  58.275 0.0000000000
58761  -44.010  -25.079  67.179 0.0000000000
57575  -43.887  -25.470  66.507 0.0000000000
58783  -44.340  -25.381  66.780 0.0000000000
57600  -45.534  -26.212  65.970 0.0000000000
56368  -46.054  -26.914  65.567 0.0000000000
56439  -42.615  -26.665  58.067 0.0000000000
56440  -42.888  -27.185  57.885 0.0000000000
55242  -40.978  -27.742  55.974 0.0000000000
55241  -39.953  -27.844  56.214 0.0000000000
55260  -40.379  -27.473  55.300 0.0000000000
62804  -38.669  -21.674  55.594 0.0000000000
62813  -38.317  -21.760  54.674 0.0000000000
75562  -58.713  -12.170  56.134 0.0000000000
74167  -58.495  -12.869  55.772 0.0000000000
72791  -58.551  -13.975  54.777 0.0000000000
71466  -58.390  -14.230  54.598 0.0000000000
71481  -58.095  -14.302  53.846 0.0000000000
72825  -57.964  -14.013  53.058 0.0000000000
55076  -25.779  -27.303  70.259 0.0000000000
55096  -25.908  -27.470  69.391 0.0000000000
52815  -29.697  -29.393  60.367 0.0000000000
52839  -30.329  -28.772  59.189 0.0000000000
52861  -29.612  -28.660  58.349 0.0000000000
52887  -29.241  -29.120  57.390 0.0000000000
52888  -30.182  -29.433  56.964 0.0000000000
51622  -41.475  -30.846  60.807 0.0000000000
52798  -41.296  -30.304  61.128 0.0000000000
52822  -41.285  -30.463  60.661 0.0000000000
51635  -40.858  -30.630  59.521 0.0000000000
65331  -41.788  -19.995  59.265 0.0000000000
65320  -43.065  -18.630  60.729 0.0000000000
67708  -44.594  -16.979  63.445 0.0000000000
67707  -44.348  -16.707  63.324 0.0000000000
68897  -44.757  -16.590  63.307 0.0000000000
70075  -44.729  -16.036  62.601 0.0000000000
70095  -44.772  -15.848  62.180 0.0000000000
60057  -47.592  -23.755  67.573 0.0000000000
58786  -48.117  -24.556  66.583 0.0000000000
58785  -47.501  -24.219  66.396 0.0000000000
58804  -47.048  -24.381  65.706 0.0000000000
60106  -44.141  -23.289  64.567 0.0000000000
60125  -44.473  -23.920  64.100 0.0000000000
58870  -43.719  -24.767  62.652 0.0000000000
58890  -43.444  -25.026  61.891 0.0000000000
57685  -43.060  -25.337  61.256 0.0000000000
58908  -42.387  -24.859  61.002 0.0000000000
57694  -41.780  -25.457  59.542 0.0000000000
58923  -41.284  -24.385  60.042 0.0000000000
60176  -41.335  -23.423  60.652 0.0000000000
62713  -42.126  -21.547  61.820 0.0000000000
62712  -41.694  -21.813  61.361 0.0000000000
64055  -41.684  -21.127  61.227 0.0000000000
64090  -41.617  -20.708  59.733 0.0000000000
51442  -30.461  -29.408  69.672 0.0000000000
52649  -30.815  -29.633  68.724 0.0000000000
51538  -32.502  -29.663  63.948 0.0000000000
52737  -32.019  -29.506  63.205 0.0000000000
51564  -32.651  -29.661  63.319 0.0000000000
51589  -32.868  -29.675  62.968 0.0000000000
52767  -33.248  -29.302  62.463 0.0000000000
65357  -42.048  -18.733  57.789 0.0000000000
66532  -42.200  -18.226  57.274 0.0000000000
67767  -42.727  -17.769  56.772 0.0000000000
67785  -45.188  -17.180  56.698 0.0000000000
69021  -48.042  -16.317  55.760 0.0000000000
70208  -48.653  -15.504  54.242 0.0000000000
53856  -39.179  -27.532  68.518 0.0000000000
53855  -38.421  -27.704  68.299 0.0000000000
55118  -39.163  -27.404  68.085 0.0000000000
55143  -39.360  -27.076  66.479 0.0000000000
56345  -39.723  -27.176  65.676 0.0000000000
53902  -43.511  -28.744  64.903 0.0000000000
53901  -42.233  -28.708  64.889 0.0000000000
52697  -42.903  -29.689  65.345 0.0000000000
51519  -42.458  -30.492  65.494 0.0000000000
50294  -42.111  -31.284  65.216 0.0000000000
50308  -42.148  -31.445  64.659 0.0000000000
50309  -42.745  -31.731  63.980 0.0000000000
49221  -43.299  -32.383  62.074 0.0000000000
55181  -47.530  -27.397  64.194 0.0000000000
53917  -47.440  -28.093  64.430 0.0000000000
55179  -46.483  -27.813  63.412 0.0000000000
53928  -46.074  -28.371  63.391 0.0000000000
53944  -45.594  -28.519  62.790 0.0000000000
53996  -42.895  -28.644  59.698 0.0000000000
53975  -43.192  -28.618  60.240 0.0000000000
52848  -42.343  -29.563  59.617 0.0000000000
51623  -42.578  -30.186  60.016 0.0000000000
51638  -42.966  -31.388  59.800 0.0000000000
51637  -42.411  -30.931  59.466 0.0000000000
51656  -42.453  -31.513  58.793 0.0000000000
57713  -39.719  -25.495  56.719 0.0000000000
53801  -38.217  -28.646  71.346 0.0000000000
53787  -38.473  -28.516  71.784 0.0000000000
56271  -42.973  -26.700  70.489 0.0000000000
60021  -46.416  -23.227  69.264 0.0000000000
72535  -46.599  -13.879  69.376 0.0000000000
71266  -46.126  -14.268  68.664 0.0000000000
72534  -46.392  -13.734  68.940 0.0000000000
73933  -46.137  -12.758  68.868 0.0000000000
75313  -45.661  -12.206  68.239 0.0000000000
75356  -47.429  -10.979  66.449 0.0000000000
75370  -47.871  -11.245  65.478 0.0000000000
73975  -47.755  -11.995  64.802 0.0000000000
75388  -48.416  -11.731  64.920 0.0000000000
75389  -48.828  -12.058  65.026 0.0000000000
72593  -49.363  -13.182  64.184 0.0000000000
72578  -52.543  -13.607  64.756 0.0000000000
72577  -52.032  -13.559  65.279 0.0000000000
71298  -51.648  -14.119  64.972 0.0000000000
71297  -50.910  -13.999  64.913 0.0000000000
71309  -51.325  -13.779  63.958 0.0000000000
70080  -50.732  -15.540  62.340 0.0000000000
70101  -50.758  -15.862  61.636 0.0000000000
68898  -51.389  -15.846  61.977 0.0000000000
68915  -51.110  -16.132  61.358 0.0000000000
68933  -51.477  -16.049  60.922 0.0000000000
71385  -53.884  -15.218  59.950 0.0000000000
70132  -53.436  -15.458  60.015 0.0000000000
71406  -53.257  -15.142  58.904 0.0000000000
71447  -51.793  -14.949  56.274 0.0000000000
71448  -52.395  -14.480  55.798 0.0000000000
71463  -52.380  -14.329  54.860 0.0000000000
74081  -57.808  -13.285  59.657 0.0000000000
74092  -58.080  -13.841  59.294 0.0000000000
72765  -56.125  -13.461  55.596 0.0000000000
74186  -55.664  -13.237  54.990 0.0000000000
74185  -55.060  -12.507  54.844 0.0000000000
74200  -53.530  -12.637  53.791 0.0000000000
74213  -53.440  -12.792  52.749 0.0000000000
74231  -52.868  -12.814  51.234 0.0000000000
74256  -53.753  -12.862  50.603 0.0000000000
74284  -53.714  -13.330  50.123 0.0000000000
70247  -56.269  -15.447  50.878 0.0000000000
70316  -54.888  -15.911  47.851 0.0000000000
78588  -56.367  -9.837  52.109 0.0000000000
77185  -55.907  -10.604  51.746 0.0000000000
75653  -55.918  -11.464  50.855 0.0000000000
74258  -56.502  -12.547  50.200 0.0000000000
71555  -59.015  -14.307  48.863 0.0000000000
71571  -58.696  -15.025  48.531 0.0000000000
51439  -22.035  -29.662  69.342 0.0000000000
52667  -23.631  -28.783  66.517 0.0000000000
52682  -23.171  -29.399  65.585 0.0000000000
51532  -22.767  -29.797  65.132 0.0000000000
52757  -23.375  -29.480  62.750 0.0000000000
52672  -28.472  -28.841  66.329 0.0000000000
52711  -27.768  -29.013  64.635 0.0000000000
52812  -26.994  -28.787  60.388 0.0000000000
52811  -25.766  -28.975  60.384 0.0000000000
52810  -24.631  -29.131  60.553 0.0000000000
51648  -23.935  -30.758  58.389 0.0000000000
51649  -24.728  -30.585  58.055 0.0000000000
50372  -25.090  -31.691  57.893 0.0000000000
52692  -38.014  -29.609  65.703 0.0000000000
51491  -36.822  -29.647  66.481 0.0000000000
52720  -37.377  -29.721  64.467 0.0000000000
53958  -38.867  -28.284  61.453 0.0000000000
53957  -37.972  -28.166  61.440 0.0000000000
55195  -36.966  -27.906  61.209 0.0000000000
55194  -36.391  -27.769  61.023 0.0000000000
53971  -35.754  -27.803  61.144 0.0000000000
55202  -36.070  -27.590  60.393 0.0000000000
55201  -35.526  -27.616  59.890 0.0000000000
50401  -35.992  -31.608  58.076 0.0000000000
51672  -35.440  -30.498  57.664 0.0000000000
65293  -43.213  -19.532  62.300 0.0000000000
66473  -44.191  -17.899  63.736 0.0000000000
67700  -44.858  -17.338  63.507 0.0000000000
61351  -46.452  -22.736  66.805 0.0000000000
61350  -45.990  -22.356  66.507 0.0000000000
61388  -44.226  -22.983  65.025 0.0000000000
60123  -42.941  -23.174  63.173 0.0000000000
60140  -41.766  -23.354  61.949 0.0000000000
61401  -42.549  -22.511  62.852 0.0000000000
62680  -42.839  -21.596  63.113 0.0000000000
64030  -43.107  -20.828  63.284 0.0000000000
51459  -33.307  -30.264  68.387 0.0000000000
51511  -34.313  -30.417  65.650 0.0000000000
51541  -34.951  -30.311  64.920 0.0000000000
69001  -45.769  -16.764  56.059 0.0000000000
69018  -45.448  -16.386  55.189 0.0000000000
69002  -46.613  -16.526  56.269 0.0000000000
69003  -47.464  -16.355  56.450 0.0000000000
70166  -48.088  -15.777  56.987 0.0000000000
56337  -41.254  -26.420  67.710 0.0000000000
56336  -40.684  -26.532  67.071 0.0000000000
57543  -41.685  -25.842  67.267 0.0000000000
56366  -43.572  -26.372  65.461 0.0000000000
55157  -42.931  -27.570  64.704 0.0000000000
51548  -44.767  -30.536  64.559 0.0000000000
56420  -44.966  -27.121  60.970 0.0000000000
55207  -44.841  -27.520  60.960 0.0000000000
56426  -44.721  -27.351  60.616 0.0000000000
55217  -44.307  -27.791  59.799 0.0000000000
54016  -43.350  -28.282  59.071 0.0000000000
55227  -42.725  -27.441  57.790 0.0000000000
55221  -43.128  -27.741  58.467 0.0000000000
54014  -41.532  -28.687  58.322 0.0000000000
54013  -40.998  -28.814  57.928 0.0000000000
52897  -40.227  -29.457  57.264 0.0000000000
54033  -39.863  -28.929  57.114 0.0000000000
54053  -39.402  -28.755  56.572 0.0000000000
54052  -38.861  -29.181  56.202 0.0000000000
58959  -38.576  -24.234  55.935 0.0000000000
58973  -37.669  -24.017  54.561 0.0000000000
58993  -37.685  -23.800  54.056 0.0000000000
61521  -38.147  -22.566  55.162 0.0000000000
60266  -37.526  -23.173  53.885 0.0000000000
71312  -53.458  -14.211  64.013 0.0000000000
71342  -53.220  -14.319  62.702 0.0000000000
68900  -52.765  -15.751  62.105 0.0000000000
70083  -53.381  -15.132  62.160 0.0000000000
70104  -53.646  -15.473  61.697 0.0000000000
70105  -54.101  -15.506  61.386 0.0000000000
71344  -55.084  -14.429  62.305 0.0000000000
70133  -53.964  -15.410  60.257 0.0000000000
74119  -59.296  -12.749  57.920 0.0000000000
74094  -59.176  -13.089  58.231 0.0000000000
74095  -59.360  -13.241  57.791 0.0000000000
72718  -58.716  -13.288  56.932 0.0000000000
71438  -58.490  -14.078  55.407 0.0000000000
72767  -57.929  -14.431  55.408 0.0000000000
72766  -57.335  -14.141  55.407 0.0000000000
72808  -56.263  -13.696  53.703 0.0000000000
72824  -55.852  -13.789  52.832 0.0000000000
71518  -56.368  -15.065  51.509 0.0000000000
71497  -57.195  -14.897  52.513 0.0000000000
70248  -56.802  -15.907  51.392 0.0000000000
70265  -56.560  -15.639  50.470 0.0000000000
79866  -56.099  -9.255  49.307 0.0000000000
77230  -55.732  -10.407  49.778 0.0000000000
77231  -56.395  -10.501  49.335 0.0000000000
75717  -57.575  -11.718  48.769 0.0000000000
72913  -58.465  -13.158  48.671 0.0000000000
53813  -23.219  -27.767  69.709 0.0000000000
55112  -23.841  -27.632  68.860 0.0000000000
53848  -23.733  -28.031  68.271 0.0000000000
55114  -25.299  -27.630  68.725 0.0000000000
53849  -24.712  -27.858  67.970 0.0000000000
53867  -24.166  -28.401  67.402 0.0000000000
53884  -24.519  -28.698  66.844 0.0000000000
52668  -24.781  -28.755  66.242 0.0000000000
52684  -25.338  -28.668  65.126 0.0000000000
52735  -30.126  -29.525  63.430 0.0000000000
52734  -29.147  -29.353  63.553 0.0000000000
52789  -28.783  -29.280  61.743 0.0000000000
51618  -28.456  -29.172  61.011 0.0000000000
51620  -29.126  -29.407  60.499 0.0000000000
51619  -28.790  -29.271  60.675 0.0000000000
52813  -28.177  -28.819  60.363 0.0000000000
52836  -27.360  -28.735  59.285 0.0000000000
52914  -27.026  -29.982  56.716 0.0000000000
51690  -27.617  -30.582  56.624 0.0000000000
51692  -29.090  -30.235  56.456 0.0000000000
50394  -29.225  -31.302  56.921 0.0000000000
51568  -39.382  -29.961  64.228 0.0000000000
52745  -40.144  -29.639  63.472 0.0000000000
52771  -39.823  -28.943  62.838 0.0000000000
53942  -39.349  -28.569  62.144 0.0000000000
52797  -40.833  -29.564  61.407 0.0000000000
53959  -39.519  -28.634  61.373 0.0000000000
53974  -39.224  -28.465  60.834 0.0000000000
54012  -38.102  -28.445  58.966 0.0000000000
65375  -39.940  -20.346  56.447 0.0000000000
65376  -40.276  -19.951  56.451 0.0000000000
64141  -40.663  -20.056  56.831 0.0000000000
66490  -43.418  -18.275  61.123 0.0000000000
67706  -43.521  -17.588  61.526 0.0000000000
67722  -43.646  -17.353  60.100 0.0000000000
68927  -45.808  -15.824  60.065 0.0000000000
70128  -46.399  -15.835  60.070 0.0000000000
70098  -47.851  -15.515  61.099 0.0000000000
57578  -47.418  -25.841  66.916 0.0000000000
56352  -48.031  -26.176  66.393 0.0000000000
57604  -48.378  -25.234  65.890 0.0000000000
56371  -48.331  -25.869  65.975 0.0000000000
56385  -47.613  -26.521  64.473 0.0000000000
56395  -47.442  -26.735  63.804 0.0000000000
57675  -46.576  -26.451  63.187 0.0000000000
60090  -46.796  -23.334  65.974 0.0000000000
60109  -46.506  -23.731  65.440 0.0000000000
58825  -46.503  -24.325  64.948 0.0000000000
58823  -45.020  -24.193  64.295 0.0000000000
58846  -45.652  -24.953  63.941 0.0000000000
57625  -45.975  -25.052  64.077 0.0000000000
57648  -45.863  -25.456  63.517 0.0000000000
57691  -43.361  -25.963  60.904 0.0000000000
56453  -41.943  -26.542  56.096 0.0000000000
56452  -41.176  -26.388  56.479 0.0000000000
57714  -40.425  -26.154  56.988 0.0000000000
57700  -40.908  -25.377  58.525 0.0000000000
57704  -39.936  -25.457  57.616 0.0000000000
58949  -39.439  -24.636  57.371 0.0000000000
60193  -40.804  -23.221  59.892 0.0000000000
60219  -39.430  -23.506  57.241 0.0000000000
61489  -39.671  -22.519  57.327 0.0000000000
62774  -40.293  -21.692  58.056 0.0000000000
62789  -39.543  -21.579  56.912 0.0000000000
78574  -57.517  -9.690  53.669 0.0000000000
78589  -56.925  -9.537  52.790 0.0000000000
78606  -56.784  -9.020  51.852 0.0000000000
79830  -55.699  -9.061  50.486 0.0000000000
82042  -57.946  -6.515  51.847 0.0000000000
80989  -56.795  -7.191  50.869 0.0000000000
80988  -56.631  -7.692  50.597 0.0000000000
79850  -56.034  -8.322  50.031 0.0000000000
79867  -56.400  -8.622  48.946 0.0000000000
79883  -56.936  -9.078  48.405 0.0000000000
79884  -57.513  -8.453  48.379 0.0000000000
78677  -58.552  -9.424  48.628 0.0000000000
52614  -28.250  -28.827  70.034 0.0000000000
53831  -27.616  -28.487  69.303 0.0000000000
52647  -29.068  -29.376  68.614 0.0000000000
51455  -29.546  -29.457  69.086 0.0000000000
52673  -29.198  -29.234  66.469 0.0000000000
52689  -29.598  -29.318  65.524 0.0000000000
51457  -31.424  -29.720  68.189 0.0000000000
51469  -31.359  -29.633  67.666 0.0000000000
52675  -31.134  -29.506  66.733 0.0000000000
52765  -31.318  -29.536  62.343 0.0000000000
52840  -31.373  -28.957  59.178 0.0000000000
52863  -31.837  -28.728  58.820 0.0000000000
49279  -41.512  -32.503  58.591 0.0000000000
65391  -40.227  -19.384  55.725 0.0000000000
66562  -40.568  -18.935  55.580 0.0000000000
67797  -40.481  -17.980  54.494 0.0000000000
67794  -42.365  -17.337  55.168 0.0000000000
69034  -47.031  -16.042  54.614 0.0000000000
70232  -48.483  -15.027  52.306 0.0000000000
71493  -49.010  -14.692  51.890 0.0000000000
71517  -50.028  -14.313  51.754 0.0000000000
52633  -36.519  -29.678  69.558 0.0000000000
53832  -36.516  -29.288  69.231 0.0000000000
52663  -36.880  -28.739  67.309 0.0000000000
53874  -38.152  -27.671  67.534 0.0000000000
53873  -37.530  -28.161  67.363 0.0000000000
52678  -38.073  -29.108  65.886 0.0000000000
51516  -39.820  -30.170  65.213 0.0000000000
56346  -40.266  -26.631  66.115 0.0000000000
56363  -40.277  -27.394  65.339 0.0000000000
55154  -40.066  -28.162  65.239 0.0000000000
53900  -41.372  -28.966  65.057 0.0000000000
53899  -40.525  -29.006  65.134 0.0000000000
52694  -40.148  -29.722  65.354 0.0000000000
51591  -42.404  -31.311  63.130 0.0000000000
51590  -42.094  -30.981  62.531 0.0000000000
51606  -41.698  -30.932  61.449 0.0000000000
49259  -42.191  -32.377  59.675 0.0000000000
56350  -46.596  -26.585  66.035 0.0000000000
55160  -46.435  -27.887  65.336 0.0000000000
53906  -47.342  -28.258  64.961 0.0000000000
53905  -46.770  -28.733  65.190 0.0000000000
52700  -45.961  -29.429  65.077 0.0000000000
51549  -45.289  -30.028  64.516 0.0000000000
53961  -44.819  -28.482  61.772 0.0000000000
53943  -45.224  -28.649  62.400 0.0000000000
53976  -43.598  -28.694  60.814 0.0000000000
52800  -44.245  -29.325  61.993 0.0000000000
52774  -44.841  -29.218  62.592 0.0000000000
52747  -44.751  -29.844  63.045 0.0000000000
51572  -44.623  -30.644  63.506 0.0000000000
50311  -44.382  -31.908  63.269 0.0000000000
50323  -43.851  -32.240  62.459 0.0000000000
49229  -43.284  -32.174  61.088 0.0000000000
50360  -43.344  -31.802  59.815 0.0000000000
49242  -43.287  -32.182  60.151 0.0000000000
49260  -42.946  -32.475  59.544 0.0000000000
49280  -42.449  -32.590  58.746 0.0000000000
58974  -38.105  -24.615  55.136 0.0000000000
67670  -45.619  -18.091  67.040 0.0000000000
68849  -45.894  -17.298  67.077 0.0000000000
70033  -46.227  -15.429  68.667 0.0000000000
55055  -23.306  -26.996  71.031 0.0000000000
56239  -24.905  -26.784  71.314 0.0000000000
55057  -25.674  -27.099  70.938 0.0000000000
56241  -26.007  -27.024  71.262 0.0000000000
55058  -26.597  -27.304  71.155 0.0000000000
55059  -27.156  -27.682  70.581 0.0000000000
53800  -27.570  -27.810  71.347 0.0000000000
52594  -28.342  -28.529  70.884 0.0000000000
51406  -28.680  -28.837  70.699 0.0000000000
51407  -29.001  -28.852  70.899 0.0000000000
51409  -30.898  -29.578  71.540 0.0000000000
51410  -31.943  -29.847  71.384 0.0000000000
51385  -31.728  -29.886  72.283 0.0000000000
51412  -33.860  -30.374  71.204 0.0000000000
51414  -35.494  -30.343  70.840 0.0000000000
51415  -36.141  -30.120  70.588 0.0000000000
52615  -36.614  -29.715  70.279 0.0000000000
52634  -37.047  -29.447  70.048 0.0000000000
53816  -37.395  -29.136  70.206 0.0000000000
53835  -39.274  -27.744  69.040 0.0000000000
55102  -40.138  -27.547  69.289 0.0000000000
55120  -40.562  -27.175  68.796 0.0000000000
53819  -40.667  -27.418  70.433 0.0000000000
55103  -40.744  -27.042  69.515 0.0000000000
55121  -40.958  -26.666  69.144 0.0000000000
56317  -41.612  -26.249  68.822 0.0000000000
57510  -42.434  -25.717  68.339 0.0000000000
56319  -43.244  -26.198  69.361 0.0000000000
57511  -43.440  -25.790  68.605 0.0000000000
58706  -44.782  -24.731  70.158 0.0000000000
58723  -45.105  -24.610  69.800 0.0000000000
58745  -47.450  -24.234  67.871 0.0000000000
60041  -46.883  -23.675  68.698 0.0000000000
60042  -47.387  -23.623  68.319 0.0000000000
61333  -47.493  -22.708  67.822 0.0000000000
63941  -48.396  -21.266  68.880 0.0000000000
62601  -47.554  -21.698  68.328 0.0000000000
62617  -47.298  -22.188  67.761 0.0000000000
62600  -47.093  -21.203  68.282 0.0000000000
63955  -46.707  -20.626  68.243 0.0000000000
65238  -46.359  -19.665  67.923 0.0000000000
66436  -45.892  -18.785  67.501 0.0000000000
66444  -45.428  -18.610  67.068 0.0000000000
68848  -45.598  -16.411  66.796 0.0000000000
70049  -45.221  -15.411  66.247 0.0000000000
71294  -44.843  -14.233  65.795 0.0000000000
71305  -44.905  -14.271  64.451 0.0000000000
75314  -46.212  -11.523  68.384 0.0000000000
75335  -45.791  -11.732  67.782 0.0000000000
76845  -46.781  -10.848  67.454 0.0000000000
75336  -46.399  -11.207  67.546 0.0000000000
75354  -45.858  -11.684  67.117 0.0000000000
72572  -45.550  -13.240  65.462 0.0000000000
72589  -44.956  -13.874  63.924 0.0000000000
72608  -45.440  -13.739  63.344 0.0000000000
72623  -46.230  -13.741  62.740 0.0000000000
74009  -47.639  -13.055  64.087 0.0000000000
71336  -47.628  -14.251  61.973 0.0000000000
71355  -48.324  -15.117  61.348 0.0000000000
73977  -49.954  -12.093  66.189 0.0000000000
72594  -50.046  -12.917  64.748 0.0000000000
71306  -49.577  -13.578  64.213 0.0000000000
71308  -50.562  -13.759  63.979 0.0000000000
72612  -49.424  -14.283  63.118 0.0000000000
70118  -48.867  -16.483  60.795 0.0000000000
68947  -48.979  -17.062  59.702 0.0000000000
68931  -49.945  -16.438  60.473 0.0000000000
68948  -49.724  -16.757  59.885 0.0000000000
70168  -49.618  -16.149  57.968 0.0000000000
68917  -53.191  -16.025  61.636 0.0000000000
71371  -52.592  -15.765  61.140 0.0000000000
70130  -51.914  -15.849  60.417 0.0000000000
70210  -50.489  -15.062  54.805 0.0000000000
71495  -50.313  -14.295  52.443 0.0000000000
72819  -50.953  -13.714  52.532 0.0000000000
72686  -55.439  -13.824  58.853 0.0000000000
71425  -54.488  -14.272  58.351 0.0000000000
72689  -58.355  -13.538  58.138 0.0000000000
72742  -56.156  -13.439  56.702 0.0000000000
72715  -56.130  -13.477  57.840 0.0000000000
72806  -52.465  -13.545  54.094 0.0000000000
72807  -53.239  -12.970  54.642 0.0000000000
72842  -50.676  -13.639  51.542 0.0000000000
72869  -50.752  -13.414  50.353 0.0000000000
74254  -52.165  -12.684  50.168 0.0000000000
72894  -51.879  -12.969  49.494 0.0000000000
71566  -52.060  -14.349  47.828 0.0000000000
72846  -55.184  -13.424  51.521 0.0000000000
71551  -54.109  -14.078  48.968 0.0000000000
72911  -53.559  -13.684  48.932 0.0000000000
74216  -56.817  -12.551  52.000 0.0000000000
72898  -56.947  -12.951  49.670 0.0000000000
72875  -56.932  -13.366  49.984 0.0000000000
71570  -58.271  -15.377  48.539 0.0000000000
69080  -56.389  -15.860  48.985 0.0000000000
53828  -22.846  -28.377  69.317 0.0000000000
52652  -22.720  -29.216  67.233 0.0000000000
50293  -20.608  -31.075  63.676 0.0000000000
51557  -21.107  -30.750  63.303 0.0000000000
53870  -26.979  -28.402  67.457 0.0000000000
52671  -27.718  -28.673  66.363 0.0000000000
52670  -26.719  -28.589  66.501 0.0000000000
52709  -25.274  -29.023  64.463 0.0000000000
52732  -27.230  -29.070  63.771 0.0000000000
51587  -26.482  -29.190  63.279 0.0000000000
51563  -26.626  -29.035  63.982 0.0000000000
51562  -25.969  -29.391  63.697 0.0000000000
51561  -25.336  -29.421  63.425 0.0000000000
51533  -24.909  -29.394  63.672 0.0000000000
52731  -24.277  -29.366  63.388 0.0000000000
52783  -22.834  -29.632  61.938 0.0000000000
52808  -22.839  -29.711  61.151 0.0000000000
51651  -25.996  -31.102  57.306 0.0000000000
51567  -38.706  -29.765  64.193 0.0000000000
52743  -38.036  -29.479  63.920 0.0000000000
52742  -37.050  -29.392  63.805 0.0000000000
53940  -37.667  -28.453  62.475 0.0000000000
53924  -36.808  -29.069  63.306 0.0000000000
52717  -34.546  -29.800  64.185 0.0000000000
52739  -33.887  -29.579  63.448 0.0000000000
52794  -33.627  -28.613  61.272 0.0000000000
53953  -34.441  -28.189  61.165 0.0000000000
52818  -32.877  -28.925  60.273 0.0000000000
52841  -32.361  -28.742  59.227 0.0000000000
54005  -32.068  -28.525  58.294 0.0000000000
50381  -40.658  -31.721  58.553 0.0000000000
51653  -39.836  -30.607  58.630 0.0000000000
51676  -39.451  -31.168  57.914 0.0000000000
52867  -39.095  -29.687  58.797 0.0000000000
52866  -38.248  -29.400  58.399 0.0000000000
54011  -37.393  -28.501  58.622 0.0000000000
51674  -37.455  -30.760  57.630 0.0000000000
52865  -37.217  -29.193  58.028 0.0000000000
54010  -36.462  -28.504  58.352 0.0000000000
54009  -35.510  -28.285  58.395 0.0000000000
52893  -34.881  -29.547  57.598 0.0000000000
54030  -34.281  -28.769  57.762 0.0000000000
54028  -32.539  -28.751  57.576 0.0000000000
52890  -32.162  -29.319  57.109 0.0000000000
51668  -31.731  -30.222  57.087 0.0000000000
49222  -43.434  -32.276  61.774 0.0000000000
49282  -43.289  -32.243  59.086 0.0000000000
49285  -27.204  -32.274  57.586 0.0000000000
49286  -27.875  -32.247  57.144 0.0000000000
50280  -42.216  -30.954  65.465 0.0000000000
50281  -42.696  -31.174  65.453 0.0000000000
50282  -43.437  -31.352  65.226 0.0000000000
50335  -43.666  -31.879  61.628 0.0000000000
50346  -42.447  -32.102  60.623 0.0000000000
50382  -42.521  -31.800  58.367 0.0000000000
50391  -26.638  -31.656  57.286 0.0000000000
50415  -26.720  -31.187  56.779 0.0000000000
50416  -27.351  -31.475  56.772 0.0000000000
50418  -28.851  -30.894  56.632 0.0000000000
50419  -29.430  -30.753  56.638 0.0000000000
51449  -36.207  -29.998  69.494 0.0000000000
51463  -36.081  -29.879  69.073 0.0000000000
51503  -22.717  -29.682  65.501 0.0000000000
51507  -27.372  -28.753  65.344 0.0000000000
51534  -25.444  -29.329  64.046 0.0000000000
51536  -26.911  -28.876  64.603 0.0000000000
51584  -24.802  -29.374  62.896 0.0000000000
51585  -25.072  -29.400  62.917 0.0000000000
51603  -28.510  -29.211  61.323 0.0000000000
51605  -29.183  -29.475  60.829 0.0000000000
51621  -41.309  -30.803  60.294 0.0000000000
51655  -41.789  -31.109  58.566 0.0000000000
51666  -26.321  -30.753  56.927 0.0000000000
52631  -30.420  -29.514  69.132 0.0000000000
52656  -26.390  -28.531  67.105 0.0000000000
52661  -31.298  -29.581  67.360 0.0000000000
52721  -45.310  -29.816  64.750 0.0000000000
52843  -33.481  -28.471  59.641 0.0000000000
52917  -29.409  -29.681  56.680 0.0000000000
53804  -41.221  -27.455  70.695 0.0000000000
53814  -27.082  -27.936  69.983 0.0000000000
53853  -36.552  -28.873  68.695 0.0000000000
53871  -27.772  -28.625  67.416 0.0000000000
53885  -24.935  -28.834  66.802 0.0000000000
53887  -27.850  -28.576  66.893 0.0000000000
53889  -38.485  -28.639  65.788 0.0000000000
53897  -38.994  -28.616  65.468 0.0000000000
53914  -41.615  -28.577  64.836 0.0000000000
53915  -41.746  -28.327  64.668 0.0000000000
53916  -47.046  -28.714  64.664 0.0000000000
53930  -47.416  -27.901  63.985 0.0000000000
53937  -35.198  -28.694  62.361 0.0000000000
53972  -38.005  -28.071  60.870 0.0000000000
53973  -38.440  -28.155  60.685 0.0000000000
53987  -32.600  -28.575  58.594 0.0000000000
54003  -30.403  -28.614  58.264 0.0000000000
54006  -32.893  -28.541  58.139 0.0000000000
55056  -25.252  -26.969  71.040 0.0000000000
55128  -38.095  -27.695  67.032 0.0000000000
55132  -40.939  -26.717  68.506 0.0000000000
55170  -41.318  -28.516  64.860 0.0000000000
55171  -41.452  -28.261  64.714 0.0000000000
55180  -47.073  -27.477  63.705 0.0000000000
55196  -37.431  -28.044  61.293 0.0000000000
55197  -44.796  -27.908  61.146 0.0000000000
55211  -35.589  -27.719  59.460 0.0000000000
55214  -37.546  -27.732  60.118 0.0000000000
55215  -37.990  -27.912  60.394 0.0000000000
56349  -43.233  -25.961  66.224 0.0000000000
56362  -39.826  -27.630  65.417 0.0000000000
56394  -46.832  -26.789  63.407 0.0000000000
56418  -43.767  -26.263  60.942 0.0000000000
56470  -41.919  -26.976  55.632 0.0000000000
56480  -41.178  -27.024  55.061 0.0000000000
57549  -47.678  -25.243  67.362 0.0000000000
57580  -48.357  -25.215  66.520 0.0000000000
57650  -47.768  -26.204  63.837 0.0000000000
58724  -45.608  -24.123  69.385 0.0000000000
58762  -44.383  -25.343  67.073 0.0000000000
58765  -48.246  -24.633  67.019 0.0000000000
58782  -44.172  -25.172  66.847 0.0000000000
58806  -48.369  -24.904  66.171 0.0000000000
60002  -47.147  -22.699  69.274 0.0000000000
60058  -47.973  -24.293  67.232 0.0000000000
60075  -48.099  -24.177  67.044 0.0000000000
60089  -46.159  -23.094  65.603 0.0000000000
60247  -37.617  -23.313  54.500 0.0000000000
61273  -46.735  -22.683  70.063 0.0000000000
61473  -40.942  -22.309  59.817 0.0000000000
61520  -37.716  -22.934  54.850 0.0000000000
63940  -48.233  -20.917  68.771 0.0000000000
64139  -39.643  -20.788  56.305 0.0000000000
66566  -39.531  -19.269  54.769 0.0000000000
66570  -39.104  -19.414  54.509 0.0000000000
67750  -47.189  -17.077  58.655 0.0000000000
68882  -43.644  -16.788  62.612 0.0000000000
68883  -43.529  -16.780  63.009 0.0000000000
68887  -52.268  -15.634  62.444 0.0000000000
68899  -52.135  -15.844  62.160 0.0000000000
68914  -50.351  -16.089  61.060 0.0000000000
68918  -53.472  -15.848  61.361 0.0000000000
68919  -53.983  -15.873  61.121 0.0000000000
68929  -48.491  -16.799  60.280 0.0000000000
68935  -53.453  -16.177  61.087 0.0000000000
68970  -50.764  -16.240  59.718 0.0000000000
69004  -48.017  -16.261  56.259 0.0000000000
69079  -56.144  -15.922  48.987 0.0000000000
70068  -52.048  -15.480  62.659 0.0000000000
70081  -52.022  -14.764  62.809 0.0000000000
70084  -54.003  -15.052  61.861 0.0000000000
70102  -52.314  -15.698  61.376 0.0000000000
70103  -52.627  -15.870  61.373 0.0000000000
70119  -52.271  -15.592  61.111 0.0000000000
70120  -52.771  -15.918  60.953 0.0000000000
70152  -53.345  -15.306  59.489 0.0000000000
70185  -51.945  -15.355  57.521 0.0000000000
71293  -44.905  -13.755  65.954 0.0000000000
71295  -50.300  -13.488  64.564 0.0000000000
71296  -50.487  -13.604  64.657 0.0000000000
71311  -52.810  -14.170  64.298 0.0000000000
71318  -44.817  -14.186  63.854 0.0000000000
71320  -49.454  -13.841  64.154 0.0000000000
71324  -52.454  -14.216  63.712 0.0000000000
71340  -52.009  -14.097  62.906 0.0000000000
71341  -52.509  -14.147  62.944 0.0000000000
71353  -47.161  -14.662  61.676 0.0000000000
71356  -52.514  -15.713  61.235 0.0000000000
71357  -52.785  -15.897  61.189 0.0000000000
71370  -52.174  -15.837  61.023 0.0000000000
71375  -57.433  -14.265  60.168 0.0000000000
71435  -51.953  -15.183  56.735 0.0000000000
71437  -58.380  -14.087  55.671 0.0000000000
71449  -57.781  -14.551  55.023 0.0000000000
71482  -58.276  -14.280  54.362 0.0000000000
71552  -54.593  -14.450  49.409 0.0000000000
71554  -58.582  -14.438  48.967 0.0000000000
72557  -45.214  -13.548  65.997 0.0000000000
72573  -46.301  -12.724  65.279 0.0000000000
72574  -50.324  -13.341  64.802 0.0000000000
72595  -50.368  -13.038  65.171 0.0000000000
72614  -52.391  -14.130  63.353 0.0000000000
72627  -49.414  -14.419  62.879 0.0000000000
72628  -52.299  -14.012  63.129 0.0000000000
72629  -52.524  -14.136  63.163 0.0000000000
72691  -59.243  -13.225  57.470 0.0000000000
72712  -53.617  -14.490  58.019 0.0000000000
72746  -58.942  -13.024  56.705 0.0000000000
72768  -58.567  -13.705  55.277 0.0000000000
72811  -58.418  -14.008  54.332 0.0000000000
72845  -52.896  -12.825  52.437 0.0000000000
72872  -54.128  -13.534  50.183 0.0000000000
72907  -50.150  -13.868  48.104 0.0000000000
72912  -57.855  -12.907  48.706 0.0000000000
73934  -46.578  -13.367  69.105 0.0000000000
73997  -50.509  -12.844  65.373 0.0000000000
74010  -47.955  -13.134  64.127 0.0000000000
74166  -55.690  -13.250  55.307 0.0000000000
74212  -52.848  -12.910  52.992 0.0000000000
74234  -56.518  -12.521  51.205 0.0000000000
75337  -46.742  -10.886  67.697 0.0000000000
75584  -58.935  -11.538  56.093 0.0000000000
75652  -55.651  -10.830  50.593 0.0000000000
75667  -55.764  -10.980  50.164 0.0000000000
75691  -56.091  -10.980  49.707 0.0000000000
75693  -57.008  -11.606  49.032 0.0000000000
76846  -47.110  -10.694  67.678 0.0000000000
76868  -46.617  -10.915  67.171 0.0000000000
76869  -47.002  -10.783  67.067 0.0000000000
77232  -56.807  -11.030  49.223 0.0000000000
77257  -56.688  -10.123  49.000 0.0000000000
78651  -55.897  -9.757  49.502 0.0000000000
78652  -56.342  -9.646  49.102 0.0000000000
79831  -56.430  -8.394  51.090 0.0000000000
79849  -55.777  -9.072  49.649 0.0000000000
