#!ascii label  , from subject 3172 vox2ras=TkReg
1565
107939  -43.996  15.416  42.044 0.0000000000
108096  -55.041  15.487  28.182 0.0000000000
113935  -53.715  21.173  41.243 0.0000000000
105950  -52.659  13.395  37.335 0.0000000000
99866  -52.185  9.724  46.651 0.0000000000
112255  -46.797  20.058  33.051 0.0000000000
117881  -50.637  25.310  28.454 0.0000000000
120518  -49.538  28.433  35.024 0.0000000000
103390  -44.279  11.169  49.896 0.0000000000
105907  -47.911  13.356  39.071 0.0000000000
109047  -49.449  16.194  34.560 0.0000000000
111214  -45.447  18.488  37.160 0.0000000000
115780  -58.192  23.252  39.012 0.0000000000
116815  -53.413  24.810  35.276 0.0000000000
117835  -57.095  25.396  32.064 0.0000000000
118812  -50.668  26.817  30.521 0.0000000000
120506  -54.741  29.302  35.102 0.0000000000
109170  -51.778  17.209  25.485 0.0000000000
113058  -42.598  20.626  43.020 0.0000000000
111172  -48.133  18.650  42.085 0.0000000000
105914  -58.344  13.795  39.890 0.0000000000
102264  -53.271  10.276  41.698 0.0000000000
102245  -46.702  9.845  42.444 0.0000000000
103446  -45.096  11.659  46.465 0.0000000000
111284  -51.782  18.176  29.559 0.0000000000
111324  -47.556  19.213  26.496 0.0000000000
115790  -48.602  23.471  37.786 0.0000000000
115872  -47.245  24.048  30.725 0.0000000000
114043  -44.679  21.392  24.834 0.0000000000
117889  -45.542  25.470  27.081 0.0000000000
119743  -44.467  27.111  31.082 0.0000000000
105904  -44.758  14.050  39.980 0.0000000000
107956  -46.221  15.537  37.544 0.0000000000
109014  -44.571  16.534  39.502 0.0000000000
117794  -56.426  25.690  36.680 0.0000000000
116819  -59.116  24.218  35.370 0.0000000000
119703  -58.372  27.045  34.511 0.0000000000
119700  -56.231  27.258  33.954 0.0000000000
108114  -53.912  15.299  26.777 0.0000000000
113886  -42.521  21.043  46.388 0.0000000000
113908  -44.684  22.076  44.462 0.0000000000
101039  -53.064  9.807  44.054 0.0000000000
101060  -50.177  9.623  41.980 0.0000000000
99890  -49.458  8.669  44.537 0.0000000000
105794  -44.171  13.407  48.261 0.0000000000
105833  -39.963  13.499  45.999 0.0000000000
108986  -38.609  16.437  44.484 0.0000000000
106905  -37.534  14.764  46.090 0.0000000000
107041  -54.264  14.675  34.581 0.0000000000
110128  -48.518  18.171  33.551 0.0000000000
111247  -51.246  17.869  32.317 0.0000000000
111253  -49.239  18.608  31.332 0.0000000000
111296  -49.524  18.431  28.171 0.0000000000
112282  -46.475  19.338  30.119 0.0000000000
112185  -51.112  19.431  41.726 0.0000000000
113094  -48.520  20.372  39.538 0.0000000000
113958  -50.948  21.837  38.776 0.0000000000
116884  -52.269  24.567  31.071 0.0000000000
116863  -49.880  24.801  32.492 0.0000000000
116913  -49.115  24.597  29.129 0.0000000000
115895  -45.934  23.460  27.157 0.0000000000
116940  -47.547  24.792  26.188 0.0000000000
116968  -45.010  24.757  24.199 0.0000000000
118860  -48.230  26.016  26.484 0.0000000000
119738  -49.939  27.040  33.249 0.0000000000
119755  -47.380  27.329  30.399 0.0000000000
119734  -46.502  27.679  32.221 0.0000000000
119711  -44.555  27.707  33.029 0.0000000000
120515  -46.481  28.272  34.621 0.0000000000
105928  -50.597  13.733  38.270 0.0000000000
107026  -50.855  14.813  35.656 0.0000000000
106989  -48.300  14.693  37.009 0.0000000000
109044  -47.153  16.772  35.647 0.0000000000
112240  -46.192  19.783  35.796 0.0000000000
113938  -56.131  22.329  40.576 0.0000000000
115776  -53.991  23.058  38.282 0.0000000000
114853  -56.707  23.078  36.631 0.0000000000
116852  -55.643  24.644  33.028 0.0000000000
118827  -55.031  25.889  29.375 0.0000000000
118824  -51.804  26.537  29.207 0.0000000000
118803  -53.756  26.426  30.843 0.0000000000
118772  -52.905  26.420  33.230 0.0000000000
120520  -51.498  28.471  34.977 0.0000000000
110220  -49.411  17.405  25.561 0.0000000000
110075  -43.271  17.291  42.919 0.0000000000
110081  -45.288  17.662  41.825 0.0000000000
113067  -45.478  20.099  42.711 0.0000000000
113923  -47.672  21.761  42.664 0.0000000000
114775  -51.372  22.613  43.255 0.0000000000
115709  -51.948  23.384  46.337 0.0000000000
114778  -54.459  22.731  43.772 0.0000000000
105931  -55.952  13.419  38.293 0.0000000000
103527  -56.330  12.072  40.608 0.0000000000
103550  -53.228  12.012  38.807 0.0000000000
103520  -49.668  11.385  40.256 0.0000000000
103517  -47.040  11.682  40.898 0.0000000000
103407  -51.029  11.705  48.406 0.0000000000
104615  -47.196  13.004  50.206 0.0000000000
104666  -47.712  12.627  47.879 0.0000000000
102195  -48.447  10.857  46.599 0.0000000000
100995  -45.754  9.621  45.106 0.0000000000
106930  -42.749  14.397  42.318 0.0000000000
110201  -56.711  17.226  28.443 0.0000000000
108036  -52.367  15.946  33.156 0.0000000000
111271  -53.421  17.243  30.556 0.0000000000
110210  -54.784  17.978  27.733 0.0000000000
111329  -52.529  18.269  26.399 0.0000000000
112332  -51.206  19.019  24.166 0.0000000000
112351  -48.023  19.380  23.555 0.0000000000
112203  -46.298  19.433  40.060 0.0000000000
113112  -46.111  20.711  37.213 0.0000000000
114871  -46.069  22.164  35.025 0.0000000000
116794  -51.134  24.839  36.317 0.0000000000
116844  -47.768  24.306  34.012 0.0000000000
114891  -45.495  22.378  31.621 0.0000000000
114025  -45.284  21.369  28.676 0.0000000000
113198  -45.866  20.574  24.619 0.0000000000
112348  -45.202  19.853  23.275 0.0000000000
119774  -48.304  26.911  28.686 0.0000000000
117866  -45.263  25.993  29.373 0.0000000000
116892  -43.479  24.605  30.398 0.0000000000
117841  -42.953  25.076  31.826 0.0000000000
118768  -42.347  26.379  33.434 0.0000000000
106945  -43.791  14.996  40.321 0.0000000000
107950  -44.318  15.434  39.715 0.0000000000
109009  -43.890  16.294  40.941 0.0000000000
118746  -57.762  26.493  35.952 0.0000000000
120507  -57.904  28.619  35.108 0.0000000000
108115  -54.379  15.119  26.908 0.0000000000
101002  -52.602  9.578  45.647 0.0000000000
99892  -51.303  8.621  44.451 0.0000000000
101000  -50.557  9.227  45.596 0.0000000000
104679  -39.492  12.873  46.521 0.0000000000
105848  -38.466  14.203  45.654 0.0000000000
105966  -54.544  13.575  36.712 0.0000000000
107011  -54.036  14.121  35.822 0.0000000000
112248  -47.840  19.553  33.703 0.0000000000
112258  -49.308  19.308  32.910 0.0000000000
112266  -47.743  19.028  32.283 0.0000000000
111265  -47.843  18.674  30.089 0.0000000000
112274  -46.759  19.411  31.417 0.0000000000
113080  -52.388  20.289  41.447 0.0000000000
113086  -51.297  20.339  40.488 0.0000000000
113098  -52.262  21.115  39.898 0.0000000000
116916  -51.993  24.968  29.047 0.0000000000
116898  -50.390  24.748  30.309 0.0000000000
116931  -50.360  24.893  28.756 0.0000000000
116929  -48.864  24.635  28.144 0.0000000000
116942  -48.847  24.748  27.204 0.0000000000
116952  -47.928  25.131  26.250 0.0000000000
117892  -49.495  25.363  27.667 0.0000000000
119716  -49.573  27.278  33.792 0.0000000000
119736  -48.544  27.215  32.559 0.0000000000
120533  -48.158  28.002  34.165 0.0000000000
119713  -46.705  27.809  33.365 0.0000000000
120516  -47.570  28.468  34.822 0.0000000000
105908  -49.072  13.221  39.013 0.0000000000
105947  -49.464  13.983  37.756 0.0000000000
105926  -48.513  13.797  38.180 0.0000000000
109025  -45.521  16.669  37.373 0.0000000000
107966  -46.840  15.664  36.935 0.0000000000
110107  -46.149  17.553  36.402 0.0000000000
110111  -46.792  17.683  35.468 0.0000000000
112239  -45.725  19.357  36.384 0.0000000000
114807  -57.876  22.628  40.098 0.0000000000
114827  -56.712  22.527  38.340 0.0000000000
114845  -57.987  22.926  37.864 0.0000000000
116855  -58.297  24.975  32.893 0.0000000000
116837  -57.481  24.282  33.778 0.0000000000
116870  -56.869  24.977  31.895 0.0000000000
116887  -55.584  24.580  30.901 0.0000000000
117860  -56.404  25.479  30.180 0.0000000000
118816  -55.048  26.339  29.687 0.0000000000
118790  -55.861  25.972  31.605 0.0000000000
120524  -55.883  28.498  34.447 0.0000000000
118760  -54.758  26.823  34.133 0.0000000000
119698  -54.063  27.870  34.419 0.0000000000
119696  -51.904  27.648  34.711 0.0000000000
120504  -53.144  28.874  35.507 0.0000000000
109169  -50.986  17.258  25.358 0.0000000000
112170  -42.782  19.401  42.632 0.0000000000
111161  -44.607  18.343  42.397 0.0000000000
113059  -43.749  20.296  42.874 0.0000000000
114754  -46.152  22.495  44.561 0.0000000000
113919  -45.895  21.919  43.470 0.0000000000
114771  -48.211  22.646  43.658 0.0000000000
114787  -49.165  22.126  42.732 0.0000000000
114758  -49.363  23.079  44.102 0.0000000000
114724  -51.396  23.273  47.679 0.0000000000
115732  -53.160  23.150  44.646 0.0000000000
115734  -55.335  23.500  45.011 0.0000000000
114763  -56.266  23.162  43.852 0.0000000000
116719  -56.624  24.233  44.367 0.0000000000
106973  -57.153  14.078  38.365 0.0000000000
105933  -57.226  13.741  38.932 0.0000000000
103496  -55.826  11.783  42.190 0.0000000000
103507  -55.219  11.361  40.903 0.0000000000
103525  -55.003  11.492  40.068 0.0000000000
103523  -52.953  10.958  39.981 0.0000000000
103535  -51.315  11.758  39.498 0.0000000000
102273  -51.423  10.391  40.734 0.0000000000
101047  -48.389  9.746  42.555 0.0000000000
102260  -49.071  10.431  41.631 0.0000000000
102258  -47.128  10.471  41.715 0.0000000000
104623  -45.803  12.677  49.518 0.0000000000
105821  -46.388  13.170  47.677 0.0000000000
104686  -46.601  12.554  46.836 0.0000000000
103449  -48.071  11.943  47.248 0.0000000000
103447  -46.248  11.654  46.693 0.0000000000
102210  -47.297  9.831  45.683 0.0000000000
102192  -45.329  11.061  46.138 0.0000000000
107935  -41.682  15.382  42.944 0.0000000000
107934  -40.879  15.581  43.417 0.0000000000
110190  -57.966  17.139  29.152 0.0000000000
108002  -50.362  15.362  34.985 0.0000000000
108004  -52.123  15.242  34.695 0.0000000000
108017  -50.776  15.870  34.076 0.0000000000
111269  -51.808  18.130  30.658 0.0000000000
111257  -52.353  17.549  31.558 0.0000000000
111285  -52.714  17.704  29.636 0.0000000000
111301  -54.787  17.994  29.118 0.0000000000
111314  -53.707  18.324  27.989 0.0000000000
111330  -53.714  18.262  27.124 0.0000000000
111313  -52.723  18.399  27.603 0.0000000000
111309  -48.266  18.668  27.040 0.0000000000
111327  -50.069  18.871  26.093 0.0000000000
112319  -49.394  19.297  25.511 0.0000000000
112352  -49.473  19.195  23.493 0.0000000000
112340  -48.061  19.733  24.349 0.0000000000
111170  -46.205  18.210  41.809 0.0000000000
111178  -46.151  18.442  41.134 0.0000000000
112190  -46.982  18.791  40.826 0.0000000000
114819  -48.590  21.962  38.443 0.0000000000
113954  -47.347  21.215  38.331 0.0000000000
114837  -47.213  22.726  37.483 0.0000000000
113975  -46.235  21.603  36.531 0.0000000000
115821  -47.227  23.624  36.315 0.0000000000
116777  -53.726  24.247  37.075 0.0000000000
115794  -52.374  23.691  37.684 0.0000000000
116814  -52.352  24.866  35.283 0.0000000000
116880  -48.279  24.387  31.624 0.0000000000
116846  -49.699  24.775  33.484 0.0000000000
115864  -47.057  24.209  32.164 0.0000000000
115853  -46.250  23.380  32.728 0.0000000000
116895  -46.145  23.767  31.075 0.0000000000
114019  -45.171  21.349  29.842 0.0000000000
115878  -45.906  23.056  29.804 0.0000000000
115902  -45.734  23.648  25.725 0.0000000000
114039  -45.258  21.711  25.903 0.0000000000
114044  -45.198  21.264  24.982 0.0000000000
113207  -46.116  20.509  23.591 0.0000000000
114049  -44.959  20.895  23.771 0.0000000000
113197  -44.357  20.035  23.922 0.0000000000
114042  -44.373  21.526  24.625 0.0000000000
117909  -44.815  25.265  25.018 0.0000000000
115907  -43.931  23.769  25.310 0.0000000000
118823  -50.808  26.783  29.606 0.0000000000
118839  -49.231  26.546  28.065 0.0000000000
119766  -49.297  27.234  29.847 0.0000000000
119745  -46.381  27.568  31.196 0.0000000000
119762  -45.844  26.597  29.549 0.0000000000
118810  -45.133  26.527  30.195 0.0000000000
117864  -44.013  25.089  29.801 0.0000000000
117851  -44.266  25.610  30.462 0.0000000000
116876  -42.983  24.568  31.326 0.0000000000
118796  -43.742  26.529  31.666 0.0000000000
119690  -44.934  27.573  34.047 0.0000000000
119709  -42.678  27.069  33.214 0.0000000000
119688  -42.645  27.547  34.046 0.0000000000
119687  -41.748  27.011  34.114 0.0000000000
105906  -46.579  13.573  39.268 0.0000000000
105924  -46.661  14.075  38.624 0.0000000000
106954  -45.613  14.576  38.885 0.0000000000
107954  -45.243  15.875  38.529 0.0000000000
110099  -44.838  17.985  38.482 0.0000000000
115813  -59.182  23.805  36.799 0.0000000000
117796  -58.392  24.807  36.181 0.0000000000
117816  -58.573  25.307  34.580 0.0000000000
118777  -57.971  26.257  33.476 0.0000000000
118775  -56.537  26.239  32.744 0.0000000000
119701  -57.182  27.488  34.023 0.0000000000
120525  -56.847  28.341  34.312 0.0000000000
109162  -52.344  16.540  26.120 0.0000000000
113905  -42.114  21.285  44.741 0.0000000000
113916  -43.405  21.198  43.543 0.0000000000
113898  -43.579  21.693  45.462 0.0000000000
102249  -52.788  9.915  42.503 0.0000000000
102263  -52.032  9.721  41.769 0.0000000000
101050  -51.295  9.284  42.828 0.0000000000
99909  -49.712  9.027  43.139 0.0000000000
101034  -48.080  9.516  43.248 0.0000000000
103403  -44.410  11.959  48.956 0.0000000000
104664  -42.745  13.142  47.698 0.0000000000
105860  -40.679  14.210  44.720 0.0000000000
107930  -39.763  15.616  44.042 0.0000000000
106913  -39.890  14.574  44.956 0.0000000000
107921  -38.148  15.611  45.213 0.0000000000
110120  -48.780  17.334  33.867 0.0000000000
109073  -50.395  16.882  33.280 0.0000000000
110129  -49.782  17.684  33.176 0.0000000000
111254  -50.039  18.656  31.512 0.0000000000
111267  -50.024  18.376  30.608 0.0000000000
111297  -50.636  18.364  28.301 0.0000000000
111282  -49.774  18.527  29.338 0.0000000000
111281  -48.672  18.604  29.151 0.0000000000
112291  -47.089  19.216  28.197 0.0000000000
112184  -49.937  18.872  41.845 0.0000000000
112191  -48.048  19.222  40.915 0.0000000000
113084  -49.741  19.827  40.459 0.0000000000
113947  -50.067  21.060  39.340 0.0000000000
114821  -50.097  22.402  38.551 0.0000000000
116849  -52.785  24.743  33.138 0.0000000000
116848  -51.696  24.714  33.281 0.0000000000
116865  -51.955  24.602  32.194 0.0000000000
117845  -49.674  24.713  31.190 0.0000000000
116896  -48.378  24.582  30.239 0.0000000000
115879  -46.761  23.791  29.399 0.0000000000
116911  -47.365  24.367  28.621 0.0000000000
115888  -47.382  24.546  27.014 0.0000000000
115903  -46.427  24.474  24.917 0.0000000000
115908  -44.960  23.550  24.424 0.0000000000
116961  -46.584  25.012  24.468 0.0000000000
116950  -46.658  25.084  25.076 0.0000000000
118849  -47.160  26.107  26.931 0.0000000000
118800  -50.508  26.738  31.459 0.0000000000
119757  -49.380  27.084  30.701 0.0000000000
118798  -49.014  26.896  31.651 0.0000000000
119746  -47.464  27.608  31.354 0.0000000000
119732  -44.381  27.626  31.978 0.0000000000
119712  -45.646  27.661  33.108 0.0000000000
119691  -45.918  27.834  33.992 0.0000000000
120514  -45.363  28.126  34.805 0.0000000000
105929  -51.651  13.599  38.070 0.0000000000
105963  -51.830  14.055  36.531 0.0000000000
106991  -50.431  14.279  37.518 0.0000000000
107008  -50.154  14.639  36.484 0.0000000000
107985  -49.026  15.435  35.821 0.0000000000
106988  -47.207  14.898  37.212 0.0000000000
107983  -47.873  15.803  36.204 0.0000000000
109045  -47.877  16.419  35.286 0.0000000000
110119  -47.670  17.717  34.311 0.0000000000
111230  -47.472  19.054  34.341 0.0000000000
113133  -46.679  20.606  34.264 0.0000000000
113936  -54.642  21.718  41.013 0.0000000000
113951  -54.027  21.698  39.621 0.0000000000
114813  -55.057  22.331  39.361 0.0000000000
114842  -55.600  22.891  37.472 0.0000000000
116798  -55.096  24.328  36.035 0.0000000000
115824  -58.096  23.463  35.457 0.0000000000
116818  -56.173  24.226  34.788 0.0000000000
117814  -54.928  25.186  33.721 0.0000000000
116867  -54.045  24.534  31.898 0.0000000000
116901  -53.578  24.780  30.057 0.0000000000
117883  -52.656  25.545  28.641 0.0000000000
118854  -51.422  26.128  28.146 0.0000000000
118842  -53.111  26.022  28.604 0.0000000000
118814  -52.818  26.582  29.951 0.0000000000
118802  -52.555  26.518  31.083 0.0000000000
118774  -55.641  26.368  33.033 0.0000000000
118788  -53.398  26.297  32.105 0.0000000000
118787  -52.173  26.311  32.216 0.0000000000
118771  -51.746  26.482  33.219 0.0000000000
119695  -50.939  27.755  34.518 0.0000000000
120519  -50.522  28.487  34.998 0.0000000000
108999  -43.855  16.147  42.955 0.0000000000
109000  -44.476  16.524  42.232 0.0000000000
110076  -44.220  17.276  42.536 0.0000000000
111162  -45.491  18.512  42.450 0.0000000000
112174  -46.763  19.558  42.474 0.0000000000
113918  -45.066  21.489  43.588 0.0000000000
113068  -46.173  20.251  42.799 0.0000000000
112175  -47.746  19.709  42.522 0.0000000000
113072  -49.829  20.268  42.455 0.0000000000
113927  -51.229  21.008  42.389 0.0000000000
113929  -52.946  21.054  42.534 0.0000000000
114739  -49.632  22.992  46.235 0.0000000000
115730  -51.283  23.387  44.583 0.0000000000
114777  -53.317  22.604  43.616 0.0000000000
114793  -54.592  22.146  42.673 0.0000000000
114794  -55.640  22.325  42.285 0.0000000000
115754  -57.354  22.826  41.984 0.0000000000
115761  -57.304  23.417  40.564 0.0000000000
106993  -56.098  14.074  37.214 0.0000000000
105952  -54.587  13.196  37.333 0.0000000000
104725  -56.746  12.527  41.967 0.0000000000
104747  -57.141  12.786  40.728 0.0000000000
104761  -55.836  12.455  39.471 0.0000000000
104775  -54.770  12.408  38.624 0.0000000000
104773  -52.757  12.623  38.206 0.0000000000
104758  -51.798  12.541  38.860 0.0000000000
104757  -50.702  12.471  39.239 0.0000000000
104755  -48.514  12.695  39.600 0.0000000000
102272  -50.375  10.578  40.765 0.0000000000
103519  -48.647  11.601  40.551 0.0000000000
104754  -47.420  12.793  39.649 0.0000000000
104740  -45.688  12.672  40.532 0.0000000000
105781  -48.221  13.521  49.853 0.0000000000
105779  -46.129  13.075  49.003 0.0000000000
104642  -47.612  12.740  48.677 0.0000000000
105799  -49.160  13.061  49.089 0.0000000000
103405  -49.078  12.032  48.489 0.0000000000
103426  -49.840  11.230  47.711 0.0000000000
102197  -50.211  9.818  46.682 0.0000000000
99863  -49.427  8.758  46.105 0.0000000000
100997  -48.028  9.171  45.265 0.0000000000
101032  -45.993  9.650  43.424 0.0000000000
107938  -43.210  15.304  42.295 0.0000000000
108998  -42.876  15.955  42.762 0.0000000000
110071  -42.185  17.410  43.064 0.0000000000
111156  -41.434  18.455  43.334 0.0000000000
112157  -40.495  20.068  44.235 0.0000000000
108087  -57.868  15.937  29.301 0.0000000000
108099  -57.402  16.199  28.731 0.0000000000
109141  -56.217  16.703  28.115 0.0000000000
107027  -52.183  14.621  35.483 0.0000000000
108037  -53.377  15.342  33.461 0.0000000000
110131  -51.266  16.990  32.831 0.0000000000
109103  -53.252  16.931  31.794 0.0000000000
110156  -54.154  16.789  31.066 0.0000000000
110187  -55.151  17.679  29.851 0.0000000000
111316  -55.276  17.967  28.490 0.0000000000
109152  -55.299  16.739  27.590 0.0000000000
109164  -54.539  17.113  27.005 0.0000000000
109163  -53.548  16.469  26.705 0.0000000000
109171  -52.263  17.287  25.721 0.0000000000
111312  -51.596  18.568  27.323 0.0000000000
111340  -51.541  18.543  25.078 0.0000000000
110234  -51.294  17.916  24.617 0.0000000000
110243  -50.686  17.932  23.899 0.0000000000
111348  -49.128  18.090  23.802 0.0000000000
110240  -47.664  18.172  24.019 0.0000000000
110084  -44.751  17.426  40.801 0.0000000000
111187  -44.911  18.619  40.024 0.0000000000
112213  -45.212  19.481  38.945 0.0000000000
113093  -47.540  20.246  39.464 0.0000000000
113100  -45.862  20.083  38.702 0.0000000000
112223  -45.589  20.036  37.302 0.0000000000
113119  -45.828  20.765  36.101 0.0000000000
113126  -46.311  20.711  35.199 0.0000000000
113998  -46.168  21.056  33.869 0.0000000000
114823  -52.327  22.637  38.714 0.0000000000
115773  -51.264  23.430  38.212 0.0000000000
116773  -49.835  24.391  37.362 0.0000000000
117812  -50.924  25.388  34.636 0.0000000000
116811  -49.351  24.763  35.544 0.0000000000
116810  -48.367  24.600  35.765 0.0000000000
115846  -46.956  23.793  34.437 0.0000000000
114878  -45.734  22.610  33.573 0.0000000000
113149  -45.628  20.892  32.331 0.0000000000
113160  -45.711  20.339  30.512 0.0000000000
113182  -46.218  19.949  27.303 0.0000000000
114915  -45.272  22.319  27.906 0.0000000000
113180  -45.001  20.887  27.084 0.0000000000
112327  -47.159  19.711  25.285 0.0000000000
113217  -47.494  19.924  23.933 0.0000000000
112350  -46.795  19.399  23.223 0.0000000000
114924  -44.171  22.980  24.852 0.0000000000
118852  -49.988  26.085  27.810 0.0000000000
118838  -48.169  26.513  27.797 0.0000000000
118837  -47.327  26.464  27.722 0.0000000000
119765  -48.354  27.137  29.647 0.0000000000
119763  -46.423  26.743  29.150 0.0000000000
117878  -45.548  25.370  28.405 0.0000000000
116910  -44.452  24.854  28.802 0.0000000000
115877  -43.097  23.768  29.561 0.0000000000
114896  -42.218  22.539  30.310 0.0000000000
119731  -43.514  27.180  32.077 0.0000000000
117822  -42.500  25.972  33.141 0.0000000000
120501  -50.045  29.306  35.314 0.0000000000
120500  -49.006  29.151  35.461 0.0000000000
121227  -47.411  29.827  35.642 0.0000000000
120497  -45.742  28.922  35.676 0.0000000000
120496  -44.711  28.445  35.613 0.0000000000
106936  -43.871  14.461  41.111 0.0000000000
107942  -43.657  15.744  41.184 0.0000000000
108106  -54.604  15.606  27.576 0.0000000000
100986  -53.355  10.046  46.386 0.0000000000
101003  -53.365  9.805  45.917 0.0000000000
101001  -51.574  9.314  45.352 0.0000000000
100984  -51.843  9.625  46.397 0.0000000000
103442  -39.111  12.159  46.782 0.0000000000
105951  -53.720  13.196  37.090 0.0000000000
105965  -53.552  13.691  36.259 0.0000000000
112256  -47.295  19.879  33.332 0.0000000000
112257  -48.488  19.478  33.216 0.0000000000
112265  -46.754  19.865  32.471 0.0000000000
113081  -53.075  20.890  41.628 0.0000000000
113087  -52.209  20.580  40.548 0.0000000000
113940  -52.936  21.204  40.455 0.0000000000
117868  -51.398  25.333  28.826 0.0000000000
116915  -50.907  25.199  29.227 0.0000000000
116930  -49.795  24.791  28.314 0.0000000000
117880  -50.172  25.243  27.999 0.0000000000
117893  -50.631  25.695  27.960 0.0000000000
119693  -49.077  27.796  34.396 0.0000000000
120517  -48.552  28.406  34.989 0.0000000000
105925  -47.305  13.950  38.502 0.0000000000
110106  -45.534  17.481  36.955 0.0000000000
109033  -45.977  16.871  36.779 0.0000000000
111215  -45.716  18.008  36.613 0.0000000000
111223  -45.933  18.576  36.118 0.0000000000
111222  -45.627  18.956  36.639 0.0000000000
115768  -58.426  23.006  39.860 0.0000000000
114816  -58.041  22.627  39.290 0.0000000000
114830  -58.195  23.225  38.507 0.0000000000
117836  -57.794  25.550  32.498 0.0000000000
116871  -57.860  25.044  32.279 0.0000000000
116889  -56.711  24.964  30.797 0.0000000000
117847  -56.666  25.281  31.151 0.0000000000
118805  -55.873  26.364  30.255 0.0000000000
117834  -56.515  25.581  31.542 0.0000000000
120523  -54.815  28.737  34.823 0.0000000000
120522  -53.727  28.501  34.963 0.0000000000
120505  -54.208  29.144  35.330 0.0000000000
108112  -51.658  15.387  26.526 0.0000000000
108111  -50.943  15.998  26.520 0.0000000000
109161  -51.346  16.508  26.033 0.0000000000
112166  -41.911  19.517  43.071 0.0000000000
113065  -43.271  20.032  42.464 0.0000000000
114755  -47.171  22.530  44.618 0.0000000000
114756  -47.983  22.943  44.525 0.0000000000
114772  -48.901  22.701  43.483 0.0000000000
114757  -48.775  22.937  44.399 0.0000000000
115724  -55.906  23.711  45.893 0.0000000000
115735  -56.430  23.696  44.866 0.0000000000
106956  -58.442  14.138  39.283 0.0000000000
106974  -58.060  14.061  38.534 0.0000000000
105913  -57.683  13.651  39.542 0.0000000000
102275  -53.651  10.595  40.583 0.0000000000
102274  -52.549  10.373  40.718 0.0000000000
102246  -47.755  9.998  42.380 0.0000000000
102257  -46.351  10.549  41.803 0.0000000000
102244  -45.687  10.387  42.211 0.0000000000
104622  -44.913  12.269  49.756 0.0000000000
105838  -45.073  13.201  47.220 0.0000000000
104685  -45.610  12.561  46.801 0.0000000000
103448  -47.353  11.806  46.679 0.0000000000
102193  -45.859  10.874  46.330 0.0000000000
106925  -41.320  14.567  43.444 0.0000000000
106924  -40.723  15.003  43.654 0.0000000000
109118  -56.431  16.965  31.070 0.0000000000
108016  -49.963  15.865  34.507 0.0000000000
111268  -50.925  18.438  30.569 0.0000000000
111299  -52.753  18.205  28.670 0.0000000000
111298  -51.720  18.247  28.450 0.0000000000
111325  -47.961  18.883  26.276 0.0000000000
111326  -48.907  18.915  26.271 0.0000000000
112318  -48.469  19.424  25.708 0.0000000000
112329  -48.807  19.597  24.932 0.0000000000
112328  -47.992  19.858  25.208 0.0000000000
111171  -47.173  18.528  41.914 0.0000000000
111179  -46.770  18.520  41.470 0.0000000000
112182  -47.745  18.709  41.500 0.0000000000
114838  -48.215  22.593  38.161 0.0000000000
115789  -47.749  23.346  37.450 0.0000000000
115788  -47.283  23.243  37.207 0.0000000000
116770  -47.669  23.747  37.120 0.0000000000
116797  -54.278  24.419  36.354 0.0000000000
116796  -53.122  24.672  36.281 0.0000000000
115871  -46.302  23.585  30.582 0.0000000000
114926  -45.007  22.606  25.244 0.0000000000
114050  -45.350  20.846  23.991 0.0000000000
114925  -44.714  22.949  24.882 0.0000000000
117900  -44.559  25.288  26.300 0.0000000000
117899  -43.934  25.204  26.006 0.0000000000
116949  -43.909  24.993  26.449 0.0000000000
116939  -44.019  24.974  27.230 0.0000000000
119776  -50.046  27.048  29.342 0.0000000000
119767  -50.068  27.098  30.033 0.0000000000
119744  -45.350  27.463  31.071 0.0000000000
119753  -45.447  26.905  30.158 0.0000000000
119752  -44.820  26.851  30.446 0.0000000000
118809  -44.559  26.497  30.637 0.0000000000
118808  -44.116  26.211  31.111 0.0000000000
118797  -44.170  26.725  31.178 0.0000000000
119689  -43.758  27.828  34.240 0.0000000000
105905  -45.334  13.862  39.635 0.0000000000
107948  -44.603  15.931  39.924 0.0000000000
107951  -44.814  15.581  39.122 0.0000000000
109016  -44.761  16.412  38.669 0.0000000000
110092  -44.903  16.928  38.369 0.0000000000
110091  -44.698  17.391  38.891 0.0000000000
116780  -58.023  24.356  37.309 0.0000000000
117795  -57.617  25.237  36.413 0.0000000000
118747  -58.352  26.764  35.538 0.0000000000
118752  -58.190  26.097  35.481 0.0000000000
118753  -58.625  26.318  35.012 0.0000000000
118762  -58.325  26.213  34.173 0.0000000000
119725  -58.083  26.832  33.923 0.0000000000
119724  -57.548  26.857  33.642 0.0000000000
119702  -57.878  27.447  34.149 0.0000000000
120526  -57.591  28.177  34.469 0.0000000000
121244  -56.560  29.300  34.575 0.0000000000
107123  -54.099  14.886  26.843 0.0000000000
107122  -53.392  14.445  26.875 0.0000000000
108113  -52.953  15.367  26.391 0.0000000000
113896  -41.817  21.183  45.530 0.0000000000
113897  -42.706  21.469  45.505 0.0000000000
101040  -53.767  9.952  44.027 0.0000000000
101052  -53.004  9.724  43.279 0.0000000000
101051  -52.089  9.685  42.845 0.0000000000
101038  -52.342  9.523  43.823 0.0000000000
99891  -50.512  8.496  44.538 0.0000000000
99902  -50.949  8.566  43.882 0.0000000000
99901  -50.204  8.683  43.664 0.0000000000
101035  -48.968  9.180  43.505 0.0000000000
101018  -49.125  8.956  44.031 0.0000000000
105835  -41.374  13.243  45.866 0.0000000000
105851  -41.288  13.392  45.378 0.0000000000
105850  -40.529  14.022  45.308 0.0000000000
105849  -39.450  14.144  45.546 0.0000000000
106911  -37.995  14.857  45.501 0.0000000000
111237  -49.184  18.930  33.314 0.0000000000
111244  -49.427  18.952  32.119 0.0000000000
112268  -49.422  19.126  32.584 0.0000000000
110151  -50.202  18.346  31.136 0.0000000000
111266  -48.968  18.589  30.296 0.0000000000
112283  -47.164  18.870  30.250 0.0000000000
111280  -47.494  18.793  28.919 0.0000000000
111279  -46.873  18.997  29.420 0.0000000000
112193  -50.332  19.393  41.081 0.0000000000
113097  -51.489  20.868  39.872 0.0000000000
113096  -50.601  20.720  39.881 0.0000000000
113948  -50.773  21.310  39.380 0.0000000000
113957  -49.936  21.580  38.804 0.0000000000
116866  -53.019  24.534  32.042 0.0000000000
116897  -49.424  24.687  30.078 0.0000000000
117855  -48.973  25.035  30.838 0.0000000000
115880  -47.573  24.259  29.586 0.0000000000
116912  -48.182  24.500  28.908 0.0000000000
116941  -48.009  24.685  26.703 0.0000000000
115897  -47.462  24.626  26.514 0.0000000000
115896  -46.828  24.392  26.308 0.0000000000
117903  -47.737  25.596  26.217 0.0000000000
118859  -47.661  26.039  26.400 0.0000000000
117902  -47.043  25.639  25.923 0.0000000000
118785  -50.108  26.857  32.484 0.0000000000
118799  -49.613  26.810  31.483 0.0000000000
118784  -49.200  26.804  32.188 0.0000000000
119735  -47.570  27.548  32.380 0.0000000000
119733  -45.409  27.767  32.042 0.0000000000
120531  -46.707  27.989  34.006 0.0000000000
119692  -46.446  27.935  34.002 0.0000000000
106971  -51.129  14.183  37.943 0.0000000000
105946  -48.783  14.164  37.510 0.0000000000
106990  -49.371  14.418  37.091 0.0000000000
107007  -49.114  14.922  36.274 0.0000000000
106968  -46.481  14.676  38.058 0.0000000000
106987  -46.601  15.129  37.355 0.0000000000
109034  -46.769  16.661  36.409 0.0000000000
107982  -47.388  16.053  36.585 0.0000000000
109035  -47.424  16.347  36.072 0.0000000000
107999  -48.194  15.818  35.766 0.0000000000
109057  -48.410  16.830  34.471 0.0000000000
110112  -47.157  16.992  35.013 0.0000000000
111229  -46.639  18.900  35.130 0.0000000000
110118  -47.064  18.333  34.729 0.0000000000
112246  -46.968  19.931  34.906 0.0000000000
112247  -47.548  20.011  34.146 0.0000000000
113937  -55.580  22.143  40.916 0.0000000000
113942  -54.763  22.081  40.160 0.0000000000
114805  -55.823  22.374  39.885 0.0000000000
114843  -56.325  22.713  37.236 0.0000000000
114826  -55.469  22.581  38.181 0.0000000000
115797  -55.711  23.133  37.130 0.0000000000
115808  -55.092  24.043  36.612 0.0000000000
115809  -55.965  23.587  36.300 0.0000000000
116820  -59.412  23.739  35.926 0.0000000000
115825  -59.062  23.410  35.808 0.0000000000
115838  -58.671  23.792  34.971 0.0000000000
116853  -56.771  24.532  32.887 0.0000000000
115836  -57.263  23.911  34.304 0.0000000000
116836  -56.597  24.281  34.007 0.0000000000
116835  -55.588  24.726  34.135 0.0000000000
117815  -55.295  24.886  33.535 0.0000000000
116851  -54.648  24.633  32.746 0.0000000000
116868  -55.079  24.620  31.867 0.0000000000
116919  -55.501  24.908  29.743 0.0000000000
116886  -54.455  24.671  30.786 0.0000000000
116902  -54.328  24.997  29.937 0.0000000000
116917  -53.091  24.968  29.172 0.0000000000
117869  -53.289  25.428  28.947 0.0000000000
118826  -53.861  26.056  29.186 0.0000000000
118804  -54.962  26.593  30.584 0.0000000000
118815  -53.955  26.432  29.786 0.0000000000
119722  -56.392  26.646  33.304 0.0000000000
119720  -53.489  27.074  34.040 0.0000000000
118773  -54.310  26.551  33.350 0.0000000000
119680  -52.410  28.393  35.084 0.0000000000
109160  -50.288  16.660  26.228 0.0000000000
112172  -44.927  19.448  42.458 0.0000000000
112173  -45.902  19.305  42.748 0.0000000000
111163  -46.356  18.548  42.351 0.0000000000
113907  -43.808  21.698  44.444 0.0000000000
113917  -44.202  21.321  43.540 0.0000000000
113920  -46.720  21.885  42.969 0.0000000000
113062  -46.274  21.108  43.025 0.0000000000
113069  -47.044  20.675  42.692 0.0000000000
113070  -48.106  20.587  42.507 0.0000000000
112176  -48.636  19.720  42.518 0.0000000000
113071  -49.012  20.445  42.436 0.0000000000
114788  -50.021  22.047  42.595 0.0000000000
113926  -50.376  21.048  42.603 0.0000000000
114789  -50.896  21.957  42.605 0.0000000000
113928  -52.094  21.113  42.302 0.0000000000
114790  -51.806  21.946  42.704 0.0000000000
115700  -51.460  23.291  46.822 0.0000000000
114740  -50.273  23.314  45.924 0.0000000000
114750  -50.121  23.413  45.400 0.0000000000
115720  -51.638  23.438  45.449 0.0000000000
115746  -53.713  22.927  44.191 0.0000000000
114760  -52.969  22.841  44.043 0.0000000000
114792  -53.608  21.989  42.885 0.0000000000
114779  -55.576  22.664  43.339 0.0000000000
115747  -56.537  23.547  43.630 0.0000000000
114780  -56.476  22.858  43.003 0.0000000000
115753  -56.974  23.168  42.398 0.0000000000
115758  -57.548  22.924  41.592 0.0000000000
116743  -56.797  23.568  41.576 0.0000000000
107016  -58.060  14.844  37.160 0.0000000000
105954  -56.149  13.658  38.108 0.0000000000
106994  -56.569  14.175  37.762 0.0000000000
105953  -55.595  13.432  37.683 0.0000000000
104794  -55.215  12.837  38.179 0.0000000000
103508  -56.099  11.717  41.282 0.0000000000
104724  -56.282  12.222  41.835 0.0000000000
104733  -56.424  12.100  41.445 0.0000000000
104735  -57.329  12.739  41.329 0.0000000000
103509  -56.543  12.095  41.039 0.0000000000
104746  -56.692  12.632  40.379 0.0000000000
104745  -56.239  12.357  40.040 0.0000000000
103537  -53.646  11.403  39.498 0.0000000000
103538  -54.638  11.793  39.370 0.0000000000
103551  -54.027  11.905  38.854 0.0000000000
104774  -53.856  12.424  38.345 0.0000000000
103549  -52.704  12.156  38.771 0.0000000000
104759  -52.414  12.264  38.783 0.0000000000
103521  -50.801  11.051  40.034 0.0000000000
103534  -50.258  11.693  39.566 0.0000000000
104756  -49.588  12.300  39.421 0.0000000000
104744  -49.501  11.878  39.840 0.0000000000
101061  -51.067  9.434  42.118 0.0000000000
102262  -50.842  9.889  41.386 0.0000000000
102261  -49.957  10.200  41.432 0.0000000000
103505  -48.341  11.076  41.124 0.0000000000
103506  -49.107  11.140  40.996 0.0000000000
103518  -47.710  11.635  40.667 0.0000000000
104742  -48.036  12.244  40.192 0.0000000000
104741  -46.790  12.394  40.341 0.0000000000
103427  -51.471  11.233  48.102 0.0000000000
105770  -47.798  13.529  50.577 0.0000000000
105771  -48.642  14.019  50.524 0.0000000000
104639  -44.901  12.695  48.707 0.0000000000
105795  -45.128  13.361  48.261 0.0000000000
105822  -47.087  12.945  47.619 0.0000000000
105797  -46.865  12.996  48.283 0.0000000000
105798  -47.318  12.827  48.068 0.0000000000
104643  -48.583  12.587  48.645 0.0000000000
103424  -48.617  11.979  47.996 0.0000000000
102179  -49.267  10.920  47.309 0.0000000000
102180  -50.184  10.433  47.363 0.0000000000
102196  -49.511  10.241  46.649 0.0000000000
100982  -49.921  9.498  46.080 0.0000000000
100981  -48.990  9.457  46.475 0.0000000000
102209  -46.393  10.228  45.625 0.0000000000
100996  -46.784  9.267  45.126 0.0000000000
101016  -47.372  8.970  44.277 0.0000000000
101015  -46.366  9.428  44.240 0.0000000000
105877  -42.377  13.429  42.715 0.0000000000
104723  -43.100  12.556  42.269 0.0000000000
105878  -43.208  13.503  42.057 0.0000000000
106931  -43.351  14.448  41.754 0.0000000000
107937  -42.398  15.265  42.509 0.0000000000
108993  -41.544  16.406  43.179 0.0000000000
107929  -39.137  15.722  44.475 0.0000000000
108987  -39.202  16.181  44.156 0.0000000000
111154  -39.699  18.981  43.924 0.0000000000
112164  -40.035  19.456  43.859 0.0000000000
112156  -39.936  19.846  44.485 0.0000000000
113048  -40.349  20.397  44.876 0.0000000000
108075  -58.079  15.303  30.162 0.0000000000
108088  -58.518  15.982  29.633 0.0000000000
109130  -57.791  16.639  28.891 0.0000000000
109142  -57.175  16.701  28.393 0.0000000000
108098  -56.770  16.071  28.469 0.0000000000
107010  -51.918  14.216  36.205 0.0000000000
105975  -52.731  14.119  35.709 0.0000000000
108018  -51.734  15.503  33.992 0.0000000000
108019  -52.563  15.145  34.016 0.0000000000
110130  -50.806  17.257  32.927 0.0000000000
110142  -51.571  17.370  32.431 0.0000000000
110170  -53.303  17.267  31.034 0.0000000000
110154  -52.855  17.360  31.681 0.0000000000
110155  -53.546  17.043  31.327 0.0000000000
109104  -53.750  16.537  31.565 0.0000000000
110171  -53.924  17.084  30.602 0.0000000000
110172  -54.836  16.979  30.558 0.0000000000
110186  -54.468  17.369  30.085 0.0000000000
111315  -54.673  18.263  28.203 0.0000000000
110211  -55.414  17.563  27.888 0.0000000000
109153  -55.834  17.104  27.857 0.0000000000
109165  -55.027  17.374  27.385 0.0000000000
110224  -54.598  17.728  27.346 0.0000000000
110223  -53.723  17.660  26.618 0.0000000000
110222  -52.708  17.494  26.075 0.0000000000
111341  -52.294  18.081  25.683 0.0000000000
111311  -50.394  18.482  27.164 0.0000000000
111339  -50.859  18.998  25.379 0.0000000000
111351  -51.105  18.651  23.973 0.0000000000
111360  -50.063  18.768  23.289 0.0000000000
111359  -48.848  18.663  23.384 0.0000000000
110241  -48.370  18.219  23.582 0.0000000000
110249  -48.128  18.505  23.294 0.0000000000
109001  -44.864  17.101  41.993 0.0000000000
109004  -44.477  16.659  41.457 0.0000000000
110080  -44.891  17.334  41.466 0.0000000000
112189  -45.930  18.784  40.444 0.0000000000
112188  -45.361  18.720  40.234 0.0000000000
112202  -45.412  19.183  39.823 0.0000000000
111195  -44.989  18.728  39.263 0.0000000000
113091  -45.779  19.795  39.454 0.0000000000
112206  -49.116  19.818  40.031 0.0000000000
112205  -48.319  19.677  40.105 0.0000000000
113101  -46.755  20.656  38.452 0.0000000000
113111  -45.888  20.255  37.912 0.0000000000
112232  -45.695  20.038  36.595 0.0000000000
114863  -46.322  22.301  35.801 0.0000000000
113981  -46.113  21.514  35.514 0.0000000000
113989  -46.045  21.525  34.460 0.0000000000
114812  -54.170  22.106  39.271 0.0000000000
114811  -53.640  21.892  39.318 0.0000000000
114824  -53.400  22.352  38.898 0.0000000000
116775  -51.786  24.258  37.049 0.0000000000
116774  -50.850  24.458  37.276 0.0000000000
115792  -50.610  23.645  38.015 0.0000000000
116831  -51.440  25.212  34.368 0.0000000000
116847  -50.659  24.976  33.348 0.0000000000
116845  -48.774  24.382  33.705 0.0000000000
116829  -49.559  24.699  34.506 0.0000000000
116828  -48.566  24.549  34.749 0.0000000000
116827  -47.654  24.309  35.062 0.0000000000
115852  -45.898  23.330  32.092 0.0000000000
114879  -45.987  23.036  33.284 0.0000000000
114884  -45.614  22.667  32.567 0.0000000000
114004  -45.357  21.661  32.426 0.0000000000
113155  -45.822  20.781  31.485 0.0000000000
114009  -45.474  21.505  31.597 0.0000000000
113166  -45.480  20.502  29.362 0.0000000000
113174  -45.368  20.445  28.172 0.0000000000
115886  -45.967  23.267  28.567 0.0000000000
113189  -45.156  21.234  26.395 0.0000000000
113190  -45.564  20.728  25.977 0.0000000000
113191  -46.205  20.054  26.539 0.0000000000
113199  -46.350  20.059  25.470 0.0000000000
112339  -47.522  19.869  24.667 0.0000000000
113208  -46.895  20.191  24.351 0.0000000000
113215  -46.137  20.197  22.977 0.0000000000
112349  -45.960  19.585  23.059 0.0000000000
111357  -46.710  18.881  23.059 0.0000000000
112338  -45.478  19.370  23.684 0.0000000000
115916  -45.608  24.544  24.051 0.0000000000
114932  -44.661  23.464  24.527 0.0000000000
115914  -44.341  23.894  24.581 0.0000000000
114918  -43.617  22.817  25.824 0.0000000000
118841  -51.853  26.108  28.397 0.0000000000
118853  -51.037  26.126  27.981 0.0000000000
118840  -50.580  26.664  28.492 0.0000000000
119775  -49.330  26.994  28.969 0.0000000000
119756  -48.420  27.433  30.554 0.0000000000
118822  -45.931  26.452  29.050 0.0000000000
117877  -44.743  25.126  28.508 0.0000000000
115876  -42.661  22.992  29.896 0.0000000000
115868  -42.876  23.662  30.467 0.0000000000
116875  -42.594  24.551  32.050 0.0000000000
118781  -42.772  26.439  32.884 0.0000000000
117821  -41.855  25.537  33.456 0.0000000000
121228  -48.409  30.014  35.468 0.0000000000
120499  -47.991  29.006  35.490 0.0000000000
121226  -46.493  29.658  35.939 0.0000000000
106946  -44.378  14.278  40.375 0.0000000000
106953  -44.526  14.703  39.661 0.0000000000
106952  -44.008  15.216  39.907 0.0000000000
107947  -43.989  15.768  40.319 0.0000000000
109010  -44.403  16.580  40.443 0.0000000000
120527  -58.094  27.809  34.810 0.0000000000
120508  -58.095  28.078  35.577 0.0000000000
121238  -58.228  28.876  35.812 0.0000000000
121220  -58.206  29.599  36.467 0.0000000000
109150  -53.938  15.840  27.131 0.0000000000
113887  -43.453  21.308  46.383 0.0000000000
101021  -53.450  9.859  44.940 0.0000000000
101020  -52.493  9.510  44.699 0.0000000000
99878  -51.420  8.954  44.852 0.0000000000
99876  -49.991  8.676  45.421 0.0000000000
105832  -38.932  13.478  46.015 0.0000000000
107013  -55.580  13.986  36.616 0.0000000000
107012  -54.637  14.001  36.078 0.0000000000
107029  -54.525  14.374  35.444 0.0000000000
107028  -53.424  14.295  35.463 0.0000000000
111236  -48.163  19.024  33.741 0.0000000000
112267  -48.963  19.332  32.574 0.0000000000
111243  -48.707  18.702  32.036 0.0000000000
111252  -48.316  18.804  31.169 0.0000000000
112275  -47.379  19.008  30.909 0.0000000000
113161  -46.261  19.772  30.908 0.0000000000
112186  -51.754  19.712  41.389 0.0000000000
112194  -51.189  19.731  41.029 0.0000000000
112195  -51.900  19.889  40.862 0.0000000000
113949  -51.743  21.388  39.288 0.0000000000
116900  -52.642  24.574  29.982 0.0000000000
116899  -51.554  24.668  30.096 0.0000000000
116914  -50.033  24.637  29.250 0.0000000000
116953  -48.533  25.017  26.560 0.0000000000
117891  -48.879  25.295  26.897 0.0000000000
118851  -48.763  25.962  27.126 0.0000000000
119737  -49.357  27.111  32.965 0.0000000000
119715  -48.718  27.381  33.582 0.0000000000
119714  -47.786  27.592  33.360 0.0000000000
120532  -47.225  28.068  34.026 0.0000000000
105927  -49.635  13.528  38.294 0.0000000000
105948  -50.033  13.846  37.953 0.0000000000
106970  -48.311  14.216  37.614 0.0000000000
109018  -45.861  16.098  37.744 0.0000000000
109026  -46.093  16.140  37.040 0.0000000000
114806  -56.721  22.462  40.199 0.0000000000
114815  -57.256  22.498  39.301 0.0000000000
114828  -57.644  22.630  38.513 0.0000000000
114854  -57.331  22.923  36.853 0.0000000000
116838  -58.372  24.527  34.019 0.0000000000
115837  -57.896  23.814  34.527 0.0000000000
116854  -57.724  24.646  32.882 0.0000000000
116869  -56.080  24.697  31.884 0.0000000000
116888  -56.383  24.638  30.932 0.0000000000
116921  -56.155  24.752  29.974 0.0000000000
118828  -55.710  25.592  29.579 0.0000000000
119699  -55.082  27.545  34.342 0.0000000000
118761  -55.272  26.717  33.947 0.0000000000
119721  -54.326  27.114  34.147 0.0000000000
119719  -52.388  27.060  34.002 0.0000000000
119697  -52.995  27.903  34.688 0.0000000000
119681  -52.912  28.375  35.130 0.0000000000
110221  -50.207  17.463  25.316 0.0000000000
111159  -43.105  18.392  42.603 0.0000000000
111160  -43.822  18.092  42.539 0.0000000000
112171  -43.793  19.387  42.381 0.0000000000
112168  -44.223  19.952  42.523 0.0000000000
114753  -45.385  22.495  44.816 0.0000000000
113909  -45.384  22.200  44.136 0.0000000000
114769  -46.605  22.462  43.734 0.0000000000
114770  -47.416  22.514  43.531 0.0000000000
113924  -48.618  21.416  42.473 0.0000000000
114786  -48.381  22.218  42.948 0.0000000000
114773  -49.692  22.721  43.346 0.0000000000
114774  -50.520  22.620  43.192 0.0000000000
115710  -52.830  23.531  46.582 0.0000000000
115721  -52.557  23.383  45.560 0.0000000000
115722  -53.566  23.511  45.713 0.0000000000
115733  -54.282  23.140  44.850 0.0000000000
114761  -54.912  23.173  44.453 0.0000000000
114762  -55.579  23.139  44.235 0.0000000000
106995  -57.673  14.403  37.732 0.0000000000
105932  -56.412  13.551  38.729 0.0000000000
102266  -55.461  11.244  41.679 0.0000000000
103526  -55.771  11.853  40.275 0.0000000000
102276  -54.504  10.970  40.460 0.0000000000
102282  -53.992  10.845  39.969 0.0000000000
103536  -52.477  11.768  39.281 0.0000000000
103522  -51.906  10.972  39.959 0.0000000000
101048  -49.207  9.505  42.546 0.0000000000
101059  -49.599  9.883  41.865 0.0000000000
102247  -48.493  9.990  42.109 0.0000000000
102259  -48.036  10.442  41.618 0.0000000000
103504  -47.454  11.071  41.180 0.0000000000
104732  -46.638  11.929  40.937 0.0000000000
103503  -46.490  11.285  41.265 0.0000000000
105819  -44.597  13.558  47.786 0.0000000000
105820  -45.531  13.381  47.732 0.0000000000
105840  -46.749  13.020  47.158 0.0000000000
104687  -47.348  12.539  47.190 0.0000000000
100980  -47.997  9.458  46.296 0.0000000000
102194  -47.069  10.659  46.325 0.0000000000
102208  -45.274  10.580  45.675 0.0000000000
104722  -42.416  12.327  42.731 0.0000000000
106929  -42.031  14.500  42.782 0.0000000000
108992  -40.500  16.534  43.570 0.0000000000
110191  -58.961  17.083  29.359 0.0000000000
110174  -56.741  17.282  30.213 0.0000000000
110189  -56.924  17.472  29.285 0.0000000000
108003  -51.351  15.239  34.828 0.0000000000
108035  -51.443  16.168  33.504 0.0000000000
111256  -51.684  17.834  31.705 0.0000000000
111270  -52.718  17.499  30.834 0.0000000000
111286  -53.789  17.409  29.815 0.0000000000
111300  -53.777  18.305  28.973 0.0000000000
111331  -54.353  18.186  27.617 0.0000000000
111310  -49.255  18.503  27.092 0.0000000000
112320  -50.191  19.138  25.218 0.0000000000
112331  -50.754  19.179  24.528 0.0000000000
112343  -50.851  19.236  23.843 0.0000000000
112330  -49.743  19.361  24.674 0.0000000000
112341  -49.066  19.509  24.054 0.0000000000
111169  -45.604  18.094  41.428 0.0000000000
113103  -48.751  20.965  38.956 0.0000000000
113102  -47.804  20.908  38.902 0.0000000000
113955  -48.011  21.616  38.355 0.0000000000
113968  -47.548  22.156  37.905 0.0000000000
113967  -46.790  21.739  37.740 0.0000000000
114852  -46.435  22.569  36.832 0.0000000000
115820  -46.868  22.967  35.980 0.0000000000
115795  -53.440  23.642  37.664 0.0000000000
116776  -52.754  24.196  37.014 0.0000000000
116795  -52.097  24.650  36.227 0.0000000000
116862  -48.980  24.391  32.651 0.0000000000
116861  -48.022  24.030  32.905 0.0000000000
115854  -46.982  23.918  33.346 0.0000000000
115862  -45.779  23.217  31.479 0.0000000000
114897  -45.619  22.105  31.005 0.0000000000
115870  -45.965  22.939  30.808 0.0000000000
114903  -45.390  22.274  30.272 0.0000000000
114908  -45.299  22.359  29.196 0.0000000000
114920  -45.105  22.522  26.576 0.0000000000
114055  -45.515  20.575  23.317 0.0000000000
113214  -45.465  20.273  23.121 0.0000000000
113206  -44.795  20.349  23.527 0.0000000000
114048  -44.714  20.890  24.106 0.0000000000
116958  -44.360  24.638  24.852 0.0000000000
117908  -44.204  25.114  25.565 0.0000000000
116948  -43.894  24.583  25.891 0.0000000000
119754  -46.358  27.197  30.221 0.0000000000
117853  -45.311  26.239  29.920 0.0000000000
117865  -44.717  25.274  29.363 0.0000000000
117852  -45.043  25.969  30.137 0.0000000000
115860  -43.125  23.980  30.968 0.0000000000
117842  -43.551  25.531  31.476 0.0000000000
117833  -43.591  25.992  32.174 0.0000000000
119710  -43.537  27.536  33.051 0.0000000000
119708  -42.120  26.790  33.647 0.0000000000
118767  -41.860  26.338  33.893 0.0000000000
106955  -46.306  14.187  38.689 0.0000000000
106967  -45.717  14.995  38.288 0.0000000000
107952  -45.386  15.334  38.559 0.0000000000
107955  -45.804  15.616  38.165 0.0000000000
109017  -45.292  16.402  38.103 0.0000000000
110100  -45.047  17.483  37.911 0.0000000000
115799  -58.455  23.687  37.691 0.0000000000
115798  -57.961  24.200  38.118 0.0000000000
116782  -59.300  24.056  36.683 0.0000000000
117804  -57.947  25.719  35.802 0.0000000000
117805  -58.431  25.226  35.593 0.0000000000
117827  -58.324  25.454  33.511 0.0000000000
117837  -58.223  25.398  32.823 0.0000000000
118792  -57.347  25.788  32.335 0.0000000000
118791  -56.866  25.922  32.114 0.0000000000
118776  -57.384  26.181  32.867 0.0000000000
119723  -56.914  26.857  33.355 0.0000000000
121243  -55.586  29.630  34.731 0.0000000000
113050  -42.114  20.871  44.017 0.0000000000
113906  -42.882  21.354  44.361 0.0000000000
113899  -44.315  22.199  45.445 0.0000000000
114744  -45.076  22.445  45.438 0.0000000000
102250  -54.133  9.930  42.942 0.0000000000
102248  -52.302  9.796  42.381 0.0000000000
101062  -51.638  9.471  42.351 0.0000000000
101037  -51.582  9.040  43.633 0.0000000000
101036  -50.922  8.844  43.300 0.0000000000
101049  -50.376  9.168  42.769 0.0000000000
102235  -47.320  9.670  42.820 0.0000000000
103402  -43.524  11.669  48.790 0.0000000000
104638  -43.835  12.711  48.486 0.0000000000
104637  -42.943  12.555  48.160 0.0000000000
105793  -43.271  13.440  48.109 0.0000000000
105836  -43.575  13.381  47.567 0.0000000000
106921  -40.462  14.625  44.193 0.0000000000
106920  -39.521  15.120  44.578 0.0000000000
106919  -39.033  15.324  44.714 0.0000000000
106912  -38.858  14.889  45.056 0.0000000000
107922  -38.656  15.678  44.802 0.0000000000
109058  -49.141  16.727  34.270 0.0000000000
109059  -49.883  16.505  33.807 0.0000000000
110121  -49.368  17.035  33.736 0.0000000000
110140  -50.359  18.167  32.668 0.0000000000
111245  -49.948  18.712  32.486 0.0000000000
111246  -50.840  18.221  32.277 0.0000000000
111255  -50.806  18.411  31.489 0.0000000000
111283  -50.813  18.412  29.470 0.0000000000
111295  -48.468  18.601  28.032 0.0000000000
111294  -47.662  18.921  27.785 0.0000000000
111308  -47.622  19.077  26.976 0.0000000000
111173  -49.015  18.809  42.181 0.0000000000
112183  -48.724  18.819  41.609 0.0000000000
112192  -49.209  19.286  40.856 0.0000000000
113085  -50.432  20.167  40.539 0.0000000000
113095  -49.600  20.470  39.665 0.0000000000
113104  -49.474  21.105  39.036 0.0000000000
113956  -48.988  21.548  38.686 0.0000000000
114820  -49.154  22.188  38.594 0.0000000000
114839  -49.247  23.005  38.466 0.0000000000
116833  -53.748  24.987  34.092 0.0000000000
116832  -52.565  24.884  34.231 0.0000000000
116864  -50.874  24.558  32.353 0.0000000000
116883  -51.173  24.681  31.244 0.0000000000
116882  -50.029  24.659  31.438 0.0000000000
117843  -48.854  24.775  31.337 0.0000000000
117854  -48.499  24.988  31.071 0.0000000000
115887  -46.779  24.330  27.892 0.0000000000
116928  -47.868  24.500  27.780 0.0000000000
115909  -45.501  23.785  24.482 0.0000000000
115910  -46.188  24.640  24.066 0.0000000000
116970  -46.285  25.064  23.929 0.0000000000
116951  -47.220  25.067  25.497 0.0000000000
116960  -46.254  25.278  24.364 0.0000000000
117901  -45.887  25.192  25.611 0.0000000000
117890  -46.409  25.657  26.848 0.0000000000
119758  -50.034  26.907  30.449 0.0000000000
118811  -50.023  26.741  30.854 0.0000000000
119748  -49.130  27.064  31.294 0.0000000000
119747  -48.528  27.294  31.523 0.0000000000
118783  -48.759  26.921  31.961 0.0000000000
120513  -44.428  28.040  34.830 0.0000000000
105949  -51.729  13.833  37.097 0.0000000000
106992  -51.199  14.159  37.406 0.0000000000
107009  -51.294  14.353  36.572 0.0000000000
107025  -49.874  15.082  35.737 0.0000000000
108001  -49.425  15.626  35.225 0.0000000000
106969  -47.673  14.324  37.753 0.0000000000
107967  -47.728  15.510  36.884 0.0000000000
107968  -48.209  15.326  36.595 0.0000000000
107984  -48.505  15.429  36.099 0.0000000000
108000  -48.631  15.810  35.520 0.0000000000
109046  -48.804  16.238  34.881 0.0000000000
110127  -48.020  18.398  33.872 0.0000000000
111235  -47.829  18.587  34.052 0.0000000000
111231  -47.793  19.461  33.998 0.0000000000
113134  -47.029  20.297  33.735 0.0000000000
113941  -53.910  21.371  40.272 0.0000000000
113952  -54.481  22.029  39.600 0.0000000000
114825  -54.478  22.528  38.709 0.0000000000
114814  -56.178  22.474  39.216 0.0000000000
115777  -54.713  22.907  38.176 0.0000000000
115796  -54.847  23.522  37.415 0.0000000000
116816  -54.454  24.715  35.290 0.0000000000
114856  -58.362  22.906  37.282 0.0000000000
115811  -58.202  23.143  36.367 0.0000000000
115810  -57.240  23.319  36.139 0.0000000000
115823  -56.946  23.720  35.077 0.0000000000
115822  -56.171  24.011  35.389 0.0000000000
116817  -55.491  24.435  35.250 0.0000000000
117823  -54.059  24.850  33.552 0.0000000000
116850  -53.809  24.640  32.995 0.0000000000
116885  -53.330  24.466  30.939 0.0000000000
117882  -51.559  25.565  28.479 0.0000000000
118825  -52.965  26.347  29.009 0.0000000000
118813  -51.692  26.669  30.250 0.0000000000
118801  -51.475  26.756  31.293 0.0000000000
118789  -54.670  26.310  31.894 0.0000000000
118786  -51.112  26.562  32.301 0.0000000000
118770  -50.810  26.772  33.174 0.0000000000
119718  -51.363  27.175  33.889 0.0000000000
119717  -50.406  27.186  33.790 0.0000000000
119694  -50.010  27.822  34.417 0.0000000000
107940  -44.339  15.972  41.760 0.0000000000
110077  -45.072  17.672  42.224 0.0000000000
110082  -45.759  18.006  42.152 0.0000000000
111164  -47.460  18.959  42.280 0.0000000000
113060  -44.731  20.572  42.827 0.0000000000
113061  -45.586  20.946  42.982 0.0000000000
111165  -48.388  19.106  42.371 0.0000000000
111166  -49.106  19.174  42.440 0.0000000000
111167  -49.502  19.243  42.386 0.0000000000
112179  -50.709  19.414  42.247 0.0000000000
113925  -49.508  21.211  42.525 0.0000000000
113073  -50.660  20.091  42.508 0.0000000000
113074  -51.542  20.007  42.332 0.0000000000
113075  -52.284  20.482  42.044 0.0000000000
113076  -52.887  20.733  42.006 0.0000000000
114749  -49.559  23.215  45.149 0.0000000000
115729  -50.504  23.415  44.486 0.0000000000
115743  -50.925  23.092  43.844 0.0000000000
115731  -52.197  23.163  44.563 0.0000000000
115744  -51.653  23.130  43.893 0.0000000000
114776  -52.372  22.752  43.557 0.0000000000
114791  -52.729  21.852  42.953 0.0000000000
113930  -53.682  21.261  42.166 0.0000000000
113931  -54.670  21.596  41.863 0.0000000000
113932  -55.277  22.050  41.531 0.0000000000
114799  -56.010  22.238  41.596 0.0000000000
114795  -56.751  22.627  42.043 0.0000000000
114800  -56.605  22.433  41.141 0.0000000000
114801  -57.424  22.769  40.920 0.0000000000
115762  -57.905  22.976  40.599 0.0000000000
115767  -57.891  23.345  39.786 0.0000000000
115756  -56.893  23.633  41.153 0.0000000000
107014  -56.532  14.644  36.849 0.0000000000
105967  -55.081  13.584  37.094 0.0000000000
104762  -56.363  12.906  39.542 0.0000000000
104777  -56.076  12.978  39.093 0.0000000000
103539  -55.293  11.995  39.679 0.0000000000
104760  -55.238  12.326  39.164 0.0000000000
104776  -55.685  12.879  38.615 0.0000000000
104793  -54.658  12.813  37.944 0.0000000000
104792  -53.784  12.815  37.704 0.0000000000
104791  -53.203  12.977  37.556 0.0000000000
105930  -52.251  13.154  37.989 0.0000000000
105911  -51.639  13.100  38.526 0.0000000000
105910  -51.103  13.156  38.724 0.0000000000
105909  -50.129  13.123  38.903 0.0000000000
102271  -49.612  10.704  40.968 0.0000000000
104743  -49.025  12.093  40.055 0.0000000000
104753  -46.787  12.838  39.693 0.0000000000
105895  -45.959  13.138  39.988 0.0000000000
105894  -44.968  13.499  40.370 0.0000000000
106937  -44.398  13.925  40.725 0.0000000000
100969  -51.897  9.848  47.098 0.0000000000
106853  -49.476  14.221  50.561 0.0000000000
105782  -49.030  13.589  49.527 0.0000000000
104624  -46.729  12.814  49.500 0.0000000000
105796  -46.027  13.271  48.358 0.0000000000
105780  -46.549  13.026  48.816 0.0000000000
104625  -47.566  13.004  49.586 0.0000000000
104626  -48.224  13.006  49.300 0.0000000000
105800  -49.423  13.217  49.264 0.0000000000
104644  -49.628  12.682  49.091 0.0000000000
104645  -50.634  12.601  48.854 0.0000000000
103406  -49.999  11.891  48.297 0.0000000000
103425  -49.238  11.595  47.848 0.0000000000
102166  -50.556  11.160  47.929 0.0000000000
102181  -51.298  10.574  47.686 0.0000000000
100968  -50.990  9.708  47.053 0.0000000000
100983  -50.819  9.604  46.125 0.0000000000
100999  -50.086  9.155  45.694 0.0000000000
99874  -48.340  8.797  45.969 0.0000000000
100998  -48.586  8.818  45.019 0.0000000000
101046  -46.345  9.581  42.914 0.0000000000
103460  -44.391  11.252  45.806 0.0000000000
102207  -44.576  10.654  45.300 0.0000000000
100994  -44.871  10.028  44.963 0.0000000000
101013  -44.501  9.967  44.183 0.0000000000
101014  -45.440  9.783  44.194 0.0000000000
101045  -45.802  9.721  42.703 0.0000000000
108995  -43.095  16.562  43.037 0.0000000000
108997  -42.140  15.958  42.720 0.0000000000
108994  -42.450  16.545  43.006 0.0000000000
110074  -42.695  17.852  42.746 0.0000000000
107931  -40.379  15.339  43.753 0.0000000000
107933  -40.116  15.868  43.513 0.0000000000
111155  -40.264  18.494  43.822 0.0000000000
112165  -40.959  19.628  43.630 0.0000000000
113057  -41.663  20.405  43.493 0.0000000000
113049  -41.217  20.759  44.441 0.0000000000
113042  -40.146  20.099  45.685 0.0000000000
113032  -40.982  20.209  46.479 0.0000000000
113885  -41.688  20.749  46.272 0.0000000000
108073  -56.524  15.362  29.435 0.0000000000
109131  -58.641  16.637  29.254 0.0000000000
108086  -57.094  15.660  29.008 0.0000000000
108085  -56.451  15.523  28.817 0.0000000000
108097  -55.843  15.773  28.362 0.0000000000
109140  -55.651  16.391  28.055 0.0000000000
105976  -53.000  13.858  35.825 0.0000000000
107040  -53.099  14.707  34.475 0.0000000000
107039  -52.489  14.951  34.695 0.0000000000
107052  -53.715  14.810  33.933 0.0000000000
109060  -50.605  16.427  33.579 0.0000000000
109074  -51.036  16.686  33.236 0.0000000000
109075  -51.708  16.638  32.835 0.0000000000
109091  -53.278  16.534  31.974 0.0000000000
109105  -54.744  16.426  31.378 0.0000000000
110173  -55.792  17.272  30.401 0.0000000000
110188  -56.004  17.551  29.584 0.0000000000
111302  -55.378  17.909  28.839 0.0000000000
110200  -55.920  17.696  28.736 0.0000000000
110212  -56.094  17.229  28.027 0.0000000000
108107  -55.308  16.028  27.939 0.0000000000
109151  -54.303  16.248  27.343 0.0000000000
111328  -51.253  18.699  26.190 0.0000000000
110235  -52.075  17.797  25.387 0.0000000000
110233  -50.560  17.684  24.550 0.0000000000
110242  -50.135  17.744  23.990 0.0000000000
111349  -49.916  18.163  23.580 0.0000000000
110232  -49.709  17.766  24.598 0.0000000000
110231  -48.695  17.879  24.588 0.0000000000
109003  -43.985  16.213  41.253 0.0000000000
110089  -44.535  17.381  39.916 0.0000000000
110085  -45.209  17.703  41.257 0.0000000000
111176  -44.679  18.032  40.236 0.0000000000
111186  -44.681  18.108  39.540 0.0000000000
111204  -44.895  18.249  38.548 0.0000000000
111205  -45.013  18.548  38.353 0.0000000000
112204  -47.319  19.497  40.079 0.0000000000
113092  -46.568  20.040  39.415 0.0000000000
112222  -45.460  19.506  37.903 0.0000000000
112231  -45.549  19.410  36.988 0.0000000000
113142  -46.340  20.469  33.243 0.0000000000
113950  -52.963  21.592  39.450 0.0000000000
113959  -51.966  21.985  38.873 0.0000000000
115775  -52.918  23.168  38.354 0.0000000000
115774  -51.912  23.334  38.327 0.0000000000
114822  -51.098  22.899  38.598 0.0000000000
114841  -50.629  23.245  38.377 0.0000000000
115791  -49.553  23.659  37.916 0.0000000000
116772  -48.856  24.218  37.349 0.0000000000
116813  -51.400  25.182  35.361 0.0000000000
116830  -50.456  25.117  34.318 0.0000000000
116812  -50.430  25.067  35.296 0.0000000000
116793  -50.111  24.819  36.437 0.0000000000
116792  -49.097  24.662  36.560 0.0000000000
116791  -48.205  24.412  36.659 0.0000000000
116809  -47.548  24.293  36.027 0.0000000000
115835  -47.067  23.697  35.454 0.0000000000
115834  -46.313  23.010  34.932 0.0000000000
115845  -46.133  23.300  33.839 0.0000000000
114870  -45.846  22.451  34.359 0.0000000000
113988  -45.680  22.034  33.987 0.0000000000
113141  -45.627  21.100  32.891 0.0000000000
113150  -46.162  20.415  32.215 0.0000000000
114014  -45.558  21.391  30.784 0.0000000000
112300  -46.546  19.641  27.878 0.0000000000
112308  -47.262  19.471  26.737 0.0000000000
114032  -44.975  21.609  28.136 0.0000000000
114914  -44.739  22.169  27.277 0.0000000000
114031  -44.723  21.577  27.537 0.0000000000
113173  -44.826  20.937  27.768 0.0000000000
113181  -45.635  20.267  27.137 0.0000000000
112316  -46.852  19.674  26.202 0.0000000000
112317  -47.592  19.416  25.967 0.0000000000
113209  -47.500  19.962  24.277 0.0000000000
113216  -47.045  20.167  23.591 0.0000000000
111358  -47.634  18.741  23.146 0.0000000000
111347  -47.314  18.512  23.281 0.0000000000
114037  -43.538  21.742  25.696 0.0000000000
118850  -47.926  26.344  26.945 0.0000000000
117879  -46.115  25.427  27.664 0.0000000000
119764  -47.341  27.118  29.390 0.0000000000
119773  -47.379  26.791  28.473 0.0000000000
118836  -46.441  26.034  28.126 0.0000000000
117888  -44.749  25.225  27.633 0.0000000000
116926  -44.168  24.922  28.197 0.0000000000
115885  -43.072  23.791  28.534 0.0000000000
116909  -43.848  24.546  29.075 0.0000000000
115884  -42.711  23.002  29.023 0.0000000000
115859  -42.457  23.483  31.393 0.0000000000
119742  -43.907  26.983  31.435 0.0000000000
119730  -43.099  26.870  32.669 0.0000000000
118782  -43.319  26.471  32.383 0.0000000000
117832  -42.758  25.556  32.511 0.0000000000
118759  -41.324  26.324  34.290 0.0000000000
121234  -54.805  29.911  35.138 0.0000000000
120503  -52.139  29.282  35.111 0.0000000000
120502  -51.104  29.308  35.356 0.0000000000
121983  -49.833  31.083  35.431 0.0000000000
121229  -49.460  30.188  35.352 0.0000000000
120498  -46.966  28.860  35.557 0.0000000000
99851  -52.042  9.769  46.905 0.0000000000
99852  -52.273  9.821  46.857 0.0000000000
99862  -48.676  8.732  46.290 0.0000000000
99864  -49.837  9.025  45.793 0.0000000000
99865  -51.958  9.689  46.696 0.0000000000
99875  -48.902  8.590  45.537 0.0000000000
99877  -50.971  8.672  45.137 0.0000000000
99889  -48.875  8.713  44.889 0.0000000000
99900  -49.465  8.893  43.667 0.0000000000
99908  -49.335  9.129  43.193 0.0000000000
100970  -52.456  9.992  47.082 0.0000000000
100985  -52.738  9.861  46.559 0.0000000000
101017  -48.562  8.974  44.349 0.0000000000
101019  -51.835  9.136  44.468 0.0000000000
101033  -46.891  9.416  43.244 0.0000000000
101053  -53.507  9.825  43.567 0.0000000000
102167  -51.074  11.150  48.064 0.0000000000
102178  -48.712  11.460  47.383 0.0000000000
102234  -46.995  9.606  42.812 0.0000000000
102283  -54.405  11.220  39.815 0.0000000000
103404  -48.742  12.186  48.382 0.0000000000
103461  -45.032  11.141  46.021 0.0000000000
103524  -53.549  10.877  39.969 0.0000000000
103533  -49.733  11.774  39.710 0.0000000000
104627  -49.881  13.025  49.330 0.0000000000
104628  -50.204  13.012  49.278 0.0000000000
104640  -45.616  13.014  48.709 0.0000000000
104641  -47.067  12.876  48.961 0.0000000000
104665  -43.220  13.448  47.792 0.0000000000
104667  -48.170  12.336  47.809 0.0000000000
104688  -47.806  12.359  47.500 0.0000000000
104734  -56.764  12.367  41.295 0.0000000000
104772  -52.015  13.020  38.350 0.0000000000
105783  -49.913  13.437  49.426 0.0000000000
105817  -43.113  13.594  47.936 0.0000000000
105818  -43.637  13.558  47.874 0.0000000000
105837  -44.135  13.337  47.363 0.0000000000
105839  -46.004  13.000  47.214 0.0000000000
105869  -42.068  12.856  43.026 0.0000000000
105896  -46.495  12.924  39.782 0.0000000000
105912  -56.872  13.349  39.575 0.0000000000
105964  -52.424  13.910  36.274 0.0000000000
106914  -40.405  14.387  44.818 0.0000000000
106972  -51.420  13.974  37.678 0.0000000000
107006  -48.514  15.046  36.478 0.0000000000
107024  -49.373  15.286  35.800 0.0000000000
107051  -53.297  14.912  33.934 0.0000000000
107943  -44.145  16.112  41.464 0.0000000000
108020  -53.064  14.994  33.960 0.0000000000
108034  -50.970  16.284  33.601 0.0000000000
108061  -53.549  16.246  31.930 0.0000000000
108105  -54.257  15.501  27.152 0.0000000000
108990  -38.978  16.662  44.068 0.0000000000
109005  -44.864  17.181  41.751 0.0000000000
109090  -52.766  16.795  32.215 0.0000000000
109117  -55.561  16.801  31.045 0.0000000000
109121  -58.831  16.279  29.667 0.0000000000
109132  -59.111  16.847  29.326 0.0000000000
110072  -42.796  16.945  43.156 0.0000000000
110078  -45.700  18.170  42.338 0.0000000000
110141  -50.780  17.809  32.647 0.0000000000
110152  -50.425  18.442  31.279 0.0000000000
110153  -52.136  17.449  31.894 0.0000000000
110168  -50.422  18.334  30.969 0.0000000000
110169  -50.654  18.406  31.105 0.0000000000
110176  -58.723  17.261  29.858 0.0000000000
110177  -59.243  17.063  29.848 0.0000000000
110192  -59.245  16.977  29.488 0.0000000000
110199  -55.463  17.807  29.193 0.0000000000
110202  -57.497  17.014  28.615 0.0000000000
110225  -55.019  17.578  27.540 0.0000000000
110244  -50.995  18.199  23.923 0.0000000000
110248  -47.814  18.404  23.327 0.0000000000
111174  -49.536  18.999  42.291 0.0000000000
111177  -45.309  18.239  40.702 0.0000000000
111194  -44.850  18.181  38.841 0.0000000000
111264  -47.120  18.823  29.775 0.0000000000
111287  -54.580  17.673  29.701 0.0000000000
111337  -49.286  17.891  24.204 0.0000000000
111338  -49.634  17.835  23.937 0.0000000000
111350  -50.662  18.392  23.566 0.0000000000
111361  -50.756  18.834  23.485 0.0000000000
111362  -51.028  18.903  23.646 0.0000000000
112163  -39.701  19.279  44.287 0.0000000000
112167  -43.890  19.938  42.478 0.0000000000
112177  -49.359  19.653  42.448 0.0000000000
112178  -49.958  19.433  42.307 0.0000000000
112181  -47.196  18.635  41.455 0.0000000000
112301  -47.191  19.426  27.477 0.0000000000
112307  -46.754  19.772  27.065 0.0000000000
112342  -50.122  19.423  23.894 0.0000000000
112344  -51.153  18.969  23.825 0.0000000000
112353  -50.408  19.116  23.525 0.0000000000
112354  -50.870  19.055  23.576 0.0000000000
112355  -51.058  19.121  23.709 0.0000000000
113066  -43.634  19.960  42.470 0.0000000000
113079  -51.881  19.852  41.840 0.0000000000
113143  -46.904  20.225  33.479 0.0000000000
113156  -46.271  20.110  31.504 0.0000000000
113175  -45.945  19.995  27.781 0.0000000000
113205  -44.728  20.680  23.836 0.0000000000
113934  -52.807  20.931  41.116 0.0000000000
113943  -55.596  22.313  40.309 0.0000000000
113944  -56.079  22.366  40.253 0.0000000000
113960  -52.660  22.109  38.994 0.0000000000
113997  -45.640  21.598  33.426 0.0000000000
114024  -44.880  21.139  28.123 0.0000000000
114038  -44.762  21.636  26.678 0.0000000000
114054  -45.222  20.576  23.352 0.0000000000
114732  -51.409  23.248  47.196 0.0000000000
114759  -52.683  23.006  44.187 0.0000000000
114785  -47.895  22.303  43.177 0.0000000000
114796  -57.244  22.754  41.585 0.0000000000
114804  -55.283  22.339  39.944 0.0000000000
114808  -58.258  22.786  39.780 0.0000000000
114817  -58.312  22.938  39.233 0.0000000000
114829  -58.163  22.875  38.560 0.0000000000
114840  -50.195  23.149  38.365 0.0000000000
114844  -57.355  22.740  37.653 0.0000000000
114846  -58.275  23.233  37.823 0.0000000000
114855  -58.038  23.011  37.174 0.0000000000
114885  -45.900  22.903  33.028 0.0000000000
114919  -44.553  22.040  27.010 0.0000000000
114931  -44.497  23.609  24.523 0.0000000000
115701  -52.064  23.247  47.239 0.0000000000
115708  -51.109  23.481  46.191 0.0000000000
115713  -55.974  24.187  46.344 0.0000000000
115718  -50.094  23.511  44.982 0.0000000000
115719  -50.694  23.610  45.325 0.0000000000
115728  -49.870  23.312  44.404 0.0000000000
115741  -49.762  23.074  43.904 0.0000000000
115742  -50.207  23.067  43.843 0.0000000000
115745  -53.297  22.887  44.121 0.0000000000
115757  -57.303  23.286  41.503 0.0000000000
115763  -58.270  22.837  40.116 0.0000000000
115793  -51.462  23.776  37.751 0.0000000000
115800  -59.078  23.923  37.021 0.0000000000
115806  -46.954  23.193  36.830 0.0000000000
115807  -47.395  23.547  36.946 0.0000000000
115812  -58.734  23.331  36.912 0.0000000000
115826  -59.320  23.605  36.324 0.0000000000
115833  -45.959  22.943  34.307 0.0000000000
115844  -45.842  22.855  34.024 0.0000000000
115861  -45.874  23.179  31.044 0.0000000000
115863  -46.293  23.742  31.521 0.0000000000
115869  -46.019  23.175  30.729 0.0000000000
115915  -44.896  23.988  24.309 0.0000000000
115917  -46.017  24.868  23.878 0.0000000000
116714  -56.624  24.453  45.349 0.0000000000
116737  -56.644  23.588  42.169 0.0000000000
116771  -48.041  23.985  37.294 0.0000000000
116781  -58.899  24.162  36.969 0.0000000000
116790  -47.619  24.007  36.748 0.0000000000
116799  -58.433  24.542  36.603 0.0000000000
116800  -59.043  24.421  36.243 0.0000000000
116801  -59.496  23.952  36.229 0.0000000000
116834  -54.766  24.997  34.430 0.0000000000
116872  -58.143  25.216  32.558 0.0000000000
116877  -45.788  23.203  30.913 0.0000000000
116878  -45.872  23.393  31.095 0.0000000000
116879  -45.985  23.611  31.253 0.0000000000
116881  -49.253  24.481  31.781 0.0000000000
116893  -46.023  23.335  30.910 0.0000000000
116894  -46.095  23.564  30.907 0.0000000000
116903  -55.220  24.672  29.999 0.0000000000
116904  -55.998  24.574  30.242 0.0000000000
116905  -56.383  24.850  30.262 0.0000000000
116918  -53.717  25.093  29.677 0.0000000000
116920  -55.842  24.776  29.836 0.0000000000
116927  -47.273  24.516  28.101 0.0000000000
116932  -52.196  25.293  28.701 0.0000000000
116933  -52.492  25.164  28.834 0.0000000000
116943  -49.271  24.839  27.782 0.0000000000
116959  -44.747  25.004  24.532 0.0000000000
116967  -44.621  24.332  24.404 0.0000000000
116969  -45.741  25.076  23.930 0.0000000000
117802  -50.911  25.414  34.994 0.0000000000
117803  -51.189  25.388  34.829 0.0000000000
117810  -41.562  25.908  34.045 0.0000000000
117811  -50.672  25.281  34.797 0.0000000000
117813  -54.351  25.101  33.807 0.0000000000
117824  -54.433  24.812  33.353 0.0000000000
117825  -54.977  24.860  33.266 0.0000000000
117826  -58.018  25.820  32.977 0.0000000000
117844  -49.397  24.779  31.255 0.0000000000
117846  -56.258  25.757  30.747 0.0000000000
117856  -49.631  24.773  30.858 0.0000000000
117857  -54.564  25.186  29.739 0.0000000000
117858  -54.805  24.957  29.787 0.0000000000
117859  -56.300  26.095  30.075 0.0000000000
117867  -51.127  25.428  28.721 0.0000000000
117870  -53.990  25.514  29.501 0.0000000000
117871  -55.091  25.233  29.662 0.0000000000
117872  -55.748  25.143  29.670 0.0000000000
117873  -56.179  25.097  29.796 0.0000000000
117884  -53.407  25.782  28.821 0.0000000000
117894  -51.321  25.944  28.053 0.0000000000
117904  -48.392  25.587  26.529 0.0000000000
117910  -45.513  25.213  24.465 0.0000000000
117915  -45.046  25.108  24.401 0.0000000000
117916  -45.301  25.102  24.141 0.0000000000
118769  -50.287  26.907  33.194 0.0000000000
118817  -55.970  26.090  29.607 0.0000000000
118818  -56.140  25.560  29.662 0.0000000000
118821  -45.539  26.418  29.638 0.0000000000
118829  -55.989  25.360  29.633 0.0000000000
118835  -45.663  26.164  28.870 0.0000000000
118843  -53.457  26.029  28.800 0.0000000000
118861  -48.468  25.902  26.638 0.0000000000
119772  -46.852  26.599  28.317 0.0000000000
120521  -53.172  28.404  35.100 0.0000000000
121235  -55.438  30.208  35.003 0.0000000000
121242  -55.013  29.419  34.946 0.0000000000
