#!ascii label  , from subject 3172 vox2ras=TkReg
404
90098  -32.052  -0.672  -8.365 0.0000000000
85213  -26.212  -4.218  -7.456 0.0000000000
83948  -33.798  -5.888  -7.650 0.0000000000
80607  -29.031  -9.123  -6.034 0.0000000000
104139  -30.456  11.934  -7.155 0.0000000000
99315  -33.659  7.513  -8.463 0.0000000000
94692  -28.266  3.472  -9.828 0.0000000000
75012  -27.045  -12.938  -3.392 0.0000000000
82830  -28.013  -6.551  -6.390 0.0000000000
81706  -25.940  -8.019  -4.807 0.0000000000
102867  -31.291  10.003  -7.378 0.0000000000
100503  -28.039  8.256  -9.005 0.0000000000
90093  -27.474  -0.459  -8.836 0.0000000000
92511  -25.479  1.602  -8.824 0.0000000000
92531  -29.247  1.471  -9.345 0.0000000000
94697  -33.386  3.608  -8.417 0.0000000000
92520  -34.790  0.976  -9.203 0.0000000000
88835  -35.903  -1.568  -9.375 0.0000000000
87619  -25.308  -2.456  -7.447 0.0000000000
86469  -29.081  -2.964  -8.616 0.0000000000
86473  -32.631  -3.321  -8.135 0.0000000000
85217  -30.181  -4.694  -8.014 0.0000000000
82833  -30.914  -6.897  -6.661 0.0000000000
79399  -32.021  -9.391  -6.129 0.0000000000
98138  -26.340  6.233  -10.195 0.0000000000
96943  -30.909  5.547  -8.466 0.0000000000
95844  -35.085  4.680  -11.105 0.0000000000
79367  -24.889  -9.529  -3.849 0.0000000000
78070  -28.001  -10.552  -5.018 0.0000000000
82814  -25.745  -6.411  -5.226 0.0000000000
81705  -25.077  -7.750  -4.580 0.0000000000
101654  -27.649  9.132  -8.941 0.0000000000
100501  -26.339  8.300  -9.693 0.0000000000
90095  -29.315  -0.583  -8.966 0.0000000000
91341  -28.875  0.488  -9.184 0.0000000000
91343  -30.488  0.150  -8.856 0.0000000000
92517  -31.993  1.160  -8.531 0.0000000000
91346  -33.633  0.167  -8.592 0.0000000000
91354  -35.147  0.096  -9.727 0.0000000000
90099  -33.190  -0.662  -8.224 0.0000000000
86454  -25.788  -3.409  -7.581 0.0000000000
87621  -27.097  -2.816  -8.174 0.0000000000
86456  -27.652  -3.505  -7.748 0.0000000000
85231  -29.841  -4.040  -8.062 0.0000000000
85215  -28.217  -4.502  -7.760 0.0000000000
81731  -28.759  -7.718  -6.280 0.0000000000
82832  -29.932  -6.639  -6.333 0.0000000000
81732  -29.916  -7.683  -6.229 0.0000000000
80619  -31.539  -8.834  -6.520 0.0000000000
79397  -30.292  -9.710  -6.176 0.0000000000
105343  -27.945  12.585  -7.562 0.0000000000
106468  -26.793  13.376  -7.074 0.0000000000
106488  -28.810  13.260  -7.298 0.0000000000
107487  -30.513  14.211  -7.310 0.0000000000
105347  -32.043  12.623  -7.654 0.0000000000
100486  -33.217  8.323  -8.144 0.0000000000
93607  -27.089  2.698  -9.654 0.0000000000
94689  -25.756  3.705  -9.305 0.0000000000
95841  -27.227  5.123  -10.323 0.0000000000
96955  -27.737  5.840  -9.944 0.0000000000
95832  -29.498  4.488  -9.012 0.0000000000
94700  -35.518  2.831  -9.908 0.0000000000
94698  -34.405  3.945  -8.913 0.0000000000
94717  -35.025  3.358  -12.609 0.0000000000
86461  -33.522  -4.393  -8.201 0.0000000000
86475  -35.143  -3.438  -8.485 0.0000000000
76519  -26.008  -11.874  -3.344 0.0000000000
78057  -25.983  -11.042  -3.556 0.0000000000
78069  -27.213  -10.617  -4.726 0.0000000000
76530  -27.235  -11.622  -4.442 0.0000000000
83929  -26.153  -5.422  -6.282 0.0000000000
83930  -27.213  -5.784  -6.777 0.0000000000
82828  -26.241  -6.152  -5.824 0.0000000000
81717  -27.331  -7.682  -5.619 0.0000000000
80605  -27.555  -8.784  -5.671 0.0000000000
104156  -28.832  11.414  -7.891 0.0000000000
104158  -30.845  10.822  -7.599 0.0000000000
102865  -29.398  10.342  -7.948 0.0000000000
101638  -29.734  9.133  -8.289 0.0000000000
100467  -30.802  7.749  -7.965 0.0000000000
90091  -25.695  -0.173  -8.305 0.0000000000
91339  -27.036  0.556  -8.943 0.0000000000
92529  -27.589  1.748  -9.552 0.0000000000
93609  -28.728  2.537  -9.548 0.0000000000
94694  -30.070  3.608  -8.876 0.0000000000
92534  -32.074  2.043  -8.525 0.0000000000
93599  -34.730  1.850  -8.577 0.0000000000
93616  -35.637  2.016  -10.067 0.0000000000
91359  -36.098  0.048  -11.239 0.0000000000
73660  -27.292  -13.606  -2.775 0.0000000000
73684  -27.936  -13.253  -4.255 0.0000000000
88826  -26.803  -1.387  -8.637 0.0000000000
88827  -27.929  -1.479  -9.010 0.0000000000
87654  -30.007  -2.014  -9.370 0.0000000000
87639  -32.114  -2.428  -8.273 0.0000000000
86471  -30.663  -3.151  -8.328 0.0000000000
85233  -31.174  -3.798  -8.209 0.0000000000
83946  -31.748  -5.554  -7.476 0.0000000000
83958  -29.030  -6.084  -7.965 0.0000000000
82847  -30.115  -6.065  -7.161 0.0000000000
82849  -32.258  -6.583  -7.356 0.0000000000
81735  -33.049  -7.945  -6.789 0.0000000000
80620  -32.635  -8.753  -6.364 0.0000000000
102849  -32.862  11.406  -7.633 0.0000000000
99334  -27.501  7.290  -9.348 0.0000000000
98119  -29.356  6.774  -8.456 0.0000000000
98122  -32.359  6.487  -8.123 0.0000000000
94681  -32.003  4.284  -8.145 0.0000000000
95821  -34.041  5.051  -8.507 0.0000000000
96947  -34.347  6.366  -9.036 0.0000000000
87641  -34.475  -2.579  -8.489 0.0000000000
87642  -35.734  -2.529  -8.969 0.0000000000
81704  -24.244  -7.648  -4.026 0.0000000000
80593  -25.757  -8.746  -4.586 0.0000000000
79370  -27.387  -9.692  -5.011 0.0000000000
78083  -28.567  -10.517  -5.597 0.0000000000
73686  -29.081  -12.698  -4.722 0.0000000000
75033  -29.506  -11.739  -5.210 0.0000000000
78084  -29.505  -10.668  -5.745 0.0000000000
100480  -25.103  8.786  -9.257 0.0000000000
90097  -30.985  -0.693  -8.684 0.0000000000
90096  -30.131  -0.637  -9.116 0.0000000000
91345  -32.576  0.204  -8.459 0.0000000000
83939  -25.491  -4.359  -6.726 0.0000000000
85212  -25.492  -4.042  -7.084 0.0000000000
86455  -26.675  -3.478  -7.734 0.0000000000
85214  -27.184  -4.354  -7.526 0.0000000000
80616  -28.750  -8.567  -6.131 0.0000000000
80617  -29.545  -8.753  -6.266 0.0000000000
80618  -30.553  -8.858  -6.584 0.0000000000
79396  -29.506  -9.510  -6.131 0.0000000000
105344  -28.546  12.176  -7.630 0.0000000000
105361  -28.551  12.711  -7.452 0.0000000000
105363  -30.082  12.513  -7.213 0.0000000000
106490  -30.090  13.249  -7.484 0.0000000000
105345  -30.712  12.341  -7.278 0.0000000000
100487  -34.091  8.441  -8.684 0.0000000000
99336  -34.318  7.680  -9.223 0.0000000000
94691  -27.492  3.543  -9.975 0.0000000000
94690  -26.618  3.649  -9.654 0.0000000000
95828  -26.158  4.540  -9.699 0.0000000000
95830  -27.904  4.324  -10.194 0.0000000000
95843  -28.118  4.951  -10.165 0.0000000000
95831  -28.519  4.501  -9.522 0.0000000000
94718  -35.029  2.689  -11.703 0.0000000000
94708  -35.258  3.627  -11.439 0.0000000000
85220  -33.365  -4.978  -8.028 0.0000000000
85234  -33.906  -4.533  -8.297 0.0000000000
85221  -34.300  -5.107  -8.027 0.0000000000
76520  -26.718  -11.775  -3.791 0.0000000000
75023  -27.316  -12.653  -4.186 0.0000000000
83917  -24.907  -5.485  -5.916 0.0000000000
83918  -25.726  -5.839  -5.793 0.0000000000
81715  -25.684  -7.297  -4.811 0.0000000000
82815  -26.662  -6.849  -5.683 0.0000000000
81716  -26.447  -7.589  -5.215 0.0000000000
80604  -27.047  -8.183  -5.348 0.0000000000
104155  -27.981  11.245  -8.401 0.0000000000
102864  -28.537  10.452  -8.403 0.0000000000
101655  -28.506  9.048  -8.721 0.0000000000
101656  -29.079  9.086  -8.626 0.0000000000
100504  -28.881  8.391  -8.565 0.0000000000
100483  -30.295  8.134  -8.023 0.0000000000
100482  -29.581  8.154  -8.330 0.0000000000
90092  -26.570  -0.282  -8.629 0.0000000000
92514  -29.392  0.744  -9.111 0.0000000000
91352  -28.212  1.112  -9.301 0.0000000000
92530  -28.422  1.744  -9.666 0.0000000000
92532  -30.187  1.756  -8.798 0.0000000000
93610  -29.636  2.586  -9.125 0.0000000000
92533  -31.199  1.910  -8.580 0.0000000000
92519  -34.171  0.975  -8.464 0.0000000000
93598  -33.651  1.841  -8.450 0.0000000000
93600  -35.312  1.706  -9.252 0.0000000000
92535  -35.323  0.983  -9.981 0.0000000000
92541  -35.894  0.964  -10.908 0.0000000000
90101  -35.260  -0.690  -9.125 0.0000000000
90108  -36.097  -0.743  -10.116 0.0000000000
88848  -36.780  -1.418  -9.589 0.0000000000
88806  -24.687  -1.488  -7.505 0.0000000000
88807  -25.760  -1.427  -8.068 0.0000000000
88808  -26.407  -1.917  -8.286 0.0000000000
87622  -27.920  -2.815  -8.202 0.0000000000
87634  -27.475  -2.249  -8.686 0.0000000000
87635  -28.565  -2.454  -8.848 0.0000000000
88845  -29.362  -1.962  -9.318 0.0000000000
87637  -30.112  -2.443  -8.816 0.0000000000
87638  -31.052  -2.370  -8.477 0.0000000000
85232  -30.463  -3.969  -8.273 0.0000000000
85218  -31.215  -4.640  -8.027 0.0000000000
83945  -30.667  -5.399  -7.537 0.0000000000
83931  -27.851  -5.958  -6.997 0.0000000000
82845  -28.407  -6.160  -7.282 0.0000000000
82818  -30.533  -7.164  -6.176 0.0000000000
82848  -31.224  -6.262  -7.256 0.0000000000
82834  -31.699  -7.012  -7.105 0.0000000000
81749  -32.910  -7.166  -6.939 0.0000000000
81734  -31.867  -7.815  -6.687 0.0000000000
80608  -32.541  -9.243  -5.835 0.0000000000
102847  -31.580  10.941  -7.696 0.0000000000
102868  -32.217  10.171  -7.516 0.0000000000
92502  -25.090  1.278  -8.111 0.0000000000
98137  -25.364  6.377  -9.760 0.0000000000
99331  -25.032  7.339  -9.541 0.0000000000
99332  -25.793  7.367  -10.187 0.0000000000
98139  -27.213  6.366  -9.985 0.0000000000
96958  -29.972  5.399  -8.793 0.0000000000
98141  -28.681  6.154  -8.864 0.0000000000
98120  -30.291  6.388  -8.417 0.0000000000
98121  -31.355  6.441  -8.276 0.0000000000
96944  -31.861  5.669  -8.126 0.0000000000
94696  -32.295  3.560  -8.317 0.0000000000
94695  -31.155  3.766  -8.252 0.0000000000
95835  -34.633  4.770  -9.925 0.0000000000
95834  -34.362  4.934  -9.021 0.0000000000
96959  -34.294  5.434  -8.848 0.0000000000
96946  -33.921  5.884  -8.584 0.0000000000
96960  -34.625  5.846  -9.470 0.0000000000
96979  -34.674  5.565  -12.077 0.0000000000
87640  -33.268  -2.538  -8.195 0.0000000000
80578  -24.305  -8.672  -3.717 0.0000000000
80592  -24.897  -8.693  -4.267 0.0000000000
79368  -25.590  -9.586  -4.247 0.0000000000
79369  -26.499  -9.648  -4.623 0.0000000000
79371  -27.996  -9.931  -5.290 0.0000000000
73685  -28.628  -12.992  -4.582 0.0000000000
76544  -29.987  -11.506  -5.430 0.0000000000
82801  -25.094  -6.848  -4.731 0.0000000000
102863  -27.556  10.179  -8.597 0.0000000000
102878  -26.671  9.415  -8.988 0.0000000000
101653  -26.900  8.971  -9.263 0.0000000000
100502  -27.259  8.287  -9.591 0.0000000000
90094  -28.441  -0.536  -8.957 0.0000000000
91340  -27.978  0.401  -8.913 0.0000000000
91342  -29.658  0.166  -8.986 0.0000000000
92515  -29.908  0.875  -8.873 0.0000000000
92516  -30.830  1.001  -8.597 0.0000000000
92518  -33.145  1.011  -8.427 0.0000000000
91347  -34.520  0.141  -8.950 0.0000000000
90100  -34.250  -0.698  -8.632 0.0000000000
88834  -34.918  -1.631  -8.845 0.0000000000
86445  -25.237  -3.309  -6.982 0.0000000000
87620  -26.237  -2.562  -8.009 0.0000000000
86457  -28.748  -3.419  -8.038 0.0000000000
86470  -29.708  -3.294  -8.387 0.0000000000
85216  -29.275  -4.475  -7.755 0.0000000000
81730  -28.040  -7.320  -5.795 0.0000000000
82831  -29.022  -6.830  -6.720 0.0000000000
81733  -30.785  -7.887  -6.659 0.0000000000
79398  -31.279  -9.858  -6.139 0.0000000000
105342  -27.065  12.754  -7.589 0.0000000000
106470  -28.237  13.181  -7.423 0.0000000000
107504  -29.853  13.802  -7.475 0.0000000000
106474  -33.108  13.241  -7.959 0.0000000000
101640  -31.831  9.005  -7.554 0.0000000000
101641  -32.777  9.245  -7.674 0.0000000000
94680  -24.888  3.653  -9.274 0.0000000000
95827  -25.347  4.544  -9.356 0.0000000000
96953  -25.751  5.403  -9.783 0.0000000000
98151  -26.643  5.682  -10.209 0.0000000000
96970  -27.842  5.374  -10.138 0.0000000000
96957  -29.036  5.331  -9.047 0.0000000000
93615  -35.323  2.772  -9.052 0.0000000000
94699  -35.066  3.622  -10.151 0.0000000000
86460  -32.962  -4.184  -7.969 0.0000000000
86474  -33.826  -3.681  -8.274 0.0000000000
85235  -34.716  -4.317  -8.229 0.0000000000
78056  -25.209  -11.084  -3.648 0.0000000000
78067  -25.413  -10.332  -3.820 0.0000000000
78068  -26.431  -10.584  -4.064 0.0000000000
76531  -27.898  -11.494  -4.931 0.0000000000
83928  -25.347  -4.703  -6.418 0.0000000000
83940  -25.909  -4.595  -6.846 0.0000000000
83941  -26.713  -4.982  -7.101 0.0000000000
82829  -26.920  -6.302  -6.189 0.0000000000
82816  -27.402  -6.912  -5.893 0.0000000000
81718  -28.126  -8.190  -5.956 0.0000000000
80606  -28.358  -9.056  -6.100 0.0000000000
104135  -25.593  12.050  -7.962 0.0000000000
104136  -26.545  11.960  -7.936 0.0000000000
104138  -28.160  11.839  -7.856 0.0000000000
104157  -29.998  11.367  -7.411 0.0000000000
102866  -30.349  10.108  -7.636 0.0000000000
101637  -29.012  9.671  -8.616 0.0000000000
101639  -30.784  9.016  -7.676 0.0000000000
100485  -32.072  8.102  -7.787 0.0000000000
99314  -32.969  7.168  -7.778 0.0000000000
92512  -26.360  1.272  -9.219 0.0000000000
91351  -27.601  1.033  -9.160 0.0000000000
92528  -26.715  1.952  -9.361 0.0000000000
93608  -27.950  2.579  -9.940 0.0000000000
94693  -28.976  3.504  -9.116 0.0000000000
93611  -30.596  2.727  -8.571 0.0000000000
93613  -32.845  2.626  -8.466 0.0000000000
93614  -34.173  2.810  -8.435 0.0000000000
93623  -35.441  1.907  -11.317 0.0000000000
92548  -36.030  1.038  -11.975 0.0000000000
92549  -36.171  0.588  -11.887 0.0000000000
91358  -35.684  0.106  -10.518 0.0000000000
74997  -26.777  -13.315  -2.808 0.0000000000
75013  -27.350  -13.745  -3.555 0.0000000000
73683  -27.367  -13.389  -3.965 0.0000000000
88825  -26.210  -0.827  -8.415 0.0000000000
87633  -26.766  -2.233  -8.466 0.0000000000
88828  -29.014  -1.560  -9.168 0.0000000000
88829  -29.764  -1.319  -9.247 0.0000000000
88831  -31.519  -1.556  -8.436 0.0000000000
86472  -31.592  -3.153  -8.172 0.0000000000
86459  -31.982  -3.946  -7.858 0.0000000000
85219  -32.364  -4.800  -7.561 0.0000000000
83947  -32.778  -5.806  -7.723 0.0000000000
83942  -27.728  -5.398  -7.462 0.0000000000
83943  -28.790  -5.630  -7.932 0.0000000000
83944  -29.634  -5.433  -7.646 0.0000000000
82846  -29.206  -6.219  -7.451 0.0000000000
82861  -29.397  -5.933  -7.572 0.0000000000
82850  -33.335  -6.758  -7.298 0.0000000000
82835  -33.422  -7.575  -7.140 0.0000000000
104141  -31.801  11.795  -7.680 0.0000000000
104142  -32.514  11.914  -7.768 0.0000000000
102869  -33.290  10.653  -7.654 0.0000000000
100500  -25.462  8.134  -9.657 0.0000000000
99335  -28.439  7.236  -8.701 0.0000000000
98140  -27.824  6.305  -9.239 0.0000000000
99310  -29.246  7.593  -8.378 0.0000000000
99311  -30.003  7.359  -7.969 0.0000000000
99313  -31.818  7.250  -8.143 0.0000000000
98123  -33.339  6.600  -8.206 0.0000000000
95833  -30.521  4.605  -8.702 0.0000000000
95818  -31.481  4.811  -8.394 0.0000000000
94683  -33.760  4.411  -8.355 0.0000000000
95819  -32.377  4.977  -7.957 0.0000000000
96945  -32.846  5.783  -8.249 0.0000000000
98124  -34.046  6.824  -8.785 0.0000000000
98143  -34.492  6.887  -9.577 0.0000000000
88832  -32.657  -1.570  -8.151 0.0000000000
88833  -33.825  -1.603  -8.316 0.0000000000
80594  -26.766  -8.709  -5.027 0.0000000000
80595  -27.340  -9.150  -5.314 0.0000000000
79382  -28.110  -9.645  -5.814 0.0000000000
79383  -28.954  -9.822  -5.989 0.0000000000
75024  -27.911  -12.446  -4.676 0.0000000000
75025  -28.688  -12.210  -4.979 0.0000000000
76532  -28.571  -11.332  -5.220 0.0000000000
79384  -29.763  -10.039  -5.893 0.0000000000
73672  -27.337  -13.575  -3.642 0.0000000000
74998  -27.306  -13.504  -3.351 0.0000000000
75032  -29.127  -11.800  -5.168 0.0000000000
76543  -29.216  -11.294  -5.418 0.0000000000
79381  -27.651  -9.455  -5.469 0.0000000000
81719  -30.165  -7.523  -6.103 0.0000000000
81720  -30.352  -7.552  -6.261 0.0000000000
81748  -32.342  -7.295  -6.953 0.0000000000
82817  -30.207  -7.255  -5.948 0.0000000000
82836  -33.861  -7.558  -7.325 0.0000000000
82860  -29.155  -6.107  -7.747 0.0000000000
83959  -29.155  -5.899  -7.882 0.0000000000
86458  -29.424  -3.763  -7.927 0.0000000000
87636  -29.364  -2.579  -8.875 0.0000000000
87652  -29.175  -2.188  -9.210 0.0000000000
87653  -29.618  -2.185  -9.253 0.0000000000
88830  -30.473  -1.617  -9.081 0.0000000000
88846  -29.638  -1.817  -9.340 0.0000000000
88847  -29.984  -1.718  -9.360 0.0000000000
91344  -31.469  0.194  -8.556 0.0000000000
91353  -28.699  1.200  -9.430 0.0000000000
91365  -36.228  0.651  -12.091 0.0000000000
91366  -36.264  0.200  -12.017 0.0000000000
91373  -36.397  0.781  -12.329 0.0000000000
92513  -27.068  1.298  -9.263 0.0000000000
92542  -36.112  0.554  -11.608 0.0000000000
93597  -32.735  1.742  -8.490 0.0000000000
93612  -31.661  2.769  -8.397 0.0000000000
94682  -32.852  4.315  -8.268 0.0000000000
94684  -34.173  4.582  -8.650 0.0000000000
94709  -35.415  2.785  -10.742 0.0000000000
95820  -33.352  5.068  -8.100 0.0000000000
95829  -27.042  4.597  -10.162 0.0000000000
95842  -27.613  4.992  -10.326 0.0000000000
96954  -26.456  5.302  -10.129 0.0000000000
96956  -28.260  5.501  -9.619 0.0000000000
96968  -26.920  5.349  -10.277 0.0000000000
96969  -27.345  5.540  -10.185 0.0000000000
96971  -34.759  5.704  -10.841 0.0000000000
98136  -24.379  6.431  -9.186 0.0000000000
98142  -29.457  5.991  -8.649 0.0000000000
98152  -26.881  5.835  -10.218 0.0000000000
99295  -30.484  7.759  -8.014 0.0000000000
99296  -30.542  7.455  -8.025 0.0000000000
99312  -30.884  7.221  -8.199 0.0000000000
99333  -26.751  7.357  -10.038 0.0000000000
100466  -30.634  7.989  -7.927 0.0000000000
100481  -25.788  8.728  -9.283 0.0000000000
100484  -31.174  7.903  -7.666 0.0000000000
101636  -28.264  9.683  -8.590 0.0000000000
102848  -32.371  11.164  -7.661 0.0000000000
102879  -27.019  9.527  -8.859 0.0000000000
104137  -27.450  11.871  -7.877 0.0000000000
104140  -30.979  11.645  -7.461 0.0000000000
105346  -31.309  12.477  -7.363 0.0000000000
105362  -29.196  12.370  -7.438 0.0000000000
106471  -30.645  13.117  -7.372 0.0000000000
106489  -29.548  13.185  -7.395 0.0000000000
107505  -30.279  13.598  -7.456 0.0000000000
