#!ascii label  , from subject 3172 vox2ras=TkReg
1301
62268  17.187  -16.586  79.111 0.0000000000
50129  9.361  -26.342  59.564 0.0000000000
55692  10.297  -21.364  75.820 0.0000000000
63799  10.296  -15.560  68.783 0.0000000000
66563  7.492  -13.254  63.684 0.0000000000
56909  15.067  -20.223  76.490 0.0000000000
60994  14.274  -17.064  73.359 0.0000000000
56884  21.213  -20.027  77.742 0.0000000000
53192  16.793  -21.512  77.188 0.0000000000
54405  11.861  -22.442  76.578 0.0000000000
67698  5.725  -12.070  71.413 0.0000000000
67802  10.162  -12.938  66.242 0.0000000000
71273  8.087  -9.207  68.056 0.0000000000
56952  5.855  -20.790  72.965 0.0000000000
59705  6.505  -20.488  67.955 0.0000000000
57023  11.544  -20.190  70.294 0.0000000000
63724  9.185  -15.536  73.399 0.0000000000
59757  10.665  -18.803  64.822 0.0000000000
59828  9.843  -18.723  60.851 0.0000000000
61213  5.209  -17.768  59.856 0.0000000000
70162  7.808  -10.916  59.264 0.0000000000
59579  16.384  -17.709  78.246 0.0000000000
62308  15.330  -16.673  76.324 0.0000000000
59561  18.912  -18.760  80.162 0.0000000000
56887  18.629  -20.586  78.144 0.0000000000
58194  17.169  -19.925  78.993 0.0000000000
56890  15.313  -20.384  78.166 0.0000000000
70025  5.630  -10.351  69.324 0.0000000000
56937  7.576  -20.613  74.531 0.0000000000
56979  8.425  -20.880  71.891 0.0000000000
55737  10.878  -20.726  72.881 0.0000000000
63684  10.600  -15.353  76.843 0.0000000000
63722  11.233  -15.883  73.705 0.0000000000
55663  10.381  -21.782  77.910 0.0000000000
149166  8.850  -22.492  76.850 0.0000000000
55685  7.392  -20.856  76.895 0.0000000000
55698  5.809  -21.407  74.652 0.0000000000
59701  9.422  -18.199  68.041 0.0000000000
58357  8.145  -19.913  66.303 0.0000000000
62443  10.988  -16.150  66.316 0.0000000000
66551  8.424  -13.370  64.845 0.0000000000
65277  11.047  -15.005  62.537 0.0000000000
65278  8.425  -14.740  61.980 0.0000000000
59831  7.032  -18.579  60.438 0.0000000000
63892  6.886  -14.223  61.375 0.0000000000
56911  13.110  -20.413  75.971 0.0000000000
58248  13.501  -20.386  73.214 0.0000000000
59607  15.543  -18.575  74.622 0.0000000000
63681  13.030  -15.945  77.166 0.0000000000
149185  22.112  -19.701  76.339 0.0000000000
58243  19.174  -18.747  73.701 0.0000000000
58217  19.538  -19.186  76.160 0.0000000000
55689  17.391  -21.427  75.355 0.0000000000
53204  14.155  -22.392  76.519 0.0000000000
55659  12.961  -22.005  77.201 0.0000000000
66462  8.390  -13.489  70.735 0.0000000000
66498  11.275  -13.733  68.416 0.0000000000
67741  7.486  -11.990  69.498 0.0000000000
68958  6.611  -11.415  67.419 0.0000000000
70082  7.118  -11.008  65.510 0.0000000000
62291  18.947  -16.344  77.737 0.0000000000
59610  25.139  -17.356  74.148 0.0000000000
60973  27.129  -16.714  75.818 0.0000000000
59568  23.626  -18.007  78.685 0.0000000000
60950  21.224  -17.521  78.094 0.0000000000
53277  5.380  -23.136  70.895 0.0000000000
54530  4.507  -22.304  68.159 0.0000000000
57001  5.221  -20.875  70.370 0.0000000000
58293  8.453  -19.975  69.365 0.0000000000
61055  11.241  -18.102  69.583 0.0000000000
59636  13.789  -18.467  71.254 0.0000000000
62372  11.694  -16.831  70.960 0.0000000000
62358  9.866  -16.139  71.261 0.0000000000
65127  6.787  -14.066  72.153 0.0000000000
54542  7.199  -22.562  66.719 0.0000000000
54575  9.595  -22.636  64.936 0.0000000000
53406  11.240  -23.399  62.877 0.0000000000
63840  12.541  -15.088  65.060 0.0000000000
58406  11.271  -19.390  62.136 0.0000000000
54605  9.582  -21.986  60.871 0.0000000000
54607  6.763  -22.273  60.575 0.0000000000
55960  4.406  -21.813  59.134 0.0000000000
72548  10.141  -8.528  66.244 0.0000000000
71342  9.798  -10.152  63.651 0.0000000000
71365  10.160  -9.017  61.384 0.0000000000
69028  7.594  -11.808  61.641 0.0000000000
66609  4.783  -13.894  59.958 0.0000000000
62279  16.492  -16.781  78.875 0.0000000000
62280  15.900  -16.251  78.710 0.0000000000
63642  16.302  -15.500  79.058 0.0000000000
60944  17.879  -17.355  79.512 0.0000000000
58190  17.946  -19.585  80.159 0.0000000000
60938  16.624  -18.066  79.778 0.0000000000
59578  16.258  -18.297  78.645 0.0000000000
49056  8.289  -27.515  59.040 0.0000000000
51264  8.582  -25.611  58.611 0.0000000000
58229  8.765  -20.625  75.004 0.0000000000
58259  9.256  -20.358  73.653 0.0000000000
149159  10.883  -20.571  74.065 0.0000000000
59622  20.439  -17.767  72.401 0.0000000000
149175  9.858  -21.458  76.486 0.0000000000
149174  8.998  -21.199  77.922 0.0000000000
56926  9.151  -21.230  75.781 0.0000000000
56914  7.200  -20.641  76.172 0.0000000000
62425  10.370  -16.714  68.048 0.0000000000
61096  9.445  -17.917  67.010 0.0000000000
63811  10.545  -15.799  67.792 0.0000000000
66552  7.892  -12.818  64.476 0.0000000000
65242  8.664  -13.730  63.764 0.0000000000
65243  7.463  -13.789  63.105 0.0000000000
63890  7.435  -14.562  61.882 0.0000000000
66576  6.686  -13.938  63.524 0.0000000000
56910  14.177  -20.434  76.093 0.0000000000
56931  14.328  -19.848  74.773 0.0000000000
58225  15.440  -19.478  75.544 0.0000000000
62309  14.570  -15.832  76.875 0.0000000000
65057  11.952  -14.595  77.038 0.0000000000
56894  21.853  -20.039  77.150 0.0000000000
56905  20.967  -18.832  76.708 0.0000000000
55666  20.695  -20.257  77.598 0.0000000000
56898  17.965  -20.548  77.766 0.0000000000
55668  18.156  -21.204  76.959 0.0000000000
53209  16.951  -21.485  76.423 0.0000000000
53203  15.201  -21.689  76.475 0.0000000000
56900  15.360  -19.880  77.631 0.0000000000
55670  15.026  -20.643  77.302 0.0000000000
55681  14.556  -20.908  76.780 0.0000000000
55682  13.513  -20.999  76.562 0.0000000000
66463  7.336  -13.190  71.043 0.0000000000
67740  8.492  -12.581  69.965 0.0000000000
67722  6.434  -12.155  70.421 0.0000000000
71258  6.209  -9.902  68.408 0.0000000000
68940  5.888  -11.298  68.093 0.0000000000
70053  6.383  -10.780  67.330 0.0000000000
68974  6.642  -11.494  66.501 0.0000000000
71294  7.535  -10.123  66.627 0.0000000000
59583  24.018  -18.443  77.030 0.0000000000
54472  5.526  -22.280  71.573 0.0000000000
55758  4.449  -21.238  70.551 0.0000000000
56982  5.775  -20.729  71.071 0.0000000000
56996  10.385  -20.635  71.197 0.0000000000
57026  8.650  -20.549  70.205 0.0000000000
57025  9.815  -20.419  70.153 0.0000000000
59660  10.037  -18.900  69.282 0.0000000000
58290  11.452  -19.510  69.670 0.0000000000
58247  14.573  -19.533  73.069 0.0000000000
58257  13.589  -19.662  72.198 0.0000000000
61012  14.037  -17.694  72.110 0.0000000000
63723  10.098  -15.701  73.539 0.0000000000
62344  11.283  -16.569  72.573 0.0000000000
62345  10.325  -16.364  72.570 0.0000000000
62357  10.238  -16.823  71.610 0.0000000000
63739  9.244  -15.353  72.565 0.0000000000
65113  9.176  -14.857  72.037 0.0000000000
65097  7.968  -14.734  73.360 0.0000000000
56946  18.338  -20.411  73.595 0.0000000000
56973  18.153  -19.849  72.096 0.0000000000
52108  11.636  -22.755  75.715 0.0000000000
52123  10.583  -23.464  74.538 0.0000000000
52100  10.847  -23.193  76.072 0.0000000000
149170  8.126  -22.391  76.282 0.0000000000
149171  8.498  -22.566  75.466 0.0000000000
55710  5.515  -21.416  73.631 0.0000000000
54455  5.511  -22.440  72.549 0.0000000000
58334  5.455  -21.195  68.276 0.0000000000
54528  6.333  -22.626  67.301 0.0000000000
58360  6.081  -20.495  66.635 0.0000000000
59739  9.684  -19.528  65.700 0.0000000000
57118  9.370  -20.832  65.745 0.0000000000
55864  10.411  -21.343  65.093 0.0000000000
54574  10.456  -22.455  64.315 0.0000000000
55905  11.068  -21.635  64.005 0.0000000000
67772  10.802  -12.096  67.707 0.0000000000
65208  11.871  -14.710  66.581 0.0000000000
66548  11.478  -13.984  65.595 0.0000000000
62521  10.695  -16.640  61.296 0.0000000000
62502  11.880  -16.746  62.803 0.0000000000
58407  10.799  -19.459  61.398 0.0000000000
57197  10.340  -20.494  61.604 0.0000000000
57198  9.460  -20.489  61.081 0.0000000000
54620  7.824  -22.380  60.472 0.0000000000
57221  8.063  -20.651  60.465 0.0000000000
59833  5.522  -18.386  60.282 0.0000000000
58450  5.966  -19.952  59.810 0.0000000000
58451  4.749  -19.302  59.620 0.0000000000
72567  11.225  -8.002  65.176 0.0000000000
71326  9.764  -9.843  64.560 0.0000000000
71341  10.451  -9.408  63.566 0.0000000000
71387  8.489  -8.995  58.990 0.0000000000
70148  8.974  -9.721  59.790 0.0000000000
70137  8.243  -10.857  61.374 0.0000000000
69033  7.382  -11.794  60.684 0.0000000000
67848  6.127  -12.593  60.562 0.0000000000
67858  6.259  -12.393  59.319 0.0000000000
58213  16.099  -19.111  77.293 0.0000000000
60971  15.674  -17.658  76.346 0.0000000000
60964  15.853  -17.318  77.094 0.0000000000
58192  19.737  -19.349  78.588 0.0000000000
55644  19.923  -20.754  78.370 0.0000000000
55640  18.892  -20.818  79.531 0.0000000000
56879  18.262  -20.815  78.747 0.0000000000
56888  17.475  -20.368  78.321 0.0000000000
54391  15.862  -21.469  77.779 0.0000000000
56889  16.370  -20.092  78.089 0.0000000000
58212  16.897  -19.228  77.620 0.0000000000
69995  5.593  -10.156  71.762 0.0000000000
67723  5.733  -11.559  70.516 0.0000000000
70009  6.126  -10.007  71.115 0.0000000000
71242  6.920  -9.319  70.101 0.0000000000
72487  8.543  -8.990  68.818 0.0000000000
56951  6.590  -20.612  73.322 0.0000000000
56964  6.591  -20.830  72.259 0.0000000000
56962  8.498  -20.566  73.214 0.0000000000
56978  9.889  -20.308  72.678 0.0000000000
56995  11.442  -20.567  71.097 0.0000000000
63706  12.402  -15.668  75.165 0.0000000000
62342  12.866  -17.060  73.041 0.0000000000
63707  11.242  -15.607  74.950 0.0000000000
63708  10.136  -15.616  74.734 0.0000000000
63710  7.955  -15.266  74.843 0.0000000000
65098  7.523  -14.325  73.922 0.0000000000
54395  11.350  -22.723  78.280 0.0000000000
53208  10.161  -22.509  76.784 0.0000000000
53199  9.823  -22.507  78.034 0.0000000000
54398  8.232  -21.854  77.872 0.0000000000
54407  6.844  -21.689  76.723 0.0000000000
54415  6.205  -21.707  76.136 0.0000000000
55686  6.684  -21.042  76.740 0.0000000000
56929  6.272  -21.016  75.021 0.0000000000
59703  7.997  -19.641  67.758 0.0000000000
58344  7.773  -20.503  66.869 0.0000000000
61097  9.161  -18.263  66.717 0.0000000000
61115  9.113  -17.938  66.073 0.0000000000
61130  10.436  -18.092  65.316 0.0000000000
66550  9.222  -13.322  65.355 0.0000000000
66560  11.033  -13.834  64.868 0.0000000000
65241  9.808  -13.920  63.833 0.0000000000
63872  9.468  -14.900  62.460 0.0000000000
61166  9.095  -16.533  61.118 0.0000000000
59830  8.014  -18.592  60.380 0.0000000000
61188  8.263  -16.832  60.941 0.0000000000
62525  7.039  -15.807  60.610 0.0000000000
62543  6.128  -16.263  60.550 0.0000000000
70170  7.309  -10.476  58.029 0.0000000000
67864  6.088  -12.230  58.139 0.0000000000
69056  5.905  -11.490  57.339 0.0000000000
56913  11.335  -21.274  75.409 0.0000000000
56924  11.846  -21.211  74.434 0.0000000000
56923  12.995  -20.546  74.941 0.0000000000
58238  14.054  -19.823  74.167 0.0000000000
59615  15.438  -18.375  73.502 0.0000000000
60976  15.497  -17.463  75.444 0.0000000000
60977  15.039  -16.880  75.136 0.0000000000
62323  14.084  -16.465  74.473 0.0000000000
63682  12.243  -15.981  77.056 0.0000000000
58224  22.741  -18.981  75.764 0.0000000000
149193  20.686  -17.560  73.439 0.0000000000
58242  20.302  -17.895  74.591 0.0000000000
58210  18.689  -19.354  76.724 0.0000000000
56919  18.074  -20.853  75.695 0.0000000000
55696  17.361  -21.356  74.393 0.0000000000
52097  13.359  -22.444  75.741 0.0000000000
53205  13.136  -22.369  76.770 0.0000000000
54392  15.308  -20.984  77.174 0.0000000000
54402  13.378  -22.255  77.043 0.0000000000
53190  12.480  -23.125  78.057 0.0000000000
55661  11.883  -22.207  78.247 0.0000000000
55684  11.008  -21.332  76.699 0.0000000000
65156  9.748  -14.481  70.074 0.0000000000
65155  10.144  -14.621  69.142 0.0000000000
67738  9.755  -13.425  69.678 0.0000000000
67755  9.562  -12.280  69.056 0.0000000000
67773  9.669  -11.864  67.801 0.0000000000
67742  6.636  -11.681  69.468 0.0000000000
67757  7.688  -11.864  68.334 0.0000000000
67790  8.218  -12.874  66.708 0.0000000000
67791  7.441  -12.634  66.158 0.0000000000
67804  7.363  -12.475  65.271 0.0000000000
67812  7.427  -12.288  64.536 0.0000000000
63644  17.793  -16.182  78.429 0.0000000000
60989  23.343  -17.319  73.638 0.0000000000
63700  27.077  -14.559  74.935 0.0000000000
63685  28.551  -15.547  75.714 0.0000000000
60984  26.272  -16.288  74.678 0.0000000000
59601  25.973  -16.707  74.504 0.0000000000
58230  25.212  -18.211  74.880 0.0000000000
58232  23.991  -18.132  75.405 0.0000000000
56892  23.407  -19.814  76.745 0.0000000000
58198  21.894  -19.091  77.892 0.0000000000
60949  22.780  -17.662  78.180 0.0000000000
59575  21.709  -18.344  78.409 0.0000000000
60951  19.818  -17.641  78.965 0.0000000000
60952  18.711  -17.275  78.990 0.0000000000
55780  3.766  -21.388  68.859 0.0000000000
58317  5.794  -20.249  68.867 0.0000000000
56999  7.012  -20.789  70.602 0.0000000000
57028  6.608  -20.686  69.803 0.0000000000
58315  7.607  -20.049  68.657 0.0000000000
59679  8.891  -19.139  68.663 0.0000000000
61057  10.357  -18.120  68.599 0.0000000000
62389  10.298  -16.467  69.629 0.0000000000
56947  12.528  -21.073  72.853 0.0000000000
58268  12.148  -20.482  71.810 0.0000000000
58276  12.824  -19.135  70.488 0.0000000000
62354  12.767  -16.844  72.150 0.0000000000
61026  12.655  -17.258  70.661 0.0000000000
59658  12.392  -18.777  70.062 0.0000000000
61039  11.152  -17.777  70.080 0.0000000000
62388  10.994  -16.997  70.228 0.0000000000
62390  9.770  -15.877  69.924 0.0000000000
65142  9.410  -14.609  70.902 0.0000000000
66440  8.215  -13.972  71.438 0.0000000000
66442  6.372  -13.530  71.547 0.0000000000
65116  6.713  -13.546  73.020 0.0000000000
66425  5.687  -13.037  72.774 0.0000000000
67675  5.526  -12.348  72.382 0.0000000000
50971  10.545  -24.717  73.668 0.0000000000
52110  10.109  -23.361  75.889 0.0000000000
57120  7.667  -20.825  66.745 0.0000000000
54557  8.233  -22.457  66.075 0.0000000000
52330  10.824  -24.680  61.426 0.0000000000
63810  11.034  -15.350  67.300 0.0000000000
62442  11.454  -15.764  66.127 0.0000000000
61129  11.301  -17.761  64.521 0.0000000000
63869  12.146  -15.142  63.965 0.0000000000
62491  11.993  -16.819  63.862 0.0000000000
58381  11.353  -19.507  63.784 0.0000000000
57175  10.892  -20.691  62.448 0.0000000000
53417  10.979  -23.506  61.728 0.0000000000
52347  9.877  -24.740  59.896 0.0000000000
53462  8.627  -24.251  59.388 0.0000000000
58448  6.823  -20.362  59.903 0.0000000000
55946  5.678  -21.877  60.405 0.0000000000
72486  9.432  -8.294  68.649 0.0000000000
72505  10.558  -7.929  67.539 0.0000000000
72528  8.964  -8.812  67.098 0.0000000000
71311  8.209  -9.909  65.925 0.0000000000
70096  8.129  -11.074  64.668 0.0000000000
69014  7.544  -11.860  63.787 0.0000000000
70125  9.946  -9.817  62.239 0.0000000000
70127  8.586  -11.007  62.616 0.0000000000
69021  7.581  -11.927  62.743 0.0000000000
66586  6.089  -13.197  61.998 0.0000000000
65303  5.881  -14.803  60.601 0.0000000000
63921  5.327  -15.874  59.755 0.0000000000
65327  4.628  -14.738  58.977 0.0000000000
62269  16.497  -16.436  79.013 0.0000000000
62270  16.013  -15.809  79.229 0.0000000000
63641  16.667  -16.138  78.868 0.0000000000
60937  17.329  -18.043  79.927 0.0000000000
60945  16.891  -17.335  79.514 0.0000000000
60946  16.336  -17.573  79.250 0.0000000000
50130  8.841  -27.198  59.851 0.0000000000
50140  8.711  -26.655  58.680 0.0000000000
50139  9.307  -26.166  58.959 0.0000000000
56934  9.803  -20.612  74.759 0.0000000000
56925  10.655  -21.054  74.582 0.0000000000
149195  22.057  -17.400  72.773 0.0000000000
61001  21.400  -16.937  72.264 0.0000000000
60992  21.601  -17.468  73.172 0.0000000000
62407  10.388  -16.500  68.590 0.0000000000
65225  7.988  -13.123  63.682 0.0000000000
65244  6.981  -14.252  63.669 0.0000000000
66564  6.868  -14.024  63.666 0.0000000000
56921  14.746  -20.098  75.365 0.0000000000
55652  21.118  -20.366  77.592 0.0000000000
55665  21.206  -20.212  77.355 0.0000000000
55656  17.323  -21.090  77.766 0.0000000000
54400  17.494  -21.874  77.289 0.0000000000
53201  16.933  -21.504  76.746 0.0000000000
53210  16.461  -21.593  76.162 0.0000000000
53202  16.187  -21.518  76.494 0.0000000000
53193  16.096  -21.318  77.065 0.0000000000
55680  14.901  -20.363  77.287 0.0000000000
67697  6.049  -12.841  71.265 0.0000000000
66464  6.689  -12.841  71.046 0.0000000000
71274  7.116  -9.843  67.585 0.0000000000
71275  6.360  -10.195  67.800 0.0000000000
70052  7.022  -10.451  67.016 0.0000000000
55722  5.570  -21.571  72.449 0.0000000000
55741  5.536  -21.377  71.120 0.0000000000
56965  6.012  -21.029  71.855 0.0000000000
57024  10.862  -20.387  70.138 0.0000000000
58291  10.296  -19.550  69.503 0.0000000000
59625  14.961  -17.811  72.970 0.0000000000
59626  14.586  -18.405  72.652 0.0000000000
61004  14.337  -17.563  72.911 0.0000000000
62335  9.795  -15.964  73.083 0.0000000000
62336  9.683  -15.909  72.769 0.0000000000
63740  8.531  -15.152  73.213 0.0000000000
53214  11.922  -22.569  76.088 0.0000000000
52099  11.279  -22.906  75.991 0.0000000000
53215  11.347  -22.716  76.203 0.0000000000
149172  7.539  -22.592  75.831 0.0000000000
59706  6.007  -20.521  68.199 0.0000000000
57102  6.164  -20.946  67.307 0.0000000000
58345  6.729  -20.670  67.052 0.0000000000
58372  10.217  -19.397  65.210 0.0000000000
58355  10.172  -20.112  65.630 0.0000000000
58354  10.509  -20.436  65.030 0.0000000000
57136  10.902  -20.945  64.740 0.0000000000
58371  10.843  -19.813  64.454 0.0000000000
67788  10.541  -12.827  66.956 0.0000000000
66533  10.829  -13.423  66.224 0.0000000000
61186  10.296  -17.358  60.913 0.0000000000
61185  11.138  -17.550  61.322 0.0000000000
58423  10.178  -19.198  61.021 0.0000000000
58408  10.078  -19.844  61.139 0.0000000000
58424  9.502  -19.528  60.689 0.0000000000
57199  8.777  -20.788  60.906 0.0000000000
57220  8.920  -20.247  60.599 0.0000000000
61212  5.521  -17.540  60.212 0.0000000000
58429  5.048  -19.146  60.130 0.0000000000
59834  5.018  -18.436  59.905 0.0000000000
73788  11.500  -7.229  65.701 0.0000000000
73807  11.608  -7.174  64.601 0.0000000000
72568  11.174  -8.524  64.735 0.0000000000
72584  11.232  -8.542  63.950 0.0000000000
70161  8.344  -9.924  58.861 0.0000000000
70160  8.704  -9.411  59.317 0.0000000000
70149  8.490  -10.539  60.022 0.0000000000
69041  7.237  -11.619  59.738 0.0000000000
67847  6.829  -12.193  60.173 0.0000000000
69042  6.783  -11.798  59.227 0.0000000000
59588  16.470  -18.220  77.659 0.0000000000
59596  15.614  -18.382  76.955 0.0000000000
60955  16.132  -17.101  77.955 0.0000000000
65031  15.769  -15.189  78.566 0.0000000000
58193  19.344  -19.427  79.201 0.0000000000
56878  19.342  -20.475  79.341 0.0000000000
58188  19.177  -19.308  80.066 0.0000000000
58191  17.417  -19.642  79.866 0.0000000000
55642  17.360  -21.155  80.491 0.0000000000
56880  17.593  -20.397  79.181 0.0000000000
58201  17.241  -20.064  78.748 0.0000000000
55657  16.482  -21.151  78.150 0.0000000000
58202  16.915  -19.469  78.543 0.0000000000
59587  16.978  -18.726  78.038 0.0000000000
72470  7.821  -9.108  69.981 0.0000000000
72488  8.107  -9.066  69.380 0.0000000000
72469  8.509  -8.633  69.854 0.0000000000
56950  7.503  -20.528  73.659 0.0000000000
149157  9.787  -20.330  73.653 0.0000000000
56977  10.988  -20.695  72.105 0.0000000000
63694  11.377  -15.405  76.028 0.0000000000
63721  12.207  -15.765  74.154 0.0000000000
63696  9.290  -15.173  75.368 0.0000000000
63709  8.971  -15.320  74.493 0.0000000000
63697  8.347  -15.137  75.252 0.0000000000
65082  7.683  -14.767  74.967 0.0000000000
55662  11.076  -22.172  78.248 0.0000000000
54396  10.466  -22.405  78.194 0.0000000000
149177  8.544  -21.039  77.558 0.0000000000
55664  8.199  -21.604  77.918 0.0000000000
55676  8.037  -21.220  77.604 0.0000000000
55677  7.225  -21.475  77.098 0.0000000000
56927  7.626  -20.689  75.292 0.0000000000
56928  6.996  -20.931  75.242 0.0000000000
56938  6.810  -20.815  74.287 0.0000000000
59702  8.831  -19.049  68.047 0.0000000000
59723  8.552  -18.590  67.233 0.0000000000
59722  9.207  -18.298  67.507 0.0000000000
62444  10.230  -17.032  66.741 0.0000000000
62445  9.313  -17.473  66.305 0.0000000000
62463  9.738  -17.359  66.312 0.0000000000
61131  10.020  -18.374  66.022 0.0000000000
62462  10.504  -16.775  65.927 0.0000000000
66535  8.279  -13.142  65.792 0.0000000000
66562  9.207  -13.551  64.493 0.0000000000
65261  8.599  -14.509  62.821 0.0000000000
65260  9.483  -14.433  63.147 0.0000000000
63873  8.961  -15.012  62.133 0.0000000000
63888  9.485  -15.575  61.641 0.0000000000
62504  9.014  -16.077  61.274 0.0000000000
61167  8.834  -16.542  61.101 0.0000000000
62523  8.523  -16.008  61.144 0.0000000000
63891  7.070  -14.376  61.827 0.0000000000
62505  7.539  -14.966  60.874 0.0000000000
62526  6.870  -14.874  60.552 0.0000000000
62542  6.480  -16.606  60.572 0.0000000000
63908  6.489  -14.967  60.587 0.0000000000
71396  7.898  -9.081  58.364 0.0000000000
71398  6.830  -9.866  57.680 0.0000000000
70180  6.872  -11.071  57.726 0.0000000000
70181  6.340  -10.697  57.287 0.0000000000
56912  12.204  -21.117  75.672 0.0000000000
58237  15.016  -19.536  74.368 0.0000000000
58246  15.265  -19.115  73.596 0.0000000000
59606  15.744  -18.763  73.962 0.0000000000
62315  15.158  -16.708  75.597 0.0000000000
62316  14.313  -16.160  75.667 0.0000000000
60983  14.746  -16.701  74.711 0.0000000000
63692  13.133  -15.955  76.584 0.0000000000
62317  13.161  -15.720  75.712 0.0000000000
59599  21.210  -18.207  76.010 0.0000000000
149189  19.980  -17.984  76.217 0.0000000000
149192  19.919  -18.123  75.510 0.0000000000
149188  19.503  -19.513  75.388 0.0000000000
55654  19.663  -20.929  78.367 0.0000000000
56886  19.392  -20.350  77.840 0.0000000000
55679  17.518  -21.235  76.130 0.0000000000
56907  18.463  -20.381  76.386 0.0000000000
56920  17.696  -21.088  75.844 0.0000000000
55688  18.263  -21.168  74.978 0.0000000000
55697  16.622  -21.662  74.655 0.0000000000
54425  15.582  -22.474  74.596 0.0000000000
52092  14.670  -22.390  76.169 0.0000000000
53212  13.942  -22.475  76.055 0.0000000000
52093  13.108  -22.312  76.259 0.0000000000
53213  13.645  -22.413  76.328 0.0000000000
55658  15.549  -20.936  78.093 0.0000000000
55671  13.790  -21.503  76.944 0.0000000000
54394  12.902  -22.664  77.315 0.0000000000
55649  12.644  -22.005  77.841 0.0000000000
55650  12.445  -22.312  78.181 0.0000000000
55660  12.465  -21.890  77.663 0.0000000000
55683  12.481  -21.224  76.484 0.0000000000
66461  9.251  -13.977  70.664 0.0000000000
66479  10.050  -13.850  69.615 0.0000000000
66480  9.418  -13.599  70.152 0.0000000000
67756  8.550  -12.087  68.727 0.0000000000
68901  5.579  -10.924  70.011 0.0000000000
68900  5.992  -11.501  69.706 0.0000000000
68920  5.742  -11.054  69.015 0.0000000000
68939  6.547  -11.519  68.128 0.0000000000
68957  6.890  -11.652  67.716 0.0000000000
67774  8.435  -12.264  67.601 0.0000000000
67775  7.354  -12.111  67.338 0.0000000000
67776  6.839  -12.024  66.646 0.0000000000
70083  6.706  -11.029  65.871 0.0000000000
67792  6.772  -12.143  65.857 0.0000000000
68988  6.762  -11.519  65.555 0.0000000000
67813  7.061  -12.096  64.928 0.0000000000
68987  7.029  -11.362  65.301 0.0000000000
63658  18.102  -15.944  78.014 0.0000000000
63677  18.709  -15.881  76.898 0.0000000000
60987  25.111  -16.831  73.423 0.0000000000
60998  23.911  -16.402  73.149 0.0000000000
60999  23.321  -17.008  72.980 0.0000000000
60988  24.281  -17.235  73.755 0.0000000000
62296  28.253  -16.313  76.084 0.0000000000
63667  28.681  -15.752  76.262 0.0000000000
62310  27.451  -16.079  75.794 0.0000000000
62319  26.646  -15.505  75.322 0.0000000000
62321  26.448  -16.308  75.000 0.0000000000
60978  26.414  -16.114  75.078 0.0000000000
62312  26.439  -16.551  75.251 0.0000000000
58214  25.193  -18.822  75.345 0.0000000000
58231  24.885  -18.701  74.778 0.0000000000
58222  24.883  -18.473  75.229 0.0000000000
59573  23.607  -18.276  77.624 0.0000000000
58205  23.443  -18.936  76.492 0.0000000000
56882  22.892  -18.953  76.710 0.0000000000
58206  22.566  -19.464  77.129 0.0000000000
58197  22.704  -18.896  77.304 0.0000000000
60960  22.222  -16.935  77.568 0.0000000000
59576  20.495  -18.324  78.966 0.0000000000
62290  19.877  -16.158  77.792 0.0000000000
62276  19.305  -16.892  78.253 0.0000000000
62277  18.306  -16.581  78.526 0.0000000000
52190  5.529  -24.077  70.202 0.0000000000
53294  5.309  -22.999  69.766 0.0000000000
54487  3.872  -21.864  70.248 0.0000000000
57002  4.222  -20.571  70.431 0.0000000000
58297  4.944  -20.387  69.219 0.0000000000
58296  5.383  -20.438  69.637 0.0000000000
56980  7.384  -20.798  71.455 0.0000000000
56981  6.405  -20.659  71.303 0.0000000000
55778  7.955  -20.867  70.373 0.0000000000
57027  7.684  -20.684  69.751 0.0000000000
57056  7.202  -20.516  69.241 0.0000000000
58294  7.913  -20.076  69.130 0.0000000000
58314  8.364  -19.574  68.726 0.0000000000
58313  8.861  -19.332  69.048 0.0000000000
59677  10.534  -18.576  68.897 0.0000000000
61056  10.799  -17.559  69.008 0.0000000000
56933  12.664  -20.861  73.773 0.0000000000
58256  14.112  -18.953  71.988 0.0000000000
58258  12.755  -20.282  72.365 0.0000000000
58267  12.829  -19.699  71.467 0.0000000000
58266  13.555  -18.942  71.217 0.0000000000
62333  12.204  -16.490  73.392 0.0000000000
62343  12.061  -16.933  72.761 0.0000000000
62355  11.860  -16.812  71.905 0.0000000000
62371  12.532  -16.771  71.330 0.0000000000
59648  12.469  -18.233  70.350 0.0000000000
61027  11.709  -17.530  70.439 0.0000000000
59649  11.697  -18.075  70.239 0.0000000000
62374  10.390  -16.804  70.790 0.0000000000
62375  9.785  -16.075  70.427 0.0000000000
63782  9.676  -15.342  70.281 0.0000000000
63768  9.641  -15.403  70.989 0.0000000000
65126  7.749  -14.333  71.979 0.0000000000
65125  8.762  -14.434  71.656 0.0000000000
66441  7.415  -13.785  71.516 0.0000000000
59613  19.805  -17.922  73.679 0.0000000000
59623  19.534  -18.154  72.875 0.0000000000
59624  18.982  -18.567  72.720 0.0000000000
50958  10.800  -24.268  74.243 0.0000000000
149160  9.413  -22.447  77.511 0.0000000000
149163  9.655  -22.796  76.317 0.0000000000
52176  5.256  -24.251  71.375 0.0000000000
55821  6.641  -22.304  67.197 0.0000000000
54560  6.515  -23.394  66.886 0.0000000000
53361  7.136  -23.096  66.627 0.0000000000
53372  7.623  -23.447  66.152 0.0000000000
58343  8.047  -19.976  66.518 0.0000000000
58358  7.262  -20.682  66.850 0.0000000000
54556  8.978  -22.409  65.525 0.0000000000
55866  8.749  -21.605  65.914 0.0000000000
53371  8.547  -23.140  65.609 0.0000000000
52280  9.499  -24.194  64.393 0.0000000000
54585  11.170  -22.466  63.412 0.0000000000
52295  10.636  -24.124  63.310 0.0000000000
51198  10.668  -25.434  62.121 0.0000000000
52312  10.882  -24.354  62.397 0.0000000000
66499  10.566  -13.864  68.929 0.0000000000
65175  10.749  -14.633  68.200 0.0000000000
65174  11.509  -14.187  68.021 0.0000000000
65207  12.213  -14.787  66.036 0.0000000000
63823  12.008  -15.181  66.187 0.0000000000
62460  11.981  -15.762  65.418 0.0000000000
61112  11.036  -17.191  65.436 0.0000000000
62478  11.755  -16.452  64.763 0.0000000000
65240  10.808  -14.139  64.093 0.0000000000
65239  11.609  -14.402  64.536 0.0000000000
65258  11.636  -14.701  63.683 0.0000000000
61165  11.595  -17.703  62.212 0.0000000000
61148  11.720  -17.965  63.358 0.0000000000
58393  11.277  -19.391  62.975 0.0000000000
57154  11.251  -19.902  63.361 0.0000000000
57174  11.188  -20.021  62.706 0.0000000000
55930  9.564  -21.396  61.301 0.0000000000
55929  10.498  -21.476  61.964 0.0000000000
54604  10.274  -22.430  61.046 0.0000000000
53436  10.318  -23.859  60.641 0.0000000000
54618  9.742  -23.095  60.479 0.0000000000
52362  9.052  -24.658  59.341 0.0000000000
53437  9.138  -23.724  59.890 0.0000000000
53440  6.259  -22.876  60.082 0.0000000000
61209  7.664  -17.657  60.544 0.0000000000
58426  7.294  -19.759  60.116 0.0000000000
57243  5.423  -20.329  59.716 0.0000000000
55958  5.860  -21.307  59.836 0.0000000000
55959  5.183  -21.569  59.677 0.0000000000
54625  4.741  -22.398  59.358 0.0000000000
73772  11.053  -7.566  67.232 0.0000000000
72526  10.704  -8.055  67.007 0.0000000000
72527  9.514  -8.690  66.805 0.0000000000
71292  9.172  -9.038  66.514 0.0000000000
71310  9.491  -9.184  65.861 0.0000000000
70080  8.803  -10.280  65.154 0.0000000000
70095  9.076  -10.547  64.155 0.0000000000
69013  7.885  -11.467  64.144 0.0000000000
70113  8.562  -11.155  63.680 0.0000000000
71375  9.983  -8.596  60.874 0.0000000000
73891  10.248  -7.731  61.724 0.0000000000
72607  10.348  -8.378  61.980 0.0000000000
71354  10.248  -9.245  62.378 0.0000000000
71355  9.960  -9.636  61.838 0.0000000000
69027  7.925  -11.368  62.333 0.0000000000
67826  7.036  -12.556  62.238 0.0000000000
66584  6.736  -12.965  62.409 0.0000000000
67827  6.235  -12.846  62.221 0.0000000000
67859  5.544  -13.274  59.860 0.0000000000
67849  5.810  -13.113  61.031 0.0000000000
66603  5.649  -13.988  60.599 0.0000000000
65304  5.283  -15.122  60.270 0.0000000000
66610  4.919  -14.510  60.265 0.0000000000
67865  5.127  -12.945  58.491 0.0000000000
60954  16.301  -17.253  78.633 0.0000000000
63643  15.763  -15.406  79.081 0.0000000000
65030  16.058  -15.260  77.949 0.0000000000
60935  18.597  -18.456  80.045 0.0000000000
58189  18.572  -19.490  80.148 0.0000000000
60936  18.134  -18.218  79.987 0.0000000000
59564  17.072  -18.811  79.745 0.0000000000
59571  16.420  -18.701  79.383 0.0000000000
50141  8.248  -26.148  58.271 0.0000000000
51265  7.846  -25.676  58.120 0.0000000000
56936  8.232  -20.472  74.756 0.0000000000
58250  8.570  -20.187  74.086 0.0000000000
58241  9.093  -20.370  74.576 0.0000000000
55721  10.238  -20.294  73.899 0.0000000000
55738  10.953  -20.419  73.642 0.0000000000
149173  9.112  -21.263  77.592 0.0000000000
149176  8.554  -20.934  77.194 0.0000000000
56901  8.008  -20.835  76.654 0.0000000000
149178  8.131  -20.693  75.643 0.0000000000
61077  10.075  -17.583  68.271 0.0000000000
61095  9.729  -17.626  67.502 0.0000000000
62426  10.331  -17.016  67.545 0.0000000000
63826  10.466  -16.410  67.290 0.0000000000
63825  10.624  -15.907  66.929 0.0000000000
65224  8.374  -13.125  64.145 0.0000000000
65262  8.235  -14.641  62.382 0.0000000000
65279  7.913  -14.630  61.816 0.0000000000
63874  7.595  -14.692  62.767 0.0000000000
63875  7.135  -14.565  62.795 0.0000000000
63876  7.078  -14.404  62.515 0.0000000000
56922  13.771  -19.974  75.221 0.0000000000
63680  13.721  -15.654  77.150 0.0000000000
63663  13.207  -15.364  77.364 0.0000000000
63664  12.335  -15.513  77.246 0.0000000000
65039  12.549  -14.930  77.314 0.0000000000
56895  21.065  -19.621  76.909 0.0000000000
59593  19.347  -18.946  76.673 0.0000000000
56897  18.606  -20.022  77.380 0.0000000000
55669  17.853  -21.004  77.289 0.0000000000
54408  17.989  -21.983  76.826 0.0000000000
54416  17.133  -21.452  75.944 0.0000000000
52091  14.964  -22.519  75.945 0.0000000000
55672  12.861  -21.661  76.932 0.0000000000
67720  7.890  -12.960  70.578 0.0000000000
67721  7.425  -12.515  70.528 0.0000000000
71244  5.865  -9.908  69.109 0.0000000000
70039  5.721  -10.604  68.252 0.0000000000
70054  5.771  -11.036  67.736 0.0000000000
68959  6.030  -11.159  67.619 0.0000000000
70069  6.906  -10.709  66.349 0.0000000000
71312  7.497  -10.487  65.967 0.0000000000
59589  27.298  -17.125  76.377 0.0000000000
58204  23.906  -18.648  76.326 0.0000000000
59572  24.212  -17.851  77.252 0.0000000000
59567  23.689  -17.814  78.263 0.0000000000
62275  20.344  -16.771  78.067 0.0000000000
54486  5.160  -22.009  70.262 0.0000000000
56997  9.273  -20.612  71.166 0.0000000000
56998  8.470  -20.610  71.029 0.0000000000
58292  9.331  -19.702  69.440 0.0000000000
58311  10.862  -19.163  68.993 0.0000000000
59676  11.297  -18.574  69.103 0.0000000000
59635  14.030  -18.216  71.600 0.0000000000
63737  11.324  -16.158  73.046 0.0000000000
62334  11.673  -16.421  73.076 0.0000000000
63738  10.871  -16.034  73.010 0.0000000000
62356  10.869  -17.194  71.750 0.0000000000
63766  10.643  -17.394  71.319 0.0000000000
62346  9.928  -15.978  72.098 0.0000000000
63751  9.640  -15.382  71.753 0.0000000000
65124  9.425  -14.854  71.480 0.0000000000
65114  8.419  -14.705  72.538 0.0000000000
65115  7.522  -14.209  72.845 0.0000000000
58244  18.561  -19.699  73.503 0.0000000000
58255  18.673  -19.158  72.732 0.0000000000
56960  18.417  -20.308  72.817 0.0000000000
53221  12.259  -23.133  74.894 0.0000000000
54420  11.197  -22.698  75.079 0.0000000000
52109  10.708  -23.218  75.606 0.0000000000
54432  5.317  -22.225  74.225 0.0000000000
55824  4.598  -21.890  68.034 0.0000000000
54529  5.641  -22.706  67.686 0.0000000000
57081  6.024  -21.471  67.598 0.0000000000
55845  6.551  -21.406  67.106 0.0000000000
55844  6.957  -21.777  66.936 0.0000000000
59740  9.163  -19.331  66.017 0.0000000000
58356  9.041  -20.025  65.864 0.0000000000
55865  9.727  -21.698  65.281 0.0000000000
53384  9.971  -23.365  64.467 0.0000000000
55887  10.476  -21.723  64.736 0.0000000000
67771  11.319  -12.791  68.370 0.0000000000
66517  11.628  -13.690  67.780 0.0000000000
67787  11.164  -13.090  67.522 0.0000000000
66532  11.555  -13.876  66.719 0.0000000000
65222  12.245  -14.732  65.328 0.0000000000
63903  10.954  -15.919  61.658 0.0000000000
63886  11.440  -15.673  62.387 0.0000000000
62520  11.403  -16.676  61.855 0.0000000000
59813  11.316  -18.558  61.640 0.0000000000
57196  11.055  -20.077  61.947 0.0000000000
54619  9.089  -22.493  60.498 0.0000000000
55943  8.643  -21.526  60.691 0.0000000000
55944  7.302  -21.703  60.483 0.0000000000
59832  6.196  -18.456  60.455 0.0000000000
58427  6.379  -19.377  60.233 0.0000000000
58428  5.585  -19.327  60.208 0.0000000000
57224  5.143  -19.642  60.112 0.0000000000
57244  4.867  -20.497  59.259 0.0000000000
71308  10.985  -8.375  65.515 0.0000000000
71309  10.553  -8.644  65.602 0.0000000000
71325  10.762  -9.226  64.857 0.0000000000
71376  9.648  -9.114  60.441 0.0000000000
71366  9.818  -9.720  61.234 0.0000000000
70136  9.232  -10.158  60.752 0.0000000000
70138  7.743  -11.407  61.029 0.0000000000
67836  6.886  -12.318  61.148 0.0000000000
58220  15.716  -19.356  76.644 0.0000000000
62294  15.484  -16.104  77.503 0.0000000000
56885  20.298  -20.163  78.075 0.0000000000
55653  20.499  -20.592  77.992 0.0000000000
56877  19.623  -20.055  78.541 0.0000000000
55645  19.442  -21.064  79.007 0.0000000000
55655  18.990  -21.330  78.723 0.0000000000
56874  18.004  -20.349  80.356 0.0000000000
55646  18.497  -21.009  79.332 0.0000000000
54390  16.663  -21.696  77.674 0.0000000000
56899  16.270  -19.562  77.626 0.0000000000
68886  5.363  -11.018  71.058 0.0000000000
70010  5.485  -10.147  70.466 0.0000000000
71222  5.990  -9.524  70.324 0.0000000000
71221  6.827  -9.816  71.087 0.0000000000
71223  5.615  -9.702  69.709 0.0000000000
71243  6.252  -9.560  69.419 0.0000000000
71257  7.453  -9.385  68.914 0.0000000000
71256  8.018  -9.190  68.571 0.0000000000
56963  7.478  -20.734  72.628 0.0000000000
62332  13.263  -16.334  73.799 0.0000000000
61005  13.682  -17.052  73.181 0.0000000000
63695  10.354  -15.147  75.806 0.0000000000
63725  7.991  -15.357  73.990 0.0000000000
63726  7.719  -15.009  74.652 0.0000000000
53197  11.852  -23.216  77.997 0.0000000000
53207  11.315  -22.415  76.816 0.0000000000
53198  10.777  -22.937  78.007 0.0000000000
54397  9.308  -21.885  78.234 0.0000000000
53200  8.897  -22.188  78.014 0.0000000000
149162  8.303  -22.251  77.623 0.0000000000
54406  7.595  -22.150  77.130 0.0000000000
54414  6.841  -22.262  76.111 0.0000000000
55693  5.941  -21.158  75.750 0.0000000000
56915  6.365  -20.703  75.926 0.0000000000
56939  5.941  -20.760  74.038 0.0000000000
59704  7.444  -20.273  67.608 0.0000000000
58331  7.568  -20.464  67.198 0.0000000000
59725  7.872  -20.292  67.112 0.0000000000
59724  8.108  -19.367  66.754 0.0000000000
59741  8.850  -18.942  66.285 0.0000000000
61116  9.032  -18.278  66.473 0.0000000000
59759  9.433  -18.804  65.917 0.0000000000
59758  9.814  -18.852  65.466 0.0000000000
67803  9.587  -12.979  65.962 0.0000000000
66549  10.376  -13.357  65.529 0.0000000000
66561  10.106  -13.518  64.628 0.0000000000
65259  10.621  -14.489  63.036 0.0000000000
63887  10.412  -15.233  62.186 0.0000000000
63904  10.208  -15.956  61.457 0.0000000000
62522  9.927  -16.537  61.061 0.0000000000
61187  9.240  -17.131  60.896 0.0000000000
59829  9.076  -18.450  60.619 0.0000000000
61208  8.462  -17.707  60.626 0.0000000000
62524  7.851  -15.777  60.872 0.0000000000
61189  7.374  -16.774  60.734 0.0000000000
61210  6.837  -17.614  60.522 0.0000000000
61211  6.160  -17.401  60.469 0.0000000000
70169  7.673  -9.697  58.244 0.0000000000
69047  7.193  -11.367  58.798 0.0000000000
69054  7.034  -11.347  58.091 0.0000000000
70182  5.788  -11.107  56.976 0.0000000000
50120  9.333  -26.549  60.470 0.0000000000
55691  10.840  -21.357  75.620 0.0000000000
58239  13.399  -20.222  74.299 0.0000000000
58227  13.401  -19.987  74.815 0.0000000000
58226  13.712  -19.929  74.668 0.0000000000
59616  14.968  -18.860  73.215 0.0000000000
60993  14.908  -17.397  73.407 0.0000000000
59600  15.962  -18.514  75.887 0.0000000000
60982  15.385  -17.330  74.316 0.0000000000
62322  14.796  -16.746  73.958 0.0000000000
62331  14.170  -16.693  73.760 0.0000000000
62324  13.198  -16.074  74.958 0.0000000000
62318  12.716  -15.624  75.577 0.0000000000
63683  11.445  -15.597  76.865 0.0000000000
65040  11.567  -14.964  77.367 0.0000000000
59605  22.519  -17.979  74.258 0.0000000000
149191  19.455  -19.275  74.736 0.0000000000
58234  18.654  -19.581  74.331 0.0000000000
55695  18.141  -20.892  74.174 0.0000000000
55667  20.069  -20.435  77.918 0.0000000000
56896  19.923  -19.624  77.532 0.0000000000
58209  19.391  -19.312  76.809 0.0000000000
56906  19.155  -20.140  76.089 0.0000000000
56918  18.777  -20.267  75.498 0.0000000000
55687  18.491  -20.804  74.868 0.0000000000
55707  17.281  -21.223  73.439 0.0000000000
54424  16.147  -21.880  74.892 0.0000000000
52106  13.203  -23.024  74.992 0.0000000000
52107  12.456  -22.736  75.395 0.0000000000
52098  12.297  -22.539  75.915 0.0000000000
53206  12.211  -22.454  76.726 0.0000000000
53194  15.657  -21.141  77.065 0.0000000000
54401  14.406  -21.505  76.832 0.0000000000
54403  13.055  -22.529  77.159 0.0000000000
53196  12.548  -22.956  77.356 0.0000000000
54389  12.005  -22.819  78.244 0.0000000000
55674  11.277  -21.775  77.770 0.0000000000
55673  12.008  -21.661  77.310 0.0000000000
63781  9.924  -15.412  69.602 0.0000000000
67754  10.288  -13.077  69.368 0.0000000000
66481  8.907  -13.189  70.146 0.0000000000
67739  9.365  -13.066  69.686 0.0000000000
68935  11.016  -12.701  69.068 0.0000000000
68937  10.144  -11.882  68.414 0.0000000000
67789  9.313  -12.716  66.772 0.0000000000
68919  6.239  -11.424  68.852 0.0000000000
68918  6.994  -11.553  68.748 0.0000000000
66536  7.817  -13.007  65.355 0.0000000000
62278  17.638  -16.417  78.714 0.0000000000
63645  17.200  -15.938  78.542 0.0000000000
63659  17.444  -15.802  77.484 0.0000000000
60981  23.759  -17.462  74.247 0.0000000000
63699  27.500  -14.976  75.425 0.0000000000
59608  26.096  -17.041  73.858 0.0000000000
59609  25.628  -16.682  74.130 0.0000000000
59597  26.169  -17.225  74.988 0.0000000000
59611  24.642  -17.546  74.393 0.0000000000
59604  24.213  -17.709  74.810 0.0000000000
58233  23.246  -18.448  75.433 0.0000000000
56902  24.059  -19.687  76.295 0.0000000000
56903  23.758  -20.078  76.410 0.0000000000
56904  22.941  -19.969  76.613 0.0000000000
56893  22.702  -19.746  76.976 0.0000000000
58207  22.187  -19.675  77.378 0.0000000000
60948  23.922  -17.413  78.157 0.0000000000
60941  23.625  -17.919  78.464 0.0000000000
59574  23.020  -18.248  78.227 0.0000000000
58199  20.539  -19.226  78.249 0.0000000000
59577  19.664  -18.625  79.110 0.0000000000
60942  19.420  -18.154  79.363 0.0000000000
60943  18.863  -18.058  79.648 0.0000000000
62267  17.831  -16.763  79.020 0.0000000000
53314  3.673  -22.446  69.174 0.0000000000
54531  3.886  -22.153  67.983 0.0000000000
57057  4.279  -21.014  68.567 0.0000000000
58318  5.511  -20.525  68.589 0.0000000000
59683  6.050  -20.360  68.391 0.0000000000
57000  6.085  -20.611  70.561 0.0000000000
55757  7.630  -20.810  70.834 0.0000000000
57029  5.842  -20.724  69.962 0.0000000000
58295  6.052  -20.514  69.599 0.0000000000
58316  6.540  -20.360  69.030 0.0000000000
59681  7.315  -20.144  68.254 0.0000000000
58330  7.801  -19.756  68.187 0.0000000000
59678  9.536  -18.669  68.845 0.0000000000
61076  10.359  -17.058  68.494 0.0000000000
149154  11.256  -21.025  73.886 0.0000000000
55736  11.690  -21.143  72.898 0.0000000000
149155  12.214  -21.085  72.371 0.0000000000
56976  11.589  -20.741  71.956 0.0000000000
58277  12.219  -19.986  70.561 0.0000000000
61013  13.539  -17.218  72.486 0.0000000000
59646  13.822  -17.774  71.285 0.0000000000
61025  13.456  -17.264  71.467 0.0000000000
59647  13.538  -18.043  70.836 0.0000000000
58275  13.161  -18.599  70.643 0.0000000000
58289  12.254  -19.245  69.932 0.0000000000
59659  11.798  -18.521  69.803 0.0000000000
62373  10.890  -17.457  70.907 0.0000000000
61040  10.932  -17.157  69.712 0.0000000000
65143  8.822  -14.051  71.104 0.0000000000
66443  5.594  -13.102  71.886 0.0000000000
66424  6.122  -13.114  73.159 0.0000000000
65117  6.099  -13.291  72.797 0.0000000000
65128  6.020  -13.590  72.329 0.0000000000
68869  5.602  -11.260  72.229 0.0000000000
63646  16.608  -15.480  78.273 0.0000000000
59633  19.870  -18.443  71.861 0.0000000000
59645  19.054  -18.558  71.271 0.0000000000
58264  18.615  -19.188  71.695 0.0000000000
53216  10.860  -22.797  76.376 0.0000000000
52124  10.108  -24.020  74.900 0.0000000000
54544  6.208  -23.163  67.155 0.0000000000
57121  6.825  -20.979  66.746 0.0000000000
55867  7.836  -21.634  66.582 0.0000000000
57119  8.489  -20.752  66.313 0.0000000000
54558  7.595  -22.509  66.443 0.0000000000
53386  8.203  -23.871  65.357 0.0000000000
52279  10.262  -23.982  64.041 0.0000000000
51233  10.381  -25.515  60.777 0.0000000000
65193  10.884  -15.051  67.635 0.0000000000
65192  11.433  -14.599  67.381 0.0000000000
63824  11.479  -15.414  66.641 0.0000000000
66559  11.523  -14.139  65.013 0.0000000000
65223  11.839  -14.405  65.053 0.0000000000
63854  12.327  -15.395  64.613 0.0000000000
63870  11.889  -15.692  63.540 0.0000000000
63855  11.964  -16.075  64.186 0.0000000000
59756  11.398  -18.923  64.141 0.0000000000
58370  11.281  -19.443  64.165 0.0000000000
58382  11.271  -19.978  63.817 0.0000000000
57155  11.238  -20.585  63.576 0.0000000000
55918  11.178  -21.535  62.924 0.0000000000
54596  11.027  -22.434  62.287 0.0000000000
52346  10.509  -25.075  60.634 0.0000000000
51247  9.372  -25.547  59.244 0.0000000000
51248  8.840  -25.116  58.986 0.0000000000
52363  8.227  -24.726  58.900 0.0000000000
58425  8.493  -19.548  60.448 0.0000000000
55932  6.632  -21.903  60.625 0.0000000000
58449  6.515  -20.126  59.776 0.0000000000
55945  6.370  -21.514  60.358 0.0000000000
55933  6.202  -21.977  60.793 0.0000000000
53441  5.733  -23.043  59.928 0.0000000000
72468  9.136  -8.447  69.403 0.0000000000
72506  10.110  -8.127  67.817 0.0000000000
72507  9.020  -8.762  67.712 0.0000000000
71293  8.533  -9.249  66.886 0.0000000000
70097  7.609  -11.118  65.136 0.0000000000
69001  7.773  -11.389  64.559 0.0000000000
70112  9.337  -10.626  63.141 0.0000000000
70126  9.468  -10.306  61.979 0.0000000000
69020  7.954  -11.455  63.223 0.0000000000
67820  7.720  -12.673  63.234 0.0000000000
66574  7.381  -13.271  62.753 0.0000000000
65263  7.027  -13.897  62.598 0.0000000000
65280  6.729  -13.945  62.049 0.0000000000
67837  6.135  -12.612  61.598 0.0000000000
66596  6.239  -13.544  61.529 0.0000000000
65293  6.663  -14.124  61.118 0.0000000000
63920  5.712  -15.684  60.377 0.0000000000
62544  5.364  -16.864  60.004 0.0000000000
65326  4.786  -14.244  59.397 0.0000000000
63935  4.803  -15.800  59.140 0.0000000000
62562  5.348  -17.367  59.410 0.0000000000
49066  8.308  -27.301  58.494 0.0000000000
51234  9.950  -25.779  60.476 0.0000000000
51263  9.148  -26.002  58.738 0.0000000000
52094  12.741  -22.341  76.445 0.0000000000
52101  10.524  -23.045  76.187 0.0000000000
52381  7.987  -25.209  58.448 0.0000000000
53189  12.761  -22.906  77.734 0.0000000000
53191  12.193  -23.042  78.164 0.0000000000
53195  12.881  -22.824  77.513 0.0000000000
53222  11.658  -22.819  75.202 0.0000000000
53223  11.070  -22.792  75.421 0.0000000000
53226  15.119  -23.129  74.287 0.0000000000
53230  10.595  -22.758  74.981 0.0000000000
53315  3.612  -22.369  68.916 0.0000000000
53334  3.748  -22.623  68.882 0.0000000000
53335  3.734  -22.399  68.470 0.0000000000
53351  3.934  -22.590  68.408 0.0000000000
53352  3.916  -22.425  68.162 0.0000000000
53360  7.372  -22.912  66.482 0.0000000000
53370  9.102  -22.973  65.343 0.0000000000
53398  10.695  -23.295  63.767 0.0000000000
53418  7.380  -22.752  60.298 0.0000000000
53419  6.942  -22.618  60.191 0.0000000000
53420  6.503  -22.547  60.389 0.0000000000
53444  4.946  -22.790  59.199 0.0000000000
54387  12.680  -22.638  78.077 0.0000000000
54388  12.374  -22.790  78.280 0.0000000000
54393  12.843  -22.487  77.519 0.0000000000
54399  18.120  -21.806  77.202 0.0000000000
54404  11.972  -22.481  76.358 0.0000000000
54409  17.411  -21.548  76.605 0.0000000000
54412  11.761  -22.555  76.246 0.0000000000
54413  11.556  -22.524  76.390 0.0000000000
54419  11.377  -22.777  74.942 0.0000000000
54426  10.999  -22.692  74.916 0.0000000000
54427  10.906  -22.712  75.185 0.0000000000
54488  3.625  -21.576  69.941 0.0000000000
54503  4.021  -22.513  69.542 0.0000000000
54504  3.612  -22.005  69.407 0.0000000000
54518  3.684  -22.005  68.586 0.0000000000
54543  6.705  -22.901  66.903 0.0000000000
54559  6.716  -23.382  66.751 0.0000000000
54606  7.223  -22.459  60.359 0.0000000000
54608  6.072  -22.439  60.534 0.0000000000
54609  5.740  -22.239  60.533 0.0000000000
54621  7.258  -22.237  60.479 0.0000000000
54622  5.856  -22.732  60.221 0.0000000000
54623  5.577  -22.495  60.183 0.0000000000
54626  4.591  -22.461  59.045 0.0000000000
54637  4.737  -21.948  59.498 0.0000000000
54638  4.480  -22.009  59.304 0.0000000000
55637  17.778  -20.956  80.740 0.0000000000
55638  17.224  -21.061  81.025 0.0000000000
55639  16.875  -20.983  81.047 0.0000000000
55641  18.094  -20.849  80.044 0.0000000000
55643  16.860  -21.091  80.680 0.0000000000
55647  17.556  -20.986  79.880 0.0000000000
55648  16.924  -21.172  80.118 0.0000000000
55651  12.206  -22.548  78.303 0.0000000000
55675  8.557  -21.181  77.837 0.0000000000
55678  17.943  -21.306  76.584 0.0000000000
55690  16.691  -21.648  75.099 0.0000000000
55739  7.987  -20.714  71.216 0.0000000000
55740  7.752  -20.693  71.079 0.0000000000
55756  8.082  -20.789  70.810 0.0000000000
55759  3.750  -21.134  70.308 0.0000000000
55760  3.657  -21.208  69.590 0.0000000000
55779  7.572  -20.910  70.404 0.0000000000
55800  3.981  -21.560  68.129 0.0000000000
55822  6.325  -21.906  67.453 0.0000000000
55823  5.443  -22.010  67.861 0.0000000000
55843  7.403  -22.105  66.699 0.0000000000
55868  7.288  -21.252  66.726 0.0000000000
55888  10.050  -22.123  64.810 0.0000000000
55931  9.006  -21.038  61.226 0.0000000000
55934  5.820  -22.052  60.720 0.0000000000
55942  9.237  -21.831  60.822 0.0000000000
55947  5.357  -22.120  60.047 0.0000000000
55948  4.166  -21.926  59.008 0.0000000000
55949  4.297  -22.085  59.092 0.0000000000
55957  6.184  -21.218  59.910 0.0000000000
55961  4.021  -22.292  58.952 0.0000000000
56870  17.512  -20.701  80.861 0.0000000000
56871  17.042  -20.675  80.909 0.0000000000
56872  16.823  -20.836  80.774 0.0000000000
56873  18.805  -20.157  79.860 0.0000000000
56875  17.472  -20.341  80.354 0.0000000000
56876  16.946  -20.472  80.116 0.0000000000
56881  17.193  -20.598  79.857 0.0000000000
56883  22.647  -19.009  76.983 0.0000000000
56891  23.881  -19.675  76.579 0.0000000000
56908  17.886  -20.908  76.153 0.0000000000
56932  13.960  -19.867  74.721 0.0000000000
56935  8.721  -20.342  74.563 0.0000000000
56948  8.521  -20.252  74.307 0.0000000000
56949  8.181  -20.121  74.043 0.0000000000
57003  3.836  -20.534  69.831 0.0000000000
57030  3.924  -20.706  69.094 0.0000000000
57055  7.593  -20.348  69.169 0.0000000000
57082  5.557  -21.442  67.962 0.0000000000
57083  4.881  -21.494  68.478 0.0000000000
57100  6.531  -21.117  66.908 0.0000000000
57101  6.266  -21.115  67.114 0.0000000000
57117  10.240  -20.904  65.345 0.0000000000
57122  6.184  -20.668  66.789 0.0000000000
57123  5.830  -20.492  66.642 0.0000000000
57222  6.959  -20.845  60.171 0.0000000000
57223  6.430  -21.055  59.938 0.0000000000
57225  4.905  -19.788  59.930 0.0000000000
57241  6.551  -20.652  59.851 0.0000000000
57242  6.121  -20.706  59.697 0.0000000000
58195  17.137  -19.718  79.462 0.0000000000
58196  23.163  -18.501  76.913 0.0000000000
58200  19.860  -18.880  78.747 0.0000000000
58208  20.310  -18.755  76.641 0.0000000000
58211  19.000  -19.152  76.561 0.0000000000
58218  19.068  -19.625  76.454 0.0000000000
58219  18.966  -19.401  76.461 0.0000000000
58221  25.317  -18.678  74.921 0.0000000000
58228  9.313  -20.588  74.847 0.0000000000
58235  18.373  -19.962  73.919 0.0000000000
58236  15.630  -19.094  73.972 0.0000000000
58240  9.615  -20.286  74.271 0.0000000000
58245  15.524  -18.943  73.635 0.0000000000
58249  8.927  -20.286  74.185 0.0000000000
58254  18.974  -18.573  73.042 0.0000000000
58260  8.681  -20.258  73.843 0.0000000000
58265  13.858  -18.642  71.525 0.0000000000
58278  4.701  -20.443  70.145 0.0000000000
58279  4.452  -20.297  69.855 0.0000000000
58280  4.261  -20.369  69.358 0.0000000000
58298  4.603  -20.572  68.866 0.0000000000
58312  10.367  -19.030  69.201 0.0000000000
58319  5.136  -20.922  68.512 0.0000000000
58329  8.114  -19.607  68.239 0.0000000000
58332  6.997  -20.537  67.366 0.0000000000
58333  6.007  -20.780  67.791 0.0000000000
58346  5.946  -20.641  66.788 0.0000000000
58359  6.341  -20.783  66.882 0.0000000000
59562  18.347  -18.867  80.146 0.0000000000
59563  17.738  -18.843  79.904 0.0000000000
59566  23.832  -17.580  77.634 0.0000000000
59569  19.725  -18.265  79.210 0.0000000000
59570  19.286  -18.645  79.595 0.0000000000
59584  19.092  -18.907  76.978 0.0000000000
59585  18.951  -18.970  76.647 0.0000000000
59586  18.730  -19.060  76.649 0.0000000000
59592  20.384  -17.877  76.009 0.0000000000
59594  19.089  -19.147  76.573 0.0000000000
59595  18.788  -19.157  76.434 0.0000000000
59603  25.001  -17.826  74.709 0.0000000000
59614  15.641  -18.790  73.772 0.0000000000
59661  9.763  -19.141  69.320 0.0000000000
59680  7.608  -19.885  68.194 0.0000000000
59682  6.603  -20.377  68.362 0.0000000000
59760  9.268  -18.881  66.091 0.0000000000
59777  11.411  -18.890  63.360 0.0000000000
59795  11.436  -18.655  62.598 0.0000000000
59814  10.621  -18.428  60.938 0.0000000000
59815  9.830  -18.014  60.812 0.0000000000
60940  23.819  -17.877  78.784 0.0000000000
60953  18.188  -16.950  79.062 0.0000000000
60962  18.844  -18.789  76.672 0.0000000000
60963  18.679  -18.795  76.726 0.0000000000
60965  27.601  -16.817  76.350 0.0000000000
60966  27.315  -17.025  76.136 0.0000000000
60969  18.799  -18.992  76.631 0.0000000000
60970  18.668  -18.951  76.578 0.0000000000
60972  27.647  -16.681  76.039 0.0000000000
60974  26.388  -16.642  75.471 0.0000000000
60979  26.326  -16.534  74.875 0.0000000000
60980  24.273  -17.485  74.347 0.0000000000
60990  21.777  -16.948  72.312 0.0000000000
60991  21.593  -17.207  72.652 0.0000000000
60995  13.853  -16.787  73.512 0.0000000000
61002  21.026  -17.139  72.743 0.0000000000
61003  14.756  -17.618  73.094 0.0000000000
61011  20.958  -17.209  71.984 0.0000000000
61024  13.893  -17.716  71.596 0.0000000000
61113  10.250  -17.655  66.044 0.0000000000
61114  9.540  -17.858  66.388 0.0000000000
61132  9.525  -18.392  66.181 0.0000000000
61133  9.237  -18.411  66.379 0.0000000000
61190  6.746  -16.854  60.614 0.0000000000
61214  5.186  -17.854  59.419 0.0000000000
62266  24.308  -17.888  79.031 0.0000000000
62272  24.063  -16.977  78.527 0.0000000000
62273  23.875  -17.399  79.096 0.0000000000
62311  26.674  -16.391  75.502 0.0000000000
62320  26.580  -16.005  75.072 0.0000000000
62325  12.880  -15.776  75.324 0.0000000000
62327  26.286  -15.833  74.594 0.0000000000
62330  14.573  -16.959  73.603 0.0000000000
62446  8.876  -17.582  66.175 0.0000000000
62461  11.596  -16.117  65.649 0.0000000000
62464  9.129  -17.400  65.934 0.0000000000
62465  8.908  -17.739  65.987 0.0000000000
62477  12.121  -15.870  65.203 0.0000000000
62503  9.378  -16.316  61.180 0.0000000000
62506  7.335  -14.537  60.874 0.0000000000
62507  6.992  -14.128  61.013 0.0000000000
62545  5.275  -17.499  59.713 0.0000000000
63666  10.905  -15.378  77.228 0.0000000000
63693  12.395  -15.481  76.193 0.0000000000
63698  7.835  -15.088  75.207 0.0000000000
63705  12.826  -15.865  74.902 0.0000000000
63711  7.708  -15.087  75.001 0.0000000000
63717  26.433  -14.908  74.738 0.0000000000
63720  12.801  -15.855  74.552 0.0000000000
63749  10.455  -17.269  71.421 0.0000000000
63750  10.332  -17.124  71.234 0.0000000000
63767  10.505  -17.286  71.143 0.0000000000
63812  10.455  -16.458  67.648 0.0000000000
63841  12.199  -15.400  65.516 0.0000000000
63842  11.768  -15.543  66.006 0.0000000000
63853  12.620  -15.125  64.779 0.0000000000
63856  7.189  -14.359  63.260 0.0000000000
63857  6.962  -14.375  63.200 0.0000000000
63858  7.166  -14.426  63.101 0.0000000000
63871  9.968  -14.750  62.707 0.0000000000
63889  8.739  -15.402  61.583 0.0000000000
63905  9.724  -16.074  61.290 0.0000000000
63906  8.254  -15.331  61.303 0.0000000000
63907  7.862  -14.883  61.239 0.0000000000
65028  16.137  -15.099  78.704 0.0000000000
65029  15.945  -15.102  79.031 0.0000000000
65071  8.026  -14.856  75.406 0.0000000000
65221  12.640  -14.859  65.079 0.0000000000
65237  12.495  -14.937  64.897 0.0000000000
65238  12.194  -14.738  64.760 0.0000000000
65245  6.827  -14.132  63.577 0.0000000000
65257  12.129  -14.818  64.262 0.0000000000
65264  6.848  -13.980  62.917 0.0000000000
65276  11.476  -14.972  62.912 0.0000000000
65281  6.846  -14.358  62.063 0.0000000000
65290  8.417  -15.042  61.581 0.0000000000
65291  8.174  -14.843  61.534 0.0000000000
65292  6.589  -13.867  61.601 0.0000000000
65315  4.720  -14.469  59.703 0.0000000000
65316  4.852  -15.098  59.736 0.0000000000
66531  11.848  -14.483  66.300 0.0000000000
66534  8.890  -13.025  66.120 0.0000000000
66547  11.886  -14.404  65.991 0.0000000000
66565  6.755  -14.111  63.669 0.0000000000
66575  7.273  -13.897  63.123 0.0000000000
66585  6.584  -13.369  62.293 0.0000000000
66595  6.494  -13.714  61.879 0.0000000000
66604  5.402  -14.619  60.472 0.0000000000
67753  11.088  -13.239  68.992 0.0000000000
67805  6.931  -12.087  65.170 0.0000000000
67828  6.014  -13.050  62.202 0.0000000000
67838  5.936  -13.011  61.848 0.0000000000
67857  6.785  -12.013  59.618 0.0000000000
68936  10.460  -12.376  68.845 0.0000000000
68938  7.125  -11.634  68.036 0.0000000000
68954  10.976  -12.414  68.719 0.0000000000
68955  10.785  -11.982  68.379 0.0000000000
68956  10.354  -11.650  68.018 0.0000000000
69002  7.374  -11.529  64.836 0.0000000000
69003  6.960  -11.888  64.992 0.0000000000
69048  6.621  -11.760  58.565 0.0000000000
70038  6.024  -10.292  67.880 0.0000000000
70070  6.576  -11.087  66.286 0.0000000000
70081  7.922  -10.729  65.458 0.0000000000
70111  10.079  -10.080  62.792 0.0000000000
70150  7.740  -11.110  60.380 0.0000000000
70171  6.721  -10.140  57.541 0.0000000000
71259  5.834  -10.182  68.764 0.0000000000
71324  10.986  -8.607  65.192 0.0000000000
72549  9.669  -8.729  66.265 0.0000000000
72583  11.367  -7.982  64.489 0.0000000000
72616  10.183  -8.187  61.240 0.0000000000
73756  11.180  -7.171  67.381 0.0000000000
73757  10.732  -7.472  67.727 0.0000000000
73826  11.571  -7.590  63.979 0.0000000000
149153  11.033  -20.700  74.028 0.0000000000
149156  12.099  -21.447  72.634 0.0000000000
149158  10.124  -20.402  74.401 0.0000000000
149161  8.935  -22.019  78.265 0.0000000000
149164  8.964  -21.647  78.282 0.0000000000
149165  8.671  -21.672  78.171 0.0000000000
149168  8.932  -21.453  78.108 0.0000000000
149169  8.761  -21.267  77.958 0.0000000000
149183  18.946  -19.524  74.647 0.0000000000
149186  20.580  -17.838  75.902 0.0000000000
149187  20.635  -17.950  75.681 0.0000000000
149190  19.713  -17.983  75.957 0.0000000000
149194  20.787  -17.917  75.941 0.0000000000
