#!ascii label  , from subject 3769 vox2ras=TkReg
1067
61771  12.008  -23.682  49.014 0.0000000000
55785  7.005  -26.832  38.078 0.0000000000
55598  3.620  -26.677  49.446 0.0000000000
63042  4.108  -21.583  45.556 0.0000000000
65647  8.933  -20.322  38.922 0.0000000000
59203  8.412  -24.780  50.590 0.0000000000
60573  5.685  -23.022  47.695 0.0000000000
60493  15.826  -24.203  51.763 0.0000000000
55579  10.697  -25.467  50.898 0.0000000000
53052  7.066  -27.189  49.676 0.0000000000
66768  8.771  -17.979  46.620 0.0000000000
64287  6.291  -20.618  42.471 0.0000000000
67973  10.575  -16.166  43.367 0.0000000000
51938  4.818  -30.107  46.786 0.0000000000
55669  5.144  -26.116  44.548 0.0000000000
60609  3.632  -23.561  47.018 0.0000000000
65423  5.359  -18.931  49.285 0.0000000000
58154  4.932  -23.615  41.393 0.0000000000
63097  4.586  -21.972  37.991 0.0000000000
65757  4.534  -19.579  33.612 0.0000000000
68068  11.174  -16.656  35.366 0.0000000000
60520  9.999  -24.422  50.197 0.0000000000
59235  8.531  -24.139  48.630 0.0000000000
60537  13.633  -23.341  50.060 0.0000000000
56809  13.183  -25.093  51.885 0.0000000000
59183  11.527  -24.664  50.610 0.0000000000
57968  9.480  -25.025  52.333 0.0000000000
66777  9.488  -17.607  44.940 0.0000000000
54379  4.038  -27.909  48.841 0.0000000000
55623  4.656  -26.479  47.409 0.0000000000
58012  4.496  -24.930  49.221 0.0000000000
62985  7.927  -20.861  47.300 0.0000000000
62971  6.218  -19.818  47.857 0.0000000000
54354  5.767  -27.209  49.973 0.0000000000
50698  5.777  -29.504  47.664 0.0000000000
51863  4.408  -29.008  49.144 0.0000000000
49534  4.580  -31.301  47.069 0.0000000000
58118  4.054  -23.563  44.508 0.0000000000
56914  5.515  -24.994  42.854 0.0000000000
60657  4.140  -22.529  43.073 0.0000000000
65611  7.853  -20.869  40.560 0.0000000000
64315  4.298  -21.429  39.826 0.0000000000
63095  5.891  -20.851  37.979 0.0000000000
63130  4.752  -20.663  35.308 0.0000000000
64364  7.204  -21.031  36.046 0.0000000000
57982  5.297  -25.791  49.992 0.0000000000
60561  4.190  -23.372  49.967 0.0000000000
60545  6.771  -24.589  49.228 0.0000000000
60588  7.511  -22.743  46.932 0.0000000000
56824  16.910  -24.580  50.751 0.0000000000
55608  15.522  -24.625  48.330 0.0000000000
55574  14.435  -25.104  51.045 0.0000000000
54350  12.166  -26.014  50.185 0.0000000000
54345  8.952  -25.616  50.717 0.0000000000
55583  7.035  -25.983  51.064 0.0000000000
64210  5.891  -20.303  46.311 0.0000000000
63052  4.977  -20.793  43.875 0.0000000000
65517  7.425  -19.619  44.521 0.0000000000
64285  9.222  -19.020  42.986 0.0000000000
66853  9.950  -17.908  41.643 0.0000000000
60582  14.097  -22.883  47.115 0.0000000000
58018  20.438  -22.745  48.330 0.0000000000
60532  21.415  -22.060  49.846 0.0000000000
61728  18.425  -22.263  50.863 0.0000000000
61766  16.442  -22.272  48.989 0.0000000000
49600  4.819  -31.675  45.739 0.0000000000
51978  5.326  -29.882  44.931 0.0000000000
53166  4.706  -28.529  45.918 0.0000000000
56885  4.453  -25.002  45.782 0.0000000000
61812  3.064  -21.663  46.548 0.0000000000
61786  3.943  -22.622  48.674 0.0000000000
62990  3.397  -20.708  47.607 0.0000000000
65471  4.337  -19.627  46.716 0.0000000000
66757  7.002  -18.688  48.068 0.0000000000
53204  6.076  -28.350  43.409 0.0000000000
54476  7.230  -26.435  42.054 0.0000000000
56951  6.990  -24.685  39.999 0.0000000000
64291  4.049  -21.686  41.862 0.0000000000
60696  4.377  -22.618  39.257 0.0000000000
58192  5.168  -23.036  37.706 0.0000000000
60749  3.621  -22.460  35.858 0.0000000000
61956  4.309  -21.227  34.365 0.0000000000
70213  10.923  -13.873  41.373 0.0000000000
68023  11.065  -16.351  39.340 0.0000000000
70256  10.849  -14.618  37.456 0.0000000000
65685  10.884  -18.398  36.700 0.0000000000
65728  9.110  -19.242  34.058 0.0000000000
60541  10.716  -24.298  49.851 0.0000000000
60570  10.346  -24.354  48.773 0.0000000000
60568  11.592  -23.623  48.219 0.0000000000
61757  13.333  -23.197  49.435 0.0000000000
59199  12.744  -23.926  50.341 0.0000000000
60518  11.687  -24.232  49.939 0.0000000000
59200  10.770  -24.414  50.508 0.0000000000
55810  6.757  -26.949  37.500 0.0000000000
56978  6.720  -24.892  37.179 0.0000000000
55603  3.342  -26.945  48.997 0.0000000000
56843  3.477  -26.257  48.743 0.0000000000
56834  3.959  -25.672  49.791 0.0000000000
56868  16.320  -23.585  47.312 0.0000000000
55596  4.799  -27.006  49.578 0.0000000000
53068  4.880  -28.485  49.207 0.0000000000
54359  4.352  -27.708  49.418 0.0000000000
53085  3.663  -28.869  49.156 0.0000000000
60639  3.923  -22.540  45.191 0.0000000000
59312  4.142  -23.360  43.803 0.0000000000
60649  3.758  -22.567  44.104 0.0000000000
65629  8.364  -20.469  39.807 0.0000000000
65631  6.777  -20.802  39.502 0.0000000000
64334  7.141  -20.600  38.198 0.0000000000
63117  6.581  -20.958  36.673 0.0000000000
64347  8.841  -20.154  37.242 0.0000000000
59189  6.990  -25.637  49.772 0.0000000000
60525  5.769  -24.645  49.379 0.0000000000
60523  8.101  -25.023  49.966 0.0000000000
59249  8.195  -23.569  47.346 0.0000000000
63002  8.273  -21.094  46.607 0.0000000000
57973  16.387  -24.637  52.605 0.0000000000
56826  14.958  -24.337  50.673 0.0000000000
56807  15.525  -25.043  52.520 0.0000000000
56810  12.348  -25.030  50.957 0.0000000000
55577  12.866  -26.101  51.021 0.0000000000
54342  11.805  -25.943  50.313 0.0000000000
55580  9.736  -25.495  51.384 0.0000000000
57978  8.135  -24.589  52.133 0.0000000000
56815  8.125  -25.600  52.423 0.0000000000
57979  7.598  -25.268  51.574 0.0000000000
56822  6.343  -26.245  50.576 0.0000000000
65468  6.787  -19.172  46.474 0.0000000000
65492  6.974  -19.402  45.480 0.0000000000
65491  7.718  -18.743  45.228 0.0000000000
67964  10.092  -16.862  44.244 0.0000000000
65514  9.677  -18.179  44.022 0.0000000000
66808  9.847  -17.352  43.418 0.0000000000
65589  9.354  -18.631  41.867 0.0000000000
66832  10.201  -17.365  42.778 0.0000000000
59176  19.086  -23.147  50.804 0.0000000000
50739  5.126  -30.549  46.545 0.0000000000
51957  5.389  -29.739  45.818 0.0000000000
53147  4.576  -28.364  46.589 0.0000000000
58057  4.047  -24.887  47.285 0.0000000000
55640  4.495  -25.832  46.750 0.0000000000
58076  3.897  -24.477  46.258 0.0000000000
59278  3.522  -23.509  46.152 0.0000000000
59266  3.504  -23.185  46.444 0.0000000000
61772  4.832  -23.111  48.603 0.0000000000
61774  3.762  -22.757  49.435 0.0000000000
61785  4.338  -22.663  48.124 0.0000000000
64172  5.770  -19.753  48.648 0.0000000000
64192  5.032  -20.285  47.502 0.0000000000
64174  4.762  -19.534  47.548 0.0000000000
64175  3.748  -19.594  47.349 0.0000000000
65434  5.122  -19.237  47.929 0.0000000000
65446  5.716  -19.021  47.329 0.0000000000
66745  5.569  -18.541  48.870 0.0000000000
55610  13.598  -25.249  48.418 0.0000000000
55635  14.688  -24.459  47.426 0.0000000000
53066  7.902  -27.870  49.118 0.0000000000
50682  7.412  -29.116  48.154 0.0000000000
51860  7.298  -28.343  48.125 0.0000000000
50699  5.535  -29.832  47.629 0.0000000000
49493  5.923  -30.835  47.993 0.0000000000
50726  4.633  -30.361  47.057 0.0000000000
50740  4.785  -30.811  46.695 0.0000000000
53183  5.487  -28.568  44.735 0.0000000000
51977  5.658  -29.239  44.114 0.0000000000
54430  5.578  -27.614  44.296 0.0000000000
56925  5.417  -24.578  41.951 0.0000000000
56912  6.086  -25.324  42.337 0.0000000000
56924  5.755  -24.977  41.794 0.0000000000
56935  6.572  -25.146  40.875 0.0000000000
56953  5.850  -23.939  40.763 0.0000000000
64270  5.507  -20.887  42.970 0.0000000000
64272  4.581  -21.287  42.530 0.0000000000
64289  4.952  -21.122  41.849 0.0000000000
64326  4.276  -20.897  38.841 0.0000000000
61886  3.604  -21.210  39.599 0.0000000000
60710  4.479  -22.023  38.172 0.0000000000
58193  4.888  -23.105  38.551 0.0000000000
59473  3.961  -22.375  37.004 0.0000000000
59499  4.473  -22.615  36.421 0.0000000000
60732  3.733  -22.224  36.216 0.0000000000
64405  4.428  -19.121  34.776 0.0000000000
64407  3.579  -19.812  35.068 0.0000000000
64446  4.286  -20.015  33.958 0.0000000000
70222  10.522  -13.457  40.712 0.0000000000
69114  10.782  -15.254  40.868 0.0000000000
70231  11.060  -14.117  39.006 0.0000000000
70274  9.549  -14.666  35.943 0.0000000000
69149  11.018  -15.647  36.070 0.0000000000
68039  12.048  -16.821  36.863 0.0000000000
66930  11.269  -17.642  35.554 0.0000000000
65707  9.702  -19.250  35.254 0.0000000000
65727  10.151  -18.437  34.326 0.0000000000
60521  9.029  -24.767  50.691 0.0000000000
60543  8.382  -24.851  49.805 0.0000000000
59219  9.054  -24.868  49.592 0.0000000000
60500  15.282  -23.938  51.232 0.0000000000
59168  15.063  -24.146  52.029 0.0000000000
59181  13.813  -24.086  50.996 0.0000000000
59170  12.924  -24.645  51.180 0.0000000000
57966  11.097  -25.115  51.295 0.0000000000
55572  9.766  -25.766  51.999 0.0000000000
59173  10.229  -24.901  51.603 0.0000000000
59185  10.111  -24.712  51.156 0.0000000000
66754  9.284  -17.328  47.120 0.0000000000
65465  9.020  -18.290  45.902 0.0000000000
67954  10.644  -15.663  46.039 0.0000000000
69056  10.370  -15.264  45.266 0.0000000000
70170  10.006  -14.543  44.567 0.0000000000
53102  4.009  -28.753  48.057 0.0000000000
54411  5.130  -27.992  47.402 0.0000000000
55624  4.677  -26.849  48.298 0.0000000000
56859  4.335  -25.570  47.774 0.0000000000
59253  4.026  -24.120  48.383 0.0000000000
61795  6.590  -21.745  47.318 0.0000000000
61796  5.784  -21.899  47.574 0.0000000000
62970  6.914  -20.280  48.127 0.0000000000
64171  7.211  -19.846  48.640 0.0000000000
65421  7.213  -18.981  49.466 0.0000000000
66733  7.001  -18.421  49.624 0.0000000000
53053  6.179  -27.307  49.091 0.0000000000
51861  6.411  -28.156  47.910 0.0000000000
53067  5.563  -28.091  48.528 0.0000000000
53083  5.075  -28.579  48.306 0.0000000000
50700  5.135  -29.915  47.519 0.0000000000
50701  4.892  -30.569  47.349 0.0000000000
51891  4.455  -29.164  47.827 0.0000000000
51892  4.225  -29.110  47.955 0.0000000000
56894  4.534  -24.683  44.362 0.0000000000
55678  5.410  -25.775  43.581 0.0000000000
56903  4.838  -24.729  43.558 0.0000000000
58131  4.832  -23.977  43.020 0.0000000000
59358  4.667  -23.301  42.145 0.0000000000
65569  6.991  -20.479  41.776 0.0000000000
64300  5.620  -21.125  41.143 0.0000000000
64312  6.506  -21.200  40.539 0.0000000000
64325  4.674  -21.011  39.069 0.0000000000
64338  4.973  -21.181  37.880 0.0000000000
63121  4.142  -21.528  36.199 0.0000000000
64367  5.074  -21.176  36.609 0.0000000000
64366  5.939  -20.371  35.672 0.0000000000
64402  6.303  -19.784  34.585 0.0000000000
69168  9.863  -15.432  34.437 0.0000000000
68087  10.280  -17.042  33.625 0.0000000000
69177  9.621  -15.623  33.624 0.0000000000
56828  4.188  -25.599  50.500 0.0000000000
58002  3.909  -24.772  50.406 0.0000000000
59207  5.068  -24.717  50.361 0.0000000000
60546  5.894  -24.040  49.464 0.0000000000
60559  5.891  -23.437  48.796 0.0000000000
59228  7.091  -24.176  49.095 0.0000000000
59237  6.713  -24.026  48.232 0.0000000000
60589  6.837  -22.654  47.286 0.0000000000
61794  7.171  -21.742  46.907 0.0000000000
56839  16.715  -23.739  49.389 0.0000000000
56848  16.177  -24.782  48.175 0.0000000000
56831  15.810  -24.384  49.851 0.0000000000
55567  13.841  -25.933  52.040 0.0000000000
55588  13.437  -25.820  50.849 0.0000000000
54355  12.741  -25.578  49.601 0.0000000000
53050  8.621  -27.207  49.606 0.0000000000
53041  7.618  -26.751  50.229 0.0000000000
55581  8.826  -26.228  51.909 0.0000000000
55582  7.694  -26.108  51.578 0.0000000000
54352  7.128  -26.830  50.129 0.0000000000
55589  5.933  -26.966  50.557 0.0000000000
55590  5.468  -26.580  49.779 0.0000000000
64254  4.480  -20.931  45.864 0.0000000000
61840  4.333  -20.907  44.684 0.0000000000
63018  5.319  -20.432  45.262 0.0000000000
63037  6.156  -20.430  44.441 0.0000000000
64286  6.975  -20.401  43.420 0.0000000000
65490  8.643  -18.190  45.078 0.0000000000
66809  8.253  -19.582  43.804 0.0000000000
65568  7.666  -19.913  42.765 0.0000000000
65590  8.672  -19.569  41.748 0.0000000000
65609  9.439  -18.972  40.821 0.0000000000
65608  9.911  -18.772  40.525 0.0000000000
61781  13.383  -23.132  47.810 0.0000000000
58020  18.713  -23.438  48.095 0.0000000000
60530  23.470  -22.204  50.320 0.0000000000
59191  22.361  -22.379  50.396 0.0000000000
57992  22.078  -22.157  49.503 0.0000000000
58006  20.519  -22.593  48.884 0.0000000000
58007  19.692  -23.073  49.347 0.0000000000
56837  18.685  -23.433  49.511 0.0000000000
59177  18.036  -23.815  51.187 0.0000000000
61730  16.950  -23.076  50.899 0.0000000000
60513  16.938  -22.531  50.168 0.0000000000
60536  15.854  -22.580  50.289 0.0000000000
61743  14.987  -22.499  50.298 0.0000000000
60551  14.019  -22.701  48.338 0.0000000000
53184  5.211  -28.827  45.401 0.0000000000
54431  5.200  -27.445  45.207 0.0000000000
54410  4.863  -27.483  46.842 0.0000000000
55657  4.526  -25.696  46.131 0.0000000000
55658  4.734  -26.042  45.478 0.0000000000
58098  4.029  -23.925  44.858 0.0000000000
59293  3.658  -23.173  45.306 0.0000000000
61828  3.775  -21.958  46.170 0.0000000000
59230  3.869  -23.893  49.922 0.0000000000
59241  2.856  -23.684  49.069 0.0000000000
60591  4.298  -22.976  47.744 0.0000000000
61797  4.854  -21.761  47.668 0.0000000000
61798  3.930  -21.841  47.954 0.0000000000
60592  3.346  -22.213  47.266 0.0000000000
61800  2.590  -21.507  46.914 0.0000000000
63003  2.802  -20.598  46.568 0.0000000000
64234  3.802  -20.930  46.280 0.0000000000
65470  5.267  -19.951  46.764 0.0000000000
65445  6.490  -18.990  47.355 0.0000000000
66770  7.278  -18.702  47.166 0.0000000000
66743  7.532  -18.232  48.867 0.0000000000
66742  8.437  -17.967  48.737 0.0000000000
66755  8.613  -17.923  47.600 0.0000000000
50711  7.028  -30.036  46.841 0.0000000000
50683  6.524  -29.643  47.530 0.0000000000
55677  5.803  -26.183  43.440 0.0000000000
54453  6.849  -27.185  42.679 0.0000000000
56964  7.109  -24.813  38.663 0.0000000000
61851  4.101  -21.445  43.813 0.0000000000
61858  4.019  -22.155  42.420 0.0000000000
60683  4.312  -22.714  41.200 0.0000000000
64302  4.488  -21.513  40.942 0.0000000000
61876  4.247  -21.631  40.177 0.0000000000
58170  4.941  -23.207  40.504 0.0000000000
58182  4.869  -23.155  39.485 0.0000000000
58180  6.001  -23.770  38.303 0.0000000000
58179  6.358  -24.266  37.850 0.0000000000
58191  5.823  -23.366  37.130 0.0000000000
63132  2.799  -21.180  35.247 0.0000000000
60770  3.345  -21.758  34.983 0.0000000000
70187  10.260  -14.361  43.572 0.0000000000
71432  10.482  -13.291  43.168 0.0000000000
69096  10.712  -15.313  43.028 0.0000000000
68008  11.201  -16.622  41.633 0.0000000000
66881  10.692  -17.774  39.910 0.0000000000
65645  10.913  -18.323  38.999 0.0000000000
69129  11.008  -15.197  38.687 0.0000000000
66903  11.507  -17.341  37.741 0.0000000000
64346  9.545  -19.704  37.761 0.0000000000
65687  9.301  -19.930  36.162 0.0000000000
64381  7.615  -20.279  35.136 0.0000000000
65730  6.683  -19.374  33.888 0.0000000000
64423  6.815  -18.811  32.484 0.0000000000
60540  11.326  -23.912  49.631 0.0000000000
60553  11.379  -24.054  49.064 0.0000000000
61758  12.501  -23.557  49.389 0.0000000000
60539  12.085  -23.968  49.690 0.0000000000
61759  11.974  -23.871  49.402 0.0000000000
56979  6.583  -25.464  37.806 0.0000000000
56835  3.370  -26.154  49.282 0.0000000000
58021  17.806  -23.480  47.898 0.0000000000
58039  17.061  -23.529  47.140 0.0000000000
58022  17.163  -23.592  47.659 0.0000000000
55597  4.296  -26.488  49.733 0.0000000000
54360  3.944  -27.158  49.520 0.0000000000
54368  3.896  -27.798  49.136 0.0000000000
61843  4.084  -22.099  45.104 0.0000000000
65648  7.914  -20.662  39.004 0.0000000000
64333  8.245  -20.359  38.147 0.0000000000
64332  9.122  -19.878  38.144 0.0000000000
59188  8.050  -25.440  50.602 0.0000000000
59204  7.633  -25.228  49.793 0.0000000000
59166  16.244  -24.498  52.450 0.0000000000
57961  16.131  -24.913  52.941 0.0000000000
59167  15.682  -24.421  52.555 0.0000000000
55570  11.521  -25.120  50.761 0.0000000000
55578  11.745  -25.480  50.545 0.0000000000
54343  10.832  -25.776  50.440 0.0000000000
54344  9.876  -25.567  50.545 0.0000000000
59187  8.043  -24.615  51.389 0.0000000000
57980  7.317  -25.962  50.525 0.0000000000
66769  7.966  -18.222  46.888 0.0000000000
65467  7.482  -18.747  46.197 0.0000000000
65466  8.265  -18.404  45.999 0.0000000000
67963  10.399  -16.152  43.928 0.0000000000
67974  10.171  -16.761  43.454 0.0000000000
67990  10.327  -16.646  43.055 0.0000000000
51937  4.774  -29.500  46.532 0.0000000000
53124  4.452  -28.881  46.828 0.0000000000
58041  3.962  -24.382  47.395 0.0000000000
58058  3.834  -24.449  46.881 0.0000000000
59277  3.613  -23.960  46.635 0.0000000000
60625  3.505  -23.594  46.564 0.0000000000
60610  3.402  -23.039  46.811 0.0000000000
61784  5.108  -22.789  47.883 0.0000000000
64156  5.192  -19.601  49.029 0.0000000000
64173  5.501  -19.616  47.875 0.0000000000
64157  5.010  -19.428  48.344 0.0000000000
66746  4.866  -18.602  48.711 0.0000000000
66759  5.297  -18.741  48.060 0.0000000000
51843  7.238  -27.650  48.690 0.0000000000
51842  7.652  -27.914  48.837 0.0000000000
49512  5.309  -30.767  47.572 0.0000000000
49494  5.737  -30.742  47.829 0.0000000000
51915  4.409  -29.560  46.986 0.0000000000
50752  4.847  -31.359  46.167 0.0000000000
54439  5.320  -26.774  44.215 0.0000000000
58140  5.255  -24.011  41.660 0.0000000000
56937  5.628  -24.433  41.369 0.0000000000
56936  6.095  -24.681  41.171 0.0000000000
58153  5.164  -24.009  41.036 0.0000000000
64288  5.341  -20.834  41.988 0.0000000000
63096  4.336  -21.346  38.504 0.0000000000
63088  3.987  -21.608  38.705 0.0000000000
61897  4.035  -21.990  38.179 0.0000000000
60720  3.985  -22.187  37.188 0.0000000000
61908  4.005  -21.966  37.278 0.0000000000
65732  4.975  -19.934  34.053 0.0000000000
65758  3.887  -19.155  34.327 0.0000000000
65780  4.218  -19.562  33.708 0.0000000000
71460  10.043  -12.848  40.441 0.0000000000
70221  10.593  -13.912  40.119 0.0000000000
71459  10.065  -13.197  39.729 0.0000000000
69167  10.652  -15.790  34.915 0.0000000000
69150  10.725  -15.265  36.272 0.0000000000
69160  10.889  -15.716  35.677 0.0000000000
68052  11.676  -16.981  36.161 0.0000000000
66945  10.876  -17.577  34.732 0.0000000000
60542  9.601  -24.571  50.025 0.0000000000
60585  10.804  -23.812  47.436 0.0000000000
60516  14.478  -23.436  50.566 0.0000000000
60501  14.633  -24.042  50.938 0.0000000000
59182  12.547  -24.329  50.593 0.0000000000
59171  12.041  -24.947  50.798 0.0000000000
57965  12.106  -25.023  51.014 0.0000000000
57967  10.273  -25.149  51.799 0.0000000000
59172  10.994  -24.910  51.207 0.0000000000
57988  10.620  -24.566  50.896 0.0000000000
60505  9.834  -24.608  50.791 0.0000000000
60506  9.461  -24.641  51.099 0.0000000000
67947  9.839  -16.820  46.596 0.0000000000
69055  10.861  -14.837  46.021 0.0000000000
69070  10.239  -15.687  44.431 0.0000000000
54395  4.727  -27.884  48.196 0.0000000000
55611  3.775  -27.012  48.547 0.0000000000
56842  4.350  -25.450  49.195 0.0000000000
56851  4.257  -25.911  48.556 0.0000000000
56850  4.475  -25.164  48.580 0.0000000000
58040  4.219  -24.624  47.997 0.0000000000
58025  4.234  -24.497  48.845 0.0000000000
62986  7.150  -20.795  47.397 0.0000000000
64170  7.595  -19.627  48.869 0.0000000000
64154  7.112  -19.328  49.078 0.0000000000
64143  7.532  -19.183  49.674 0.0000000000
65410  7.399  -18.823  49.993 0.0000000000
53054  5.467  -27.659  49.313 0.0000000000
51862  4.558  -28.999  48.858 0.0000000000
51876  4.902  -29.001  48.041 0.0000000000
51877  4.225  -29.240  48.637 0.0000000000
50712  4.992  -29.163  47.884 0.0000000000
53086  3.535  -28.747  48.741 0.0000000000
58117  4.414  -23.804  44.006 0.0000000000
59335  3.980  -23.033  43.541 0.0000000000
59334  4.408  -23.399  43.239 0.0000000000
59359  4.313  -22.976  42.794 0.0000000000
65592  7.140  -21.062  41.055 0.0000000000
65612  7.015  -21.081  40.218 0.0000000000
64335  6.301  -20.843  38.841 0.0000000000
64336  5.312  -21.062  38.323 0.0000000000
64337  4.856  -21.007  38.232 0.0000000000
64350  5.207  -21.202  37.393 0.0000000000
63107  5.567  -21.009  37.331 0.0000000000
63116  7.098  -21.024  36.936 0.0000000000
63118  6.017  -20.757  36.385 0.0000000000
64365  6.354  -20.612  35.858 0.0000000000
64383  6.007  -20.043  35.251 0.0000000000
64382  6.729  -20.243  35.251 0.0000000000
69162  9.413  -14.906  35.012 0.0000000000
68077  9.950  -16.059  33.897 0.0000000000
56827  5.006  -25.874  49.988 0.0000000000
57990  4.694  -25.238  50.650 0.0000000000
57989  5.321  -25.461  49.815 0.0000000000
60524  6.751  -24.948  49.394 0.0000000000
60556  8.129  -24.277  49.270 0.0000000000
60557  7.565  -24.414  49.327 0.0000000000
60571  8.005  -23.958  48.989 0.0000000000
141886  7.052  -24.357  48.623 0.0000000000
59250  7.160  -23.601  47.471 0.0000000000
59251  6.443  -23.303  47.620 0.0000000000
56830  17.026  -24.264  50.317 0.0000000000
56832  15.053  -24.622  50.060 0.0000000000
55586  14.510  -24.937  50.269 0.0000000000
57963  14.109  -24.818  52.038 0.0000000000
56808  14.261  -25.211  52.006 0.0000000000
54341  12.518  -25.907  50.463 0.0000000000
55576  13.262  -25.978  51.394 0.0000000000
54340  12.848  -25.988  50.766 0.0000000000
54349  12.901  -25.872  50.038 0.0000000000
54356  12.099  -25.883  49.781 0.0000000000
54366  11.481  -25.867  49.359 0.0000000000
53079  10.816  -26.233  49.005 0.0000000000
53039  9.145  -26.235  50.031 0.0000000000
53040  8.349  -26.561  50.128 0.0000000000
56813  9.673  -25.515  52.199 0.0000000000
55573  9.319  -25.928  52.323 0.0000000000
56814  8.877  -25.734  52.512 0.0000000000
56820  7.578  -25.863  51.910 0.0000000000
54347  7.200  -26.151  50.496 0.0000000000
54348  6.719  -26.132  50.598 0.0000000000
54353  6.495  -26.876  50.342 0.0000000000
55584  6.358  -26.482  50.666 0.0000000000
57981  5.964  -26.186  49.542 0.0000000000
55585  6.026  -26.402  50.288 0.0000000000
56823  5.717  -26.283  49.854 0.0000000000
64211  5.421  -20.381  46.340 0.0000000000
63019  5.165  -20.491  45.417 0.0000000000
64231  5.912  -20.306  45.491 0.0000000000
64252  6.051  -20.102  44.880 0.0000000000
64251  6.606  -19.972  44.672 0.0000000000
63050  6.505  -20.460  44.053 0.0000000000
64269  6.990  -20.248  44.089 0.0000000000
65489  9.245  -18.043  45.488 0.0000000000
65539  9.380  -18.582  43.504 0.0000000000
65515  9.070  -18.481  44.277 0.0000000000
65540  8.752  -19.036  43.551 0.0000000000
66834  8.007  -19.723  43.390 0.0000000000
65567  8.928  -19.304  42.772 0.0000000000
66854  9.637  -18.480  41.186 0.0000000000
66868  10.108  -18.439  40.727 0.0000000000
60566  13.768  -22.840  47.778 0.0000000000
61791  13.509  -23.116  46.972 0.0000000000
58035  20.361  -22.684  47.486 0.0000000000
58036  19.479  -22.800  47.431 0.0000000000
58019  19.518  -23.070  48.407 0.0000000000
60509  21.974  -21.984  50.306 0.0000000000
61736  22.548  -21.391  50.868 0.0000000000
60531  21.809  -22.195  50.091 0.0000000000
59212  21.803  -22.189  49.802 0.0000000000
57993  21.693  -22.107  49.257 0.0000000000
59213  21.117  -22.138  49.715 0.0000000000
59215  20.240  -23.449  50.349 0.0000000000
56836  19.164  -23.352  49.485 0.0000000000
58008  18.969  -23.609  49.814 0.0000000000
60497  18.229  -22.885  50.785 0.0000000000
60498  17.060  -23.387  51.066 0.0000000000
61729  17.584  -22.839  50.725 0.0000000000
62940  17.259  -22.174  49.235 0.0000000000
61754  16.609  -22.344  49.409 0.0000000000
60535  16.321  -22.502  49.998 0.0000000000
61755  15.512  -22.429  49.867 0.0000000000
61780  15.108  -22.562  47.802 0.0000000000
61768  14.928  -22.527  48.804 0.0000000000
61769  13.620  -22.885  48.710 0.0000000000
48635  4.817  -32.216  45.480 0.0000000000
50766  5.386  -30.899  45.503 0.0000000000
54423  4.406  -27.408  46.015 0.0000000000
54394  5.141  -27.350  47.689 0.0000000000
56884  4.368  -25.159  46.416 0.0000000000
56886  4.445  -24.836  45.119 0.0000000000
58077  3.821  -24.302  45.526 0.0000000000
59279  3.665  -22.821  46.133 0.0000000000
59292  3.633  -23.730  45.398 0.0000000000
60627  3.773  -22.344  46.066 0.0000000000
59222  4.145  -24.226  50.627 0.0000000000
61775  3.450  -22.933  49.352 0.0000000000
60574  3.454  -23.151  48.818 0.0000000000
62987  6.435  -20.748  47.376 0.0000000000
62988  5.537  -20.596  47.479 0.0000000000
62973  3.990  -19.965  47.777 0.0000000000
62989  4.431  -20.790  47.631 0.0000000000
61799  2.936  -21.448  47.353 0.0000000000
64193  3.621  -19.628  46.807 0.0000000000
64194  3.052  -19.809  47.032 0.0000000000
64213  3.107  -20.307  46.533 0.0000000000
64212  3.795  -20.160  46.407 0.0000000000
65495  4.482  -20.388  46.398 0.0000000000
66758  6.050  -18.540  48.083 0.0000000000
66756  7.817  -18.301  47.893 0.0000000000
66732  7.227  -17.996  49.703 0.0000000000
55607  15.943  -25.063  48.334 0.0000000000
56857  15.867  -24.157  47.758 0.0000000000
56849  15.752  -24.825  47.835 0.0000000000
50684  5.933  -29.766  47.682 0.0000000000
51976  5.933  -28.871  43.694 0.0000000000
51995  6.398  -29.469  43.273 0.0000000000
53203  6.548  -28.592  43.107 0.0000000000
55690  5.772  -25.288  43.119 0.0000000000
55688  6.763  -25.823  42.562 0.0000000000
54452  7.139  -27.817  42.204 0.0000000000
55699  7.297  -26.410  41.476 0.0000000000
56934  7.037  -25.401  40.508 0.0000000000
56950  7.399  -25.453  39.676 0.0000000000
56963  7.769  -25.375  38.845 0.0000000000
56965  6.441  -23.897  39.396 0.0000000000
61849  4.565  -20.851  44.435 0.0000000000
63053  4.547  -21.188  43.368 0.0000000000
64273  4.212  -21.609  42.341 0.0000000000
63055  4.035  -21.904  42.608 0.0000000000
63063  3.915  -21.891  41.935 0.0000000000
60669  4.298  -22.613  41.926 0.0000000000
61864  3.931  -22.090  41.389 0.0000000000
64314  5.094  -21.629  40.037 0.0000000000
64301  5.044  -21.350  40.915 0.0000000000
60697  4.316  -22.264  39.550 0.0000000000
59416  4.415  -22.550  40.410 0.0000000000
59415  4.590  -22.747  39.859 0.0000000000
58169  5.468  -23.315  40.179 0.0000000000
59522  3.668  -22.826  35.955 0.0000000000
60768  4.144  -22.637  35.511 0.0000000000
64369  4.229  -20.947  35.561 0.0000000000
63122  3.690  -21.810  36.025 0.0000000000
63131  3.463  -20.828  35.397 0.0000000000
63147  3.325  -20.695  34.685 0.0000000000
63140  2.638  -20.962  34.705 0.0000000000
61936  3.937  -21.318  34.813 0.0000000000
59576  4.988  -21.876  34.273 0.0000000000
71433  10.103  -12.870  42.491 0.0000000000
71447  10.543  -13.416  42.231 0.0000000000
70202  10.673  -14.233  42.563 0.0000000000
69106  10.863  -15.281  42.016 0.0000000000
69122  11.017  -15.200  39.734 0.0000000000
68016  11.021  -16.500  40.406 0.0000000000
70257  9.813  -14.539  37.102 0.0000000000
70240  9.870  -14.019  37.681 0.0000000000
70239  10.641  -14.239  38.004 0.0000000000
71492  10.529  -13.714  38.539 0.0000000000
69137  11.437  -14.976  37.781 0.0000000000
66913  11.529  -17.569  36.809 0.0000000000
66914  11.221  -17.999  37.273 0.0000000000
65666  10.812  -18.509  37.786 0.0000000000
65667  10.112  -19.145  37.360 0.0000000000
65668  9.639  -19.709  36.981 0.0000000000
65686  10.176  -19.297  36.327 0.0000000000
65708  8.650  -19.880  35.093 0.0000000000
65729  7.813  -19.849  33.872 0.0000000000
64401  7.010  -19.896  34.547 0.0000000000
66960  9.899  -17.540  33.347 0.0000000000
60555  10.268  -24.362  49.498 0.0000000000
60554  10.899  -23.996  49.404 0.0000000000
60569  10.900  -24.155  48.483 0.0000000000
59198  13.412  -23.754  50.483 0.0000000000
59217  12.808  -23.760  50.166 0.0000000000
60502  12.162  -24.137  50.095 0.0000000000
60503  11.678  -24.362  50.257 0.0000000000
60504  11.189  -24.458  50.496 0.0000000000
60519  11.065  -24.369  50.221 0.0000000000
56994  6.773  -25.571  36.955 0.0000000000
59468  6.485  -24.361  36.704 0.0000000000
54358  5.157  -27.426  49.524 0.0000000000
53069  4.172  -28.782  49.329 0.0000000000
54367  3.971  -28.377  49.274 0.0000000000
59313  3.799  -23.209  44.364 0.0000000000
61852  3.875  -21.971  43.570 0.0000000000
65630  7.504  -20.821  39.719 0.0000000000
65649  6.998  -20.456  39.147 0.0000000000
63094  6.499  -20.750  37.988 0.0000000000
63106  6.171  -20.813  37.336 0.0000000000
64349  7.205  -20.717  37.678 0.0000000000
64348  7.574  -20.700  37.250 0.0000000000
59205  6.465  -25.198  49.326 0.0000000000
60587  8.146  -22.702  46.477 0.0000000000
61793  7.743  -21.805  46.517 0.0000000000
61811  8.272  -21.776  45.827 0.0000000000
57986  16.688  -24.693  51.091 0.0000000000
56825  16.135  -24.512  51.061 0.0000000000
57974  16.409  -24.675  51.851 0.0000000000
56816  15.978  -25.130  52.341 0.0000000000
56817  14.717  -25.164  51.881 0.0000000000
55569  12.562  -25.057  51.077 0.0000000000
57977  8.909  -24.579  52.280 0.0000000000
57969  8.534  -25.039  52.544 0.0000000000
57970  7.808  -25.211  52.310 0.0000000000
56821  7.173  -25.909  51.199 0.0000000000
65493  6.451  -19.879  46.008 0.0000000000
66791  9.494  -18.049  44.433 0.0000000000
66790  9.809  -17.699  44.064 0.0000000000
65538  9.964  -18.064  43.400 0.0000000000
65566  9.528  -18.539  42.842 0.0000000000
65565  9.919  -17.829  42.974 0.0000000000
65588  9.800  -18.071  42.423 0.0000000000
66852  10.831  -17.486  41.934 0.0000000000
58017  21.347  -22.622  48.313 0.0000000000
60510  20.996  -22.026  49.894 0.0000000000
57983  19.232  -23.801  51.032 0.0000000000
60496  19.059  -22.188  51.262 0.0000000000
61727  18.795  -21.797  51.263 0.0000000000
62950  15.707  -22.314  48.805 0.0000000000
50751  5.393  -30.723  46.110 0.0000000000
55622  4.446  -25.819  47.225 0.0000000000
56872  4.255  -25.361  47.015 0.0000000000
58075  4.047  -24.866  46.741 0.0000000000
60611  3.235  -22.285  46.676 0.0000000000
60560  4.903  -23.547  49.219 0.0000000000
61773  4.362  -22.756  49.191 0.0000000000
64191  5.489  -20.033  47.500 0.0000000000
62974  3.170  -19.978  47.513 0.0000000000
65435  4.521  -19.381  47.360 0.0000000000
65448  4.099  -19.183  47.143 0.0000000000
65447  4.990  -19.021  47.311 0.0000000000
55609  14.559  -24.617  48.444 0.0000000000
55619  15.043  -24.394  47.966 0.0000000000
55620  14.179  -24.784  47.833 0.0000000000
51859  7.860  -28.209  48.756 0.0000000000
49577  4.461  -31.873  46.302 0.0000000000
53182  5.752  -28.396  44.004 0.0000000000
54429  5.749  -27.744  43.665 0.0000000000
56926  5.360  -24.597  42.449 0.0000000000
56913  5.736  -25.144  42.521 0.0000000000
56923  6.287  -25.284  41.688 0.0000000000
55700  6.963  -25.755  41.501 0.0000000000
56952  6.390  -24.254  40.403 0.0000000000
64271  4.940  -20.881  42.746 0.0000000000
64290  4.390  -21.411  41.816 0.0000000000
63087  3.574  -20.980  39.299 0.0000000000
61887  3.662  -21.742  39.045 0.0000000000
60709  4.379  -22.503  38.778 0.0000000000
59442  4.591  -22.905  38.915 0.0000000000
59443  4.657  -22.374  38.016 0.0000000000
59472  4.721  -22.812  37.095 0.0000000000
59471  4.745  -22.686  36.992 0.0000000000
59500  3.991  -22.424  36.229 0.0000000000
59501  3.660  -22.504  35.959 0.0000000000
65710  4.022  -19.237  35.264 0.0000000000
64387  3.787  -20.225  35.116 0.0000000000
64406  3.803  -19.533  34.770 0.0000000000
64427  3.865  -19.561  34.402 0.0000000000
64447  3.992  -20.415  34.497 0.0000000000
71448  10.148  -12.928  41.549 0.0000000000
69138  11.172  -14.895  36.973 0.0000000000
68040  11.562  -15.874  37.145 0.0000000000
68054  11.228  -15.634  36.565 0.0000000000
66929  11.444  -17.587  36.133 0.0000000000
65705  11.260  -18.111  36.054 0.0000000000
65706  10.743  -18.507  35.533 0.0000000000
59202  8.296  -24.710  51.078 0.0000000000
60522  8.170  -24.697  50.399 0.0000000000
59227  8.615  -24.607  49.294 0.0000000000
59226  9.823  -24.498  49.120 0.0000000000
58023  9.012  -24.616  48.774 0.0000000000
60494  15.444  -24.236  52.032 0.0000000000
59180  14.495  -23.862  51.004 0.0000000000
59169  13.915  -24.485  51.605 0.0000000000
57964  13.057  -24.820  51.638 0.0000000000
56811  11.285  -25.020  51.014 0.0000000000
55571  10.528  -25.369  51.401 0.0000000000
56812  10.372  -25.308  51.680 0.0000000000
59184  11.000  -24.387  50.906 0.0000000000
59174  9.482  -24.760  51.852 0.0000000000
59186  8.859  -24.486  51.570 0.0000000000
66767  9.579  -17.704  46.081 0.0000000000
67955  10.181  -16.546  45.527 0.0000000000
69083  10.372  -15.492  43.784 0.0000000000
53125  4.567  -28.627  47.280 0.0000000000
56852  4.003  -26.464  48.454 0.0000000000
56860  4.470  -26.285  48.201 0.0000000000
59254  4.093  -23.888  47.706 0.0000000000
60590  6.195  -22.650  47.513 0.0000000000
62969  7.742  -20.149  48.338 0.0000000000
62955  6.153  -19.770  48.661 0.0000000000
64155  6.052  -19.506  49.095 0.0000000000
65422  6.494  -18.905  49.235 0.0000000000
65411  7.128  -18.635  49.621 0.0000000000
51844  6.767  -27.465  48.755 0.0000000000
51875  5.600  -28.941  47.804 0.0000000000
50713  4.704  -30.049  47.288 0.0000000000
51878  3.647  -29.158  48.758 0.0000000000
55659  4.758  -25.414  44.685 0.0000000000
55670  4.814  -25.402  43.968 0.0000000000
55679  5.042  -25.294  43.569 0.0000000000
56902  5.248  -25.100  43.303 0.0000000000
56915  5.229  -24.587  42.903 0.0000000000
58141  5.230  -24.052  42.227 0.0000000000
64299  6.329  -20.820  41.176 0.0000000000
64313  5.849  -21.313  40.338 0.0000000000
64323  6.301  -21.172  39.802 0.0000000000
64324  5.512  -21.311  39.362 0.0000000000
63108  4.420  -21.679  37.315 0.0000000000
64351  5.000  -21.329  37.084 0.0000000000
64352  4.728  -21.325  36.622 0.0000000000
63120  5.036  -20.996  35.987 0.0000000000
63119  5.351  -21.043  36.441 0.0000000000
63129  5.121  -20.715  35.472 0.0000000000
64384  5.336  -20.361  35.045 0.0000000000
64403  5.522  -19.993  34.508 0.0000000000
69161  10.094  -15.180  35.347 0.0000000000
68076  10.555  -16.526  34.169 0.0000000000
69186  9.680  -15.915  32.853 0.0000000000
57991  4.096  -24.875  51.015 0.0000000000
59221  4.564  -24.290  50.597 0.0000000000
60526  5.379  -24.594  49.786 0.0000000000
60547  5.001  -24.123  49.830 0.0000000000
60544  7.596  -24.691  49.596 0.0000000000
60558  6.845  -24.428  49.054 0.0000000000
59236  7.519  -24.042  48.501 0.0000000000
141884  6.905  -24.410  48.837 0.0000000000
59229  6.423  -23.810  48.669 0.0000000000
59252  6.031  -23.123  47.653 0.0000000000
56846  17.705  -23.531  48.764 0.0000000000
56847  16.693  -23.698  48.405 0.0000000000
56840  16.136  -24.461  48.821 0.0000000000
55592  15.632  -24.529  49.006 0.0000000000
55593  14.881  -24.677  49.530 0.0000000000
55600  15.101  -24.514  48.819 0.0000000000
55601  14.192  -24.835  49.094 0.0000000000
55602  13.510  -25.382  49.335 0.0000000000
57962  15.239  -24.852  52.393 0.0000000000
56818  14.259  -25.543  52.002 0.0000000000
55575  14.055  -25.746  51.540 0.0000000000
55568  13.244  -25.714  51.855 0.0000000000
55587  14.046  -25.528  50.667 0.0000000000
55595  13.468  -25.590  50.151 0.0000000000
54364  12.651  -25.435  48.702 0.0000000000
51841  8.886  -27.275  49.304 0.0000000000
53065  8.140  -27.732  49.232 0.0000000000
53051  7.831  -27.531  49.591 0.0000000000
56819  8.112  -26.085  52.257 0.0000000000
54346  8.030  -25.710  50.692 0.0000000000
53042  7.274  -26.658  50.160 0.0000000000
55591  4.582  -26.089  50.015 0.0000000000
64255  4.202  -21.215  45.828 0.0000000000
63041  4.186  -21.236  45.422 0.0000000000
63040  4.241  -20.959  45.185 0.0000000000
63039  4.764  -20.624  44.989 0.0000000000
63038  5.575  -20.501  44.669 0.0000000000
64230  6.362  -19.859  45.286 0.0000000000
63051  5.953  -20.736  43.737 0.0000000000
63062  6.505  -20.589  43.503 0.0000000000
65516  8.208  -19.003  44.389 0.0000000000
66778  9.173  -18.094  44.724 0.0000000000
66792  7.942  -19.688  44.199 0.0000000000
66793  7.728  -19.945  44.151 0.0000000000
66810  7.869  -19.904  43.734 0.0000000000
65591  7.998  -20.658  41.584 0.0000000000
65610  8.711  -20.189  40.765 0.0000000000
65628  9.161  -19.612  39.786 0.0000000000
61770  12.752  -23.227  48.837 0.0000000000
61783  12.282  -23.374  48.391 0.0000000000
61782  12.820  -23.338  47.965 0.0000000000
61809  13.065  -22.888  46.176 0.0000000000
60508  22.833  -22.071  50.684 0.0000000000
58005  21.410  -22.266  48.894 0.0000000000
57994  20.818  -22.346  49.450 0.0000000000
56844  19.126  -23.116  49.195 0.0000000000
56845  18.566  -23.252  48.978 0.0000000000
56838  17.789  -23.599  49.707 0.0000000000
57972  18.883  -23.870  51.314 0.0000000000
59195  17.552  -24.329  51.168 0.0000000000
59196  17.069  -24.472  51.155 0.0000000000
59178  16.699  -24.216  51.391 0.0000000000
60492  16.293  -23.989  51.428 0.0000000000
60499  16.239  -23.237  51.174 0.0000000000
61752  18.460  -21.695  49.558 0.0000000000
61740  18.407  -21.978  50.572 0.0000000000
61753  17.489  -22.132  49.798 0.0000000000
61741  17.688  -22.459  50.447 0.0000000000
61742  16.964  -22.832  50.634 0.0000000000
60515  15.417  -22.843  50.614 0.0000000000
61744  14.824  -22.738  50.381 0.0000000000
61756  14.377  -22.693  49.856 0.0000000000
55641  4.587  -26.505  46.402 0.0000000000
58099  3.846  -23.455  44.746 0.0000000000
63021  3.849  -21.560  46.221 0.0000000000
58013  3.991  -24.472  49.455 0.0000000000
60562  3.568  -23.229  49.600 0.0000000000
59231  3.271  -23.716  49.378 0.0000000000
58026  3.125  -24.350  48.945 0.0000000000
59240  3.449  -23.790  48.606 0.0000000000
60593  2.833  -21.882  47.113 0.0000000000
62975  2.928  -19.965  47.235 0.0000000000
62991  2.580  -20.529  47.007 0.0000000000
63004  2.927  -21.074  46.381 0.0000000000
64235  3.327  -20.914  46.312 0.0000000000
64233  4.073  -20.918  46.288 0.0000000000
65494  5.060  -20.450  46.278 0.0000000000
65469  6.090  -19.503  46.696 0.0000000000
66744  6.685  -18.751  48.918 0.0000000000
60567  12.110  -23.225  47.810 0.0000000000
56856  16.449  -23.789  47.785 0.0000000000
56869  15.665  -23.662  46.996 0.0000000000
56858  15.355  -24.274  47.539 0.0000000000
49510  6.413  -30.912  47.325 0.0000000000
51996  5.604  -30.160  44.124 0.0000000000
54438  5.553  -26.900  43.562 0.0000000000
54437  5.974  -27.474  43.159 0.0000000000
55689  6.145  -25.567  43.173 0.0000000000
54454  6.218  -26.492  43.206 0.0000000000
53232  6.328  -27.994  42.933 0.0000000000
53231  6.849  -28.283  42.612 0.0000000000
52017  6.961  -29.071  42.422 0.0000000000
55717  7.300  -26.214  40.719 0.0000000000
55762  6.860  -25.888  38.345 0.0000000000
61842  4.001  -21.558  44.597 0.0000000000
63054  4.308  -21.632  43.047 0.0000000000
60668  4.464  -22.893  41.557 0.0000000000
59386  4.564  -22.945  40.981 0.0000000000
63068  4.256  -21.648  40.788 0.0000000000
63078  3.943  -21.291  40.124 0.0000000000
63079  4.261  -21.600  40.522 0.0000000000
63069  3.994  -21.804  41.108 0.0000000000
60684  4.172  -22.393  40.783 0.0000000000
56966  6.080  -23.503  39.988 0.0000000000
58181  5.393  -23.515  39.065 0.0000000000
58190  6.476  -24.219  37.214 0.0000000000
59498  5.830  -23.301  36.322 0.0000000000
61914  3.667  -21.946  36.580 0.0000000000
61920  3.451  -21.748  35.639 0.0000000000
60750  3.458  -21.933  35.663 0.0000000000
61928  2.825  -21.565  34.949 0.0000000000
60769  3.874  -21.976  35.631 0.0000000000
60793  4.116  -22.014  35.120 0.0000000000
70188  9.850  -14.418  44.024 0.0000000000
67989  10.837  -16.436  42.642 0.0000000000
67988  11.188  -17.010  42.195 0.0000000000
66867  10.976  -17.714  41.060 0.0000000000
66882  10.341  -18.319  40.210 0.0000000000
65627  10.170  -18.723  39.945 0.0000000000
65646  9.892  -19.419  38.567 0.0000000000
68030  11.646  -16.111  38.363 0.0000000000
66892  11.338  -17.236  38.943 0.0000000000
64331  9.516  -19.687  38.172 0.0000000000
64363  8.245  -20.449  36.134 0.0000000000
65731  5.856  -19.509  33.923 0.0000000000
66959  10.495  -17.559  33.854 0.0000000000
65752  9.538  -18.379  33.461 0.0000000000
65754  7.059  -19.298  32.787 0.0000000000
65756  5.290  -19.424  33.309 0.0000000000
50697  6.488  -30.370  47.286 0.0000000000
51914  4.406  -29.121  46.890 0.0000000000
53084  4.824  -28.777  48.618 0.0000000000
53148  4.927  -28.202  46.909 0.0000000000
55599  15.873  -24.962  48.580 0.0000000000
55636  13.892  -24.658  46.982 0.0000000000
55718  6.939  -25.607  40.910 0.0000000000
55737  7.971  -25.982  38.923 0.0000000000
55760  7.779  -25.781  38.771 0.0000000000
56806  15.960  -25.149  52.765 0.0000000000
56833  6.796  -24.157  49.024 0.0000000000
56841  4.574  -25.053  48.953 0.0000000000
56861  4.390  -26.534  48.354 0.0000000000
56949  7.917  -25.670  39.187 0.0000000000
56962  8.008  -25.615  38.817 0.0000000000
56993  6.725  -24.900  36.927 0.0000000000
57960  16.375  -24.641  52.974 0.0000000000
57971  19.077  -23.644  51.177 0.0000000000
57975  10.784  -24.258  50.892 0.0000000000
57976  10.871  -24.578  50.962 0.0000000000
57984  18.470  -24.240  51.067 0.0000000000
57987  10.840  -24.452  50.765 0.0000000000
57999  9.529  -24.580  49.323 0.0000000000
58000  9.298  -24.702  49.385 0.0000000000
58001  7.006  -23.886  49.310 0.0000000000
58009  18.368  -23.593  49.861 0.0000000000
58011  8.989  -24.827  49.158 0.0000000000
58014  2.883  -24.098  49.195 0.0000000000
58024  8.807  -24.584  48.977 0.0000000000
58027  2.664  -24.046  48.948 0.0000000000
58189  6.596  -24.488  36.911 0.0000000000
58200  6.545  -24.718  36.711 0.0000000000
59179  16.690  -24.518  51.253 0.0000000000
59190  6.005  -25.621  49.209 0.0000000000
59192  22.079  -22.408  50.231 0.0000000000
59197  16.927  -24.665  51.089 0.0000000000
59201  10.429  -24.523  50.705 0.0000000000
59206  5.549  -25.049  49.458 0.0000000000
59208  4.487  -24.585  51.050 0.0000000000
59210  23.724  -22.145  49.851 0.0000000000
59216  13.117  -23.643  50.207 0.0000000000
59218  9.605  -24.556  49.564 0.0000000000
59220  6.775  -24.250  49.359 0.0000000000
59238  6.087  -23.389  48.036 0.0000000000
59239  3.627  -24.213  48.681 0.0000000000
59265  3.822  -24.049  47.106 0.0000000000
59267  3.515  -22.950  46.486 0.0000000000
59387  4.299  -22.666  40.835 0.0000000000
59469  6.467  -24.061  36.710 0.0000000000
59470  6.254  -23.623  36.727 0.0000000000
59496  6.433  -24.282  36.476 0.0000000000
59523  3.527  -22.335  36.023 0.0000000000
59544  4.364  -22.708  35.290 0.0000000000
59562  4.648  -22.016  34.686 0.0000000000
59575  4.918  -22.060  34.418 0.0000000000
60514  16.274  -22.717  50.521 0.0000000000
60517  12.402  -23.960  50.072 0.0000000000
60534  16.840  -22.404  49.796 0.0000000000
60538  12.851  -23.587  49.892 0.0000000000
60548  4.379  -24.002  50.309 0.0000000000
60552  13.632  -22.863  48.211 0.0000000000
60565  14.385  -22.619  47.899 0.0000000000
60572  8.058  -24.061  49.002 0.0000000000
60575  3.257  -23.211  49.229 0.0000000000
60581  14.646  -22.606  47.275 0.0000000000
60626  3.488  -23.353  46.609 0.0000000000
60637  3.982  -21.337  44.500 0.0000000000
60638  3.888  -21.515  44.354 0.0000000000
60647  4.072  -21.209  44.417 0.0000000000
60648  4.024  -21.360  44.227 0.0000000000
60748  3.902  -22.862  35.894 0.0000000000
60795  3.744  -21.554  34.977 0.0000000000
60818  4.785  -21.650  34.125 0.0000000000
60819  4.552  -21.705  34.546 0.0000000000
61767  15.889  -22.271  49.140 0.0000000000
61787  3.448  -22.810  49.106 0.0000000000
61792  12.927  -23.218  47.036 0.0000000000
61841  4.107  -21.179  44.696 0.0000000000
61850  4.312  -21.110  44.190 0.0000000000
61874  3.615  -20.927  39.932 0.0000000000
61875  3.708  -21.107  39.897 0.0000000000
61885  3.537  -21.030  39.741 0.0000000000
61937  3.571  -21.422  34.820 0.0000000000
61957  3.973  -21.105  34.646 0.0000000000
62949  16.248  -22.281  48.679 0.0000000000
62954  6.619  -19.791  48.649 0.0000000000
62972  5.780  -20.039  47.583 0.0000000000
62992  2.635  -21.153  46.684 0.0000000000
63020  4.173  -21.181  46.163 0.0000000000
63061  6.746  -20.443  43.770 0.0000000000
63077  3.643  -20.851  39.741 0.0000000000
63086  3.471  -20.929  39.565 0.0000000000
63093  6.827  -20.714  37.929 0.0000000000
63104  7.185  -20.885  37.231 0.0000000000
63105  6.909  -20.865  37.500 0.0000000000
63109  3.894  -21.759  36.932 0.0000000000
63128  5.578  -20.690  35.802 0.0000000000
63139  3.054  -20.553  34.903 0.0000000000
63148  3.157  -21.107  34.609 0.0000000000
63157  4.126  -21.066  34.198 0.0000000000
63158  3.647  -21.074  34.606 0.0000000000
64176  3.173  -19.808  47.293 0.0000000000
64214  2.935  -20.672  46.380 0.0000000000
64232  5.371  -20.493  45.859 0.0000000000
64253  4.982  -20.577  45.743 0.0000000000
64267  9.128  -18.890  43.281 0.0000000000
64268  9.031  -19.103  43.170 0.0000000000
64274  3.985  -21.829  42.198 0.0000000000
64284  9.331  -18.766  43.153 0.0000000000
64303  4.209  -21.629  41.319 0.0000000000
64368  4.786  -20.991  35.980 0.0000000000
64385  4.449  -20.026  34.699 0.0000000000
64386  4.292  -20.184  34.929 0.0000000000
64404  4.639  -20.058  34.423 0.0000000000
64425  5.101  -19.349  32.923 0.0000000000
64428  3.801  -20.141  34.647 0.0000000000
65424  4.753  -19.103  48.951 0.0000000000
65432  6.103  -18.697  49.068 0.0000000000
65433  5.838  -18.751  49.174 0.0000000000
65518  5.111  -20.552  46.035 0.0000000000
65519  4.807  -20.670  46.104 0.0000000000
65541  7.505  -20.151  43.837 0.0000000000
65626  10.594  -18.283  39.638 0.0000000000
65650  6.678  -20.652  39.184 0.0000000000
65684  11.315  -17.948  36.430 0.0000000000
65709  4.143  -18.960  34.997 0.0000000000
65733  4.249  -18.992  34.506 0.0000000000
65734  3.777  -19.019  34.914 0.0000000000
65751  10.130  -18.042  33.651 0.0000000000
66734  5.061  -18.531  49.127 0.0000000000
66735  4.835  -18.741  49.157 0.0000000000
66830  11.060  -17.230  42.220 0.0000000000
66831  10.856  -17.187  42.368 0.0000000000
66833  8.341  -19.555  43.260 0.0000000000
66851  11.059  -17.384  42.033 0.0000000000
66869  9.685  -18.645  40.987 0.0000000000
66902  11.864  -17.264  37.150 0.0000000000
68007  11.234  -17.199  41.926 0.0000000000
68041  11.204  -15.401  36.704 0.0000000000
68053  11.322  -16.057  36.256 0.0000000000
68067  11.441  -17.214  35.786 0.0000000000
69069  10.365  -15.789  44.066 0.0000000000
69084  9.939  -14.922  44.020 0.0000000000
70214  10.508  -13.222  40.999 0.0000000000
71414  10.128  -13.498  43.728 0.0000000000
141885  7.122  -24.405  48.942 0.0000000000
141887  6.690  -24.277  48.855 0.0000000000
141888  6.817  -24.289  48.640 0.0000000000
