#!ascii label  , from subject 3769 vox2ras=TkReg
329
22562  37.063  -55.590  -7.074 0.0000000000
18581  38.652  -60.601  -14.692 0.0000000000
21519  46.803  -57.645  -9.100 0.0000000000
24941  43.114  -54.124  -9.387 0.0000000000
17657  44.354  -61.336  -14.714 0.0000000000
19466  46.717  -59.178  -11.478 0.0000000000
17672  46.964  -61.975  -15.895 0.0000000000
21571  40.774  -57.693  -12.253 0.0000000000
26064  40.109  -52.915  -9.609 0.0000000000
22602  42.230  -56.736  -9.070 0.0000000000
23771  45.717  -55.679  -9.330 0.0000000000
19469  43.271  -59.045  -11.519 0.0000000000
18595  41.361  -60.991  -15.188 0.0000000000
16834  42.074  -63.347  -18.992 0.0000000000
23694  38.090  -56.044  -4.099 0.0000000000
19430  39.374  -59.096  -8.711 0.0000000000
19443  42.877  -59.321  -9.947 0.0000000000
28319  40.198  -51.676  -6.777 0.0000000000
17642  47.618  -61.723  -13.975 0.0000000000
20508  40.087  -59.132  -13.237 0.0000000000
22660  39.445  -57.079  -12.038 0.0000000000
21521  44.780  -57.405  -9.031 0.0000000000
22574  46.828  -56.608  -8.784 0.0000000000
18559  45.762  -61.063  -13.109 0.0000000000
19467  45.557  -59.116  -11.454 0.0000000000
18561  43.786  -60.690  -13.322 0.0000000000
18553  42.372  -60.242  -12.728 0.0000000000
17658  43.133  -61.165  -14.935 0.0000000000
17743  40.670  -62.299  -17.796 0.0000000000
18503  39.641  -60.068  -8.506 0.0000000000
19445  40.677  -59.235  -9.470 0.0000000000
17594  41.163  -60.950  -9.446 0.0000000000
24905  43.257  -53.588  -7.929 0.0000000000
27170  41.773  -52.374  -7.533 0.0000000000
26065  39.256  -52.958  -9.694 0.0000000000
29520  39.274  -50.339  -8.345 0.0000000000
19437  48.866  -58.998  -9.759 0.0000000000
20467  47.846  -58.132  -10.296 0.0000000000
19478  48.098  -60.114  -12.038 0.0000000000
17643  46.547  -61.439  -13.783 0.0000000000
17656  45.698  -61.508  -14.968 0.0000000000
22621  42.515  -55.946  -10.476 0.0000000000
26062  41.683  -53.359  -9.066 0.0000000000
23776  40.949  -54.984  -10.775 0.0000000000
24975  39.281  -54.951  -10.961 0.0000000000
17679  38.057  -61.613  -15.888 0.0000000000
22581  39.884  -56.444  -8.581 0.0000000000
24924  42.955  -54.363  -7.956 0.0000000000
23763  44.408  -54.834  -9.151 0.0000000000
20468  46.841  -57.732  -10.535 0.0000000000
21545  45.177  -56.952  -10.276 0.0000000000
22635  43.646  -56.807  -10.613 0.0000000000
20488  41.911  -58.264  -11.654 0.0000000000
19493  41.130  -60.194  -13.151 0.0000000000
18596  40.330  -60.972  -15.216 0.0000000000
17700  43.082  -61.431  -16.781 0.0000000000
17701  41.782  -61.352  -16.687 0.0000000000
17702  40.610  -61.427  -16.746 0.0000000000
17703  39.494  -61.518  -16.431 0.0000000000
24850  38.027  -54.792  -3.319 0.0000000000
22538  37.223  -56.319  -5.869 0.0000000000
20411  37.320  -57.909  -6.159 0.0000000000
21502  38.054  -57.162  -8.075 0.0000000000
20434  40.289  -57.744  -9.023 0.0000000000
20451  42.663  -58.271  -9.517 0.0000000000
20449  44.956  -58.347  -9.402 0.0000000000
19457  44.284  -59.827  -10.324 0.0000000000
19439  46.853  -59.160  -9.763 0.0000000000
27185  40.949  -51.950  -8.310 0.0000000000
23715  36.904  -55.131  -6.349 0.0000000000
24881  36.710  -54.403  -5.676 0.0000000000
24912  37.217  -54.708  -7.098 0.0000000000
18565  39.378  -60.084  -13.925 0.0000000000
20498  39.445  -58.699  -12.774 0.0000000000
21520  45.836  -57.579  -8.983 0.0000000000
21495  45.638  -56.804  -8.553 0.0000000000
21494  46.498  -56.962  -8.672 0.0000000000
17645  44.600  -61.188  -13.972 0.0000000000
18560  44.712  -60.955  -13.303 0.0000000000
18575  44.183  -60.933  -13.920 0.0000000000
18576  43.476  -60.811  -14.141 0.0000000000
17675  43.709  -61.351  -15.866 0.0000000000
14913  40.115  -64.212  -18.577 0.0000000000
18502  40.315  -60.272  -9.050 0.0000000000
26043  43.366  -53.711  -8.378 0.0000000000
27168  43.127  -52.859  -8.058 0.0000000000
26044  42.956  -53.398  -8.425 0.0000000000
29538  38.626  -50.694  -8.909 0.0000000000
20481  49.029  -59.211  -10.702 0.0000000000
19477  48.760  -60.435  -12.022 0.0000000000
17655  46.841  -61.703  -15.046 0.0000000000
17634  47.536  -61.242  -13.192 0.0000000000
17673  45.950  -61.891  -15.882 0.0000000000
21570  41.479  -57.548  -11.727 0.0000000000
23789  41.035  -55.756  -10.950 0.0000000000
22658  41.037  -56.937  -11.887 0.0000000000
23791  39.436  -55.666  -11.274 0.0000000000
24976  38.679  -54.863  -10.663 0.0000000000
22580  40.933  -56.402  -8.614 0.0000000000
23749  40.434  -55.639  -8.403 0.0000000000
22579  42.002  -56.097  -8.734 0.0000000000
24922  44.487  -54.834  -8.703 0.0000000000
23762  45.055  -55.143  -8.987 0.0000000000
20483  47.419  -58.567  -10.944 0.0000000000
21543  47.198  -57.106  -10.027 0.0000000000
19468  44.400  -59.102  -11.392 0.0000000000
20485  45.099  -58.392  -10.921 0.0000000000
20471  44.146  -57.613  -10.636 0.0000000000
21546  44.315  -57.096  -10.529 0.0000000000
21560  43.795  -57.449  -10.693 0.0000000000
21561  43.153  -57.486  -10.909 0.0000000000
20487  42.768  -58.237  -11.333 0.0000000000
18563  41.811  -60.439  -13.391 0.0000000000
18564  41.100  -60.341  -13.698 0.0000000000
18579  40.660  -60.432  -14.340 0.0000000000
13979  41.582  -65.639  -18.955 0.0000000000
15895  42.440  -64.099  -19.206 0.0000000000
16811  42.604  -62.744  -18.723 0.0000000000
17724  42.551  -61.799  -17.575 0.0000000000
16797  42.221  -62.317  -18.119 0.0000000000
16813  40.147  -62.747  -17.957 0.0000000000
17726  40.120  -61.980  -17.306 0.0000000000
17727  39.055  -61.973  -17.079 0.0000000000
23644  38.308  -54.881  -3.228 0.0000000000
23669  38.146  -55.423  -3.611 0.0000000000
23704  37.218  -55.614  -5.215 0.0000000000
23695  37.625  -55.791  -4.355 0.0000000000
19431  38.400  -59.219  -7.962 0.0000000000
19420  37.486  -58.467  -6.446 0.0000000000
20425  37.939  -58.317  -7.685 0.0000000000
21481  37.705  -57.335  -7.554 0.0000000000
20436  38.715  -58.167  -8.441 0.0000000000
21500  39.354  -57.297  -8.633 0.0000000000
20454  39.914  -58.579  -9.005 0.0000000000
19444  41.750  -59.234  -9.780 0.0000000000
20452  41.551  -58.277  -9.504 0.0000000000
20450  43.824  -58.252  -9.486 0.0000000000
19442  44.070  -59.122  -9.881 0.0000000000
17613  45.561  -60.938  -11.038 0.0000000000
18525  45.436  -60.493  -10.720 0.0000000000
19455  46.199  -59.809  -10.331 0.0000000000
26081  41.147  -53.486  -9.672 0.0000000000
27198  41.223  -52.771  -8.860 0.0000000000
27199  40.595  -52.282  -8.839 0.0000000000
30706  39.180  -49.882  -7.585 0.0000000000
20497  40.490  -58.736  -12.675 0.0000000000
22659  40.294  -56.996  -12.035 0.0000000000
22601  42.871  -56.827  -9.110 0.0000000000
22578  43.226  -56.144  -8.761 0.0000000000
21496  44.673  -56.612  -8.615 0.0000000000
23760  46.511  -55.870  -8.866 0.0000000000
18549  46.318  -60.488  -12.520 0.0000000000
19480  45.971  -59.793  -12.014 0.0000000000
18550  45.310  -60.432  -12.558 0.0000000000
19481  44.876  -59.798  -11.965 0.0000000000
19482  43.780  -59.821  -11.942 0.0000000000
19483  42.720  -59.665  -12.193 0.0000000000
18552  43.275  -60.331  -12.626 0.0000000000
18577  42.487  -60.739  -14.320 0.0000000000
18594  42.071  -60.828  -14.929 0.0000000000
16812  41.375  -62.695  -18.423 0.0000000000
15870  40.614  -63.469  -18.551 0.0000000000
18504  38.965  -59.900  -8.127 0.0000000000
19446  40.063  -58.942  -9.140 0.0000000000
19429  39.990  -59.543  -9.008 0.0000000000
18513  41.024  -60.133  -9.576 0.0000000000
18512  41.882  -60.254  -9.795 0.0000000000
27152  41.524  -52.418  -7.113 0.0000000000
28328  41.411  -52.069  -7.263 0.0000000000
27200  39.534  -52.228  -9.311 0.0000000000
28352  39.655  -51.517  -8.610 0.0000000000
29537  39.140  -50.993  -8.735 0.0000000000
20446  48.251  -58.478  -9.619 0.0000000000
21518  47.531  -57.694  -9.447 0.0000000000
20466  48.808  -58.616  -10.114 0.0000000000
20482  48.488  -58.949  -10.754 0.0000000000
19465  47.892  -59.377  -11.440 0.0000000000
18548  47.275  -60.698  -12.587 0.0000000000
18558  46.564  -61.078  -12.932 0.0000000000
17644  45.272  -61.306  -13.979 0.0000000000
23774  42.970  -55.190  -9.777 0.0000000000
24942  42.252  -53.936  -9.425 0.0000000000
23775  41.797  -55.331  -10.350 0.0000000000
24955  41.353  -54.203  -9.975 0.0000000000
26082  40.584  -53.536  -10.037 0.0000000000
22638  40.677  -56.336  -11.494 0.0000000000
23790  40.282  -55.464  -11.272 0.0000000000
26083  39.643  -53.587  -10.156 0.0000000000
26084  38.578  -53.493  -10.022 0.0000000000
18598  38.384  -61.213  -15.353 0.0000000000
23751  38.532  -56.051  -8.277 0.0000000000
23731  38.262  -55.371  -7.783 0.0000000000
23750  39.343  -55.513  -8.384 0.0000000000
24940  43.786  -54.224  -8.862 0.0000000000
23764  43.736  -54.682  -9.344 0.0000000000
22617  46.439  -56.298  -9.514 0.0000000000
20484  46.260  -58.376  -11.062 0.0000000000
20469  45.742  -57.649  -10.594 0.0000000000
22618  45.536  -56.223  -9.825 0.0000000000
23772  44.915  -55.552  -9.489 0.0000000000
23773  44.019  -55.393  -9.675 0.0000000000
22620  43.415  -56.006  -10.315 0.0000000000
22636  42.756  -56.714  -10.771 0.0000000000
21562  42.267  -57.465  -11.250 0.0000000000
19470  42.257  -58.972  -11.802 0.0000000000
19471  41.681  -58.831  -11.986 0.0000000000
20496  41.276  -58.437  -12.143 0.0000000000
19485  40.657  -59.382  -12.869 0.0000000000
19509  39.952  -59.886  -13.904 0.0000000000
18580  39.659  -60.325  -14.357 0.0000000000
17698  45.269  -61.774  -16.839 0.0000000000
14940  42.555  -64.765  -19.093 0.0000000000
17723  43.675  -61.870  -17.628 0.0000000000
17676  42.398  -61.218  -15.667 0.0000000000
17677  41.610  -61.258  -15.897 0.0000000000
17725  41.321  -61.834  -17.643 0.0000000000
18610  40.947  -61.228  -15.989 0.0000000000
18612  39.638  -61.320  -15.995 0.0000000000
18597  39.360  -61.088  -15.518 0.0000000000
17704  38.449  -61.855  -16.553 0.0000000000
25963  38.531  -53.813  -2.122 0.0000000000
24831  38.191  -54.361  -2.862 0.0000000000
24832  37.657  -53.941  -3.037 0.0000000000
24870  37.208  -54.989  -4.435 0.0000000000
23714  37.038  -55.641  -5.956 0.0000000000
22543  37.028  -55.932  -6.631 0.0000000000
19406  37.470  -58.636  -5.864 0.0000000000
21458  37.408  -57.158  -5.667 0.0000000000
21466  37.231  -57.025  -6.653 0.0000000000
22584  37.891  -56.742  -7.851 0.0000000000
22582  38.962  -56.539  -8.525 0.0000000000
21499  40.247  -57.202  -8.855 0.0000000000
21524  41.383  -57.379  -9.268 0.0000000000
20453  40.512  -58.207  -9.240 0.0000000000
21523  42.384  -57.416  -9.318 0.0000000000
21522  43.582  -57.129  -9.104 0.0000000000
20448  46.134  -58.514  -9.448 0.0000000000
19441  45.080  -59.194  -9.806 0.0000000000
19440  45.889  -59.332  -9.864 0.0000000000
26045  42.349  -53.176  -8.470 0.0000000000
27184  41.668  -52.425  -8.234 0.0000000000
28330  40.072  -51.351  -7.428 0.0000000000
28339  39.865  -51.273  -7.969 0.0000000000
29504  39.488  -50.442  -7.673 0.0000000000
13978  42.060  -65.304  -19.035 0.0000000000
14003  42.260  -65.167  -19.015 0.0000000000
14943  40.208  -64.718  -18.788 0.0000000000
16798  40.017  -62.372  -17.572 0.0000000000
17595  40.749  -60.641  -9.241 0.0000000000
17635  46.990  -61.227  -13.052 0.0000000000
17659  42.517  -60.951  -14.983 0.0000000000
17678  38.740  -61.470  -15.961 0.0000000000
17705  37.650  -62.064  -16.196 0.0000000000
17744  40.259  -62.340  -17.642 0.0000000000
18551  44.274  -60.434  -12.550 0.0000000000
18557  48.225  -61.326  -13.273 0.0000000000
18562  42.862  -60.537  -13.424 0.0000000000
18578  41.575  -60.603  -14.327 0.0000000000
18611  40.057  -61.241  -16.020 0.0000000000
19456  45.211  -59.791  -10.397 0.0000000000
19464  49.003  -59.825  -11.436 0.0000000000
19479  47.055  -59.904  -12.026 0.0000000000
19484  41.432  -59.553  -12.543 0.0000000000
19494  40.478  -59.831  -13.410 0.0000000000
19495  39.472  -59.683  -13.530 0.0000000000
19508  40.185  -60.071  -14.041 0.0000000000
20426  37.507  -58.067  -6.915 0.0000000000
20435  39.768  -58.051  -8.847 0.0000000000
20445  48.616  -58.533  -9.783 0.0000000000
20447  47.351  -58.402  -9.490 0.0000000000
20470  44.712  -57.674  -10.563 0.0000000000
20486  43.874  -58.194  -10.857 0.0000000000
20507  40.405  -59.256  -13.061 0.0000000000
21480  38.152  -57.676  -8.062 0.0000000000
21493  47.025  -57.096  -8.940 0.0000000000
21497  44.008  -56.448  -8.632 0.0000000000
21498  40.920  -56.993  -9.063 0.0000000000
21501  38.562  -57.271  -8.377 0.0000000000
21517  48.221  -58.212  -9.727 0.0000000000
21525  40.660  -57.499  -9.126 0.0000000000
21541  48.446  -58.354  -9.802 0.0000000000
21542  47.822  -57.838  -9.744 0.0000000000
21544  46.219  -56.918  -10.157 0.0000000000
22529  37.498  -56.457  -5.054 0.0000000000
22544  36.960  -55.438  -6.779 0.0000000000
22560  38.075  -56.227  -7.908 0.0000000000
22561  37.470  -56.204  -7.424 0.0000000000
22575  46.337  -56.231  -8.628 0.0000000000
22583  38.314  -56.677  -8.214 0.0000000000
22599  46.806  -56.180  -8.911 0.0000000000
22600  46.712  -56.128  -9.159 0.0000000000
22603  41.494  -56.712  -8.958 0.0000000000
22619  44.470  -56.212  -10.208 0.0000000000
22637  41.641  -56.551  -11.033 0.0000000000
22639  39.836  -56.322  -11.697 0.0000000000
23643  38.755  -55.053  -2.975 0.0000000000
23670  37.529  -55.240  -3.919 0.0000000000
23705  36.935  -55.149  -5.675 0.0000000000
23732  37.381  -55.224  -7.316 0.0000000000
23733  36.960  -55.059  -6.948 0.0000000000
23743  46.367  -55.947  -8.679 0.0000000000
23744  46.044  -55.831  -8.709 0.0000000000
23761  46.155  -55.666  -8.977 0.0000000000
24851  37.452  -54.520  -3.574 0.0000000000
24939  44.323  -54.652  -8.772 0.0000000000
24954  42.280  -54.577  -9.693 0.0000000000
24956  40.140  -54.443  -10.743 0.0000000000
24957  39.089  -54.280  -10.536 0.0000000000
24974  39.794  -55.073  -11.194 0.0000000000
26006  42.324  -52.887  -7.467 0.0000000000
26007  41.935  -52.828  -7.132 0.0000000000
26008  41.482  -52.696  -6.975 0.0000000000
26025  43.267  -53.416  -8.073 0.0000000000
26026  42.812  -53.179  -7.769 0.0000000000
26060  43.266  -53.738  -8.824 0.0000000000
26061  42.674  -53.570  -8.962 0.0000000000
26063  40.914  -53.016  -9.401 0.0000000000
27151  42.013  -52.659  -7.382 0.0000000000
27169  42.382  -52.752  -7.749 0.0000000000
27182  43.067  -53.261  -8.120 0.0000000000
27183  42.659  -52.941  -8.114 0.0000000000
28317  41.398  -52.168  -7.067 0.0000000000
28318  41.169  -51.997  -6.894 0.0000000000
28329  40.908  -51.753  -7.269 0.0000000000
28337  41.360  -51.977  -7.637 0.0000000000
28338  40.864  -51.639  -7.889 0.0000000000
28351  40.441  -51.682  -8.316 0.0000000000
28353  38.959  -51.462  -9.201 0.0000000000
30723  39.260  -49.703  -7.877 0.0000000000
